0.0000003678 0.0000002083 0.0000005568 
0.0000003712 0.0000002095 0.0000005445 
0.0000003744 0.0000002106 0.0000005324 
0.0000003775 0.0000002117 0.0000005205 
0.0000003805 0.0000002127 0.0000005089 
0.0000003833 0.0000002136 0.0000004974 
0.0000003861 0.0000002145 0.0000004861 
0.0000003886 0.0000002154 0.0000004749 
0.0000003911 0.0000002162 0.0000004640 
0.0000003934 0.0000002170 0.0000004532 
0.0000003956 0.0000002178 0.0000004425 
0.0000003976 0.0000002185 0.0000004320 
0.0000003995 0.0000002191 0.0000004216 
0.0000004013 0.0000002198 0.0000004113 
0.0000004030 0.0000002204 0.0000004012 
0.0000004045 0.0000002210 0.0000003912 
0.0000004060 0.0000002215 0.0000003813 
0.0000004073 0.0000002220 0.0000003715 
0.0000004085 0.0000002225 0.0000003619 
0.0000004096 0.0000002229 0.0000003524 
0.0000004106 0.0000002233 0.0000003429 
0.0000004115 0.0000002237 0.0000003336 
0.0000004123 0.0000002241 0.0000003244 
0.0000004130 0.0000002244 0.0000003153 
0.0000004137 0.0000002247 0.0000003063 
0.0000004145 0.0000002249 0.0000002973 
0.0000004152 0.0000002252 0.0000002885 
0.0000004159 0.0000002254 0.0000002797 
0.0000004165 0.0000002255 0.0000002711 
0.0000004172 0.0000002257 0.0000002625 
0.0000004179 0.0000002259 0.0000002540 
0.0000004186 0.0000002260 0.0000002456 
0.0000004192 0.0000002261 0.0000002373 
0.0000004199 0.0000002262 0.0000002290 
0.0000004207 0.0000002263 0.0000002208 
0.0000004214 0.0000002263 0.0000002128 
0.0000004221 0.0000002264 0.0000002048 
0.0000004229 0.0000002264 0.0000001968 
0.0000004237 0.0000002263 0.0000001890 
0.0000004244 0.0000002263 0.0000001812 
0.0000004253 0.0000002263 0.0000001735 
0.0000004263 0.0000002263 0.0000001658 
0.0000004274 0.0000002262 0.0000001582 
0.0000004285 0.0000002262 0.0000001508 
0.0000004297 0.0000002261 0.0000001434 
0.0000004310 0.0000002261 0.0000001360 
0.0000004322 0.0000002260 0.0000001288 
0.0000004334 0.0000002259 0.0000001217 
0.0000004334 0.0000002259 0.0000001217 
0.0000004334 0.0000002259 0.0000001217 
0.0000004334 0.0000002259 0.0000001217 
0.0000004334 0.0000002259 0.0000001217 
0.0000004334 0.0000002259 0.0000001217 
0.0000004334 0.0000002259 0.0000001217 
0.0000004334 0.0000002259 0.0000001217 
0.0000004334 0.0000002259 0.0000001217 
0.0000004334 0.0000002259 0.0000001217 
0.0000004334 0.0000002259 0.0000001217 
0.0000004334 0.0000002259 0.0000001217 
0.0000004334 0.0000002259 0.0000001217 
0.0000004334 0.0000002259 0.0000001217 
0.0000004334 0.0000002259 0.0000001217 
0.0000004334 0.0000002259 0.0000001217 
0.0000004334 0.0000002259 0.0000001217 
0.0000004334 0.0000002259 0.0000001217 
0.0000004334 0.0000002259 0.0000001217 
0.0000004346 0.0000002256 0.0000001172 
0.0000004346 0.0000002256 0.0000001172 
0.0000004346 0.0000002256 0.0000001172 
0.0000004346 0.0000002256 0.0000001172 
0.0000004346 0.0000002256 0.0000001172 
0.0000004346 0.0000002256 0.0000001172 
0.0000004346 0.0000002256 0.0000001172 
0.0000004346 0.0000002256 0.0000001172 
0.0000004346 0.0000002256 0.0000001172 
0.0000004346 0.0000002256 0.0000001172 
0.0000004346 0.0000002256 0.0000001172 
0.0000004346 0.0000002256 0.0000001172 
0.0000004346 0.0000002256 0.0000001172 
0.0000004346 0.0000002256 0.0000001172 
0.0000004346 0.0000002256 0.0000001172 
0.0000004355 0.0000002258 0.0000001170 
0.0000004365 0.0000002261 0.0000001180 
0.0000004379 0.0000002263 0.0000001186 
0.0000004395 0.0000002263 0.0000001190 
0.0000004415 0.0000002263 0.0000001193 
0.0000004436 0.0000002262 0.0000001195 
0.0000004460 0.0000002259 0.0000001197 
0.0000004485 0.0000002256 0.0000001199 
0.0000004511 0.0000002253 0.0000001200 
0.0000004539 0.0000002249 0.0000001202 
0.0000004568 0.0000002245 0.0000001203 
0.0000004598 0.0000002240 0.0000001203 
0.0000004628 0.0000002236 0.0000001204 
0.0000004659 0.0000002232 0.0000001204 
0.0000004690 0.0000002227 0.0000001204 
0.0000004721 0.0000002223 0.0000001203 
0.0000004752 0.0000002219 0.0000001202 
0.0000004782 0.0000002215 0.0000001200 
0.0000004812 0.0000002211 0.0000001197 
0.0000004842 0.0000002208 0.0000001194 
0.0000004871 0.0000002204 0.0000001190 
0.0000004900 0.0000002201 0.0000001186 
0.0000004928 0.0000002197 0.0000001181 
0.0000004956 0.0000002194 0.0000001176 
0.0000004983 0.0000002191 0.0000001170 
0.0000005010 0.0000002187 0.0000001164 
0.0000005036 0.0000002184 0.0000001157 
0.0000005062 0.0000002182 0.0000001150 
0.0000005087 0.0000002179 0.0000001143 
0.0000005112 0.0000002177 0.0000001136 
0.0000005137 0.0000002175 0.0000001128 
0.0000005161 0.0000002173 0.0000001120 
0.0000005184 0.0000002172 0.0000001112 
0.0000005208 0.0000002171 0.0000001103 
0.0000005231 0.0000002170 0.0000001094 
0.0000005253 0.0000002169 0.0000001085 
0.0000005275 0.0000002169 0.0000001076 
0.0000005297 0.0000002169 0.0000001067 
0.0000005319 0.0000002169 0.0000001058 
0.0000005340 0.0000002170 0.0000001049 
0.0000005361 0.0000002170 0.0000001040 
0.0000005382 0.0000002171 0.0000001030 
0.0000005403 0.0000002173 0.0000001021 
0.0000005423 0.0000002174 0.0000001012 
0.0000005443 0.0000002176 0.0000001003 
0.0000005463 0.0000002177 0.0000000994 
0.0000005483 0.0000002179 0.0000000985 
0.0000005503 0.0000002181 0.0000000977 
0.0000005523 0.0000002184 0.0000000968 
0.0000005543 0.0000002186 0.0000000960 
0.0000005563 0.0000002189 0.0000000952 
0.0000005582 0.0000002191 0.0000000945 
0.0000005602 0.0000002194 0.0000000938 
0.0000005622 0.0000002197 0.0000000931 
0.0000005642 0.0000002200 0.0000000925 
0.0000005662 0.0000002203 0.0000000919 
0.0000005682 0.0000002207 0.0000000914 
0.0000005703 0.0000002210 0.0000000910 
0.0000005724 0.0000002214 0.0000000906 
0.0000005745 0.0000002218 0.0000000903 
0.0000005766 0.0000002222 0.0000000901 
0.0000005788 0.0000002226 0.0000000900 
0.0000005809 0.0000002230 0.0000000900 
0.0000005831 0.0000002235 0.0000000900 
0.0000005853 0.0000002240 0.0000000901 
0.0000005875 0.0000002244 0.0000000903 
0.0000005897 0.0000002249 0.0000000906 
0.0000005919 0.0000002254 0.0000000909 
0.0000005940 0.0000002260 0.0000000913 
0.0000005962 0.0000002265 0.0000000917 
0.0000005983 0.0000002270 0.0000000921 
0.0000006004 0.0000002276 0.0000000926 
0.0000006025 0.0000002281 0.0000000930 
0.0000006045 0.0000002287 0.0000000935 
0.0000006064 0.0000002292 0.0000000940 
0.0000006084 0.0000002298 0.0000000945 
0.0000006103 0.0000002303 0.0000000950 
0.0000006121 0.0000002309 0.0000000955 
0.0000006140 0.0000002315 0.0000000960 
0.0000006157 0.0000002320 0.0000000965 
0.0000006174 0.0000002326 0.0000000970 
0.0000006191 0.0000002331 0.0000000974 
0.0000006207 0.0000002337 0.0000000978 
0.0000006223 0.0000002342 0.0000000983 
0.0000006238 0.0000002348 0.0000000987 
0.0000006252 0.0000002353 0.0000000991 
0.0000006267 0.0000002359 0.0000000994 
0.0000006280 0.0000002364 0.0000000998 
0.0000006293 0.0000002369 0.0000001001 
0.0000006306 0.0000002375 0.0000001004 
0.0000006318 0.0000002380 0.0000001007 
0.0000006330 0.0000002385 0.0000001010 
0.0000006341 0.0000002391 0.0000001012 
0.0000006352 0.0000002396 0.0000001015 
0.0000006363 0.0000002402 0.0000001017 
0.0000006373 0.0000002407 0.0000001019 
0.0000006383 0.0000002412 0.0000001021 
0.0000006393 0.0000002417 0.0000001023 
0.0000006402 0.0000002423 0.0000001025 
0.0000006411 0.0000002428 0.0000001027 
0.0000006420 0.0000002433 0.0000001029 
0.0000006428 0.0000002438 0.0000001031 
0.0000006436 0.0000002443 0.0000001033 
0.0000006444 0.0000002448 0.0000001035 
0.0000006451 0.0000002453 0.0000001037 
0.0000006458 0.0000002458 0.0000001039 
0.0000006465 0.0000002463 0.0000001041 
0.0000006472 0.0000002468 0.0000001043 
0.0000006478 0.0000002473 0.0000001045 
0.0000006484 0.0000002478 0.0000001048 
0.0000006490 0.0000002483 0.0000001050 
0.0000006495 0.0000002488 0.0000001052 
0.0000006500 0.0000002493 0.0000001055 
0.0000006505 0.0000002498 0.0000001057 
0.0000006510 0.0000002502 0.0000001059 
0.0000006515 0.0000002507 0.0000001062 
0.0000006519 0.0000002512 0.0000001064 
0.0000006523 0.0000002516 0.0000001066 
0.0000006527 0.0000002521 0.0000001069 
0.0000006531 0.0000002525 0.0000001071 
0.0000006534 0.0000002530 0.0000001074 
0.0000006538 0.0000002534 0.0000001076 
0.0000006541 0.0000002539 0.0000001079 
0.0000006544 0.0000002543 0.0000001082 
0.0000006547 0.0000002547 0.0000001085 
0.0000006550 0.0000002551 0.0000001089 
0.0000006553 0.0000002556 0.0000001092 
0.0000006555 0.0000002560 0.0000001095 
0.0000006557 0.0000002564 0.0000001099 
0.0000006560 0.0000002568 0.0000001103 
0.0000006562 0.0000002571 0.0000001106 
0.0000006564 0.0000002575 0.0000001110 
0.0000006566 0.0000002579 0.0000001114 
0.0000006568 0.0000002582 0.0000001117 
0.0000006570 0.0000002586 0.0000001121 
0.0000006572 0.0000002589 0.0000001124 
0.0000006574 0.0000002593 0.0000001128 
0.0000006576 0.0000002596 0.0000001131 
0.0000006578 0.0000002600 0.0000001135 
0.0000006580 0.0000002603 0.0000001139 
0.0000006582 0.0000002606 0.0000001142 
0.0000006584 0.0000002610 0.0000001146 
0.0000006585 0.0000002613 0.0000001149 
0.0000006586 0.0000002616 0.0000001153 
0.0000006587 0.0000002620 0.0000001156 
0.0000006588 0.0000002623 0.0000001160 
0.0000006589 0.0000002626 0.0000001164 
0.0000006589 0.0000002629 0.0000001168 
0.0000006590 0.0000002633 0.0000001171 
0.0000006590 0.0000002636 0.0000001175 
0.0000006589 0.0000002639 0.0000001179 
0.0000006589 0.0000002642 0.0000001183 
0.0000006589 0.0000002645 0.0000001187 
0.0000006588 0.0000002648 0.0000001191 
0.0000006588 0.0000002651 0.0000001195 
0.0000006587 0.0000002654 0.0000001198 
0.0000006586 0.0000002657 0.0000001202 
0.0000006585 0.0000002660 0.0000001205 
0.0000006584 0.0000002663 0.0000001208 
0.0000006582 0.0000002665 0.0000001211 
0.0000006581 0.0000002668 0.0000001214 
0.0000006580 0.0000002671 0.0000001217 
0.0000006578 0.0000002673 0.0000001219 
0.0000006576 0.0000002675 0.0000001221 
0.0000006575 0.0000002678 0.0000001223 
0.0000006573 0.0000002680 0.0000001225 
0.0000006571 0.0000002682 0.0000001227 
0.0000006570 0.0000002685 0.0000001229 
0.0000006568 0.0000002687 0.0000001231 
0.0000006567 0.0000002689 0.0000001233 
0.0000006565 0.0000002691 0.0000001235 
0.0000006563 0.0000002693 0.0000001236 
0.0000006561 0.0000002694 0.0000001238 
0.0000006559 0.0000002696 0.0000001239 
0.0000006556 0.0000002698 0.0000001241 
0.0000006554 0.0000002699 0.0000001242 
0.0000006552 0.0000002701 0.0000001243 
0.0000006549 0.0000002702 0.0000001244 
0.0000006547 0.0000002703 0.0000001245 
0.0000006544 0.0000002705 0.0000001246 
0.0000006542 0.0000002706 0.0000001247 
0.0000006539 0.0000002707 0.0000001248 
0.0000006537 0.0000002708 0.0000001248 
0.0000006534 0.0000002709 0.0000001249 
0.0000006532 0.0000002710 0.0000001250 
0.0000006530 0.0000002711 0.0000001251 
0.0000006527 0.0000002712 0.0000001252 
0.0000006525 0.0000002713 0.0000001253 
0.0000006523 0.0000002713 0.0000001254 
0.0000006521 0.0000002714 0.0000001255 
0.0000006518 0.0000002714 0.0000001256 
0.0000006516 0.0000002715 0.0000001257 
0.0000006514 0.0000002715 0.0000001257 
0.0000006512 0.0000002715 0.0000001258 
0.0000006509 0.0000002716 0.0000001259 
0.0000006507 0.0000002716 0.0000001260 
0.0000006505 0.0000002716 0.0000001261 
0.0000006503 0.0000002716 0.0000001262 
0.0000006501 0.0000002716 0.0000001263 
0.0000006499 0.0000002716 0.0000001264 
0.0000006497 0.0000002716 0.0000001265 
0.0000006495 0.0000002716 0.0000001266 
0.0000006493 0.0000002716 0.0000001267 
0.0000006491 0.0000002716 0.0000001268 
0.0000006488 0.0000002716 0.0000001270 
0.0000006486 0.0000002715 0.0000001271 
0.0000006484 0.0000002715 0.0000001272 
0.0000006481 0.0000002715 0.0000001273 
0.0000006479 0.0000002714 0.0000001275 
0.0000006476 0.0000002714 0.0000001276 
0.0000006474 0.0000002713 0.0000001277 
0.0000006471 0.0000002713 0.0000001278 
0.0000006468 0.0000002712 0.0000001279 
0.0000006465 0.0000002712 0.0000001281 
0.0000006462 0.0000002711 0.0000001282 
0.0000006458 0.0000002710 0.0000001283 
0.0000006454 0.0000002710 0.0000001284 
0.0000006451 0.0000002709 0.0000001284 
0.0000006447 0.0000002708 0.0000001285 
0.0000006442 0.0000002707 0.0000001286 
0.0000006438 0.0000002706 0.0000001287 
0.0000006433 0.0000002705 0.0000001287 
0.0000006429 0.0000002705 0.0000001288 
0.0000006424 0.0000002704 0.0000001288 
0.0000006419 0.0000002703 0.0000001289 
0.0000006414 0.0000002702 0.0000001289 
0.0000006409 0.0000002700 0.0000001289 
0.0000006404 0.0000002699 0.0000001289 
0.0000006398 0.0000002698 0.0000001289 
0.0000006393 0.0000002697 0.0000001289 
0.0000006387 0.0000002696 0.0000001289 
0.0000006381 0.0000002694 0.0000001289 
0.0000006375 0.0000002693 0.0000001288 
0.0000006369 0.0000002692 0.0000001288 
0.0000006363 0.0000002690 0.0000001288 
0.0000006356 0.0000002689 0.0000001287 
0.0000006350 0.0000002687 0.0000001287 
0.0000006343 0.0000002686 0.0000001286 
0.0000006336 0.0000002684 0.0000001285 
0.0000006329 0.0000002682 0.0000001285 
0.0000006322 0.0000002680 0.0000001284 
0.0000006315 0.0000002678 0.0000001283 
0.0000006308 0.0000002676 0.0000001282 
0.0000006301 0.0000002674 0.0000001280 
0.0000006293 0.0000002672 0.0000001279 
0.0000006285 0.0000002669 0.0000001278 
0.0000006277 0.0000002667 0.0000001277 
0.0000006269 0.0000002665 0.0000001276 
0.0000006260 0.0000002662 0.0000001274 
0.0000006251 0.0000002660 0.0000001273 
0.0000006242 0.0000002657 0.0000001272 
0.0000006233 0.0000002655 0.0000001271 
0.0000006223 0.0000002652 0.0000001270 
0.0000006214 0.0000002650 0.0000001269 
0.0000006204 0.0000002647 0.0000001267 
0.0000006194 0.0000002644 0.0000001266 
0.0000006184 0.0000002642 0.0000001265 
0.0000006174 0.0000002639 0.0000001263 
0.0000006164 0.0000002636 0.0000001262 
0.0000006153 0.0000002633 0.0000001261 
0.0000006143 0.0000002630 0.0000001260 
0.0000006132 0.0000002628 0.0000001259 
0.0000006122 0.0000002625 0.0000001258 
0.0000006111 0.0000002622 0.0000001256 
0.0000006100 0.0000002619 0.0000001255 
0.0000006089 0.0000002616 0.0000001254 
0.0000006078 0.0000002613 0.0000001253 
0.0000006067 0.0000002610 0.0000001252 
0.0000006056 0.0000002607 0.0000001251 
0.0000006045 0.0000002604 0.0000001250 
0.0000006034 0.0000002601 0.0000001249 
0.0000006023 0.0000002598 0.0000001248 
0.0000006011 0.0000002595 0.0000001247 
0.0000006000 0.0000002592 0.0000001246 
0.0000005988 0.0000002589 0.0000001246 
0.0000005977 0.0000002586 0.0000001245 
0.0000005965 0.0000002583 0.0000001244 
0.0000005953 0.0000002579 0.0000001243 
0.0000005941 0.0000002576 0.0000001242 
0.0000005930 0.0000002573 0.0000001242 
0.0000005918 0.0000002570 0.0000001241 
0.0000005906 0.0000002567 0.0000001240 
0.0000005894 0.0000002563 0.0000001240 
0.0000005882 0.0000002560 0.0000001239 
0.0000005870 0.0000002557 0.0000001238 
0.0000005858 0.0000002553 0.0000001237 
0.0000005846 0.0000002550 0.0000001237 
0.0000005834 0.0000002546 0.0000001236 
0.0000005822 0.0000002542 0.0000001235 
0.0000005809 0.0000002539 0.0000001234 
0.0000005797 0.0000002535 0.0000001233 
0.0000005785 0.0000002531 0.0000001232 
0.0000005773 0.0000002527 0.0000001231 
0.0000005761 0.0000002523 0.0000001231 
0.0000005748 0.0000002519 0.0000001230 
0.0000005736 0.0000002515 0.0000001229 
0.0000005724 0.0000002511 0.0000001228 
0.0000005711 0.0000002506 0.0000001227 
0.0000005699 0.0000002502 0.0000001226 
0.0000005686 0.0000002498 0.0000001225 
0.0000005674 0.0000002493 0.0000001223 
0.0000005661 0.0000002489 0.0000001222 
0.0000005649 0.0000002484 0.0000001221 
0.0000005636 0.0000002480 0.0000001220 
0.0000005623 0.0000002475 0.0000001219 
0.0000005610 0.0000002470 0.0000001217 
0.0000005598 0.0000002465 0.0000001216 
0.0000005585 0.0000002461 0.0000001215 
0.0000005572 0.0000002456 0.0000001213 
0.0000005558 0.0000002451 0.0000001212 
0.0000005545 0.0000002446 0.0000001210 
0.0000005531 0.0000002441 0.0000001209 
0.0000005518 0.0000002436 0.0000001207 
0.0000005505 0.0000002431 0.0000001205 
0.0000005491 0.0000002426 0.0000001203 
0.0000005478 0.0000002420 0.0000001201 
0.0000005464 0.0000002415 0.0000001199 
0.0000005450 0.0000002409 0.0000001196 
0.0000005437 0.0000002403 0.0000001194 
0.0000005423 0.0000002398 0.0000001192 
0.0000005409 0.0000002392 0.0000001189 
0.0000005395 0.0000002386 0.0000001186 
0.0000005381 0.0000002380 0.0000001184 
0.0000005367 0.0000002374 0.0000001181 
0.0000005353 0.0000002368 0.0000001178 
0.0000005339 0.0000002362 0.0000001175 
0.0000005324 0.0000002356 0.0000001172 
0.0000005310 0.0000002350 0.0000001169 
0.0000005296 0.0000002344 0.0000001166 
0.0000005281 0.0000002338 0.0000001163 
0.0000005267 0.0000002332 0.0000001160 
0.0000005252 0.0000002326 0.0000001157 
0.0000005237 0.0000002320 0.0000001154 
0.0000005223 0.0000002314 0.0000001150 
0.0000005208 0.0000002307 0.0000001147 
0.0000005193 0.0000002301 0.0000001144 
0.0000005178 0.0000002295 0.0000001140 
0.0000005163 0.0000002289 0.0000001137 
0.0000005148 0.0000002283 0.0000001134 
0.0000005133 0.0000002276 0.0000001130 
0.0000005118 0.0000002270 0.0000001127 
0.0000005103 0.0000002264 0.0000001123 
0.0000005088 0.0000002258 0.0000001119 
0.0000005073 0.0000002251 0.0000001116 
0.0000005058 0.0000002245 0.0000001112 
0.0000005043 0.0000002239 0.0000001109 
0.0000005027 0.0000002233 0.0000001105 
0.0000005012 0.0000002227 0.0000001102 
0.0000004997 0.0000002220 0.0000001098 
0.0000004982 0.0000002214 0.0000001095 
0.0000004967 0.0000002208 0.0000001091 
0.0000004952 0.0000002202 0.0000001087 
0.0000004937 0.0000002196 0.0000001084 
0.0000004922 0.0000002189 0.0000001081 
0.0000004907 0.0000002183 0.0000001077 
0.0000004891 0.0000002177 0.0000001074 
0.0000004876 0.0000002171 0.0000001070 
0.0000004861 0.0000002165 0.0000001067 
0.0000004846 0.0000002159 0.0000001064 
0.0000004831 0.0000002153 0.0000001060 
0.0000004816 0.0000002147 0.0000001057 
0.0000004801 0.0000002141 0.0000001054 
0.0000004786 0.0000002134 0.0000001051 
0.0000004771 0.0000002128 0.0000001048 
0.0000004756 0.0000002122 0.0000001045 
0.0000004741 0.0000002116 0.0000001042 
0.0000004726 0.0000002110 0.0000001038 
0.0000004712 0.0000002104 0.0000001035 
0.0000004697 0.0000002097 0.0000001032 
0.0000004682 0.0000002091 0.0000001029 
0.0000004667 0.0000002085 0.0000001026 
0.0000004652 0.0000002079 0.0000001023 
0.0000004637 0.0000002072 0.0000001020 
0.0000004622 0.0000002066 0.0000001017 
0.0000004607 0.0000002060 0.0000001015 
0.0000004592 0.0000002054 0.0000001012 
0.0000004576 0.0000002047 0.0000001009 
0.0000004561 0.0000002041 0.0000001006 
0.0000004546 0.0000002035 0.0000001003 
0.0000004530 0.0000002028 0.0000001000 
0.0000004515 0.0000002022 0.0000000998 
0.0000004499 0.0000002016 0.0000000995 
0.0000004484 0.0000002009 0.0000000992 
0.0000004468 0.0000002003 0.0000000989 
0.0000004453 0.0000001997 0.0000000987 
0.0000004437 0.0000001991 0.0000000984 
0.0000004421 0.0000001984 0.0000000982 
0.0000004406 0.0000001978 0.0000000979 
0.0000004390 0.0000001972 0.0000000977 
0.0000004374 0.0000001965 0.0000000975 
0.0000004358 0.0000001959 0.0000000972 
0.0000004342 0.0000001953 0.0000000970 
0.0000004326 0.0000001946 0.0000000968 
0.0000004310 0.0000001940 0.0000000966 
0.0000004294 0.0000001934 0.0000000964 
0.0000004278 0.0000001928 0.0000000962 
0.0000004262 0.0000001922 0.0000000960 
0.0000004246 0.0000001916 0.0000000958 
0.0000004230 0.0000001909 0.0000000957 
0.0000004214 0.0000001903 0.0000000955 
0.0000004197 0.0000001897 0.0000000953 
0.0000004181 0.0000001891 0.0000000952 
0.0000004165 0.0000001885 0.0000000950 
0.0000004149 0.0000001879 0.0000000948 
0.0000004132 0.0000001873 0.0000000946 
0.0000004116 0.0000001866 0.0000000945 
0.0000004099 0.0000001860 0.0000000943 
0.0000004083 0.0000001854 0.0000000941 
0.0000004066 0.0000001848 0.0000000939 
0.0000004050 0.0000001842 0.0000000937 
0.0000004033 0.0000001835 0.0000000935 
0.0000004016 0.0000001829 0.0000000933 
0.0000004000 0.0000001823 0.0000000931 
0.0000003983 0.0000001817 0.0000000929 
0.0000003966 0.0000001810 0.0000000927 
0.0000003949 0.0000001804 0.0000000925 
0.0000003932 0.0000001798 0.0000000922 
0.0000003915 0.0000001791 0.0000000920 
0.0000003898 0.0000001785 0.0000000918 
0.0000003881 0.0000001778 0.0000000915 
0.0000003864 0.0000001772 0.0000000912 
0.0000003846 0.0000001765 0.0000000910 
0.0000003829 0.0000001759 0.0000000907 
0.0000003812 0.0000001752 0.0000000904 
0.0000003795 0.0000001745 0.0000000901 
0.0000003778 0.0000001739 0.0000000898 
0.0000003761 0.0000001732 0.0000000895 
0.0000003744 0.0000001726 0.0000000892 
0.0000003726 0.0000001719 0.0000000889 
0.0000003709 0.0000001712 0.0000000886 
0.0000003692 0.0000001705 0.0000000883 
0.0000003675 0.0000001699 0.0000000879 
0.0000003658 0.0000001692 0.0000000876 
0.0000003642 0.0000001685 0.0000000872 
0.0000003625 0.0000001678 0.0000000869 
0.0000003608 0.0000001672 0.0000000866 
0.0000003591 0.0000001665 0.0000000862 
0.0000003575 0.0000001658 0.0000000858 
0.0000003558 0.0000001651 0.0000000855 
0.0000003542 0.0000001645 0.0000000851 
0.0000003526 0.0000001638 0.0000000848 
0.0000003509 0.0000001631 0.0000000844 
0.0000003493 0.0000001624 0.0000000840 
0.0000003478 0.0000001618 0.0000000837 
0.0000003462 0.0000001611 0.0000000833 
0.0000003446 0.0000001604 0.0000000829 
0.0000003431 0.0000001597 0.0000000826 
0.0000003415 0.0000001590 0.0000000822 
0.0000003400 0.0000001584 0.0000000818 
0.0000003385 0.0000001577 0.0000000814 
0.0000003369 0.0000001570 0.0000000811 
0.0000003354 0.0000001563 0.0000000807 
0.0000003339 0.0000001556 0.0000000803 
0.0000003325 0.0000001549 0.0000000799 
0.0000003310 0.0000001543 0.0000000796 
0.0000003295 0.0000001536 0.0000000792 
0.0000003281 0.0000001529 0.0000000788 
0.0000003266 0.0000001522 0.0000000784 
0.0000003252 0.0000001515 0.0000000781 
0.0000003238 0.0000001508 0.0000000777 
0.0000003223 0.0000001501 0.0000000773 
0.0000003209 0.0000001494 0.0000000770 
0.0000003195 0.0000001488 0.0000000766 
0.0000003182 0.0000001481 0.0000000762 
0.0000003168 0.0000001474 0.0000000759 
0.0000003154 0.0000001467 0.0000000755 
0.0000003140 0.0000001460 0.0000000752 
0.0000003127 0.0000001453 0.0000000748 
0.0000003113 0.0000001446 0.0000000744 
0.0000003099 0.0000001439 0.0000000741 
0.0000003086 0.0000001432 0.0000000737 
0.0000003073 0.0000001425 0.0000000733 
0.0000003059 0.0000001419 0.0000000730 
0.0000003046 0.0000001412 0.0000000726 
0.0000003032 0.0000001405 0.0000000722 
0.0000003019 0.0000001398 0.0000000718 
0.0000003006 0.0000001391 0.0000000715 
0.0000002992 0.0000001384 0.0000000711 
0.0000002979 0.0000001377 0.0000000707 
0.0000002965 0.0000001370 0.0000000703 
0.0000002952 0.0000001363 0.0000000699 
0.0000002938 0.0000001356 0.0000000695 
0.0000002925 0.0000001349 0.0000000691 
0.0000002911 0.0000001342 0.0000000686 
0.0000002897 0.0000001335 0.0000000682 
0.0000002883 0.0000001328 0.0000000678 
0.0000002869 0.0000001321 0.0000000674 
0.0000002855 0.0000001314 0.0000000670 
0.0000002841 0.0000001307 0.0000000666 
0.0000002827 0.0000001300 0.0000000662 
0.0000002814 0.0000001293 0.0000000658 
0.0000002800 0.0000001286 0.0000000654 
0.0000002786 0.0000001280 0.0000000650 
0.0000002772 0.0000001273 0.0000000646 
0.0000002758 0.0000001266 0.0000000642 
0.0000002744 0.0000001260 0.0000000638 
0.0000002730 0.0000001253 0.0000000634 
0.0000002717 0.0000001246 0.0000000631 
0.0000002703 0.0000001240 0.0000000627 
0.0000002689 0.0000001233 0.0000000623 
0.0000002675 0.0000001227 0.0000000619 
0.0000002661 0.0000001221 0.0000000616 
0.0000002648 0.0000001214 0.0000000612 
0.0000002634 0.0000001208 0.0000000609 
0.0000002620 0.0000001202 0.0000000605 
0.0000002606 0.0000001195 0.0000000602 
0.0000002592 0.0000001189 0.0000000599 
0.0000002578 0.0000001183 0.0000000595 
0.0000002565 0.0000001177 0.0000000592 
0.0000002551 0.0000001171 0.0000000589 
0.0000002537 0.0000001165 0.0000000586 
0.0000002523 0.0000001159 0.0000000583 
0.0000002509 0.0000001153 0.0000000580 
0.0000002495 0.0000001147 0.0000000577 
0.0000002481 0.0000001142 0.0000000574 
0.0000002467 0.0000001136 0.0000000571 
0.0000002454 0.0000001130 0.0000000568 
0.0000002440 0.0000001124 0.0000000566 
0.0000002426 0.0000001119 0.0000000563 
0.0000002413 0.0000001113 0.0000000561 
0.0000002399 0.0000001108 0.0000000558 
0.0000002386 0.0000001102 0.0000000556 
0.0000002372 0.0000001097 0.0000000554 
0.0000002359 0.0000001092 0.0000000551 
0.0000002345 0.0000001086 0.0000000549 
0.0000002332 0.0000001081 0.0000000547 
0.0000002319 0.0000001076 0.0000000545 
0.0000002305 0.0000001070 0.0000000543 
0.0000002292 0.0000001065 0.0000000541 
0.0000002279 0.0000001060 0.0000000539 
0.0000002265 0.0000001055 0.0000000537 
0.0000002252 0.0000001049 0.0000000535 
0.0000002238 0.0000001044 0.0000000533 
0.0000002225 0.0000001039 0.0000000531 
0.0000002211 0.0000001034 0.0000000529 
0.0000002198 0.0000001028 0.0000000527 
0.0000002184 0.0000001023 0.0000000525 
0.0000002170 0.0000001018 0.0000000523 
0.0000002156 0.0000001012 0.0000000521 
0.0000002142 0.0000001007 0.0000000519 
0.0000002128 0.0000001002 0.0000000517 
0.0000002114 0.0000000997 0.0000000514 
0.0000002099 0.0000000991 0.0000000512 
0.0000002085 0.0000000986 0.0000000510 
0.0000002070 0.0000000980 0.0000000507 
0.0000002056 0.0000000975 0.0000000505 
0.0000002041 0.0000000970 0.0000000502 
0.0000002027 0.0000000964 0.0000000500 
0.0000002012 0.0000000959 0.0000000497 
0.0000001997 0.0000000953 0.0000000495 
0.0000001983 0.0000000948 0.0000000492 
0.0000001968 0.0000000942 0.0000000490 
0.0000001953 0.0000000937 0.0000000487 
0.0000001938 0.0000000932 0.0000000485 
0.0000001924 0.0000000926 0.0000000482 
0.0000001909 0.0000000921 0.0000000480 
0.0000001895 0.0000000915 0.0000000477 
0.0000001880 0.0000000910 0.0000000475 
0.0000001866 0.0000000904 0.0000000472 
0.0000001852 0.0000000899 0.0000000470 
0.0000001838 0.0000000894 0.0000000467 
0.0000001825 0.0000000888 0.0000000465 
0.0000001811 0.0000000883 0.0000000463 
0.0000001798 0.0000000878 0.0000000460 
0.0000001784 0.0000000872 0.0000000458 
0.0000001771 0.0000000867 0.0000000456 
0.0000001758 0.0000000862 0.0000000453 
0.0000001745 0.0000000856 0.0000000451 
0.0000001732 0.0000000851 0.0000000449 
0.0000001719 0.0000000846 0.0000000446 
0.0000001706 0.0000000840 0.0000000444 
0.0000001693 0.0000000835 0.0000000442 
0.0000001681 0.0000000830 0.0000000439 
0.0000001668 0.0000000824 0.0000000437 
0.0000001655 0.0000000819 0.0000000435 
0.0000001643 0.0000000814 0.0000000432 
0.0000001630 0.0000000808 0.0000000430 
0.0000001618 0.0000000803 0.0000000427 
0.0000001605 0.0000000797 0.0000000425 
0.0000001593 0.0000000792 0.0000000422 
0.0000001581 0.0000000786 0.0000000420 
0.0000001568 0.0000000781 0.0000000417 
0.0000001556 0.0000000775 0.0000000414 
0.0000001544 0.0000000770 0.0000000412 
0.0000001532 0.0000000764 0.0000000409 
0.0000001520 0.0000000759 0.0000000406 
0.0000001508 0.0000000753 0.0000000403 
0.0000001496 0.0000000748 0.0000000401 
0.0000001484 0.0000000742 0.0000000398 
0.0000001472 0.0000000737 0.0000000395 
0.0000001460 0.0000000731 0.0000000392 
0.0000001448 0.0000000726 0.0000000389 
0.0000001437 0.0000000720 0.0000000386 
0.0000001425 0.0000000715 0.0000000383 
0.0000001414 0.0000000709 0.0000000380 
0.0000001402 0.0000000703 0.0000000377 
0.0000001391 0.0000000698 0.0000000374 
0.0000001380 0.0000000692 0.0000000371 
0.0000001369 0.0000000686 0.0000000369 
0.0000001358 0.0000000681 0.0000000366 
0.0000001348 0.0000000675 0.0000000364 
0.0000001337 0.0000000669 0.0000000361 
0.0000001326 0.0000000664 0.0000000359 
0.0000001315 0.0000000658 0.0000000356 
0.0000001304 0.0000000652 0.0000000354 
0.0000001293 0.0000000646 0.0000000352 
0.0000001282 0.0000000641 0.0000000349 
0.0000001270 0.0000000635 0.0000000347 
0.0000001259 0.0000000629 0.0000000344 
0.0000001247 0.0000000623 0.0000000342 
0.0000001236 0.0000000617 0.0000000339 
0.0000001224 0.0000000611 0.0000000337 
0.0000001212 0.0000000605 0.0000000334 
0.0000001199 0.0000000599 0.0000000331 
0.0000001187 0.0000000593 0.0000000328 
0.0000001174 0.0000000587 0.0000000325 
0.0000001161 0.0000000581 0.0000000322 
0.0000001148 0.0000000575 0.0000000319 
0.0000001135 0.0000000568 0.0000000316 
0.0000001122 0.0000000562 0.0000000312 
0.0000001108 0.0000000556 0.0000000309 
0.0000001095 0.0000000550 0.0000000305 
0.0000001081 0.0000000543 0.0000000302 
0.0000001068 0.0000000537 0.0000000298 
0.0000001054 0.0000000531 0.0000000294 
0.0000001041 0.0000000525 0.0000000290 
0.0000001027 0.0000000518 0.0000000286 
0.0000001013 0.0000000512 0.0000000282 
0.0000001000 0.0000000506 0.0000000278 
0.0000000986 0.0000000500 0.0000000274 
0.0000000973 0.0000000493 0.0000000270 
0.0000000960 0.0000000487 0.0000000266 
0.0000000946 0.0000000481 0.0000000262 
0.0000000933 0.0000000475 0.0000000258 
0.0000000920 0.0000000468 0.0000000254 
0.0000000907 0.0000000462 0.0000000250 
0.0000000894 0.0000000456 0.0000000246 
0.0000000881 0.0000000450 0.0000000242 
0.0000000869 0.0000000444 0.0000000238 
0.0000000856 0.0000000438 0.0000000234 
0.0000000844 0.0000000432 0.0000000231 
0.0000000832 0.0000000427 0.0000000227 
0.0000000821 0.0000000421 0.0000000224 
0.0000000809 0.0000000416 0.0000000220 
0.0000000798 0.0000000410 0.0000000217 
0.0000000786 0.0000000405 0.0000000214 
0.0000000775 0.0000000399 0.0000000211 
0.0000000764 0.0000000394 0.0000000208 
0.0000000753 0.0000000388 0.0000000205 
0.0000000742 0.0000000383 0.0000000203 
0.0000000731 0.0000000378 0.0000000200 
0.0000000720 0.0000000372 0.0000000198 
0.0000000710 0.0000000367 0.0000000196 
0.0000000699 0.0000000361 0.0000000193 
0.0000000688 0.0000000356 0.0000000191 
0.0000000677 0.0000000351 0.0000000189 
0.0000000666 0.0000000345 0.0000000187 
0.0000000655 0.0000000339 0.0000000185 
0.0000000645 0.0000000334 0.0000000183 
0.0000000634 0.0000000328 0.0000000181 
0.0000000622 0.0000000322 0.0000000179 
0.0000000611 0.0000000316 0.0000000177 
0.0000000600 0.0000000310 0.0000000176 
0.0000000588 0.0000000303 0.0000000174 
0.0000000577 0.0000000297 0.0000000172 
0.0000000565 0.0000000291 0.0000000170 
0.0000000553 0.0000000284 0.0000000167 
0.0000000541 0.0000000278 0.0000000165 
0.0000000529 0.0000000272 0.0000000163 
0.0000000517 0.0000000265 0.0000000161 
0.0000000504 0.0000000259 0.0000000158 
0.0000000492 0.0000000252 0.0000000156 
0.0000000479 0.0000000246 0.0000000153 
0.0000000466 0.0000000240 0.0000000150 
0.0000000453 0.0000000233 0.0000000147 
0.0000000440 0.0000000227 0.0000000144 
0.0000000427 0.0000000221 0.0000000141 
0.0000000414 0.0000000215 0.0000000138 
0.0000000401 0.0000000209 0.0000000135 
0.0000000388 0.0000000203 0.0000000132 
0.0000000376 0.0000000197 0.0000000129 
0.0000000363 0.0000000191 0.0000000126 
0.0000000351 0.0000000186 0.0000000122 
0.0000000339 0.0000000180 0.0000000119 
0.0000000326 0.0000000175 0.0000000116 
0.0000000314 0.0000000170 0.0000000112 
0.0000000302 0.0000000165 0.0000000109 
0.0000000290 0.0000000160 0.0000000105 
0.0000000278 0.0000000155 0.0000000102 
0.0000000267 0.0000000150 0.0000000098 
0.0000000255 0.0000000146 0.0000000095 
0.0000000244 0.0000000141 0.0000000091 
0.0000000233 0.0000000137 0.0000000087 
0.0000000223 0.0000000132 0.0000000084 
0.0000000213 0.0000000128 0.0000000080 
0.0000000204 0.0000000123 0.0000000077 
0.0000000196 0.0000000119 0.0000000073 
0.0000000196 0.0000000119 0.0000000073 
0.0000000196 0.0000000119 0.0000000073 
0.0000000191 0.0000000115 0.0000000070 
0.0000000191 0.0000000115 0.0000000070 
0.0000000191 0.0000000115 0.0000000070 
0.0000000191 0.0000000115 0.0000000070 
0.0000000191 0.0000000115 0.0000000070 
0.0000000191 0.0000000115 0.0000000070 
0.0000000191 0.0000000115 0.0000000070 
0.0000000191 0.0000000115 0.0000000070 
0.0000000191 0.0000000115 0.0000000070 
0.0000000191 0.0000000115 0.0000000070 
0.0000000194 0.0000000114 0.0000000068 
0.0000000197 0.0000000114 0.0000000066 
0.0000000199 0.0000000113 0.0000000065 
0.0000000202 0.0000000112 0.0000000064 
0.0000000204 0.0000000112 0.0000000063 
0.0000000205 0.0000000111 0.0000000063 
0.0000000205 0.0000000109 0.0000000063 
0.0000000205 0.0000000108 0.0000000063 
0.0000000204 0.0000000106 0.0000000064 
0.0000000202 0.0000000104 0.0000000064 
0.0000000199 0.0000000102 0.0000000065 
0.0000000195 0.0000000100 0.0000000065 
0.0000000191 0.0000000097 0.0000000066 
0.0000000186 0.0000000094 0.0000000066 
0.0000000181 0.0000000092 0.0000000066 
0.0000000175 0.0000000089 0.0000000067 
0.0000000169 0.0000000085 0.0000000067 
0.0000000162 0.0000000082 0.0000000067 
0.0000000155 0.0000000079 0.0000000067 
0.0000000148 0.0000000076 0.0000000067 
0.0000000140 0.0000000073 0.0000000067 
0.0000000133 0.0000000069 0.0000000067 
0.0000000125 0.0000000066 0.0000000066 
0.0000000117 0.0000000063 0.0000000066 
0.0000000109 0.0000000060 0.0000000065 
0.0000000100 0.0000000056 0.0000000065 
0.0000000092 0.0000000053 0.0000000064 
0.0000000084 0.0000000050 0.0000000063 
0.0000000075 0.0000000047 0.0000000062 
0.0000000067 0.0000000044 0.0000000061 
0.0000000059 0.0000000041 0.0000000059 
0.0000000051 0.0000000038 0.0000000058 
0.0000000043 0.0000000035 0.0000000056 
0.0000000036 0.0000000032 0.0000000054 
0.0000000028 0.0000000029 0.0000000052 
0.0000000022 0.0000000026 0.0000000050 
0.0000000016 0.0000000023 0.0000000047 
0.0000000011 0.0000000020 0.0000000043 
0.0000000011 0.0000000020 0.0000000043 
0.0000000011 0.0000000020 0.0000000043 
0.0000000009 0.0000000018 0.0000000037 
0.0000000009 0.0000000016 0.0000000031 
0.0000000009 0.0000000013 0.0000000023 
0.0000000009 0.0000000011 0.0000000015 
0.0000000010 0.0000000008 0.0000000008 
0.0000000010 0.0000000008 0.0000000008 
0.0000000010 0.0000000008 0.0000000008 
0.0000000010 0.0000000008 0.0000000008 
0.0000000010 0.0000000008 0.0000000008 
0.0000000010 0.0000000008 0.0000000008 
0.0000000010 0.0000000008 0.0000000008 
0.0000000010 0.0000000008 0.0000000008 
0.0000000009 0.0000000004 0.0000000002 
0.0000000009 0.0000000004 0.0000000002 
0.0000000009 0.0000000004 0.0000000002 
0.0000000009 0.0000000004 0.0000000002 
0.0000000009 0.0000000004 0.0000000002 
0.0000000009 0.0000000004 0.0000000002 
0.0000000009 0.0000000004 0.0000000002 
0.0000000009 0.0000000004 0.0000000002 
0.0000000010 0.0000000003 0.0000000001 
0.0000000010 0.0000000003 0.0000000001 
0.0000000010 0.0000000003 0.0000000001 
0.0000000010 0.0000000003 0.0000000001 
0.0000000010 0.0000000003 0.0000000001 
0.0000000010 0.0000000003 0.0000000001 
0.0000000010 0.0000000003 0.0000000001 
0.0000000010 0.0000000003 0.0000000001 
0.0000000010 0.0000000003 0.0000000001 
0.0000000010 0.0000000003 0.0000000001 
0.0000000010 0.0000000003 0.0000000001 
0.0000000010 0.0000000003 0.0000000001 
0.0000000010 0.0000000003 0.0000000001 
0.0000000010 0.0000000003 0.0000000001 
0.0000000010 0.0000000003 0.0000000001 
0.0000000010 0.0000000003 0.0000000001 
0.0000000010 0.0000000003 0.0000000001 
0.0000000010 0.0000000003 0.0000000001 
0.0000000010 0.0000000003 0.0000000001 
0.0000000010 0.0000000003 0.0000000001 
0.0000000010 0.0000000003 0.0000000001 
0.0000000010 0.0000000003 0.0000000001 
0.0000000010 0.0000000003 0.0000000001 
0.0000000010 0.0000000003 0.0000000001 
0.0000000010 0.0000000003 0.0000000001 
0.0000000010 0.0000000003 0.0000000001 
0.0000000010 0.0000000003 0.0000000001 
0.0000000010 0.0000000003 0.0000000001 
0.0000000010 0.0000000003 0.0000000001 
0.0000000010 0.0000000003 0.0000000001 
0.0000000010 0.0000000003 0.0000000001 
0.0000000010 0.0000000003 0.0000000001 
0.0000000010 0.0000000003 0.0000000001 
0.0000000010 0.0000000003 0.0000000001 
0.0000000010 0.0000000003 0.0000000001 
0.0000000010 0.0000000003 0.0000000001 
0.0000000010 0.0000000003 0.0000000001 
0.0000000010 0.0000000003 0.0000000001 
0.0000000010 0.0000000003 0.0000000001 
0.0000000010 0.0000000003 0.0000000001 
0.0000000010 0.0000000003 0.0000000001 
0.0000000010 0.0000000003 0.0000000001 
0.0000000010 0.0000000003 0.0000000001 
0.0000000010 0.0000000003 0.0000000001 
0.0000000010 0.0000000003 0.0000000001 
0.0000000010 0.0000000003 0.0000000001 
0.0000000010 0.0000000003 0.0000000001 
0.0000000010 0.0000000003 0.0000000001 
0.0000000010 0.0000000003 0.0000000001 
0.0000000010 0.0000000003 0.0000000001 
0.0000000010 0.0000000003 0.0000000001 
0.0000000010 0.0000000003 0.0000000001 
0.0000000010 0.0000000003 0.0000000001 
0.0000000010 0.0000000003 0.0000000001 
0.0000000010 0.0000000003 0.0000000001 
0.0000000010 0.0000000003 0.0000000001 
0.0000000010 0.0000000003 0.0000000001 
0.0000000010 0.0000000003 0.0000000001 
0.0000000010 0.0000000003 0.0000000001 
0.0000000010 0.0000000003 0.0000000001 
0.0000000010 0.0000000003 0.0000000001 
0.0000000010 0.0000000003 0.0000000001 
0.0000000010 0.0000000003 0.0000000001 
0.0000000010 0.0000000003 0.0000000001 
0.0000000010 0.0000000003 0.0000000001 
0.0000000010 0.0000000003 0.0000000001 
0.0000000010 0.0000000003 0.0000000001 
0.0000000010 0.0000000003 0.0000000001 
0.0000000010 0.0000000003 0.0000000001 
0.0000000010 0.0000000003 0.0000000001 
0.0000000010 0.0000000003 0.0000000001 
0.0000000010 0.0000000003 0.0000000001 
0.0000000010 0.0000000003 0.0000000001 
0.0000000010 0.0000000003 0.0000000001 
0.0000000010 0.0000000003 0.0000000001 
0.0000000010 0.0000000003 0.0000000001 
0.0000000010 0.0000000003 0.0000000001 
0.0000000010 0.0000000003 0.0000000001 
0.0000000010 0.0000000003 0.0000000001 
0.0000000010 0.0000000003 0.0000000001 
0.0000000010 0.0000000003 0.0000000001 
0.0000000010 0.0000000003 0.0000000001 
0.0000000010 0.0000000003 0.0000000001 
0.0000000010 0.0000000003 0.0000000001 
0.0000000010 0.0000000003 0.0000000001 
0.0000000010 0.0000000003 0.0000000001 
0.0000000010 0.0000000003 0.0000000001 
0.0000000010 0.0000000003 0.0000000001 
0.0000000010 0.0000000003 0.0000000001 
0.0000000010 0.0000000003 0.0000000001 
0.0000000010 0.0000000003 0.0000000001 
0.0000000010 0.0000000003 0.0000000001 
0.0000000010 0.0000000003 0.0000000001 
0.0000000010 0.0000000003 0.0000000001 
0.0000000010 0.0000000003 0.0000000001 
0.0000000010 0.0000000003 0.0000000001 
0.0000000010 0.0000000003 0.0000000001 
0.0000000010 0.0000000003 0.0000000001 
0.0000000010 0.0000000003 0.0000000001 
0.0000000010 0.0000000003 0.0000000001 
0.0000000010 0.0000000003 0.0000000001 
0.0000000010 0.0000000003 0.0000000001 
0.0000000010 0.0000000003 0.0000000001 
0.0000000010 0.0000000003 0.0000000001 
0.0000000010 0.0000000003 0.0000000001 
0.0000000010 0.0000000003 0.0000000001 
0.0000000010 0.0000000003 0.0000000001 
0.0000000010 0.0000000003 0.0000000001 
0.0000000010 0.0000000003 0.0000000001 
0.0000000010 0.0000000003 0.0000000001 
0.0000000010 0.0000000003 0.0000000001 
0.0000000010 0.0000000003 0.0000000001 
0.0000000010 0.0000000003 0.0000000001 
0.0000000010 0.0000000003 0.0000000001 
0.0000000010 0.0000000003 0.0000000001 
0.0000000010 0.0000000003 0.0000000001 
0.0000000010 0.0000000003 0.0000000001 
0.0000000010 0.0000000003 0.0000000001 
0.0000000010 0.0000000003 0.0000000001 
0.0000000010 0.0000000003 0.0000000001 
0.0000000010 0.0000000003 0.0000000001 
0.0000000010 0.0000000003 0.0000000001 
0.0000000010 0.0000000003 0.0000000001 
0.0000000010 0.0000000003 0.0000000001 
0.0000000010 0.0000000003 0.0000000001 
0.0000000010 0.0000000003 0.0000000001 
0.0000000010 0.0000000003 0.0000000001 
0.0000000010 0.0000000003 0.0000000001 
0.0000000010 0.0000000003 0.0000000001 
0.0000000010 0.0000000003 0.0000000001 
0.0000000010 0.0000000003 0.0000000001 
0.0000000010 0.0000000003 0.0000000001 
0.0000000010 0.0000000003 0.0000000001 
0.0000000010 0.0000000003 0.0000000001 
0.0000000010 0.0000000003 0.0000000001 
0.0000000010 0.0000000003 0.0000000001 
0.0000000010 0.0000000003 0.0000000001 
0.0000000010 0.0000000003 0.0000000001 
0.0000000010 0.0000000003 0.0000000001 
0.0000000010 0.0000000003 0.0000000001 
0.0000000010 0.0000000003 0.0000000001 
0.0000000010 0.0000000003 0.0000000001 
0.0000000010 0.0000000003 0.0000000001 
0.0000000010 0.0000000003 0.0000000001 
0.0000000010 0.0000000003 0.0000000001 
0.0000000010 0.0000000003 0.0000000001 
0.0000000010 0.0000000003 0.0000000001 
0.0000000010 0.0000000003 0.0000000001 
0.0000000010 0.0000000003 0.0000000001 
0.0000000010 0.0000000003 0.0000000001 
0.0000000010 0.0000000003 0.0000000001 
0.0000000010 0.0000000003 0.0000000001 
0.0000000010 0.0000000003 0.0000000001 
0.0000000010 0.0000000003 0.0000000001 
0.0000000010 0.0000000003 0.0000000001 
0.0000000010 0.0000000003 0.0000000001 
0.0000000010 0.0000000003 0.0000000001 
0.0000000010 0.0000000003 0.0000000001 
0.0000000010 0.0000000003 0.0000000001 
0.0000000010 0.0000000003 0.0000000001 
0.0000000010 0.0000000003 0.0000000001 
0.0000000010 0.0000000003 0.0000000001 
0.0000000010 0.0000000003 0.0000000001 
0.0000000010 0.0000000003 0.0000000001 
0.0000000010 0.0000000003 0.0000000001 
0.0000000010 0.0000000003 0.0000000001 
0.0000000010 0.0000000003 0.0000000001 
0.0000000010 0.0000000003 0.0000000001 
0.0000000010 0.0000000003 0.0000000001 
0.0000000010 0.0000000003 0.0000000001 
0.0000000010 0.0000000003 0.0000000001 
0.0000000010 0.0000000003 0.0000000001 
0.0000000010 0.0000000003 0.0000000001 
0.0000000010 0.0000000003 0.0000000001 
0.0000000010 0.0000000003 0.0000000001 
0.0000000010 0.0000000003 0.0000000001 
0.0000000010 0.0000000003 0.0000000001 
0.0000000010 0.0000000003 0.0000000001 
0.0000000010 0.0000000003 0.0000000001 
0.0000000010 0.0000000003 0.0000000001 
0.0000000010 0.0000000003 0.0000000001 
0.0000000010 0.0000000003 0.0000000001 
0.0000000010 0.0000000003 0.0000000001 
0.0000000010 0.0000000003 0.0000000001 
0.0000000010 0.0000000003 0.0000000001 
0.0000000010 0.0000000003 0.0000000001 
0.0000000010 0.0000000003 0.0000000001 
0.0000000010 0.0000000003 0.0000000001 
0.0000000010 0.0000000003 0.0000000001 
0.0000000010 0.0000000003 0.0000000001 
0.0000000010 0.0000000003 0.0000000001 
0.0000000010 0.0000000003 0.0000000001 
0.0000000010 0.0000000003 0.0000000001 
0.0000000010 0.0000000003 0.0000000001 
0.0000000010 0.0000000003 0.0000000001 
0.0000000010 0.0000000003 0.0000000001 
0.0000000010 0.0000000003 0.0000000001 
0.0000000010 0.0000000003 0.0000000001 
0.0000000010 0.0000000003 0.0000000001 
0.0000000010 0.0000000003 0.0000000001 
0.0000000010 0.0000000003 0.0000000001 
0.0000000010 0.0000000003 0.0000000001 
0.0000000010 0.0000000003 0.0000000001 
0.0000000010 0.0000000003 0.0000000001 
0.0000000010 0.0000000003 0.0000000001 
0.0000000010 0.0000000003 0.0000000001 
0.0000000010 0.0000000003 0.0000000001 
0.0000000010 0.0000000003 0.0000000001 
0.0000000010 0.0000000003 0.0000000001 
0.0000000010 0.0000000003 0.0000000001 
0.0000000010 0.0000000003 0.0000000001 
0.0000000010 0.0000000003 0.0000000001 
0.0000000010 0.0000000003 0.0000000001 
0.0000000010 0.0000000003 0.0000000001 
0.0000000010 0.0000000003 0.0000000001 
0.0000000010 0.0000000003 0.0000000001 
0.0000000010 0.0000000003 0.0000000001 
0.0000000010 0.0000000003 0.0000000001 
0.0000000010 0.0000000003 0.0000000001 
0.0000000010 0.0000000003 0.0000000001 
0.0000000010 0.0000000003 0.0000000001 
0.0000000010 0.0000000003 0.0000000001 
0.0000000010 0.0000000003 0.0000000001 
0.0000000010 0.0000000003 0.0000000001 
0.0000000010 0.0000000003 0.0000000001 
0.0000000010 0.0000000003 0.0000000001 
0.0000000010 0.0000000003 0.0000000001 
0.0000000010 0.0000000003 0.0000000001 
0.0000000010 0.0000000003 0.0000000001 
0.0000000010 0.0000000003 0.0000000001 
0.0000000010 0.0000000003 0.0000000001 
0.0000000010 0.0000000003 0.0000000001 
0.0000000010 0.0000000003 0.0000000001 
0.0000000010 0.0000000003 0.0000000001 
0.0000000010 0.0000000003 0.0000000001 
0.0000000010 0.0000000003 0.0000000001 
0.0000000010 0.0000000003 0.0000000001 
0.0000000010 0.0000000003 0.0000000001 
0.0000000010 0.0000000003 0.0000000001 
0.0000000010 0.0000000003 0.0000000001 
0.0000000010 0.0000000003 0.0000000001 
0.0000000010 0.0000000003 0.0000000001 
0.0000000010 0.0000000003 0.0000000001 
0.0000000010 0.0000000003 0.0000000001 
0.0000000010 0.0000000003 0.0000000001 
0.0000000010 0.0000000003 0.0000000001 
0.0000000010 0.0000000003 0.0000000001 
0.0000000010 0.0000000003 0.0000000001 
0.0000000010 0.0000000003 0.0000000001 
0.0000000010 0.0000000003 0.0000000001 
0.0000000010 0.0000000003 0.0000000001 
0.0000000010 0.0000000003 0.0000000001 
0.0000000010 0.0000000003 0.0000000001 
0.0000000010 0.0000000003 0.0000000001 
0.0000000010 0.0000000003 0.0000000001 
0.0000000010 0.0000000003 0.0000000001 
0.0000000010 0.0000000003 0.0000000001 
0.0000000010 0.0000000003 0.0000000001 
0.0000000010 0.0000000003 0.0000000001 
0.0000000010 0.0000000003 0.0000000001 
0.0000000010 0.0000000003 0.0000000001 
0.0000000010 0.0000000003 0.0000000001 
0.0000000010 0.0000000003 0.0000000001 
0.0000000010 0.0000000003 0.0000000001 
0.0000000010 0.0000000003 0.0000000001 
0.0000000010 0.0000000003 0.0000000001 
0.0000000010 0.0000000003 0.0000000001 
0.0000000010 0.0000000003 0.0000000001 
0.0000000010 0.0000000003 0.0000000001 
0.0000000010 0.0000000003 0.0000000001 
0.0000000010 0.0000000003 0.0000000001 
0.0000000010 0.0000000003 0.0000000001 
0.0000000010 0.0000000003 0.0000000001 
0.0000000010 0.0000000003 0.0000000001 
0.0000000010 0.0000000003 0.0000000001 
0.0000000010 0.0000000003 0.0000000001 
0.0000000010 0.0000000003 0.0000000001 
0.0000000010 0.0000000003 0.0000000001 
0.0000000010 0.0000000003 0.0000000001 
0.0000000010 0.0000000003 0.0000000001 
0.0000000010 0.0000000003 0.0000000001 
0.0000000010 0.0000000003 0.0000000001 
0.0000000010 0.0000000003 0.0000000001 
0.0000000010 0.0000000003 0.0000000001 
0.0000000010 0.0000000003 0.0000000001 
0.0000000010 0.0000000003 0.0000000001 
0.0000000010 0.0000000003 0.0000000001 
0.0000000010 0.0000000003 0.0000000001 
0.0000000010 0.0000000003 0.0000000001 
0.0000000010 0.0000000003 0.0000000001 
0.0000000010 0.0000000003 0.0000000001 
0.0000000010 0.0000000003 0.0000000001 
0.0000000010 0.0000000003 0.0000000001 
0.0000000010 0.0000000003 0.0000000001 
0.0000000010 0.0000000003 0.0000000001 
0.0000000010 0.0000000003 0.0000000001 
0.0000000010 0.0000000003 0.0000000001 
0.0000000010 0.0000000003 0.0000000001 
0.0000000010 0.0000000003 0.0000000001 
0.0000000010 0.0000000003 0.0000000001 
0.0000000010 0.0000000003 0.0000000001 
0.0000000010 0.0000000003 0.0000000001 
0.0000000010 0.0000000003 0.0000000001 
0.0000000010 0.0000000003 0.0000000001 
0.0000000010 0.0000000003 0.0000000001 
0.0000000010 0.0000000003 0.0000000001 
0.0000000010 0.0000000003 0.0000000001 
0.0000000010 0.0000000003 0.0000000001 
0.0000000010 0.0000000003 0.0000000001 
0.0000000010 0.0000000003 0.0000000001 
0.0000000010 0.0000000003 0.0000000001 
0.0000000010 0.0000000003 0.0000000001 
0.0000000010 0.0000000003 0.0000000001 
0.0000000010 0.0000000003 0.0000000001 
0.0000000010 0.0000000003 0.0000000001 
0.0000000010 0.0000000003 0.0000000001 
0.0000000010 0.0000000003 0.0000000001 
0.0000000010 0.0000000003 0.0000000001 
0.0000000010 0.0000000003 0.0000000001 
0.0000000010 0.0000000003 0.0000000001 
0.0000000010 0.0000000003 0.0000000001 
0.0000000010 0.0000000003 0.0000000001 
0.0000000010 0.0000000003 0.0000000001 
0.0000000010 0.0000000003 0.0000000001 
0.0000000010 0.0000000003 0.0000000001 
0.0000000010 0.0000000003 0.0000000001 
0.0000000010 0.0000000003 0.0000000001 
0.0000000010 0.0000000003 0.0000000001 
0.0000000010 0.0000000003 0.0000000001 
0.0000000010 0.0000000003 0.0000000001 
0.0000000010 0.0000000003 0.0000000001 
0.0000000010 0.0000000003 0.0000000001 
0.0000000010 0.0000000003 0.0000000001 
0.0000000010 0.0000000003 0.0000000001 
0.0000000010 0.0000000003 0.0000000001 
0.0000000010 0.0000000003 0.0000000001 
0.0000000010 0.0000000003 0.0000000001 
0.0000000010 0.0000000003 0.0000000001 
0.0000000010 0.0000000003 0.0000000001 
0.0000000010 0.0000000003 0.0000000001 
0.0000000010 0.0000000003 0.0000000001 
0.0000000010 0.0000000003 0.0000000001 
0.0000000010 0.0000000003 0.0000000001 
0.0000000010 0.0000000003 0.0000000001 
0.0000000010 0.0000000003 0.0000000001 
0.0000000010 0.0000000003 0.0000000001 
0.0000000010 0.0000000003 0.0000000001 
0.0000000010 0.0000000003 0.0000000001 
0.0000000010 0.0000000003 0.0000000001 
0.0000000010 0.0000000003 0.0000000001 
0.0000000010 0.0000000003 0.0000000001 
0.0000000010 0.0000000003 0.0000000001 
0.0000000010 0.0000000003 0.0000000001 
0.0000000010 0.0000000003 0.0000000001 
0.0000000010 0.0000000003 0.0000000001 
0.0000000010 0.0000000003 0.0000000001 
0.0000000010 0.0000000003 0.0000000001 
0.0000000010 0.0000000003 0.0000000001 
0.0000000010 0.0000000003 0.0000000001 
0.0000000010 0.0000000003 0.0000000001 
0.0000000010 0.0000000003 0.0000000001 
0.0000000010 0.0000000003 0.0000000001 
0.0000000010 0.0000000003 0.0000000001 
0.0000000010 0.0000000003 0.0000000001 
0.0000000010 0.0000000003 0.0000000001 
0.0000000010 0.0000000003 0.0000000001 
0.0000000010 0.0000000003 0.0000000001 
0.0000000010 0.0000000003 0.0000000001 
0.0000000010 0.0000000003 0.0000000001 
0.0000000010 0.0000000003 0.0000000001 
0.0000000010 0.0000000003 0.0000000001 
0.0000000010 0.0000000003 0.0000000001 
0.0000000010 0.0000000003 0.0000000001 
0.0000000010 0.0000000003 0.0000000001 
0.0000000010 0.0000000003 0.0000000001 
0.0000000010 0.0000000003 0.0000000001 
0.0000000010 0.0000000003 0.0000000001 
0.0000000010 0.0000000003 0.0000000001 
0.0000000010 0.0000000003 0.0000000001 
0.0000000010 0.0000000003 0.0000000001 
0.0000000010 0.0000000003 0.0000000001 
0.0000000010 0.0000000003 0.0000000001 
0.0000000010 0.0000000003 0.0000000001 
0.0000000010 0.0000000003 0.0000000001 
0.0000000010 0.0000000003 0.0000000001 
0.0000000010 0.0000000003 0.0000000001 
0.0000000010 0.0000000003 0.0000000001 
0.0000000010 0.0000000003 0.0000000001 
0.0000000010 0.0000000003 0.0000000001 
0.0000000010 0.0000000003 0.0000000001 
0.0000000010 0.0000000003 0.0000000001 
0.0000000010 0.0000000003 0.0000000001 
0.0000000010 0.0000000003 0.0000000001 
0.0000000010 0.0000000003 0.0000000001 
0.0000000010 0.0000000003 0.0000000001 
0.0000000010 0.0000000003 0.0000000001 
0.0000000010 0.0000000003 0.0000000001 
0.0000000010 0.0000000003 0.0000000001 
0.0000000010 0.0000000003 0.0000000001 
0.0000000010 0.0000000003 0.0000000001 
0.0000000010 0.0000000003 0.0000000001 
0.0000000010 0.0000000003 0.0000000001 
0.0000000010 0.0000000003 0.0000000001 
0.0000000010 0.0000000003 0.0000000001 
0.0000000010 0.0000000003 0.0000000001 
0.0000000010 0.0000000003 0.0000000001 
0.0000000010 0.0000000003 0.0000000001 
0.0000000010 0.0000000003 0.0000000001 
0.0000000010 0.0000000003 0.0000000001 
0.0000000010 0.0000000003 0.0000000001 
0.0000000010 0.0000000003 0.0000000001 
0.0000000010 0.0000000003 0.0000000001 
0.0000000010 0.0000000003 0.0000000001 
0.0000000010 0.0000000003 0.0000000001 
0.0000000010 0.0000000003 0.0000000001 
0.0000000010 0.0000000003 0.0000000001 
0.0000000010 0.0000000003 0.0000000001 
0.0000000010 0.0000000003 0.0000000001 
0.0000000010 0.0000000003 0.0000000001 
0.0000000010 0.0000000003 0.0000000001 
0.0000000010 0.0000000003 0.0000000001 
0.0000000010 0.0000000003 0.0000000001 
0.0000000010 0.0000000003 0.0000000001 
0.0000000010 0.0000000003 0.0000000001 
0.0000000010 0.0000000003 0.0000000001 
0.0000000010 0.0000000003 0.0000000001 
0.0000000010 0.0000000003 0.0000000001 
0.0000000010 0.0000000003 0.0000000001 
0.0000000010 0.0000000003 0.0000000001 
0.0000000010 0.0000000003 0.0000000001 
0.0000000010 0.0000000003 0.0000000001 
0.0000000010 0.0000000003 0.0000000001 
0.0000000010 0.0000000003 0.0000000001 
0.0000000010 0.0000000003 0.0000000001 
0.0000000010 0.0000000003 0.0000000001 
0.0000000010 0.0000000003 0.0000000001 
0.0000000010 0.0000000003 0.0000000001 
0.0000000010 0.0000000003 0.0000000001 
0.0000000010 0.0000000003 0.0000000001 
0.0000000010 0.0000000003 0.0000000001 
0.0000000010 0.0000000003 0.0000000001 
0.0000000010 0.0000000003 0.0000000001 
0.0000000010 0.0000000003 0.0000000001 
0.0000000010 0.0000000003 0.0000000001 
0.0000000010 0.0000000003 0.0000000001 
0.0000000010 0.0000000003 0.0000000001 
0.0000000010 0.0000000003 0.0000000001 
0.0000000010 0.0000000003 0.0000000001 
0.0000000010 0.0000000003 0.0000000001 
0.0000000010 0.0000000003 0.0000000001 
0.0000000010 0.0000000003 0.0000000001 
0.0000000010 0.0000000003 0.0000000001 
0.0000000010 0.0000000003 0.0000000001 
0.0000000010 0.0000000003 0.0000000001 
0.0000000010 0.0000000003 0.0000000001 
0.0000000010 0.0000000003 0.0000000001 
0.0000000010 0.0000000003 0.0000000001 
0.0000000010 0.0000000003 0.0000000001 
0.0000000010 0.0000000003 0.0000000001 
0.0000000010 0.0000000003 0.0000000001 
0.0000000010 0.0000000003 0.0000000001 
0.0000000010 0.0000000003 0.0000000001 
0.0000000010 0.0000000003 0.0000000001 
0.0000000010 0.0000000003 0.0000000001 
0.0000000010 0.0000000003 0.0000000001 
0.0000000010 0.0000000003 0.0000000001 
0.0000000010 0.0000000003 0.0000000001 
0.0000000010 0.0000000003 0.0000000001 
0.0000000010 0.0000000003 0.0000000001 
0.0000000010 0.0000000003 0.0000000001 
0.0000000010 0.0000000003 0.0000000001 
0.0000000010 0.0000000003 0.0000000001 
0.0000000010 0.0000000003 0.0000000001 
0.0000000010 0.0000000003 0.0000000001 
0.0000000010 0.0000000003 0.0000000001 
0.0000000010 0.0000000003 0.0000000001 
0.0000000010 0.0000000003 0.0000000001 
0.0000000010 0.0000000003 0.0000000001 
0.0000000010 0.0000000003 0.0000000001 
0.0000000010 0.0000000003 0.0000000001 
0.0000000010 0.0000000003 0.0000000001 
0.0000000010 0.0000000003 0.0000000001 
0.0000000010 0.0000000003 0.0000000001 
0.0000000010 0.0000000003 0.0000000001 
0.0000000010 0.0000000003 0.0000000001 
0.0000000010 0.0000000003 0.0000000001 
0.0000000010 0.0000000003 0.0000000001 
0.0000000010 0.0000000003 0.0000000001 
0.0000000010 0.0000000003 0.0000000001 
0.0000000010 0.0000000003 0.0000000001 
0.0000000010 0.0000000003 0.0000000001 
0.0000000010 0.0000000003 0.0000000001 
0.0000000010 0.0000000003 0.0000000001 
0.0000000010 0.0000000003 0.0000000001 
0.0000000010 0.0000000003 0.0000000001 
0.0000000010 0.0000000003 0.0000000001 
0.0000000010 0.0000000003 0.0000000001 
0.0000000010 0.0000000003 0.0000000001 
0.0000000010 0.0000000003 0.0000000001 
0.0000000010 0.0000000003 0.0000000001 
0.0000000010 0.0000000003 0.0000000001 
0.0000000010 0.0000000003 0.0000000001 
0.0000000010 0.0000000003 0.0000000001 
0.0000000010 0.0000000003 0.0000000001 
0.0000000010 0.0000000003 0.0000000001 
0.0000000010 0.0000000003 0.0000000001 
0.0000000010 0.0000000003 0.0000000001 
0.0000000010 0.0000000003 0.0000000001 
0.0000000010 0.0000000003 0.0000000001 
0.0000000010 0.0000000003 0.0000000001 
0.0000000010 0.0000000003 0.0000000001 
0.0000000010 0.0000000003 0.0000000001 
0.0000000010 0.0000000003 0.0000000001 
0.0000000010 0.0000000003 0.0000000001 
0.0000000010 0.0000000003 0.0000000001 
0.0000000010 0.0000000003 0.0000000001 
0.0000000010 0.0000000003 0.0000000001 
0.0000000010 0.0000000003 0.0000000001 
0.0000000010 0.0000000003 0.0000000001 
0.0000000010 0.0000000003 0.0000000001 
0.0000000010 0.0000000003 0.0000000001 
0.0000000010 0.0000000003 0.0000000001 
0.0000000010 0.0000000003 0.0000000001 
0.0000000010 0.0000000003 0.0000000001 
0.0000000010 0.0000000003 0.0000000001 
0.0000000010 0.0000000003 0.0000000001 
0.0000000010 0.0000000003 0.0000000001 
0.0000000010 0.0000000003 0.0000000001 
0.0000000010 0.0000000003 0.0000000001 
0.0000000010 0.0000000003 0.0000000001 
0.0000000010 0.0000000003 0.0000000001 
0.0000000010 0.0000000003 0.0000000001 
0.0000000010 0.0000000003 0.0000000001 
0.0000000010 0.0000000003 0.0000000001 
0.0000000010 0.0000000003 0.0000000001 
0.0000000010 0.0000000003 0.0000000001 
0.0000000010 0.0000000003 0.0000000001 
0.0000000010 0.0000000003 0.0000000001 
0.0000000010 0.0000000003 0.0000000001 
0.0000000010 0.0000000003 0.0000000001 
0.0000000010 0.0000000003 0.0000000001 
0.0000000010 0.0000000003 0.0000000001 
0.0000000010 0.0000000003 0.0000000001 
0.0000000010 0.0000000003 0.0000000001 
0.0000000010 0.0000000003 0.0000000001 
0.0000000010 0.0000000003 0.0000000001 
0.0000000010 0.0000000003 0.0000000001 
0.0000000010 0.0000000003 0.0000000001 
0.0000000010 0.0000000003 0.0000000001 
0.0000000010 0.0000000003 0.0000000001 
0.0000000010 0.0000000003 0.0000000001 
0.0000000010 0.0000000003 0.0000000001 
0.0000000010 0.0000000003 0.0000000001 
0.0000000010 0.0000000003 0.0000000001 
0.0000000010 0.0000000003 0.0000000001 
0.0000000010 0.0000000003 0.0000000001 
0.0000000010 0.0000000003 0.0000000001 
0.0000000010 0.0000000003 0.0000000001 
0.0000000010 0.0000000003 0.0000000001 
0.0000000010 0.0000000003 0.0000000001 
0.0000000010 0.0000000003 0.0000000001 
0.0000000010 0.0000000003 0.0000000001 
0.0000000010 0.0000000003 0.0000000001 
0.0000000010 0.0000000003 0.0000000001 
0.0000000010 0.0000000003 0.0000000001 
0.0000000010 0.0000000003 0.0000000001 
0.0000000010 0.0000000003 0.0000000001 
0.0000000010 0.0000000003 0.0000000001 
0.0000000010 0.0000000003 0.0000000001 
0.0000000010 0.0000000003 0.0000000001 
0.0000000010 0.0000000003 0.0000000001 
0.0000000010 0.0000000003 0.0000000001 
0.0000000010 0.0000000003 0.0000000001 
0.0000000010 0.0000000003 0.0000000001 
0.0000000010 0.0000000003 0.0000000001 
0.0000000010 0.0000000003 0.0000000001 
0.0000000010 0.0000000003 0.0000000001 
0.0000000010 0.0000000003 0.0000000001 
0.0000000010 0.0000000003 0.0000000001 
0.0000000010 0.0000000003 0.0000000001 
0.0000000010 0.0000000003 0.0000000001 
0.0000000010 0.0000000003 0.0000000001 
0.0000000010 0.0000000003 0.0000000001 
0.0000000010 0.0000000003 0.0000000001 
0.0000000010 0.0000000003 0.0000000001 
0.0000000010 0.0000000003 0.0000000001 
0.0000000010 0.0000000003 0.0000000001 
0.0000000010 0.0000000003 0.0000000001 
0.0000000010 0.0000000003 0.0000000001 
0.0000000010 0.0000000003 0.0000000001 
0.0000000010 0.0000000003 0.0000000001 
0.0000000010 0.0000000003 0.0000000001 
0.0000000010 0.0000000003 0.0000000001 
0.0000000010 0.0000000003 0.0000000001 
0.0000000010 0.0000000003 0.0000000001 
0.0000000010 0.0000000003 0.0000000001 
0.0000000010 0.0000000003 0.0000000001 
0.0000000010 0.0000000003 0.0000000001 
0.0000000010 0.0000000003 0.0000000001 
0.0000000010 0.0000000003 0.0000000001 
0.0000000010 0.0000000003 0.0000000001 
0.0000000010 0.0000000003 0.0000000001 
0.0000000010 0.0000000003 0.0000000001 
0.0000000010 0.0000000003 0.0000000001 
0.0000000010 0.0000000003 0.0000000001 
0.0000000010 0.0000000003 0.0000000001 
0.0000000010 0.0000000003 0.0000000001 
0.0000000010 0.0000000003 0.0000000001 
0.0000000010 0.0000000003 0.0000000001 
0.0000000010 0.0000000003 0.0000000001 
