0.0000011536 0.0000016817 0.0000028358 
0.0000011571 0.0000016727 0.0000028169 
0.0000011604 0.0000016641 0.0000027981 
0.0000011635 0.0000016559 0.0000027792 
0.0000011664 0.0000016480 0.0000027604 
0.0000011691 0.0000016403 0.0000027416 
0.0000011717 0.0000016329 0.0000027230 
0.0000011742 0.0000016256 0.0000027044 
0.0000011765 0.0000016186 0.0000026859 
0.0000011787 0.0000016117 0.0000026674 
0.0000011808 0.0000016049 0.0000026491 
0.0000011828 0.0000015982 0.0000026309 
0.0000011847 0.0000015917 0.0000026128 
0.0000011865 0.0000015853 0.0000025948 
0.0000011881 0.0000015789 0.0000025768 
0.0000011897 0.0000015727 0.0000025590 
0.0000011912 0.0000015665 0.0000025413 
0.0000011926 0.0000015604 0.0000025237 
0.0000011938 0.0000015543 0.0000025062 
0.0000011949 0.0000015484 0.0000024889 
0.0000011959 0.0000015424 0.0000024717 
0.0000011968 0.0000015365 0.0000024545 
0.0000011976 0.0000015307 0.0000024375 
0.0000011983 0.0000015249 0.0000024206 
0.0000011990 0.0000015192 0.0000024039 
0.0000011998 0.0000015134 0.0000023872 
0.0000012005 0.0000015078 0.0000023706 
0.0000012013 0.0000015021 0.0000023541 
0.0000012021 0.0000014966 0.0000023377 
0.0000012029 0.0000014910 0.0000023214 
0.0000012037 0.0000014856 0.0000023053 
0.0000012046 0.0000014801 0.0000022893 
0.0000012055 0.0000014747 0.0000022734 
0.0000012064 0.0000014694 0.0000022576 
0.0000012073 0.0000014641 0.0000022419 
0.0000012082 0.0000014588 0.0000022263 
0.0000012091 0.0000014534 0.0000022108 
0.0000012100 0.0000014481 0.0000021954 
0.0000012109 0.0000014427 0.0000021800 
0.0000012118 0.0000014374 0.0000021648 
0.0000012128 0.0000014320 0.0000021496 
0.0000012138 0.0000014267 0.0000021345 
0.0000012150 0.0000014215 0.0000021196 
0.0000012162 0.0000014162 0.0000021047 
0.0000012174 0.0000014110 0.0000020899 
0.0000012187 0.0000014058 0.0000020753 
0.0000012199 0.0000014007 0.0000020608 
0.0000012212 0.0000013956 0.0000020464 
0.0000012224 0.0000013905 0.0000020321 
0.0000012237 0.0000013855 0.0000020179 
0.0000012250 0.0000013804 0.0000020039 
0.0000012263 0.0000013755 0.0000019900 
0.0000012276 0.0000013705 0.0000019762 
0.0000012289 0.0000013656 0.0000019626 
0.0000012302 0.0000013607 0.0000019490 
0.0000012316 0.0000013558 0.0000019355 
0.0000012329 0.0000013510 0.0000019222 
0.0000012343 0.0000013463 0.0000019090 
0.0000012357 0.0000013416 0.0000018959 
0.0000012371 0.0000013369 0.0000018828 
0.0000012384 0.0000013322 0.0000018699 
0.0000012397 0.0000013277 0.0000018571 
0.0000012411 0.0000013231 0.0000018444 
0.0000012424 0.0000013186 0.0000018317 
0.0000012438 0.0000013142 0.0000018192 
0.0000012451 0.0000013098 0.0000018068 
0.0000012465 0.0000013056 0.0000017944 
0.0000012479 0.0000013014 0.0000017822 
0.0000012492 0.0000012972 0.0000017701 
0.0000012506 0.0000012932 0.0000017581 
0.0000012519 0.0000012892 0.0000017461 
0.0000012532 0.0000012853 0.0000017344 
0.0000012545 0.0000012814 0.0000017227 
0.0000012558 0.0000012776 0.0000017111 
0.0000012573 0.0000012737 0.0000016997 
0.0000012586 0.0000012700 0.0000016884 
0.0000012598 0.0000012663 0.0000016771 
0.0000012609 0.0000012626 0.0000016660 
0.0000012619 0.0000012589 0.0000016549 
0.0000012629 0.0000012553 0.0000016440 
0.0000012639 0.0000012517 0.0000016332 
0.0000012648 0.0000012482 0.0000016225 
0.0000012657 0.0000012446 0.0000016119 
0.0000012666 0.0000012411 0.0000016014 
0.0000012675 0.0000012377 0.0000015910 
0.0000012684 0.0000012342 0.0000015807 
0.0000012692 0.0000012308 0.0000015706 
0.0000012701 0.0000012275 0.0000015605 
0.0000012709 0.0000012241 0.0000015505 
0.0000012718 0.0000012208 0.0000015405 
0.0000012726 0.0000012176 0.0000015307 
0.0000012734 0.0000012143 0.0000015210 
0.0000012744 0.0000012111 0.0000015114 
0.0000012753 0.0000012080 0.0000015019 
0.0000012763 0.0000012049 0.0000014925 
0.0000012773 0.0000012018 0.0000014833 
0.0000012783 0.0000011988 0.0000014741 
0.0000012794 0.0000011958 0.0000014650 
0.0000012804 0.0000011929 0.0000014560 
0.0000012814 0.0000011899 0.0000014470 
0.0000012824 0.0000011869 0.0000014381 
0.0000012833 0.0000011839 0.0000014293 
0.0000012842 0.0000011810 0.0000014205 
0.0000012852 0.0000011780 0.0000014118 
0.0000012861 0.0000011751 0.0000014031 
0.0000012870 0.0000011723 0.0000013946 
0.0000012880 0.0000011694 0.0000013861 
0.0000012889 0.0000011666 0.0000013776 
0.0000012899 0.0000011638 0.0000013693 
0.0000012908 0.0000011610 0.0000013610 
0.0000012918 0.0000011583 0.0000013528 
0.0000012927 0.0000011555 0.0000013446 
0.0000012936 0.0000011528 0.0000013365 
0.0000012945 0.0000011501 0.0000013284 
0.0000012954 0.0000011474 0.0000013204 
0.0000012963 0.0000011447 0.0000013124 
0.0000012971 0.0000011421 0.0000013044 
0.0000012979 0.0000011394 0.0000012965 
0.0000012987 0.0000011367 0.0000012886 
0.0000012995 0.0000011341 0.0000012808 
0.0000013002 0.0000011315 0.0000012731 
0.0000013010 0.0000011289 0.0000012654 
0.0000013018 0.0000011263 0.0000012577 
0.0000013025 0.0000011237 0.0000012501 
0.0000013033 0.0000011211 0.0000012426 
0.0000013041 0.0000011186 0.0000012351 
0.0000013048 0.0000011160 0.0000012276 
0.0000013056 0.0000011135 0.0000012202 
0.0000013063 0.0000011110 0.0000012128 
0.0000013070 0.0000011085 0.0000012055 
0.0000013078 0.0000011060 0.0000011982 
0.0000013085 0.0000011035 0.0000011909 
0.0000013092 0.0000011011 0.0000011837 
0.0000013098 0.0000010986 0.0000011765 
0.0000013105 0.0000010962 0.0000011693 
0.0000013111 0.0000010938 0.0000011622 
0.0000013118 0.0000010913 0.0000011551 
0.0000013124 0.0000010889 0.0000011480 
0.0000013130 0.0000010865 0.0000011410 
0.0000013135 0.0000010841 0.0000011339 
0.0000013141 0.0000010817 0.0000011269 
0.0000013146 0.0000010793 0.0000011200 
0.0000013151 0.0000010770 0.0000011130 
0.0000013156 0.0000010746 0.0000011061 
0.0000013161 0.0000010723 0.0000010992 
0.0000013165 0.0000010699 0.0000010923 
0.0000013168 0.0000010676 0.0000010855 
0.0000013172 0.0000010653 0.0000010787 
0.0000013175 0.0000010630 0.0000010719 
0.0000013178 0.0000010607 0.0000010651 
0.0000013181 0.0000010584 0.0000010583 
0.0000013183 0.0000010561 0.0000010516 
0.0000013185 0.0000010538 0.0000010448 
0.0000013186 0.0000010516 0.0000010381 
0.0000013186 0.0000010493 0.0000010314 
0.0000013186 0.0000010471 0.0000010247 
0.0000013186 0.0000010448 0.0000010180 
0.0000013185 0.0000010426 0.0000010113 
0.0000013184 0.0000010404 0.0000010046 
0.0000013182 0.0000010382 0.0000009980 
0.0000013180 0.0000010360 0.0000009913 
0.0000013178 0.0000010338 0.0000009847 
0.0000013175 0.0000010316 0.0000009781 
0.0000013172 0.0000010294 0.0000009715 
0.0000013169 0.0000010272 0.0000009649 
0.0000013165 0.0000010251 0.0000009584 
0.0000013160 0.0000010229 0.0000009518 
0.0000013156 0.0000010207 0.0000009453 
0.0000013151 0.0000010186 0.0000009388 
0.0000013146 0.0000010164 0.0000009323 
0.0000013140 0.0000010143 0.0000009258 
0.0000013134 0.0000010121 0.0000009193 
0.0000013128 0.0000010100 0.0000009129 
0.0000013122 0.0000010079 0.0000009064 
0.0000013116 0.0000010058 0.0000009000 
0.0000013110 0.0000010037 0.0000008936 
0.0000013103 0.0000010015 0.0000008872 
0.0000013096 0.0000009994 0.0000008808 
0.0000013089 0.0000009973 0.0000008744 
0.0000013082 0.0000009952 0.0000008681 
0.0000013075 0.0000009931 0.0000008617 
0.0000013068 0.0000009910 0.0000008554 
0.0000013060 0.0000009889 0.0000008491 
0.0000013053 0.0000009868 0.0000008427 
0.0000013045 0.0000009847 0.0000008365 
0.0000013037 0.0000009826 0.0000008302 
0.0000013028 0.0000009804 0.0000008239 
0.0000013020 0.0000009783 0.0000008177 
0.0000013012 0.0000009762 0.0000008114 
0.0000013004 0.0000009741 0.0000008052 
0.0000012995 0.0000009720 0.0000007991 
0.0000012987 0.0000009698 0.0000007929 
0.0000012979 0.0000009677 0.0000007867 
0.0000012971 0.0000009656 0.0000007806 
0.0000012964 0.0000009634 0.0000007745 
0.0000012956 0.0000009612 0.0000007684 
0.0000012949 0.0000009591 0.0000007623 
0.0000012941 0.0000009569 0.0000007562 
0.0000012934 0.0000009547 0.0000007502 
0.0000012927 0.0000009525 0.0000007442 
0.0000012921 0.0000009503 0.0000007382 
0.0000012915 0.0000009481 0.0000007322 
0.0000012908 0.0000009458 0.0000007262 
0.0000012903 0.0000009436 0.0000007203 
0.0000012897 0.0000009413 0.0000007145 
0.0000012893 0.0000009390 0.0000007086 
0.0000012888 0.0000009367 0.0000007028 
0.0000012884 0.0000009344 0.0000006971 
0.0000012881 0.0000009320 0.0000006914 
0.0000012878 0.0000009297 0.0000006858 
0.0000012877 0.0000009273 0.0000006803 
0.0000012875 0.0000009249 0.0000006748 
0.0000012875 0.0000009224 0.0000006694 
0.0000012876 0.0000009199 0.0000006641 
0.0000012877 0.0000009174 0.0000006589 
0.0000012880 0.0000009148 0.0000006539 
0.0000012883 0.0000009122 0.0000006490 
0.0000012887 0.0000009096 0.0000006442 
0.0000012893 0.0000009070 0.0000006397 
0.0000012899 0.0000009043 0.0000006355 
0.0000012905 0.0000009017 0.0000006315 
0.0000012912 0.0000008990 0.0000006277 
0.0000012919 0.0000008963 0.0000006240 
0.0000012927 0.0000008936 0.0000006206 
0.0000012935 0.0000008909 0.0000006172 
0.0000012944 0.0000008882 0.0000006139 
0.0000012952 0.0000008855 0.0000006107 
0.0000012961 0.0000008829 0.0000006075 
0.0000012971 0.0000008803 0.0000006044 
0.0000012980 0.0000008777 0.0000006014 
0.0000012990 0.0000008752 0.0000005985 
0.0000013000 0.0000008728 0.0000005956 
0.0000013011 0.0000008703 0.0000005927 
0.0000013021 0.0000008680 0.0000005899 
0.0000013032 0.0000008657 0.0000005872 
0.0000013043 0.0000008634 0.0000005845 
0.0000013054 0.0000008612 0.0000005819 
0.0000013065 0.0000008590 0.0000005793 
0.0000013076 0.0000008568 0.0000005768 
0.0000013087 0.0000008547 0.0000005743 
0.0000013099 0.0000008527 0.0000005719 
0.0000013110 0.0000008507 0.0000005696 
0.0000013122 0.0000008487 0.0000005674 
0.0000013133 0.0000008467 0.0000005652 
0.0000013145 0.0000008448 0.0000005631 
0.0000013157 0.0000008429 0.0000005610 
0.0000013168 0.0000008410 0.0000005590 
0.0000013180 0.0000008392 0.0000005571 
0.0000013192 0.0000008374 0.0000005553 
0.0000013204 0.0000008356 0.0000005535 
0.0000013216 0.0000008338 0.0000005517 
0.0000013228 0.0000008320 0.0000005500 
0.0000013240 0.0000008302 0.0000005484 
0.0000013251 0.0000008285 0.0000005468 
0.0000013263 0.0000008268 0.0000005452 
0.0000013274 0.0000008250 0.0000005436 
0.0000013285 0.0000008233 0.0000005421 
0.0000013296 0.0000008216 0.0000005406 
0.0000013307 0.0000008199 0.0000005391 
0.0000013317 0.0000008182 0.0000005376 
0.0000013328 0.0000008165 0.0000005362 
0.0000013338 0.0000008148 0.0000005347 
0.0000013349 0.0000008132 0.0000005333 
0.0000013359 0.0000008115 0.0000005319 
0.0000013369 0.0000008099 0.0000005305 
0.0000013378 0.0000008083 0.0000005291 
0.0000013388 0.0000008066 0.0000005278 
0.0000013397 0.0000008050 0.0000005264 
0.0000013406 0.0000008034 0.0000005250 
0.0000013415 0.0000008018 0.0000005237 
0.0000013423 0.0000008002 0.0000005223 
0.0000013432 0.0000007986 0.0000005210 
0.0000013440 0.0000007971 0.0000005196 
0.0000013447 0.0000007955 0.0000005183 
0.0000013455 0.0000007939 0.0000005169 
0.0000013462 0.0000007924 0.0000005155 
0.0000013468 0.0000007908 0.0000005142 
0.0000013475 0.0000007893 0.0000005128 
0.0000013481 0.0000007877 0.0000005114 
0.0000013487 0.0000007862 0.0000005100 
0.0000013492 0.0000007847 0.0000005086 
0.0000013497 0.0000007832 0.0000005072 
0.0000013502 0.0000007818 0.0000005058 
0.0000013506 0.0000007803 0.0000005044 
0.0000013510 0.0000007788 0.0000005029 
0.0000013513 0.0000007774 0.0000005015 
0.0000013516 0.0000007759 0.0000005000 
0.0000013519 0.0000007745 0.0000004986 
0.0000013521 0.0000007730 0.0000004971 
0.0000013523 0.0000007716 0.0000004956 
0.0000013525 0.0000007702 0.0000004941 
0.0000013526 0.0000007688 0.0000004926 
0.0000013527 0.0000007674 0.0000004911 
0.0000013528 0.0000007660 0.0000004896 
0.0000013528 0.0000007646 0.0000004881 
0.0000013528 0.0000007632 0.0000004865 
0.0000013527 0.0000007618 0.0000004849 
0.0000013527 0.0000007604 0.0000004834 
0.0000013525 0.0000007590 0.0000004818 
0.0000013524 0.0000007577 0.0000004802 
0.0000013522 0.0000007563 0.0000004786 
0.0000013520 0.0000007550 0.0000004770 
0.0000013517 0.0000007536 0.0000004754 
0.0000013515 0.0000007523 0.0000004738 
0.0000013512 0.0000007510 0.0000004721 
0.0000013508 0.0000007497 0.0000004705 
0.0000013505 0.0000007484 0.0000004689 
0.0000013501 0.0000007470 0.0000004672 
0.0000013497 0.0000007457 0.0000004655 
0.0000013493 0.0000007444 0.0000004639 
0.0000013488 0.0000007431 0.0000004622 
0.0000013483 0.0000007418 0.0000004605 
0.0000013478 0.0000007405 0.0000004588 
0.0000013473 0.0000007393 0.0000004571 
0.0000013467 0.0000007380 0.0000004555 
0.0000013462 0.0000007367 0.0000004538 
0.0000013456 0.0000007354 0.0000004521 
0.0000013449 0.0000007341 0.0000004504 
0.0000013443 0.0000007328 0.0000004487 
0.0000013436 0.0000007315 0.0000004469 
0.0000013429 0.0000007303 0.0000004452 
0.0000013422 0.0000007290 0.0000004435 
0.0000013415 0.0000007277 0.0000004418 
0.0000013408 0.0000007264 0.0000004400 
0.0000013400 0.0000007251 0.0000004383 
0.0000013392 0.0000007238 0.0000004366 
0.0000013384 0.0000007225 0.0000004348 
0.0000013376 0.0000007212 0.0000004331 
0.0000013367 0.0000007199 0.0000004314 
0.0000013358 0.0000007186 0.0000004296 
0.0000013349 0.0000007172 0.0000004279 
0.0000013339 0.0000007159 0.0000004262 
0.0000013330 0.0000007146 0.0000004244 
0.0000013320 0.0000007133 0.0000004227 
0.0000013310 0.0000007120 0.0000004210 
0.0000013300 0.0000007107 0.0000004193 
0.0000013289 0.0000007094 0.0000004176 
0.0000013279 0.0000007081 0.0000004158 
0.0000013268 0.0000007068 0.0000004142 
0.0000013258 0.0000007055 0.0000004125 
0.0000013247 0.0000007042 0.0000004108 
0.0000013236 0.0000007029 0.0000004091 
0.0000013225 0.0000007016 0.0000004075 
0.0000013214 0.0000007003 0.0000004059 
0.0000013203 0.0000006991 0.0000004042 
0.0000013192 0.0000006978 0.0000004026 
0.0000013180 0.0000006965 0.0000004011 
0.0000013169 0.0000006952 0.0000003995 
0.0000013158 0.0000006940 0.0000003979 
0.0000013146 0.0000006927 0.0000003964 
0.0000013135 0.0000006915 0.0000003949 
0.0000013123 0.0000006902 0.0000003934 
0.0000013112 0.0000006889 0.0000003919 
0.0000013100 0.0000006877 0.0000003905 
0.0000013089 0.0000006864 0.0000003890 
0.0000013077 0.0000006852 0.0000003876 
0.0000013066 0.0000006840 0.0000003862 
0.0000013054 0.0000006827 0.0000003848 
0.0000013043 0.0000006815 0.0000003835 
0.0000013032 0.0000006803 0.0000003822 
0.0000013020 0.0000006790 0.0000003809 
0.0000013009 0.0000006778 0.0000003796 
0.0000012998 0.0000006766 0.0000003784 
0.0000012987 0.0000006754 0.0000003771 
0.0000012976 0.0000006741 0.0000003759 
0.0000012965 0.0000006729 0.0000003747 
0.0000012954 0.0000006717 0.0000003735 
0.0000012943 0.0000006705 0.0000003724 
0.0000012932 0.0000006692 0.0000003712 
0.0000012922 0.0000006680 0.0000003701 
0.0000012911 0.0000006668 0.0000003690 
0.0000012901 0.0000006656 0.0000003680 
0.0000012890 0.0000006644 0.0000003669 
0.0000012880 0.0000006631 0.0000003659 
0.0000012870 0.0000006619 0.0000003649 
0.0000012859 0.0000006607 0.0000003639 
0.0000012849 0.0000006594 0.0000003629 
0.0000012839 0.0000006582 0.0000003619 
0.0000012828 0.0000006570 0.0000003610 
0.0000012818 0.0000006557 0.0000003601 
0.0000012808 0.0000006545 0.0000003592 
0.0000012797 0.0000006532 0.0000003583 
0.0000012787 0.0000006520 0.0000003574 
0.0000012776 0.0000006508 0.0000003565 
0.0000012766 0.0000006495 0.0000003557 
0.0000012755 0.0000006483 0.0000003549 
0.0000012745 0.0000006470 0.0000003541 
0.0000012734 0.0000006458 0.0000003533 
0.0000012723 0.0000006446 0.0000003525 
0.0000012713 0.0000006433 0.0000003517 
0.0000012701 0.0000006421 0.0000003509 
0.0000012690 0.0000006409 0.0000003502 
0.0000012679 0.0000006396 0.0000003494 
0.0000012668 0.0000006384 0.0000003487 
0.0000012657 0.0000006371 0.0000003479 
0.0000012645 0.0000006359 0.0000003472 
0.0000012634 0.0000006346 0.0000003464 
0.0000012622 0.0000006334 0.0000003457 
0.0000012611 0.0000006321 0.0000003449 
0.0000012599 0.0000006308 0.0000003442 
0.0000012587 0.0000006296 0.0000003435 
0.0000012575 0.0000006283 0.0000003427 
0.0000012563 0.0000006270 0.0000003420 
0.0000012550 0.0000006258 0.0000003413 
0.0000012538 0.0000006245 0.0000003405 
0.0000012525 0.0000006233 0.0000003398 
0.0000012512 0.0000006220 0.0000003391 
0.0000012499 0.0000006207 0.0000003384 
0.0000012486 0.0000006195 0.0000003376 
0.0000012473 0.0000006182 0.0000003369 
0.0000012459 0.0000006170 0.0000003362 
0.0000012446 0.0000006157 0.0000003354 
0.0000012432 0.0000006145 0.0000003347 
0.0000012418 0.0000006132 0.0000003340 
0.0000012404 0.0000006120 0.0000003333 
0.0000012390 0.0000006107 0.0000003325 
0.0000012375 0.0000006095 0.0000003318 
0.0000012361 0.0000006082 0.0000003310 
0.0000012346 0.0000006070 0.0000003303 
0.0000012331 0.0000006058 0.0000003295 
0.0000012316 0.0000006046 0.0000003288 
0.0000012301 0.0000006033 0.0000003280 
0.0000012285 0.0000006021 0.0000003273 
0.0000012270 0.0000006009 0.0000003265 
0.0000012254 0.0000005997 0.0000003257 
0.0000012238 0.0000005985 0.0000003249 
0.0000012223 0.0000005973 0.0000003242 
0.0000012206 0.0000005961 0.0000003234 
0.0000012190 0.0000005949 0.0000003226 
0.0000012174 0.0000005937 0.0000003218 
0.0000012157 0.0000005925 0.0000003210 
0.0000012141 0.0000005913 0.0000003202 
0.0000012124 0.0000005901 0.0000003194 
0.0000012107 0.0000005889 0.0000003186 
0.0000012090 0.0000005877 0.0000003178 
0.0000012073 0.0000005866 0.0000003170 
0.0000012056 0.0000005854 0.0000003162 
0.0000012039 0.0000005842 0.0000003154 
0.0000012021 0.0000005831 0.0000003146 
0.0000012004 0.0000005819 0.0000003138 
0.0000011986 0.0000005807 0.0000003130 
0.0000011968 0.0000005796 0.0000003122 
0.0000011951 0.0000005784 0.0000003113 
0.0000011933 0.0000005773 0.0000003105 
0.0000011915 0.0000005761 0.0000003097 
0.0000011896 0.0000005750 0.0000003089 
0.0000011878 0.0000005738 0.0000003081 
0.0000011860 0.0000005727 0.0000003072 
0.0000011842 0.0000005715 0.0000003064 
0.0000011823 0.0000005704 0.0000003056 
0.0000011805 0.0000005693 0.0000003047 
0.0000011786 0.0000005681 0.0000003039 
0.0000011767 0.0000005670 0.0000003031 
0.0000011749 0.0000005658 0.0000003022 
0.0000011730 0.0000005647 0.0000003014 
0.0000011711 0.0000005636 0.0000003006 
0.0000011691 0.0000005624 0.0000002997 
0.0000011672 0.0000005613 0.0000002989 
0.0000011653 0.0000005601 0.0000002981 
0.0000011633 0.0000005590 0.0000002972 
0.0000011614 0.0000005579 0.0000002964 
0.0000011594 0.0000005568 0.0000002956 
0.0000011574 0.0000005556 0.0000002947 
0.0000011554 0.0000005545 0.0000002939 
0.0000011534 0.0000005534 0.0000002931 
0.0000011514 0.0000005523 0.0000002923 
0.0000011494 0.0000005511 0.0000002915 
0.0000011474 0.0000005500 0.0000002906 
0.0000011454 0.0000005489 0.0000002898 
0.0000011434 0.0000005478 0.0000002890 
0.0000011413 0.0000005467 0.0000002883 
0.0000011393 0.0000005456 0.0000002875 
0.0000011373 0.0000005445 0.0000002867 
0.0000011352 0.0000005434 0.0000002859 
0.0000011331 0.0000005423 0.0000002852 
0.0000011311 0.0000005412 0.0000002844 
0.0000011290 0.0000005401 0.0000002837 
0.0000011269 0.0000005390 0.0000002830 
0.0000011249 0.0000005379 0.0000002823 
0.0000011228 0.0000005369 0.0000002816 
0.0000011207 0.0000005358 0.0000002809 
0.0000011187 0.0000005347 0.0000002802 
0.0000011166 0.0000005336 0.0000002795 
0.0000011145 0.0000005326 0.0000002788 
0.0000011124 0.0000005315 0.0000002782 
0.0000011103 0.0000005305 0.0000002775 
0.0000011082 0.0000005294 0.0000002769 
0.0000011062 0.0000005283 0.0000002762 
0.0000011041 0.0000005273 0.0000002756 
0.0000011020 0.0000005262 0.0000002749 
0.0000010999 0.0000005252 0.0000002743 
0.0000010978 0.0000005241 0.0000002737 
0.0000010956 0.0000005231 0.0000002730 
0.0000010935 0.0000005220 0.0000002724 
0.0000010914 0.0000005210 0.0000002718 
0.0000010893 0.0000005199 0.0000002712 
0.0000010872 0.0000005189 0.0000002706 
0.0000010851 0.0000005178 0.0000002699 
0.0000010829 0.0000005168 0.0000002693 
0.0000010808 0.0000005157 0.0000002687 
0.0000010787 0.0000005147 0.0000002681 
0.0000010766 0.0000005136 0.0000002675 
0.0000010744 0.0000005126 0.0000002669 
0.0000010723 0.0000005115 0.0000002663 
0.0000010702 0.0000005104 0.0000002657 
0.0000010681 0.0000005094 0.0000002651 
0.0000010659 0.0000005083 0.0000002645 
0.0000010638 0.0000005073 0.0000002640 
0.0000010617 0.0000005062 0.0000002634 
0.0000010596 0.0000005052 0.0000002628 
0.0000010574 0.0000005041 0.0000002622 
0.0000010553 0.0000005030 0.0000002616 
0.0000010532 0.0000005020 0.0000002610 
0.0000010511 0.0000005009 0.0000002605 
0.0000010490 0.0000004999 0.0000002599 
0.0000010469 0.0000004988 0.0000002593 
0.0000010447 0.0000004977 0.0000002588 
0.0000010426 0.0000004967 0.0000002582 
0.0000010405 0.0000004956 0.0000002576 
0.0000010384 0.0000004946 0.0000002571 
0.0000010363 0.0000004935 0.0000002565 
0.0000010343 0.0000004924 0.0000002559 
0.0000010322 0.0000004914 0.0000002554 
0.0000010301 0.0000004903 0.0000002548 
0.0000010281 0.0000004893 0.0000002543 
0.0000010260 0.0000004882 0.0000002537 
0.0000010239 0.0000004872 0.0000002532 
0.0000010219 0.0000004861 0.0000002526 
0.0000010198 0.0000004851 0.0000002521 
0.0000010178 0.0000004840 0.0000002516 
0.0000010158 0.0000004830 0.0000002510 
0.0000010137 0.0000004819 0.0000002505 
0.0000010117 0.0000004808 0.0000002499 
0.0000010097 0.0000004798 0.0000002494 
0.0000010077 0.0000004787 0.0000002489 
0.0000010056 0.0000004777 0.0000002483 
0.0000010036 0.0000004766 0.0000002478 
0.0000010016 0.0000004756 0.0000002473 
0.0000009996 0.0000004745 0.0000002467 
0.0000009976 0.0000004735 0.0000002462 
0.0000009956 0.0000004724 0.0000002457 
0.0000009936 0.0000004714 0.0000002451 
0.0000009916 0.0000004703 0.0000002446 
0.0000009896 0.0000004693 0.0000002441 
0.0000009877 0.0000004682 0.0000002436 
0.0000009857 0.0000004672 0.0000002430 
0.0000009837 0.0000004661 0.0000002425 
0.0000009817 0.0000004651 0.0000002420 
0.0000009797 0.0000004640 0.0000002414 
0.0000009778 0.0000004630 0.0000002409 
0.0000009758 0.0000004620 0.0000002404 
0.0000009738 0.0000004609 0.0000002399 
0.0000009719 0.0000004599 0.0000002393 
0.0000009699 0.0000004588 0.0000002388 
0.0000009679 0.0000004578 0.0000002383 
0.0000009660 0.0000004567 0.0000002377 
0.0000009640 0.0000004557 0.0000002372 
0.0000009621 0.0000004546 0.0000002366 
0.0000009601 0.0000004536 0.0000002360 
0.0000009581 0.0000004525 0.0000002355 
0.0000009562 0.0000004515 0.0000002349 
0.0000009542 0.0000004504 0.0000002343 
0.0000009522 0.0000004494 0.0000002337 
0.0000009502 0.0000004483 0.0000002331 
0.0000009482 0.0000004473 0.0000002326 
0.0000009462 0.0000004462 0.0000002320 
0.0000009442 0.0000004452 0.0000002314 
0.0000009421 0.0000004441 0.0000002308 
0.0000009401 0.0000004431 0.0000002302 
0.0000009381 0.0000004421 0.0000002296 
0.0000009360 0.0000004410 0.0000002290 
0.0000009340 0.0000004400 0.0000002284 
0.0000009319 0.0000004390 0.0000002278 
0.0000009299 0.0000004379 0.0000002272 
0.0000009279 0.0000004369 0.0000002266 
0.0000009258 0.0000004359 0.0000002260 
0.0000009238 0.0000004349 0.0000002254 
0.0000009217 0.0000004339 0.0000002248 
0.0000009197 0.0000004329 0.0000002242 
0.0000009176 0.0000004319 0.0000002236 
0.0000009156 0.0000004309 0.0000002231 
0.0000009135 0.0000004299 0.0000002225 
0.0000009115 0.0000004289 0.0000002219 
0.0000009094 0.0000004279 0.0000002213 
0.0000009074 0.0000004269 0.0000002208 
0.0000009053 0.0000004259 0.0000002202 
0.0000009032 0.0000004250 0.0000002196 
0.0000009012 0.0000004240 0.0000002191 
0.0000008991 0.0000004231 0.0000002185 
0.0000008970 0.0000004221 0.0000002179 
0.0000008950 0.0000004211 0.0000002174 
0.0000008929 0.0000004202 0.0000002168 
0.0000008908 0.0000004193 0.0000002163 
0.0000008887 0.0000004183 0.0000002157 
0.0000008867 0.0000004174 0.0000002152 
0.0000008846 0.0000004165 0.0000002146 
0.0000008825 0.0000004155 0.0000002141 
0.0000008805 0.0000004146 0.0000002136 
0.0000008784 0.0000004137 0.0000002131 
0.0000008763 0.0000004128 0.0000002125 
0.0000008743 0.0000004119 0.0000002120 
0.0000008722 0.0000004110 0.0000002115 
0.0000008702 0.0000004101 0.0000002110 
0.0000008681 0.0000004092 0.0000002105 
0.0000008661 0.0000004084 0.0000002101 
0.0000008641 0.0000004075 0.0000002096 
0.0000008620 0.0000004066 0.0000002091 
0.0000008600 0.0000004057 0.0000002086 
0.0000008579 0.0000004049 0.0000002081 
0.0000008559 0.0000004040 0.0000002077 
0.0000008539 0.0000004031 0.0000002072 
0.0000008518 0.0000004023 0.0000002067 
0.0000008498 0.0000004014 0.0000002063 
0.0000008478 0.0000004005 0.0000002058 
0.0000008457 0.0000003997 0.0000002053 
0.0000008437 0.0000003988 0.0000002049 
0.0000008417 0.0000003980 0.0000002044 
0.0000008396 0.0000003971 0.0000002039 
0.0000008375 0.0000003963 0.0000002034 
0.0000008355 0.0000003954 0.0000002030 
0.0000008334 0.0000003945 0.0000002025 
0.0000008313 0.0000003937 0.0000002020 
0.0000008292 0.0000003928 0.0000002015 
0.0000008271 0.0000003920 0.0000002011 
0.0000008249 0.0000003911 0.0000002006 
0.0000008228 0.0000003903 0.0000002001 
0.0000008207 0.0000003894 0.0000001996 
0.0000008185 0.0000003885 0.0000001991 
0.0000008164 0.0000003877 0.0000001986 
0.0000008142 0.0000003868 0.0000001982 
0.0000008121 0.0000003860 0.0000001977 
0.0000008099 0.0000003851 0.0000001972 
0.0000008078 0.0000003843 0.0000001967 
0.0000008056 0.0000003834 0.0000001962 
0.0000008035 0.0000003826 0.0000001958 
0.0000008013 0.0000003817 0.0000001953 
0.0000007992 0.0000003809 0.0000001948 
0.0000007970 0.0000003800 0.0000001944 
0.0000007949 0.0000003792 0.0000001939 
0.0000007928 0.0000003783 0.0000001934 
0.0000007907 0.0000003775 0.0000001930 
0.0000007886 0.0000003766 0.0000001925 
0.0000007865 0.0000003758 0.0000001921 
0.0000007844 0.0000003750 0.0000001916 
0.0000007823 0.0000003741 0.0000001912 
0.0000007803 0.0000003733 0.0000001908 
0.0000007782 0.0000003724 0.0000001903 
0.0000007762 0.0000003716 0.0000001899 
0.0000007741 0.0000003708 0.0000001895 
0.0000007721 0.0000003700 0.0000001890 
0.0000007701 0.0000003691 0.0000001886 
0.0000007681 0.0000003683 0.0000001882 
0.0000007660 0.0000003675 0.0000001878 
0.0000007640 0.0000003666 0.0000001874 
0.0000007620 0.0000003658 0.0000001869 
0.0000007600 0.0000003650 0.0000001865 
0.0000007580 0.0000003642 0.0000001861 
0.0000007560 0.0000003633 0.0000001857 
0.0000007540 0.0000003625 0.0000001852 
0.0000007520 0.0000003617 0.0000001848 
0.0000007501 0.0000003608 0.0000001844 
0.0000007481 0.0000003600 0.0000001839 
0.0000007461 0.0000003592 0.0000001835 
0.0000007441 0.0000003583 0.0000001831 
0.0000007421 0.0000003575 0.0000001827 
0.0000007402 0.0000003567 0.0000001822 
0.0000007382 0.0000003558 0.0000001818 
0.0000007362 0.0000003550 0.0000001814 
0.0000007343 0.0000003542 0.0000001810 
0.0000007323 0.0000003533 0.0000001805 
0.0000007304 0.0000003525 0.0000001801 
0.0000007285 0.0000003517 0.0000001797 
0.0000007266 0.0000003508 0.0000001792 
0.0000007246 0.0000003500 0.0000001788 
0.0000007227 0.0000003492 0.0000001784 
0.0000007209 0.0000003483 0.0000001779 
0.0000007190 0.0000003475 0.0000001775 
0.0000007171 0.0000003466 0.0000001771 
0.0000007153 0.0000003458 0.0000001767 
0.0000007134 0.0000003450 0.0000001762 
0.0000007116 0.0000003441 0.0000001759 
0.0000007098 0.0000003433 0.0000001755 
0.0000007080 0.0000003424 0.0000001751 
0.0000007062 0.0000003416 0.0000001748 
0.0000007044 0.0000003407 0.0000001744 
0.0000007025 0.0000003399 0.0000001741 
0.0000007007 0.0000003390 0.0000001738 
0.0000006989 0.0000003382 0.0000001734 
0.0000006970 0.0000003373 0.0000001731 
0.0000006952 0.0000003365 0.0000001728 
0.0000006933 0.0000003356 0.0000001724 
0.0000006914 0.0000003347 0.0000001721 
0.0000006896 0.0000003339 0.0000001717 
0.0000006877 0.0000003330 0.0000001714 
0.0000006857 0.0000003321 0.0000001711 
0.0000006838 0.0000003312 0.0000001707 
0.0000006818 0.0000003304 0.0000001704 
0.0000006799 0.0000003295 0.0000001700 
0.0000006779 0.0000003286 0.0000001696 
0.0000006759 0.0000003277 0.0000001693 
0.0000006738 0.0000003268 0.0000001689 
0.0000006718 0.0000003259 0.0000001685 
0.0000006698 0.0000003250 0.0000001681 
0.0000006677 0.0000003241 0.0000001677 
0.0000006656 0.0000003232 0.0000001673 
0.0000006636 0.0000003223 0.0000001669 
0.0000006615 0.0000003214 0.0000001665 
0.0000006594 0.0000003204 0.0000001661 
0.0000006574 0.0000003195 0.0000001657 
0.0000006553 0.0000003186 0.0000001653 
0.0000006532 0.0000003177 0.0000001649 
0.0000006512 0.0000003168 0.0000001645 
0.0000006491 0.0000003159 0.0000001641 
0.0000006470 0.0000003149 0.0000001636 
0.0000006450 0.0000003140 0.0000001632 
0.0000006429 0.0000003131 0.0000001628 
0.0000006408 0.0000003122 0.0000001624 
0.0000006388 0.0000003112 0.0000001619 
0.0000006367 0.0000003103 0.0000001615 
0.0000006347 0.0000003094 0.0000001611 
0.0000006327 0.0000003085 0.0000001606 
0.0000006306 0.0000003076 0.0000001602 
0.0000006286 0.0000003067 0.0000001598 
0.0000006266 0.0000003058 0.0000001593 
0.0000006246 0.0000003049 0.0000001589 
0.0000006226 0.0000003040 0.0000001585 
0.0000006206 0.0000003032 0.0000001581 
0.0000006186 0.0000003023 0.0000001576 
0.0000006166 0.0000003014 0.0000001572 
0.0000006146 0.0000003005 0.0000001567 
0.0000006126 0.0000002996 0.0000001563 
0.0000006106 0.0000002987 0.0000001558 
0.0000006086 0.0000002979 0.0000001554 
0.0000006066 0.0000002970 0.0000001549 
0.0000006047 0.0000002961 0.0000001545 
0.0000006027 0.0000002952 0.0000001540 
0.0000006007 0.0000002944 0.0000001536 
0.0000005988 0.0000002935 0.0000001531 
0.0000005968 0.0000002926 0.0000001526 
0.0000005949 0.0000002917 0.0000001522 
0.0000005929 0.0000002908 0.0000001517 
0.0000005910 0.0000002900 0.0000001513 
0.0000005890 0.0000002891 0.0000001508 
0.0000005871 0.0000002882 0.0000001503 
0.0000005852 0.0000002873 0.0000001499 
0.0000005833 0.0000002864 0.0000001494 
0.0000005815 0.0000002856 0.0000001490 
0.0000005796 0.0000002847 0.0000001485 
0.0000005777 0.0000002838 0.0000001480 
0.0000005759 0.0000002829 0.0000001476 
0.0000005740 0.0000002821 0.0000001471 
0.0000005722 0.0000002812 0.0000001466 
0.0000005703 0.0000002803 0.0000001461 
0.0000005685 0.0000002794 0.0000001457 
0.0000005667 0.0000002785 0.0000001452 
0.0000005648 0.0000002776 0.0000001447 
0.0000005630 0.0000002768 0.0000001442 
0.0000005612 0.0000002759 0.0000001438 
0.0000005594 0.0000002750 0.0000001433 
0.0000005577 0.0000002742 0.0000001428 
0.0000005560 0.0000002733 0.0000001424 
0.0000005542 0.0000002725 0.0000001419 
0.0000005525 0.0000002717 0.0000001414 
0.0000005508 0.0000002709 0.0000001410 
0.0000005491 0.0000002701 0.0000001405 
0.0000005474 0.0000002693 0.0000001401 
0.0000005457 0.0000002685 0.0000001396 
0.0000005440 0.0000002677 0.0000001392 
0.0000005423 0.0000002670 0.0000001388 
0.0000005406 0.0000002662 0.0000001383 
0.0000005389 0.0000002654 0.0000001379 
0.0000005371 0.0000002647 0.0000001375 
0.0000005354 0.0000002639 0.0000001370 
0.0000005337 0.0000002632 0.0000001366 
0.0000005319 0.0000002624 0.0000001362 
0.0000005302 0.0000002617 0.0000001358 
0.0000005285 0.0000002610 0.0000001354 
0.0000005268 0.0000002602 0.0000001350 
0.0000005251 0.0000002595 0.0000001346 
0.0000005234 0.0000002588 0.0000001342 
0.0000005217 0.0000002581 0.0000001339 
0.0000005200 0.0000002574 0.0000001335 
0.0000005184 0.0000002566 0.0000001332 
0.0000005167 0.0000002559 0.0000001328 
0.0000005150 0.0000002552 0.0000001325 
0.0000005134 0.0000002545 0.0000001321 
0.0000005117 0.0000002538 0.0000001318 
0.0000005101 0.0000002531 0.0000001315 
0.0000005085 0.0000002524 0.0000001312 
0.0000005069 0.0000002517 0.0000001309 
0.0000005052 0.0000002510 0.0000001306 
0.0000005036 0.0000002503 0.0000001303 
0.0000005020 0.0000002496 0.0000001301 
0.0000005004 0.0000002489 0.0000001298 
0.0000004988 0.0000002483 0.0000001296 
0.0000004972 0.0000002476 0.0000001293 
0.0000004956 0.0000002469 0.0000001291 
0.0000004940 0.0000002462 0.0000001289 
0.0000004923 0.0000002455 0.0000001287 
0.0000004907 0.0000002448 0.0000001285 
0.0000004891 0.0000002442 0.0000001283 
0.0000004875 0.0000002435 0.0000001281 
0.0000004860 0.0000002428 0.0000001279 
0.0000004844 0.0000002421 0.0000001277 
0.0000004829 0.0000002414 0.0000001275 
0.0000004814 0.0000002407 0.0000001274 
0.0000004799 0.0000002400 0.0000001272 
0.0000004785 0.0000002393 0.0000001270 
0.0000004770 0.0000002386 0.0000001269 
0.0000004756 0.0000002379 0.0000001267 
0.0000004742 0.0000002372 0.0000001266 
0.0000004729 0.0000002366 0.0000001264 
0.0000004715 0.0000002359 0.0000001263 
0.0000004702 0.0000002352 0.0000001261 
0.0000004689 0.0000002345 0.0000001260 
0.0000004676 0.0000002339 0.0000001259 
0.0000004664 0.0000002332 0.0000001258 
0.0000004651 0.0000002326 0.0000001257 
0.0000004639 0.0000002319 0.0000001255 
0.0000004626 0.0000002312 0.0000001254 
0.0000004614 0.0000002306 0.0000001253 
0.0000004601 0.0000002299 0.0000001252 
0.0000004589 0.0000002292 0.0000001251 
0.0000004577 0.0000002286 0.0000001250 
0.0000004565 0.0000002279 0.0000001249 
0.0000004553 0.0000002272 0.0000001248 
0.0000004541 0.0000002266 0.0000001246 
0.0000004529 0.0000002259 0.0000001245 
0.0000004517 0.0000002252 0.0000001243 
0.0000004505 0.0000002246 0.0000001241 
0.0000004493 0.0000002239 0.0000001239 
0.0000004481 0.0000002232 0.0000001237 
0.0000004469 0.0000002225 0.0000001235 
0.0000004457 0.0000002219 0.0000001232 
0.0000004445 0.0000002212 0.0000001230 
0.0000004433 0.0000002205 0.0000001227 
0.0000004421 0.0000002198 0.0000001225 
0.0000004409 0.0000002191 0.0000001222 
0.0000004397 0.0000002184 0.0000001219 
0.0000004385 0.0000002178 0.0000001216 
0.0000004373 0.0000002171 0.0000001213 
0.0000004361 0.0000002164 0.0000001210 
0.0000004349 0.0000002157 0.0000001207 
0.0000004337 0.0000002151 0.0000001204 
0.0000004326 0.0000002144 0.0000001201 
0.0000004314 0.0000002138 0.0000001198 
0.0000004303 0.0000002131 0.0000001196 
0.0000004292 0.0000002125 0.0000001193 
0.0000004281 0.0000002118 0.0000001190 
0.0000004270 0.0000002112 0.0000001187 
0.0000004259 0.0000002106 0.0000001184 
0.0000004248 0.0000002100 0.0000001181 
0.0000004238 0.0000002094 0.0000001178 
0.0000004227 0.0000002088 0.0000001175 
0.0000004217 0.0000002082 0.0000001172 
0.0000004207 0.0000002076 0.0000001170 
0.0000004196 0.0000002070 0.0000001167 
0.0000004186 0.0000002064 0.0000001164 
0.0000004176 0.0000002058 0.0000001161 
0.0000004166 0.0000002053 0.0000001158 
0.0000004156 0.0000002047 0.0000001155 
0.0000004146 0.0000002041 0.0000001152 
0.0000004136 0.0000002036 0.0000001149 
0.0000004127 0.0000002030 0.0000001146 
0.0000004118 0.0000002025 0.0000001144 
0.0000004108 0.0000002019 0.0000001141 
0.0000004099 0.0000002014 0.0000001138 
0.0000004090 0.0000002009 0.0000001136 
0.0000004082 0.0000002004 0.0000001133 
0.0000004073 0.0000001998 0.0000001130 
0.0000004065 0.0000001993 0.0000001128 
0.0000004057 0.0000001988 0.0000001125 
0.0000004049 0.0000001983 0.0000001123 
0.0000004041 0.0000001978 0.0000001120 
0.0000004033 0.0000001974 0.0000001117 
0.0000004025 0.0000001969 0.0000001114 
0.0000004017 0.0000001964 0.0000001112 
0.0000004009 0.0000001959 0.0000001109 
0.0000004001 0.0000001954 0.0000001106 
0.0000003993 0.0000001949 0.0000001103 
0.0000003985 0.0000001944 0.0000001100 
0.0000003977 0.0000001939 0.0000001098 
0.0000003969 0.0000001935 0.0000001095 
0.0000003961 0.0000001930 0.0000001092 
0.0000003953 0.0000001925 0.0000001089 
0.0000003945 0.0000001921 0.0000001086 
0.0000003937 0.0000001916 0.0000001083 
0.0000003930 0.0000001912 0.0000001081 
0.0000003922 0.0000001907 0.0000001078 
0.0000003915 0.0000001903 0.0000001075 
0.0000003907 0.0000001898 0.0000001072 
0.0000003900 0.0000001894 0.0000001070 
0.0000003892 0.0000001890 0.0000001067 
0.0000003885 0.0000001885 0.0000001064 
0.0000003877 0.0000001881 0.0000001061 
0.0000003870 0.0000001877 0.0000001059 
0.0000003863 0.0000001872 0.0000001056 
0.0000003855 0.0000001868 0.0000001053 
0.0000003848 0.0000001864 0.0000001051 
0.0000003841 0.0000001860 0.0000001048 
0.0000003834 0.0000001856 0.0000001045 
0.0000003827 0.0000001852 0.0000001043 
0.0000003820 0.0000001848 0.0000001040 
0.0000003813 0.0000001844 0.0000001037 
0.0000003806 0.0000001840 0.0000001035 
0.0000003799 0.0000001836 0.0000001032 
0.0000003792 0.0000001832 0.0000001030 
0.0000003785 0.0000001828 0.0000001027 
0.0000003779 0.0000001824 0.0000001025 
0.0000003772 0.0000001820 0.0000001022 
0.0000003765 0.0000001816 0.0000001020 
0.0000003759 0.0000001812 0.0000001017 
0.0000003752 0.0000001809 0.0000001015 
0.0000003746 0.0000001805 0.0000001012 
0.0000003739 0.0000001801 0.0000001010 
0.0000003733 0.0000001797 0.0000001007 
0.0000003726 0.0000001794 0.0000001005 
0.0000003720 0.0000001790 0.0000001002 
0.0000003714 0.0000001786 0.0000001000 
0.0000003707 0.0000001783 0.0000000997 
0.0000003701 0.0000001779 0.0000000995 
0.0000003695 0.0000001775 0.0000000993 
0.0000003689 0.0000001772 0.0000000990 
0.0000003683 0.0000001768 0.0000000988 
0.0000003677 0.0000001765 0.0000000986 
0.0000003671 0.0000001761 0.0000000983 
0.0000003665 0.0000001758 0.0000000981 
0.0000003660 0.0000001754 0.0000000979 
0.0000003654 0.0000001751 0.0000000977 
0.0000003649 0.0000001747 0.0000000974 
0.0000003643 0.0000001744 0.0000000972 
0.0000003638 0.0000001741 0.0000000970 
0.0000003632 0.0000001737 0.0000000968 
0.0000003627 0.0000001734 0.0000000966 
0.0000003622 0.0000001731 0.0000000964 
0.0000003616 0.0000001728 0.0000000961 
0.0000003611 0.0000001724 0.0000000959 
0.0000003606 0.0000001721 0.0000000957 
0.0000003601 0.0000001718 0.0000000955 
0.0000003596 0.0000001715 0.0000000953 
0.0000003591 0.0000001712 0.0000000951 
0.0000003586 0.0000001709 0.0000000949 
0.0000003581 0.0000001706 0.0000000947 
0.0000003577 0.0000001702 0.0000000945 
0.0000003572 0.0000001699 0.0000000943 
0.0000003567 0.0000001696 0.0000000941 
0.0000003562 0.0000001693 0.0000000939 
0.0000003557 0.0000001690 0.0000000937 
0.0000003553 0.0000001687 0.0000000935 
0.0000003548 0.0000001684 0.0000000933 
0.0000003543 0.0000001681 0.0000000931 
0.0000003538 0.0000001678 0.0000000929 
0.0000003533 0.0000001675 0.0000000927 
0.0000003529 0.0000001672 0.0000000925 
0.0000003524 0.0000001669 0.0000000922 
0.0000003519 0.0000001666 0.0000000920 
0.0000003514 0.0000001663 0.0000000918 
0.0000003509 0.0000001660 0.0000000916 
0.0000003504 0.0000001657 0.0000000914 
0.0000003499 0.0000001654 0.0000000912 
0.0000003494 0.0000001650 0.0000000910 
0.0000003489 0.0000001647 0.0000000907 
0.0000003484 0.0000001644 0.0000000905 
0.0000003479 0.0000001641 0.0000000903 
0.0000003474 0.0000001638 0.0000000901 
0.0000003470 0.0000001635 0.0000000899 
0.0000003465 0.0000001632 0.0000000897 
0.0000003460 0.0000001629 0.0000000895 
0.0000003456 0.0000001626 0.0000000892 
0.0000003451 0.0000001623 0.0000000890 
0.0000003447 0.0000001620 0.0000000888 
0.0000003443 0.0000001617 0.0000000886 
0.0000003438 0.0000001614 0.0000000884 
0.0000003434 0.0000001611 0.0000000883 
0.0000003430 0.0000001608 0.0000000881 
0.0000003426 0.0000001605 0.0000000879 
0.0000003422 0.0000001602 0.0000000877 
0.0000003418 0.0000001599 0.0000000875 
0.0000003414 0.0000001596 0.0000000873 
0.0000003410 0.0000001593 0.0000000871 
0.0000003406 0.0000001590 0.0000000870 
0.0000003402 0.0000001587 0.0000000868 
0.0000003398 0.0000001584 0.0000000866 
0.0000003394 0.0000001582 0.0000000864 
0.0000003391 0.0000001579 0.0000000863 
0.0000003387 0.0000001576 0.0000000861 
0.0000003383 0.0000001573 0.0000000859 
0.0000003380 0.0000001571 0.0000000858 
0.0000003376 0.0000001568 0.0000000856 
0.0000003373 0.0000001565 0.0000000855 
0.0000003369 0.0000001562 0.0000000853 
0.0000003366 0.0000001560 0.0000000852 
0.0000003362 0.0000001557 0.0000000850 
0.0000003359 0.0000001555 0.0000000849 
0.0000003356 0.0000001552 0.0000000848 
0.0000003353 0.0000001549 0.0000000846 
0.0000003349 0.0000001547 0.0000000845 
0.0000003346 0.0000001544 0.0000000844 
0.0000003343 0.0000001542 0.0000000842 
0.0000003340 0.0000001539 0.0000000841 
0.0000003336 0.0000001537 0.0000000840 
0.0000003333 0.0000001534 0.0000000838 
0.0000003330 0.0000001531 0.0000000837 
0.0000003327 0.0000001529 0.0000000836 
0.0000003323 0.0000001526 0.0000000835 
0.0000003320 0.0000001524 0.0000000833 
0.0000003317 0.0000001521 0.0000000832 
0.0000003313 0.0000001519 0.0000000831 
0.0000003310 0.0000001516 0.0000000830 
0.0000003307 0.0000001514 0.0000000829 
0.0000003304 0.0000001511 0.0000000828 
0.0000003301 0.0000001509 0.0000000827 
0.0000003298 0.0000001507 0.0000000826 
0.0000003294 0.0000001504 0.0000000824 
0.0000003291 0.0000001502 0.0000000823 
0.0000003288 0.0000001500 0.0000000822 
0.0000003285 0.0000001497 0.0000000821 
0.0000003282 0.0000001495 0.0000000820 
0.0000003279 0.0000001493 0.0000000819 
0.0000003275 0.0000001490 0.0000000818 
0.0000003272 0.0000001488 0.0000000817 
0.0000003269 0.0000001486 0.0000000816 
0.0000003266 0.0000001483 0.0000000815 
0.0000003263 0.0000001481 0.0000000815 
0.0000003259 0.0000001479 0.0000000814 
0.0000003256 0.0000001476 0.0000000813 
0.0000003253 0.0000001474 0.0000000812 
0.0000003250 0.0000001472 0.0000000811 
0.0000003247 0.0000001470 0.0000000810 
0.0000003244 0.0000001468 0.0000000809 
0.0000003241 0.0000001466 0.0000000808 
0.0000003238 0.0000001463 0.0000000808 
0.0000003235 0.0000001461 0.0000000807 
0.0000003232 0.0000001459 0.0000000806 
0.0000003229 0.0000001457 0.0000000805 
0.0000003226 0.0000001455 0.0000000804 
0.0000003222 0.0000001453 0.0000000804 
0.0000003219 0.0000001451 0.0000000803 
0.0000003216 0.0000001448 0.0000000802 
0.0000003213 0.0000001446 0.0000000801 
0.0000003210 0.0000001444 0.0000000800 
0.0000003207 0.0000001442 0.0000000799 
0.0000003204 0.0000001440 0.0000000799 
0.0000003201 0.0000001438 0.0000000798 
0.0000003198 0.0000001436 0.0000000797 
0.0000003195 0.0000001434 0.0000000796 
0.0000003192 0.0000001432 0.0000000795 
0.0000003189 0.0000001430 0.0000000794 
0.0000003185 0.0000001427 0.0000000793 
0.0000003182 0.0000001425 0.0000000793 
0.0000003179 0.0000001423 0.0000000792 
0.0000003176 0.0000001421 0.0000000791 
0.0000003173 0.0000001419 0.0000000790 
0.0000003170 0.0000001417 0.0000000789 
0.0000003167 0.0000001415 0.0000000789 
0.0000003165 0.0000001413 0.0000000788 
0.0000003162 0.0000001411 0.0000000787 
0.0000003159 0.0000001409 0.0000000786 
0.0000003156 0.0000001408 0.0000000786 
0.0000003153 0.0000001406 0.0000000785 
0.0000003151 0.0000001404 0.0000000784 
0.0000003148 0.0000001402 0.0000000783 
0.0000003145 0.0000001400 0.0000000783 
0.0000003142 0.0000001398 0.0000000782 
0.0000003140 0.0000001396 0.0000000781 
0.0000003137 0.0000001394 0.0000000781 
0.0000003134 0.0000001393 0.0000000780 
0.0000003131 0.0000001391 0.0000000779 
0.0000003129 0.0000001389 0.0000000779 
0.0000003126 0.0000001387 0.0000000778 
0.0000003123 0.0000001385 0.0000000777 
0.0000003121 0.0000001384 0.0000000777 
0.0000003118 0.0000001382 0.0000000776 
0.0000003115 0.0000001380 0.0000000775 
0.0000003112 0.0000001378 0.0000000775 
0.0000003110 0.0000001376 0.0000000774 
0.0000003107 0.0000001375 0.0000000773 
0.0000003104 0.0000001373 0.0000000773 
0.0000003101 0.0000001371 0.0000000772 
0.0000003099 0.0000001369 0.0000000771 
0.0000003096 0.0000001368 0.0000000771 
0.0000003093 0.0000001366 0.0000000770 
0.0000003090 0.0000001364 0.0000000769 
0.0000003088 0.0000001362 0.0000000769 
0.0000003085 0.0000001361 0.0000000768 
0.0000003082 0.0000001359 0.0000000767 
0.0000003079 0.0000001357 0.0000000767 
0.0000003077 0.0000001355 0.0000000766 
0.0000003074 0.0000001354 0.0000000765 
0.0000003071 0.0000001352 0.0000000765 
0.0000003069 0.0000001350 0.0000000764 
0.0000003066 0.0000001349 0.0000000763 
0.0000003063 0.0000001347 0.0000000763 
0.0000003061 0.0000001345 0.0000000762 
0.0000003058 0.0000001344 0.0000000761 
0.0000003055 0.0000001342 0.0000000761 
0.0000003052 0.0000001340 0.0000000760 
0.0000003050 0.0000001339 0.0000000759 
0.0000003047 0.0000001337 0.0000000759 
0.0000003044 0.0000001335 0.0000000758 
0.0000003042 0.0000001334 0.0000000757 
0.0000003039 0.0000001332 0.0000000757 
0.0000003037 0.0000001331 0.0000000756 
0.0000003034 0.0000001329 0.0000000755 
0.0000003031 0.0000001327 0.0000000755 
0.0000003029 0.0000001326 0.0000000754 
0.0000003026 0.0000001324 0.0000000754 
0.0000003024 0.0000001323 0.0000000753 
0.0000003021 0.0000001321 0.0000000752 
0.0000003019 0.0000001319 0.0000000752 
0.0000003016 0.0000001318 0.0000000751 
0.0000003014 0.0000001316 0.0000000750 
0.0000003011 0.0000001315 0.0000000750 
0.0000003009 0.0000001313 0.0000000749 
0.0000003007 0.0000001312 0.0000000748 
0.0000003004 0.0000001310 0.0000000748 
0.0000003002 0.0000001309 0.0000000747 
0.0000002999 0.0000001307 0.0000000747 
0.0000002997 0.0000001306 0.0000000746 
0.0000002994 0.0000001304 0.0000000745 
0.0000002992 0.0000001303 0.0000000745 
0.0000002989 0.0000001301 0.0000000744 
0.0000002987 0.0000001300 0.0000000744 
0.0000002984 0.0000001299 0.0000000743 
0.0000002982 0.0000001297 0.0000000742 
0.0000002979 0.0000001296 0.0000000742 
0.0000002977 0.0000001294 0.0000000741 
0.0000002974 0.0000001293 0.0000000741 
0.0000002972 0.0000001291 0.0000000740 
0.0000002969 0.0000001290 0.0000000739 
0.0000002967 0.0000001289 0.0000000739 
0.0000002964 0.0000001287 0.0000000738 
0.0000002962 0.0000001286 0.0000000738 
0.0000002959 0.0000001284 0.0000000737 
0.0000002957 0.0000001283 0.0000000737 
0.0000002955 0.0000001282 0.0000000736 
0.0000002952 0.0000001280 0.0000000736 
0.0000002950 0.0000001279 0.0000000735 
0.0000002947 0.0000001278 0.0000000734 
0.0000002945 0.0000001276 0.0000000734 
0.0000002942 0.0000001275 0.0000000733 
0.0000002940 0.0000001274 0.0000000733 
0.0000002937 0.0000001272 0.0000000732 
0.0000002935 0.0000001271 0.0000000732 
0.0000002932 0.0000001270 0.0000000731 
0.0000002930 0.0000001268 0.0000000731 
0.0000002927 0.0000001267 0.0000000730 
0.0000002925 0.0000001266 0.0000000730 
0.0000002923 0.0000001265 0.0000000729 
0.0000002920 0.0000001263 0.0000000729 
0.0000002918 0.0000001262 0.0000000728 
0.0000002915 0.0000001261 0.0000000728 
0.0000002913 0.0000001260 0.0000000727 
0.0000002910 0.0000001258 0.0000000727 
0.0000002908 0.0000001257 0.0000000726 
0.0000002906 0.0000001256 0.0000000726 
0.0000002903 0.0000001255 0.0000000725 
0.0000002901 0.0000001254 0.0000000725 
0.0000002899 0.0000001252 0.0000000724 
0.0000002896 0.0000001251 0.0000000724 
0.0000002894 0.0000001250 0.0000000723 
0.0000002891 0.0000001249 0.0000000723 
0.0000002889 0.0000001248 0.0000000722 
0.0000002887 0.0000001247 0.0000000722 
0.0000002884 0.0000001245 0.0000000721 
0.0000002882 0.0000001244 0.0000000721 
0.0000002880 0.0000001243 0.0000000720 
0.0000002878 0.0000001242 0.0000000720 
0.0000002875 0.0000001241 0.0000000719 
0.0000002873 0.0000001240 0.0000000719 
0.0000002871 0.0000001239 0.0000000718 
0.0000002868 0.0000001238 0.0000000718 
0.0000002866 0.0000001236 0.0000000717 
0.0000002864 0.0000001235 0.0000000717 
0.0000002862 0.0000001234 0.0000000716 
0.0000002860 0.0000001233 0.0000000716 
0.0000002857 0.0000001232 0.0000000715 
0.0000002855 0.0000001231 0.0000000715 
0.0000002853 0.0000001230 0.0000000714 
0.0000002851 0.0000001229 0.0000000714 
0.0000002849 0.0000001228 0.0000000714 
0.0000002847 0.0000001227 0.0000000713 
0.0000002844 0.0000001226 0.0000000713 
0.0000002842 0.0000001225 0.0000000712 
0.0000002840 0.0000001224 0.0000000712 
0.0000002838 0.0000001223 0.0000000711 
0.0000002836 0.0000001222 0.0000000711 
0.0000002834 0.0000001221 0.0000000710 
0.0000002831 0.0000001220 0.0000000710 
0.0000002829 0.0000001219 0.0000000709 
0.0000002827 0.0000001218 0.0000000709 
0.0000002825 0.0000001217 0.0000000708 
0.0000002823 0.0000001216 0.0000000708 
0.0000002821 0.0000001215 0.0000000707 
0.0000002819 0.0000001214 0.0000000707 
0.0000002817 0.0000001213 0.0000000706 
0.0000002814 0.0000001212 0.0000000706 
0.0000002812 0.0000001211 0.0000000706 
0.0000002810 0.0000001211 0.0000000705 
0.0000002808 0.0000001210 0.0000000705 
0.0000002806 0.0000001209 0.0000000704 
0.0000002806 0.0000001209 0.0000000704 
0.0000002806 0.0000001209 0.0000000704 
0.0000002806 0.0000001209 0.0000000704 
0.0000002806 0.0000001209 0.0000000704 
0.0000002806 0.0000001209 0.0000000704 
0.0000002806 0.0000001209 0.0000000704 
0.0000002806 0.0000001209 0.0000000704 
0.0000002806 0.0000001209 0.0000000704 
0.0000002806 0.0000001209 0.0000000704 
0.0000002806 0.0000001209 0.0000000704 
0.0000002806 0.0000001209 0.0000000704 
0.0000002806 0.0000001209 0.0000000704 
0.0000002806 0.0000001209 0.0000000704 
0.0000002806 0.0000001209 0.0000000704 
0.0000002806 0.0000001209 0.0000000704 
0.0000002806 0.0000001209 0.0000000704 
0.0000002806 0.0000001209 0.0000000704 
0.0000002806 0.0000001209 0.0000000704 
0.0000002806 0.0000001209 0.0000000704 
0.0000002806 0.0000001209 0.0000000704 
0.0000002806 0.0000001209 0.0000000704 
0.0000002806 0.0000001209 0.0000000704 
0.0000002806 0.0000001209 0.0000000704 
0.0000002806 0.0000001209 0.0000000704 
0.0000002806 0.0000001209 0.0000000704 
0.0000002806 0.0000001209 0.0000000704 
0.0000002806 0.0000001209 0.0000000704 
0.0000002806 0.0000001209 0.0000000704 
0.0000002806 0.0000001209 0.0000000704 
0.0000002806 0.0000001209 0.0000000704 
0.0000002806 0.0000001209 0.0000000704 
0.0000002806 0.0000001209 0.0000000704 
0.0000002806 0.0000001209 0.0000000704 
0.0000002806 0.0000001209 0.0000000704 
0.0000002806 0.0000001209 0.0000000704 
0.0000002806 0.0000001209 0.0000000704 
0.0000002806 0.0000001209 0.0000000704 
0.0000002806 0.0000001209 0.0000000704 
0.0000002806 0.0000001209 0.0000000704 
0.0000002806 0.0000001209 0.0000000704 
0.0000002806 0.0000001209 0.0000000704 
0.0000002806 0.0000001209 0.0000000704 
0.0000002806 0.0000001209 0.0000000704 
0.0000002806 0.0000001209 0.0000000704 
0.0000002806 0.0000001209 0.0000000704 
0.0000002806 0.0000001209 0.0000000704 
0.0000002806 0.0000001209 0.0000000704 
0.0000002806 0.0000001209 0.0000000704 
0.0000002806 0.0000001209 0.0000000704 
0.0000002806 0.0000001209 0.0000000704 
0.0000002806 0.0000001209 0.0000000704 
0.0000002806 0.0000001209 0.0000000704 
0.0000002806 0.0000001209 0.0000000704 
0.0000002806 0.0000001209 0.0000000704 
0.0000002806 0.0000001209 0.0000000704 
0.0000002806 0.0000001209 0.0000000704 
0.0000002806 0.0000001209 0.0000000704 
0.0000002806 0.0000001209 0.0000000704 
0.0000002806 0.0000001209 0.0000000704 
0.0000002806 0.0000001209 0.0000000704 
0.0000002806 0.0000001209 0.0000000704 
0.0000002806 0.0000001209 0.0000000704 
0.0000002806 0.0000001209 0.0000000704 
0.0000002806 0.0000001209 0.0000000704 
0.0000002806 0.0000001209 0.0000000704 
0.0000002806 0.0000001209 0.0000000704 
0.0000002806 0.0000001209 0.0000000704 
0.0000002806 0.0000001209 0.0000000704 
0.0000002806 0.0000001209 0.0000000704 
0.0000002806 0.0000001209 0.0000000704 
0.0000002806 0.0000001209 0.0000000704 
0.0000002806 0.0000001209 0.0000000704 
0.0000002806 0.0000001209 0.0000000704 
0.0000002806 0.0000001209 0.0000000704 
0.0000002806 0.0000001209 0.0000000704 
0.0000002806 0.0000001209 0.0000000704 
0.0000002806 0.0000001209 0.0000000704 
0.0000002806 0.0000001209 0.0000000704 
0.0000002806 0.0000001209 0.0000000704 
0.0000002806 0.0000001209 0.0000000704 
0.0000002806 0.0000001209 0.0000000704 
0.0000002806 0.0000001209 0.0000000704 
0.0000002806 0.0000001209 0.0000000704 
0.0000002806 0.0000001209 0.0000000704 
0.0000002806 0.0000001209 0.0000000704 
0.0000002806 0.0000001209 0.0000000704 
0.0000002806 0.0000001209 0.0000000704 
0.0000002806 0.0000001209 0.0000000704 
0.0000002806 0.0000001209 0.0000000704 
0.0000002806 0.0000001209 0.0000000704 
0.0000002806 0.0000001209 0.0000000704 
0.0000002806 0.0000001209 0.0000000704 
0.0000002806 0.0000001209 0.0000000704 
0.0000002806 0.0000001209 0.0000000704 
0.0000002806 0.0000001209 0.0000000704 
0.0000002806 0.0000001209 0.0000000704 
0.0000002806 0.0000001209 0.0000000704 
0.0000002806 0.0000001209 0.0000000704 
0.0000002806 0.0000001209 0.0000000704 
0.0000002806 0.0000001209 0.0000000704 
0.0000002806 0.0000001209 0.0000000704 
0.0000002806 0.0000001209 0.0000000704 
0.0000002806 0.0000001209 0.0000000704 
0.0000002806 0.0000001209 0.0000000704 
0.0000002806 0.0000001209 0.0000000704 
0.0000002806 0.0000001209 0.0000000704 
0.0000002806 0.0000001209 0.0000000704 
0.0000002806 0.0000001209 0.0000000704 
0.0000002806 0.0000001209 0.0000000704 
0.0000002806 0.0000001209 0.0000000704 
0.0000002806 0.0000001209 0.0000000704 
0.0000002806 0.0000001209 0.0000000704 
0.0000002806 0.0000001209 0.0000000704 
0.0000002806 0.0000001209 0.0000000704 
0.0000002806 0.0000001209 0.0000000704 
0.0000002806 0.0000001209 0.0000000704 
0.0000002806 0.0000001209 0.0000000704 
0.0000002806 0.0000001209 0.0000000704 
0.0000002806 0.0000001209 0.0000000704 
0.0000002806 0.0000001209 0.0000000704 
0.0000002806 0.0000001209 0.0000000704 
0.0000002806 0.0000001209 0.0000000704 
0.0000002806 0.0000001209 0.0000000704 
0.0000002806 0.0000001209 0.0000000704 
0.0000002806 0.0000001209 0.0000000704 
0.0000002806 0.0000001209 0.0000000704 
0.0000002806 0.0000001209 0.0000000704 
0.0000002806 0.0000001209 0.0000000704 
0.0000002806 0.0000001209 0.0000000704 
0.0000002806 0.0000001209 0.0000000704 
0.0000002806 0.0000001209 0.0000000704 
0.0000002806 0.0000001209 0.0000000704 
0.0000002806 0.0000001209 0.0000000704 
0.0000002806 0.0000001209 0.0000000704 
0.0000002806 0.0000001209 0.0000000704 
0.0000002806 0.0000001209 0.0000000704 
0.0000002806 0.0000001209 0.0000000704 
0.0000002806 0.0000001209 0.0000000704 
0.0000002806 0.0000001209 0.0000000704 
0.0000002806 0.0000001209 0.0000000704 
0.0000002806 0.0000001209 0.0000000704 
0.0000002806 0.0000001209 0.0000000704 
0.0000002806 0.0000001209 0.0000000704 
0.0000002806 0.0000001209 0.0000000704 
0.0000002806 0.0000001209 0.0000000704 
0.0000002806 0.0000001209 0.0000000704 
0.0000002806 0.0000001209 0.0000000704 
0.0000002806 0.0000001209 0.0000000704 
0.0000002806 0.0000001209 0.0000000704 
0.0000002806 0.0000001209 0.0000000704 
0.0000002806 0.0000001209 0.0000000704 
0.0000002806 0.0000001209 0.0000000704 
0.0000002806 0.0000001209 0.0000000704 
0.0000002806 0.0000001209 0.0000000704 
0.0000002806 0.0000001209 0.0000000704 
0.0000002806 0.0000001209 0.0000000704 
0.0000002806 0.0000001209 0.0000000704 
0.0000002806 0.0000001209 0.0000000704 
0.0000002806 0.0000001209 0.0000000704 
0.0000002806 0.0000001209 0.0000000704 
0.0000002806 0.0000001209 0.0000000704 
0.0000002806 0.0000001209 0.0000000704 
0.0000002806 0.0000001209 0.0000000704 
0.0000002806 0.0000001209 0.0000000704 
0.0000002806 0.0000001209 0.0000000704 
0.0000002806 0.0000001209 0.0000000704 
0.0000002806 0.0000001209 0.0000000704 
0.0000002806 0.0000001209 0.0000000704 
0.0000002806 0.0000001209 0.0000000704 
0.0000002806 0.0000001209 0.0000000704 
0.0000002806 0.0000001209 0.0000000704 
0.0000002806 0.0000001209 0.0000000704 
0.0000002806 0.0000001209 0.0000000704 
0.0000002806 0.0000001209 0.0000000704 
0.0000002806 0.0000001209 0.0000000704 
0.0000002806 0.0000001209 0.0000000704 
0.0000002806 0.0000001209 0.0000000704 
0.0000002806 0.0000001209 0.0000000704 
0.0000002806 0.0000001209 0.0000000704 
0.0000002806 0.0000001209 0.0000000704 
0.0000002806 0.0000001209 0.0000000704 
0.0000002806 0.0000001209 0.0000000704 
0.0000002806 0.0000001209 0.0000000704 
0.0000002806 0.0000001209 0.0000000704 
0.0000002806 0.0000001209 0.0000000704 
0.0000002806 0.0000001209 0.0000000704 
0.0000002806 0.0000001209 0.0000000704 
0.0000002806 0.0000001209 0.0000000704 
0.0000002806 0.0000001209 0.0000000704 
0.0000002806 0.0000001209 0.0000000704 
0.0000002806 0.0000001209 0.0000000704 
0.0000002806 0.0000001209 0.0000000704 
0.0000002806 0.0000001209 0.0000000704 
0.0000002806 0.0000001209 0.0000000704 
0.0000002806 0.0000001209 0.0000000704 
0.0000002806 0.0000001209 0.0000000704 
0.0000002806 0.0000001209 0.0000000704 
0.0000002806 0.0000001209 0.0000000704 
0.0000002806 0.0000001209 0.0000000704 
0.0000002806 0.0000001209 0.0000000704 
0.0000002806 0.0000001209 0.0000000704 
0.0000002806 0.0000001209 0.0000000704 
0.0000002806 0.0000001209 0.0000000704 
0.0000002806 0.0000001209 0.0000000704 
0.0000002806 0.0000001209 0.0000000704 
0.0000002806 0.0000001209 0.0000000704 
0.0000002806 0.0000001209 0.0000000704 
0.0000002806 0.0000001209 0.0000000704 
0.0000002806 0.0000001209 0.0000000704 
0.0000002806 0.0000001209 0.0000000704 
0.0000002806 0.0000001209 0.0000000704 
0.0000002806 0.0000001209 0.0000000704 
0.0000002806 0.0000001209 0.0000000704 
0.0000002806 0.0000001209 0.0000000704 
0.0000002806 0.0000001209 0.0000000704 
0.0000002806 0.0000001209 0.0000000704 
0.0000002806 0.0000001209 0.0000000704 
0.0000002806 0.0000001209 0.0000000704 
0.0000002806 0.0000001209 0.0000000704 
0.0000002806 0.0000001209 0.0000000704 
0.0000002806 0.0000001209 0.0000000704 
0.0000002806 0.0000001209 0.0000000704 
0.0000002806 0.0000001209 0.0000000704 
0.0000002806 0.0000001209 0.0000000704 
0.0000002806 0.0000001209 0.0000000704 
0.0000002806 0.0000001209 0.0000000704 
0.0000002806 0.0000001209 0.0000000704 
0.0000002806 0.0000001209 0.0000000704 
0.0000002806 0.0000001209 0.0000000704 
0.0000002806 0.0000001209 0.0000000704 
0.0000002806 0.0000001209 0.0000000704 
0.0000002806 0.0000001209 0.0000000704 
0.0000002806 0.0000001209 0.0000000704 
0.0000002806 0.0000001209 0.0000000704 
0.0000002806 0.0000001209 0.0000000704 
0.0000002806 0.0000001209 0.0000000704 
0.0000002806 0.0000001209 0.0000000704 
0.0000002806 0.0000001209 0.0000000704 
0.0000002806 0.0000001209 0.0000000704 
0.0000002806 0.0000001209 0.0000000704 
0.0000002806 0.0000001209 0.0000000704 
0.0000002806 0.0000001209 0.0000000704 
0.0000002806 0.0000001209 0.0000000704 
0.0000002806 0.0000001209 0.0000000704 
0.0000002806 0.0000001209 0.0000000704 
0.0000002806 0.0000001209 0.0000000704 
0.0000002806 0.0000001209 0.0000000704 
0.0000002806 0.0000001209 0.0000000704 
0.0000002806 0.0000001209 0.0000000704 
0.0000002806 0.0000001209 0.0000000704 
0.0000002806 0.0000001209 0.0000000704 
0.0000002806 0.0000001209 0.0000000704 
0.0000002806 0.0000001209 0.0000000704 
0.0000002806 0.0000001209 0.0000000704 
0.0000002806 0.0000001209 0.0000000704 
0.0000002806 0.0000001209 0.0000000704 
0.0000002806 0.0000001209 0.0000000704 
0.0000002806 0.0000001209 0.0000000704 
0.0000002806 0.0000001209 0.0000000704 
