0.0000001658 -0.0000001266 0.0000006815 
0.0000001694 -0.0000001163 0.0000006615 
0.0000001730 -0.0000001066 0.0000006420 
0.0000001766 -0.0000000973 0.0000006230 
0.0000001800 -0.0000000885 0.0000006044 
0.0000001833 -0.0000000801 0.0000005862 
0.0000001865 -0.0000000721 0.0000005684 
0.0000001896 -0.0000000644 0.0000005509 
0.0000001924 -0.0000000570 0.0000005337 
0.0000001952 -0.0000000499 0.0000005168 
0.0000001977 -0.0000000431 0.0000005001 
0.0000002001 -0.0000000365 0.0000004837 
0.0000002023 -0.0000000302 0.0000004676 
0.0000002044 -0.0000000240 0.0000004517 
0.0000002062 -0.0000000181 0.0000004360 
0.0000002079 -0.0000000124 0.0000004205 
0.0000002095 -0.0000000068 0.0000004053 
0.0000002109 -0.0000000015 0.0000003902 
0.0000002121 0.0000000037 0.0000003754 
0.0000002131 0.0000000087 0.0000003608 
0.0000002140 0.0000000135 0.0000003464 
0.0000002147 0.0000000182 0.0000003322 
0.0000002153 0.0000000227 0.0000003182 
0.0000002158 0.0000000270 0.0000003044 
0.0000002163 0.0000000312 0.0000002908 
0.0000002166 0.0000000352 0.0000002774 
0.0000002169 0.0000000391 0.0000002642 
0.0000002172 0.0000000429 0.0000002512 
0.0000002174 0.0000000465 0.0000002384 
0.0000002176 0.0000000500 0.0000002258 
0.0000002178 0.0000000533 0.0000002134 
0.0000002179 0.0000000565 0.0000002013 
0.0000002181 0.0000000597 0.0000001893 
0.0000002182 0.0000000626 0.0000001775 
0.0000002184 0.0000000655 0.0000001659 
0.0000002186 0.0000000682 0.0000001546 
0.0000002188 0.0000000708 0.0000001434 
0.0000002191 0.0000000733 0.0000001324 
0.0000002193 0.0000000757 0.0000001217 
0.0000002196 0.0000000779 0.0000001111 
0.0000002200 0.0000000800 0.0000001007 
0.0000002205 0.0000000821 0.0000000906 
0.0000002212 0.0000000840 0.0000000806 
0.0000002219 0.0000000858 0.0000000708 
0.0000002227 0.0000000876 0.0000000613 
0.0000002235 0.0000000892 0.0000000520 
0.0000002242 0.0000000908 0.0000000429 
0.0000002242 0.0000000908 0.0000000429 
0.0000002242 0.0000000908 0.0000000429 
0.0000002242 0.0000000908 0.0000000429 
0.0000002242 0.0000000908 0.0000000429 
0.0000002242 0.0000000908 0.0000000429 
0.0000002242 0.0000000908 0.0000000429 
0.0000002242 0.0000000908 0.0000000429 
0.0000002242 0.0000000908 0.0000000429 
0.0000002242 0.0000000908 0.0000000429 
0.0000002242 0.0000000908 0.0000000429 
0.0000002242 0.0000000908 0.0000000429 
0.0000002242 0.0000000908 0.0000000429 
0.0000002242 0.0000000908 0.0000000429 
0.0000002242 0.0000000908 0.0000000429 
0.0000002242 0.0000000908 0.0000000429 
0.0000002242 0.0000000908 0.0000000429 
0.0000002242 0.0000000908 0.0000000429 
0.0000002242 0.0000000908 0.0000000429 
0.0000002242 0.0000000908 0.0000000429 
0.0000002242 0.0000000908 0.0000000429 
0.0000002242 0.0000000908 0.0000000429 
0.0000002251 0.0000000916 0.0000000373 
0.0000002251 0.0000000916 0.0000000373 
0.0000002251 0.0000000916 0.0000000373 
0.0000002251 0.0000000916 0.0000000373 
0.0000002251 0.0000000916 0.0000000373 
0.0000002251 0.0000000916 0.0000000373 
0.0000002251 0.0000000916 0.0000000373 
0.0000002251 0.0000000916 0.0000000373 
0.0000002251 0.0000000916 0.0000000373 
0.0000002251 0.0000000916 0.0000000373 
0.0000002297 0.0000000947 0.0000000399 
0.0000002336 0.0000000973 0.0000000438 
0.0000002368 0.0000000996 0.0000000480 
0.0000002397 0.0000001017 0.0000000521 
0.0000002422 0.0000001036 0.0000000560 
0.0000002444 0.0000001054 0.0000000594 
0.0000002464 0.0000001071 0.0000000625 
0.0000002482 0.0000001087 0.0000000651 
0.0000002498 0.0000001102 0.0000000672 
0.0000002512 0.0000001116 0.0000000690 
0.0000002525 0.0000001129 0.0000000705 
0.0000002537 0.0000001141 0.0000000716 
0.0000002548 0.0000001152 0.0000000725 
0.0000002559 0.0000001163 0.0000000731 
0.0000002569 0.0000001173 0.0000000735 
0.0000002578 0.0000001182 0.0000000737 
0.0000002588 0.0000001191 0.0000000736 
0.0000002596 0.0000001199 0.0000000734 
0.0000002604 0.0000001207 0.0000000731 
0.0000002612 0.0000001213 0.0000000725 
0.0000002619 0.0000001218 0.0000000718 
0.0000002625 0.0000001223 0.0000000710 
0.0000002632 0.0000001228 0.0000000700 
0.0000002639 0.0000001233 0.0000000690 
0.0000002646 0.0000001237 0.0000000679 
0.0000002652 0.0000001240 0.0000000667 
0.0000002659 0.0000001243 0.0000000654 
0.0000002666 0.0000001246 0.0000000641 
0.0000002673 0.0000001248 0.0000000627 
0.0000002681 0.0000001250 0.0000000614 
0.0000002689 0.0000001252 0.0000000601 
0.0000002699 0.0000001254 0.0000000588 
0.0000002699 0.0000001254 0.0000000588 
0.0000002699 0.0000001254 0.0000000588 
0.0000002713 0.0000001256 0.0000000582 
0.0000002713 0.0000001256 0.0000000582 
0.0000002729 0.0000001257 0.0000000581 
0.0000002748 0.0000001258 0.0000000583 
0.0000002769 0.0000001260 0.0000000588 
0.0000002791 0.0000001261 0.0000000594 
0.0000002813 0.0000001262 0.0000000600 
0.0000002836 0.0000001263 0.0000000607 
0.0000002859 0.0000001264 0.0000000613 
0.0000002882 0.0000001265 0.0000000618 
0.0000002905 0.0000001266 0.0000000623 
0.0000002928 0.0000001267 0.0000000628 
0.0000002950 0.0000001268 0.0000000632 
0.0000002971 0.0000001270 0.0000000635 
0.0000002993 0.0000001271 0.0000000638 
0.0000003014 0.0000001272 0.0000000640 
0.0000003034 0.0000001273 0.0000000642 
0.0000003054 0.0000001274 0.0000000644 
0.0000003073 0.0000001276 0.0000000644 
0.0000003092 0.0000001277 0.0000000645 
0.0000003111 0.0000001279 0.0000000645 
0.0000003129 0.0000001281 0.0000000644 
0.0000003146 0.0000001283 0.0000000643 
0.0000003164 0.0000001285 0.0000000642 
0.0000003180 0.0000001287 0.0000000640 
0.0000003197 0.0000001289 0.0000000638 
0.0000003213 0.0000001292 0.0000000636 
0.0000003228 0.0000001294 0.0000000634 
0.0000003243 0.0000001297 0.0000000631 
0.0000003258 0.0000001300 0.0000000627 
0.0000003273 0.0000001303 0.0000000624 
0.0000003287 0.0000001306 0.0000000621 
0.0000003301 0.0000001309 0.0000000617 
0.0000003315 0.0000001313 0.0000000613 
0.0000003328 0.0000001316 0.0000000609 
0.0000003341 0.0000001320 0.0000000605 
0.0000003354 0.0000001323 0.0000000601 
0.0000003366 0.0000001327 0.0000000597 
0.0000003379 0.0000001331 0.0000000593 
0.0000003391 0.0000001335 0.0000000589 
0.0000003403 0.0000001339 0.0000000585 
0.0000003415 0.0000001343 0.0000000581 
0.0000003428 0.0000001348 0.0000000578 
0.0000003440 0.0000001352 0.0000000575 
0.0000003453 0.0000001357 0.0000000573 
0.0000003466 0.0000001362 0.0000000571 
0.0000003480 0.0000001367 0.0000000570 
0.0000003494 0.0000001372 0.0000000570 
0.0000003508 0.0000001377 0.0000000570 
0.0000003523 0.0000001382 0.0000000571 
0.0000003538 0.0000001388 0.0000000573 
0.0000003554 0.0000001393 0.0000000576 
0.0000003570 0.0000001399 0.0000000580 
0.0000003586 0.0000001405 0.0000000584 
0.0000003602 0.0000001411 0.0000000588 
0.0000003619 0.0000001417 0.0000000594 
0.0000003635 0.0000001423 0.0000000599 
0.0000003651 0.0000001430 0.0000000605 
0.0000003668 0.0000001436 0.0000000612 
0.0000003684 0.0000001442 0.0000000618 
0.0000003700 0.0000001449 0.0000000624 
0.0000003715 0.0000001455 0.0000000631 
0.0000003731 0.0000001462 0.0000000637 
0.0000003746 0.0000001468 0.0000000643 
0.0000003761 0.0000001475 0.0000000649 
0.0000003775 0.0000001481 0.0000000655 
0.0000003789 0.0000001488 0.0000000661 
0.0000003803 0.0000001494 0.0000000667 
0.0000003816 0.0000001501 0.0000000672 
0.0000003829 0.0000001507 0.0000000677 
0.0000003842 0.0000001514 0.0000000682 
0.0000003854 0.0000001520 0.0000000687 
0.0000003866 0.0000001526 0.0000000692 
0.0000003878 0.0000001532 0.0000000696 
0.0000003888 0.0000001539 0.0000000700 
0.0000003899 0.0000001545 0.0000000704 
0.0000003909 0.0000001551 0.0000000708 
0.0000003919 0.0000001557 0.0000000711 
0.0000003928 0.0000001563 0.0000000714 
0.0000003937 0.0000001569 0.0000000717 
0.0000003946 0.0000001575 0.0000000720 
0.0000003955 0.0000001581 0.0000000723 
0.0000003963 0.0000001587 0.0000000725 
0.0000003971 0.0000001593 0.0000000728 
0.0000003978 0.0000001599 0.0000000730 
0.0000003986 0.0000001605 0.0000000732 
0.0000003993 0.0000001610 0.0000000734 
0.0000004000 0.0000001616 0.0000000736 
0.0000004006 0.0000001622 0.0000000738 
0.0000004013 0.0000001627 0.0000000740 
0.0000004019 0.0000001633 0.0000000742 
0.0000004025 0.0000001638 0.0000000744 
0.0000004032 0.0000001644 0.0000000746 
0.0000004038 0.0000001649 0.0000000748 
0.0000004044 0.0000001655 0.0000000750 
0.0000004050 0.0000001660 0.0000000753 
0.0000004056 0.0000001665 0.0000000755 
0.0000004062 0.0000001670 0.0000000758 
0.0000004068 0.0000001675 0.0000000760 
0.0000004074 0.0000001680 0.0000000763 
0.0000004080 0.0000001685 0.0000000766 
0.0000004087 0.0000001690 0.0000000768 
0.0000004093 0.0000001695 0.0000000771 
0.0000004100 0.0000001699 0.0000000774 
0.0000004107 0.0000001704 0.0000000777 
0.0000004114 0.0000001708 0.0000000780 
0.0000004121 0.0000001713 0.0000000783 
0.0000004128 0.0000001718 0.0000000787 
0.0000004135 0.0000001722 0.0000000790 
0.0000004142 0.0000001727 0.0000000794 
0.0000004149 0.0000001731 0.0000000797 
0.0000004157 0.0000001736 0.0000000801 
0.0000004164 0.0000001740 0.0000000804 
0.0000004171 0.0000001745 0.0000000808 
0.0000004178 0.0000001749 0.0000000812 
0.0000004185 0.0000001754 0.0000000816 
0.0000004192 0.0000001758 0.0000000819 
0.0000004198 0.0000001763 0.0000000824 
0.0000004205 0.0000001767 0.0000000828 
0.0000004211 0.0000001771 0.0000000832 
0.0000004218 0.0000001776 0.0000000836 
0.0000004224 0.0000001780 0.0000000841 
0.0000004230 0.0000001784 0.0000000845 
0.0000004236 0.0000001789 0.0000000850 
0.0000004242 0.0000001793 0.0000000854 
0.0000004248 0.0000001797 0.0000000858 
0.0000004254 0.0000001801 0.0000000862 
0.0000004259 0.0000001805 0.0000000866 
0.0000004265 0.0000001809 0.0000000869 
0.0000004270 0.0000001813 0.0000000873 
0.0000004275 0.0000001817 0.0000000876 
0.0000004280 0.0000001821 0.0000000879 
0.0000004285 0.0000001825 0.0000000882 
0.0000004290 0.0000001828 0.0000000885 
0.0000004294 0.0000001832 0.0000000887 
0.0000004299 0.0000001836 0.0000000890 
0.0000004304 0.0000001839 0.0000000892 
0.0000004309 0.0000001843 0.0000000895 
0.0000004313 0.0000001846 0.0000000897 
0.0000004318 0.0000001850 0.0000000899 
0.0000004322 0.0000001853 0.0000000901 
0.0000004326 0.0000001856 0.0000000903 
0.0000004330 0.0000001860 0.0000000905 
0.0000004334 0.0000001863 0.0000000906 
0.0000004338 0.0000001866 0.0000000908 
0.0000004342 0.0000001869 0.0000000909 
0.0000004346 0.0000001872 0.0000000910 
0.0000004350 0.0000001875 0.0000000912 
0.0000004353 0.0000001877 0.0000000913 
0.0000004357 0.0000001880 0.0000000914 
0.0000004361 0.0000001883 0.0000000915 
0.0000004364 0.0000001886 0.0000000916 
0.0000004368 0.0000001888 0.0000000916 
0.0000004371 0.0000001891 0.0000000917 
0.0000004375 0.0000001893 0.0000000918 
0.0000004379 0.0000001896 0.0000000919 
0.0000004382 0.0000001898 0.0000000920 
0.0000004386 0.0000001900 0.0000000921 
0.0000004390 0.0000001903 0.0000000922 
0.0000004393 0.0000001905 0.0000000923 
0.0000004397 0.0000001907 0.0000000924 
0.0000004401 0.0000001909 0.0000000925 
0.0000004404 0.0000001911 0.0000000926 
0.0000004408 0.0000001913 0.0000000927 
0.0000004412 0.0000001915 0.0000000928 
0.0000004416 0.0000001916 0.0000000929 
0.0000004420 0.0000001918 0.0000000930 
0.0000004424 0.0000001920 0.0000000931 
0.0000004428 0.0000001922 0.0000000932 
0.0000004431 0.0000001923 0.0000000933 
0.0000004435 0.0000001925 0.0000000934 
0.0000004439 0.0000001927 0.0000000935 
0.0000004443 0.0000001928 0.0000000936 
0.0000004447 0.0000001930 0.0000000937 
0.0000004451 0.0000001931 0.0000000939 
0.0000004454 0.0000001933 0.0000000940 
0.0000004458 0.0000001934 0.0000000941 
0.0000004462 0.0000001936 0.0000000943 
0.0000004465 0.0000001937 0.0000000944 
0.0000004469 0.0000001938 0.0000000946 
0.0000004472 0.0000001940 0.0000000947 
0.0000004475 0.0000001941 0.0000000948 
0.0000004478 0.0000001942 0.0000000950 
0.0000004481 0.0000001943 0.0000000951 
0.0000004484 0.0000001945 0.0000000952 
0.0000004487 0.0000001946 0.0000000954 
0.0000004489 0.0000001947 0.0000000955 
0.0000004491 0.0000001948 0.0000000956 
0.0000004494 0.0000001949 0.0000000957 
0.0000004495 0.0000001950 0.0000000958 
0.0000004497 0.0000001951 0.0000000959 
0.0000004499 0.0000001952 0.0000000960 
0.0000004500 0.0000001953 0.0000000961 
0.0000004502 0.0000001954 0.0000000962 
0.0000004503 0.0000001955 0.0000000963 
0.0000004504 0.0000001956 0.0000000964 
0.0000004505 0.0000001957 0.0000000964 
0.0000004506 0.0000001958 0.0000000965 
0.0000004506 0.0000001959 0.0000000966 
0.0000004507 0.0000001959 0.0000000966 
0.0000004507 0.0000001960 0.0000000967 
0.0000004507 0.0000001961 0.0000000967 
0.0000004508 0.0000001961 0.0000000967 
0.0000004508 0.0000001962 0.0000000968 
0.0000004507 0.0000001963 0.0000000968 
0.0000004507 0.0000001963 0.0000000968 
0.0000004507 0.0000001964 0.0000000968 
0.0000004506 0.0000001964 0.0000000969 
0.0000004505 0.0000001964 0.0000000969 
0.0000004505 0.0000001965 0.0000000969 
0.0000004504 0.0000001965 0.0000000969 
0.0000004503 0.0000001965 0.0000000969 
0.0000004502 0.0000001965 0.0000000969 
0.0000004501 0.0000001965 0.0000000968 
0.0000004499 0.0000001965 0.0000000968 
0.0000004497 0.0000001965 0.0000000968 
0.0000004495 0.0000001965 0.0000000968 
0.0000004493 0.0000001964 0.0000000968 
0.0000004491 0.0000001964 0.0000000968 
0.0000004488 0.0000001964 0.0000000967 
0.0000004486 0.0000001964 0.0000000967 
0.0000004483 0.0000001963 0.0000000967 
0.0000004480 0.0000001963 0.0000000967 
0.0000004477 0.0000001963 0.0000000967 
0.0000004474 0.0000001962 0.0000000967 
0.0000004470 0.0000001962 0.0000000967 
0.0000004467 0.0000001961 0.0000000967 
0.0000004463 0.0000001960 0.0000000966 
0.0000004459 0.0000001960 0.0000000966 
0.0000004456 0.0000001959 0.0000000966 
0.0000004452 0.0000001959 0.0000000966 
0.0000004448 0.0000001958 0.0000000966 
0.0000004444 0.0000001957 0.0000000966 
0.0000004440 0.0000001957 0.0000000966 
0.0000004435 0.0000001956 0.0000000966 
0.0000004431 0.0000001955 0.0000000966 
0.0000004427 0.0000001955 0.0000000966 
0.0000004422 0.0000001954 0.0000000967 
0.0000004418 0.0000001953 0.0000000967 
0.0000004413 0.0000001952 0.0000000967 
0.0000004409 0.0000001952 0.0000000967 
0.0000004404 0.0000001951 0.0000000967 
0.0000004399 0.0000001950 0.0000000967 
0.0000004394 0.0000001949 0.0000000967 
0.0000004389 0.0000001948 0.0000000967 
0.0000004384 0.0000001947 0.0000000968 
0.0000004379 0.0000001946 0.0000000968 
0.0000004373 0.0000001945 0.0000000968 
0.0000004368 0.0000001944 0.0000000968 
0.0000004363 0.0000001943 0.0000000968 
0.0000004357 0.0000001942 0.0000000969 
0.0000004352 0.0000001941 0.0000000969 
0.0000004346 0.0000001940 0.0000000969 
0.0000004341 0.0000001939 0.0000000969 
0.0000004335 0.0000001938 0.0000000969 
0.0000004329 0.0000001937 0.0000000969 
0.0000004324 0.0000001935 0.0000000969 
0.0000004318 0.0000001934 0.0000000969 
0.0000004312 0.0000001933 0.0000000969 
0.0000004306 0.0000001931 0.0000000969 
0.0000004300 0.0000001930 0.0000000969 
0.0000004294 0.0000001928 0.0000000968 
0.0000004288 0.0000001926 0.0000000968 
0.0000004282 0.0000001924 0.0000000968 
0.0000004276 0.0000001922 0.0000000968 
0.0000004270 0.0000001920 0.0000000968 
0.0000004264 0.0000001918 0.0000000967 
0.0000004258 0.0000001916 0.0000000967 
0.0000004251 0.0000001914 0.0000000967 
0.0000004245 0.0000001912 0.0000000966 
0.0000004239 0.0000001909 0.0000000966 
0.0000004232 0.0000001907 0.0000000965 
0.0000004226 0.0000001905 0.0000000965 
0.0000004219 0.0000001902 0.0000000964 
0.0000004212 0.0000001900 0.0000000963 
0.0000004205 0.0000001897 0.0000000963 
0.0000004199 0.0000001895 0.0000000962 
0.0000004192 0.0000001892 0.0000000961 
0.0000004184 0.0000001890 0.0000000960 
0.0000004177 0.0000001887 0.0000000960 
0.0000004170 0.0000001884 0.0000000959 
0.0000004162 0.0000001881 0.0000000958 
0.0000004155 0.0000001878 0.0000000956 
0.0000004147 0.0000001875 0.0000000955 
0.0000004140 0.0000001872 0.0000000953 
0.0000004132 0.0000001868 0.0000000952 
0.0000004124 0.0000001865 0.0000000950 
0.0000004117 0.0000001861 0.0000000948 
0.0000004109 0.0000001858 0.0000000947 
0.0000004101 0.0000001854 0.0000000945 
0.0000004093 0.0000001850 0.0000000943 
0.0000004085 0.0000001847 0.0000000941 
0.0000004076 0.0000001843 0.0000000939 
0.0000004068 0.0000001839 0.0000000937 
0.0000004060 0.0000001835 0.0000000935 
0.0000004052 0.0000001831 0.0000000933 
0.0000004043 0.0000001827 0.0000000931 
0.0000004034 0.0000001823 0.0000000928 
0.0000004026 0.0000001819 0.0000000926 
0.0000004017 0.0000001815 0.0000000924 
0.0000004008 0.0000001811 0.0000000921 
0.0000004000 0.0000001807 0.0000000919 
0.0000003991 0.0000001803 0.0000000917 
0.0000003982 0.0000001799 0.0000000914 
0.0000003973 0.0000001795 0.0000000912 
0.0000003964 0.0000001791 0.0000000909 
0.0000003954 0.0000001787 0.0000000907 
0.0000003945 0.0000001783 0.0000000904 
0.0000003936 0.0000001779 0.0000000902 
0.0000003927 0.0000001775 0.0000000899 
0.0000003917 0.0000001771 0.0000000897 
0.0000003908 0.0000001767 0.0000000894 
0.0000003898 0.0000001762 0.0000000892 
0.0000003889 0.0000001758 0.0000000889 
0.0000003879 0.0000001754 0.0000000886 
0.0000003870 0.0000001750 0.0000000884 
0.0000003860 0.0000001746 0.0000000881 
0.0000003851 0.0000001742 0.0000000879 
0.0000003841 0.0000001738 0.0000000876 
0.0000003832 0.0000001734 0.0000000874 
0.0000003822 0.0000001730 0.0000000871 
0.0000003813 0.0000001726 0.0000000869 
0.0000003803 0.0000001722 0.0000000867 
0.0000003794 0.0000001718 0.0000000864 
0.0000003784 0.0000001714 0.0000000862 
0.0000003775 0.0000001710 0.0000000860 
0.0000003765 0.0000001706 0.0000000857 
0.0000003756 0.0000001702 0.0000000855 
0.0000003746 0.0000001698 0.0000000853 
0.0000003737 0.0000001694 0.0000000851 
0.0000003727 0.0000001690 0.0000000849 
0.0000003717 0.0000001686 0.0000000847 
0.0000003708 0.0000001682 0.0000000845 
0.0000003698 0.0000001678 0.0000000843 
0.0000003689 0.0000001674 0.0000000841 
0.0000003679 0.0000001670 0.0000000839 
0.0000003670 0.0000001665 0.0000000837 
0.0000003660 0.0000001661 0.0000000835 
0.0000003650 0.0000001657 0.0000000833 
0.0000003641 0.0000001653 0.0000000831 
0.0000003631 0.0000001649 0.0000000829 
0.0000003621 0.0000001645 0.0000000827 
0.0000003611 0.0000001641 0.0000000825 
0.0000003601 0.0000001636 0.0000000823 
0.0000003591 0.0000001632 0.0000000822 
0.0000003581 0.0000001628 0.0000000820 
0.0000003571 0.0000001624 0.0000000818 
0.0000003560 0.0000001619 0.0000000816 
0.0000003550 0.0000001615 0.0000000814 
0.0000003539 0.0000001611 0.0000000812 
0.0000003529 0.0000001607 0.0000000811 
0.0000003518 0.0000001602 0.0000000809 
0.0000003507 0.0000001598 0.0000000807 
0.0000003497 0.0000001594 0.0000000806 
0.0000003486 0.0000001590 0.0000000804 
0.0000003475 0.0000001585 0.0000000802 
0.0000003464 0.0000001581 0.0000000801 
0.0000003453 0.0000001577 0.0000000799 
0.0000003442 0.0000001572 0.0000000798 
0.0000003431 0.0000001568 0.0000000796 
0.0000003420 0.0000001564 0.0000000795 
0.0000003408 0.0000001559 0.0000000794 
0.0000003397 0.0000001555 0.0000000793 
0.0000003385 0.0000001551 0.0000000791 
0.0000003374 0.0000001547 0.0000000790 
0.0000003363 0.0000001542 0.0000000789 
0.0000003351 0.0000001538 0.0000000788 
0.0000003340 0.0000001534 0.0000000787 
0.0000003328 0.0000001530 0.0000000786 
0.0000003316 0.0000001525 0.0000000785 
0.0000003305 0.0000001521 0.0000000784 
0.0000003293 0.0000001517 0.0000000783 
0.0000003281 0.0000001513 0.0000000782 
0.0000003270 0.0000001508 0.0000000781 
0.0000003258 0.0000001504 0.0000000780 
0.0000003246 0.0000001500 0.0000000779 
0.0000003234 0.0000001495 0.0000000778 
0.0000003222 0.0000001491 0.0000000776 
0.0000003210 0.0000001487 0.0000000775 
0.0000003197 0.0000001482 0.0000000774 
0.0000003185 0.0000001478 0.0000000772 
0.0000003173 0.0000001473 0.0000000771 
0.0000003160 0.0000001469 0.0000000769 
0.0000003148 0.0000001464 0.0000000768 
0.0000003136 0.0000001460 0.0000000766 
0.0000003123 0.0000001455 0.0000000765 
0.0000003110 0.0000001451 0.0000000763 
0.0000003098 0.0000001446 0.0000000761 
0.0000003085 0.0000001441 0.0000000759 
0.0000003072 0.0000001437 0.0000000757 
0.0000003060 0.0000001432 0.0000000755 
0.0000003047 0.0000001427 0.0000000753 
0.0000003034 0.0000001422 0.0000000751 
0.0000003022 0.0000001417 0.0000000748 
0.0000003009 0.0000001412 0.0000000746 
0.0000002996 0.0000001408 0.0000000744 
0.0000002983 0.0000001403 0.0000000741 
0.0000002971 0.0000001398 0.0000000739 
0.0000002958 0.0000001393 0.0000000736 
0.0000002946 0.0000001388 0.0000000733 
0.0000002933 0.0000001383 0.0000000731 
0.0000002920 0.0000001378 0.0000000728 
0.0000002908 0.0000001373 0.0000000725 
0.0000002896 0.0000001368 0.0000000723 
0.0000002883 0.0000001363 0.0000000720 
0.0000002871 0.0000001358 0.0000000717 
0.0000002859 0.0000001353 0.0000000714 
0.0000002847 0.0000001348 0.0000000711 
0.0000002835 0.0000001343 0.0000000709 
0.0000002823 0.0000001338 0.0000000706 
0.0000002811 0.0000001333 0.0000000703 
0.0000002800 0.0000001328 0.0000000700 
0.0000002788 0.0000001322 0.0000000697 
0.0000002777 0.0000001317 0.0000000694 
0.0000002766 0.0000001312 0.0000000691 
0.0000002754 0.0000001307 0.0000000689 
0.0000002743 0.0000001302 0.0000000686 
0.0000002732 0.0000001297 0.0000000683 
0.0000002722 0.0000001292 0.0000000680 
0.0000002711 0.0000001287 0.0000000677 
0.0000002700 0.0000001282 0.0000000674 
0.0000002690 0.0000001276 0.0000000671 
0.0000002679 0.0000001271 0.0000000668 
0.0000002669 0.0000001266 0.0000000666 
0.0000002658 0.0000001261 0.0000000663 
0.0000002648 0.0000001256 0.0000000660 
0.0000002638 0.0000001250 0.0000000657 
0.0000002628 0.0000001245 0.0000000654 
0.0000002618 0.0000001240 0.0000000651 
0.0000002608 0.0000001235 0.0000000649 
0.0000002598 0.0000001229 0.0000000646 
0.0000002588 0.0000001224 0.0000000643 
0.0000002578 0.0000001219 0.0000000640 
0.0000002569 0.0000001214 0.0000000637 
0.0000002559 0.0000001208 0.0000000635 
0.0000002549 0.0000001203 0.0000000632 
0.0000002540 0.0000001198 0.0000000629 
0.0000002530 0.0000001193 0.0000000626 
0.0000002520 0.0000001187 0.0000000624 
0.0000002511 0.0000001182 0.0000000621 
0.0000002501 0.0000001177 0.0000000618 
0.0000002491 0.0000001171 0.0000000615 
0.0000002482 0.0000001166 0.0000000612 
0.0000002472 0.0000001160 0.0000000609 
0.0000002462 0.0000001155 0.0000000606 
0.0000002453 0.0000001149 0.0000000603 
0.0000002443 0.0000001144 0.0000000600 
0.0000002433 0.0000001139 0.0000000597 
0.0000002423 0.0000001133 0.0000000594 
0.0000002413 0.0000001128 0.0000000590 
0.0000002403 0.0000001122 0.0000000587 
0.0000002393 0.0000001117 0.0000000584 
0.0000002383 0.0000001111 0.0000000580 
0.0000002372 0.0000001106 0.0000000577 
0.0000002362 0.0000001100 0.0000000573 
0.0000002352 0.0000001095 0.0000000570 
0.0000002341 0.0000001089 0.0000000567 
0.0000002330 0.0000001084 0.0000000563 
0.0000002320 0.0000001079 0.0000000560 
0.0000002309 0.0000001073 0.0000000556 
0.0000002298 0.0000001068 0.0000000553 
0.0000002288 0.0000001063 0.0000000550 
0.0000002277 0.0000001057 0.0000000546 
0.0000002267 0.0000001052 0.0000000543 
0.0000002256 0.0000001047 0.0000000540 
0.0000002246 0.0000001042 0.0000000536 
0.0000002235 0.0000001037 0.0000000533 
0.0000002224 0.0000001031 0.0000000530 
0.0000002214 0.0000001026 0.0000000527 
0.0000002203 0.0000001021 0.0000000524 
0.0000002193 0.0000001016 0.0000000521 
0.0000002182 0.0000001012 0.0000000518 
0.0000002172 0.0000001007 0.0000000515 
0.0000002161 0.0000001002 0.0000000512 
0.0000002150 0.0000000997 0.0000000509 
0.0000002140 0.0000000992 0.0000000506 
0.0000002129 0.0000000988 0.0000000504 
0.0000002118 0.0000000983 0.0000000501 
0.0000002108 0.0000000978 0.0000000498 
0.0000002097 0.0000000974 0.0000000496 
0.0000002086 0.0000000969 0.0000000493 
0.0000002076 0.0000000965 0.0000000491 
0.0000002065 0.0000000960 0.0000000488 
0.0000002054 0.0000000956 0.0000000486 
0.0000002044 0.0000000952 0.0000000484 
0.0000002033 0.0000000947 0.0000000482 
0.0000002023 0.0000000943 0.0000000480 
0.0000002013 0.0000000939 0.0000000478 
0.0000002002 0.0000000935 0.0000000476 
0.0000001992 0.0000000930 0.0000000474 
0.0000001982 0.0000000926 0.0000000473 
0.0000001971 0.0000000922 0.0000000471 
0.0000001961 0.0000000918 0.0000000469 
0.0000001951 0.0000000914 0.0000000468 
0.0000001941 0.0000000910 0.0000000466 
0.0000001931 0.0000000906 0.0000000465 
0.0000001921 0.0000000902 0.0000000464 
0.0000001911 0.0000000898 0.0000000462 
0.0000001900 0.0000000895 0.0000000461 
0.0000001890 0.0000000891 0.0000000460 
0.0000001880 0.0000000887 0.0000000458 
0.0000001870 0.0000000883 0.0000000457 
0.0000001859 0.0000000879 0.0000000456 
0.0000001849 0.0000000875 0.0000000454 
0.0000001839 0.0000000871 0.0000000453 
0.0000001828 0.0000000867 0.0000000452 
0.0000001817 0.0000000863 0.0000000450 
0.0000001806 0.0000000859 0.0000000449 
0.0000001795 0.0000000855 0.0000000447 
0.0000001784 0.0000000851 0.0000000446 
0.0000001773 0.0000000847 0.0000000444 
0.0000001762 0.0000000842 0.0000000443 
0.0000001750 0.0000000838 0.0000000441 
0.0000001739 0.0000000834 0.0000000439 
0.0000001727 0.0000000830 0.0000000437 
0.0000001716 0.0000000826 0.0000000435 
0.0000001704 0.0000000821 0.0000000434 
0.0000001692 0.0000000817 0.0000000432 
0.0000001680 0.0000000813 0.0000000430 
0.0000001669 0.0000000809 0.0000000428 
0.0000001657 0.0000000804 0.0000000426 
0.0000001645 0.0000000800 0.0000000424 
0.0000001633 0.0000000796 0.0000000422 
0.0000001621 0.0000000791 0.0000000420 
0.0000001610 0.0000000787 0.0000000418 
0.0000001598 0.0000000783 0.0000000416 
0.0000001586 0.0000000778 0.0000000414 
0.0000001575 0.0000000774 0.0000000412 
0.0000001564 0.0000000770 0.0000000410 
0.0000001552 0.0000000766 0.0000000408 
0.0000001541 0.0000000761 0.0000000406 
0.0000001530 0.0000000757 0.0000000404 
0.0000001520 0.0000000753 0.0000000402 
0.0000001509 0.0000000748 0.0000000400 
0.0000001498 0.0000000744 0.0000000399 
0.0000001488 0.0000000740 0.0000000397 
0.0000001477 0.0000000736 0.0000000395 
0.0000001467 0.0000000731 0.0000000393 
0.0000001456 0.0000000727 0.0000000391 
0.0000001446 0.0000000723 0.0000000389 
0.0000001436 0.0000000719 0.0000000387 
0.0000001426 0.0000000714 0.0000000385 
0.0000001416 0.0000000710 0.0000000383 
0.0000001406 0.0000000706 0.0000000381 
0.0000001396 0.0000000701 0.0000000379 
0.0000001386 0.0000000697 0.0000000377 
0.0000001376 0.0000000692 0.0000000375 
0.0000001366 0.0000000688 0.0000000373 
0.0000001356 0.0000000684 0.0000000370 
0.0000001346 0.0000000679 0.0000000368 
0.0000001336 0.0000000675 0.0000000366 
0.0000001326 0.0000000670 0.0000000364 
0.0000001317 0.0000000666 0.0000000361 
0.0000001307 0.0000000661 0.0000000359 
0.0000001297 0.0000000657 0.0000000357 
0.0000001288 0.0000000652 0.0000000354 
0.0000001278 0.0000000648 0.0000000352 
0.0000001269 0.0000000643 0.0000000349 
0.0000001259 0.0000000639 0.0000000347 
0.0000001250 0.0000000634 0.0000000344 
0.0000001241 0.0000000630 0.0000000342 
0.0000001231 0.0000000625 0.0000000339 
0.0000001222 0.0000000620 0.0000000337 
0.0000001213 0.0000000616 0.0000000334 
0.0000001204 0.0000000611 0.0000000332 
0.0000001195 0.0000000606 0.0000000329 
0.0000001187 0.0000000602 0.0000000327 
0.0000001178 0.0000000597 0.0000000324 
0.0000001170 0.0000000592 0.0000000322 
0.0000001161 0.0000000588 0.0000000320 
0.0000001153 0.0000000583 0.0000000318 
0.0000001144 0.0000000578 0.0000000316 
0.0000001136 0.0000000574 0.0000000314 
0.0000001127 0.0000000569 0.0000000312 
0.0000001118 0.0000000564 0.0000000310 
0.0000001109 0.0000000559 0.0000000308 
0.0000001100 0.0000000554 0.0000000306 
0.0000001091 0.0000000549 0.0000000304 
0.0000001081 0.0000000544 0.0000000302 
0.0000001072 0.0000000539 0.0000000300 
0.0000001062 0.0000000534 0.0000000298 
0.0000001052 0.0000000529 0.0000000295 
0.0000001042 0.0000000524 0.0000000293 
0.0000001032 0.0000000519 0.0000000290 
0.0000001021 0.0000000514 0.0000000288 
0.0000001010 0.0000000509 0.0000000285 
0.0000000999 0.0000000504 0.0000000282 
0.0000000988 0.0000000498 0.0000000280 
0.0000000977 0.0000000493 0.0000000277 
0.0000000966 0.0000000488 0.0000000273 
0.0000000954 0.0000000483 0.0000000270 
0.0000000943 0.0000000477 0.0000000267 
0.0000000931 0.0000000472 0.0000000264 
0.0000000920 0.0000000466 0.0000000260 
0.0000000908 0.0000000461 0.0000000257 
0.0000000896 0.0000000456 0.0000000254 
0.0000000885 0.0000000450 0.0000000250 
0.0000000873 0.0000000445 0.0000000247 
0.0000000862 0.0000000440 0.0000000243 
0.0000000850 0.0000000434 0.0000000239 
0.0000000839 0.0000000429 0.0000000236 
0.0000000828 0.0000000424 0.0000000232 
0.0000000816 0.0000000418 0.0000000229 
0.0000000805 0.0000000413 0.0000000225 
0.0000000794 0.0000000408 0.0000000222 
0.0000000783 0.0000000402 0.0000000218 
0.0000000772 0.0000000397 0.0000000215 
0.0000000762 0.0000000392 0.0000000211 
0.0000000751 0.0000000387 0.0000000208 
0.0000000741 0.0000000382 0.0000000205 
0.0000000731 0.0000000377 0.0000000202 
0.0000000721 0.0000000372 0.0000000199 
0.0000000711 0.0000000368 0.0000000196 
0.0000000702 0.0000000363 0.0000000193 
0.0000000692 0.0000000358 0.0000000191 
0.0000000683 0.0000000354 0.0000000189 
0.0000000673 0.0000000349 0.0000000186 
0.0000000664 0.0000000344 0.0000000184 
0.0000000655 0.0000000340 0.0000000182 
0.0000000645 0.0000000335 0.0000000180 
0.0000000636 0.0000000330 0.0000000178 
0.0000000627 0.0000000326 0.0000000176 
0.0000000617 0.0000000321 0.0000000174 
0.0000000608 0.0000000316 0.0000000172 
0.0000000599 0.0000000311 0.0000000170 
0.0000000589 0.0000000306 0.0000000168 
0.0000000580 0.0000000301 0.0000000167 
0.0000000570 0.0000000296 0.0000000165 
0.0000000560 0.0000000291 0.0000000163 
0.0000000550 0.0000000285 0.0000000162 
0.0000000540 0.0000000280 0.0000000160 
0.0000000530 0.0000000274 0.0000000158 
0.0000000519 0.0000000269 0.0000000156 
0.0000000509 0.0000000263 0.0000000154 
0.0000000499 0.0000000258 0.0000000153 
0.0000000488 0.0000000252 0.0000000151 
0.0000000477 0.0000000246 0.0000000148 
0.0000000466 0.0000000240 0.0000000146 
0.0000000455 0.0000000235 0.0000000144 
0.0000000443 0.0000000229 0.0000000142 
0.0000000432 0.0000000223 0.0000000139 
0.0000000420 0.0000000218 0.0000000137 
0.0000000408 0.0000000212 0.0000000134 
0.0000000396 0.0000000206 0.0000000131 
0.0000000384 0.0000000201 0.0000000128 
0.0000000373 0.0000000195 0.0000000126 
0.0000000361 0.0000000190 0.0000000123 
0.0000000349 0.0000000184 0.0000000120 
0.0000000338 0.0000000179 0.0000000117 
0.0000000327 0.0000000174 0.0000000114 
0.0000000315 0.0000000169 0.0000000110 
0.0000000304 0.0000000164 0.0000000107 
0.0000000293 0.0000000159 0.0000000104 
0.0000000282 0.0000000155 0.0000000101 
0.0000000272 0.0000000150 0.0000000098 
0.0000000261 0.0000000146 0.0000000094 
0.0000000251 0.0000000141 0.0000000091 
0.0000000241 0.0000000137 0.0000000088 
0.0000000231 0.0000000133 0.0000000084 
0.0000000221 0.0000000129 0.0000000081 
0.0000000212 0.0000000125 0.0000000078 
0.0000000204 0.0000000121 0.0000000074 
0.0000000196 0.0000000117 0.0000000071 
0.0000000196 0.0000000117 0.0000000071 
0.0000000189 0.0000000113 0.0000000068 
0.0000000189 0.0000000113 0.0000000068 
0.0000000189 0.0000000113 0.0000000068 
0.0000000189 0.0000000113 0.0000000068 
0.0000000189 0.0000000113 0.0000000068 
0.0000000189 0.0000000113 0.0000000068 
0.0000000189 0.0000000113 0.0000000068 
0.0000000189 0.0000000113 0.0000000068 
0.0000000189 0.0000000113 0.0000000068 
0.0000000189 0.0000000113 0.0000000068 
0.0000000189 0.0000000113 0.0000000068 
0.0000000189 0.0000000113 0.0000000068 
0.0000000189 0.0000000113 0.0000000068 
0.0000000189 0.0000000113 0.0000000068 
0.0000000189 0.0000000113 0.0000000068 
0.0000000193 0.0000000113 0.0000000067 
0.0000000193 0.0000000113 0.0000000067 
0.0000000193 0.0000000113 0.0000000067 
0.0000000193 0.0000000113 0.0000000067 
0.0000000193 0.0000000113 0.0000000067 
0.0000000193 0.0000000113 0.0000000067 
0.0000000193 0.0000000113 0.0000000067 
0.0000000193 0.0000000113 0.0000000067 
0.0000000193 0.0000000113 0.0000000067 
0.0000000193 0.0000000113 0.0000000067 
0.0000000193 0.0000000113 0.0000000067 
0.0000000193 0.0000000113 0.0000000067 
0.0000000193 0.0000000113 0.0000000067 
0.0000000193 0.0000000113 0.0000000067 
0.0000000193 0.0000000113 0.0000000067 
0.0000000193 0.0000000113 0.0000000067 
0.0000000193 0.0000000113 0.0000000067 
0.0000000193 0.0000000113 0.0000000067 
0.0000000193 0.0000000113 0.0000000067 
0.0000000193 0.0000000113 0.0000000067 
0.0000000193 0.0000000113 0.0000000067 
0.0000000197 0.0000000116 0.0000000068 
0.0000000201 0.0000000117 0.0000000069 
0.0000000204 0.0000000119 0.0000000072 
0.0000000205 0.0000000119 0.0000000074 
0.0000000206 0.0000000119 0.0000000078 
0.0000000206 0.0000000118 0.0000000081 
0.0000000205 0.0000000117 0.0000000085 
0.0000000204 0.0000000115 0.0000000088 
0.0000000201 0.0000000113 0.0000000092 
0.0000000199 0.0000000110 0.0000000096 
0.0000000196 0.0000000108 0.0000000099 
0.0000000192 0.0000000105 0.0000000103 
0.0000000187 0.0000000102 0.0000000106 
0.0000000183 0.0000000099 0.0000000109 
0.0000000178 0.0000000096 0.0000000111 
0.0000000172 0.0000000093 0.0000000113 
0.0000000166 0.0000000089 0.0000000115 
0.0000000160 0.0000000086 0.0000000117 
0.0000000154 0.0000000083 0.0000000118 
0.0000000147 0.0000000079 0.0000000119 
0.0000000140 0.0000000076 0.0000000119 
0.0000000133 0.0000000073 0.0000000119 
0.0000000125 0.0000000069 0.0000000119 
0.0000000117 0.0000000066 0.0000000119 
0.0000000110 0.0000000063 0.0000000118 
0.0000000102 0.0000000060 0.0000000117 
0.0000000094 0.0000000056 0.0000000116 
0.0000000087 0.0000000053 0.0000000115 
0.0000000079 0.0000000050 0.0000000113 
0.0000000072 0.0000000047 0.0000000111 
0.0000000064 0.0000000045 0.0000000109 
0.0000000058 0.0000000042 0.0000000107 
0.0000000051 0.0000000040 0.0000000105 
0.0000000045 0.0000000037 0.0000000102 
0.0000000040 0.0000000035 0.0000000100 
0.0000000035 0.0000000033 0.0000000097 
0.0000000030 0.0000000032 0.0000000094 
0.0000000026 0.0000000030 0.0000000090 
0.0000000023 0.0000000029 0.0000000087 
0.0000000020 0.0000000028 0.0000000083 
0.0000000018 0.0000000027 0.0000000078 
0.0000000017 0.0000000026 0.0000000074 
0.0000000016 0.0000000025 0.0000000069 
0.0000000015 0.0000000024 0.0000000064 
0.0000000016 0.0000000024 0.0000000058 
0.0000000016 0.0000000023 0.0000000053 
0.0000000018 0.0000000023 0.0000000047 
0.0000000019 0.0000000022 0.0000000041 
0.0000000021 0.0000000021 0.0000000035 
0.0000000022 0.0000000020 0.0000000029 
0.0000000023 0.0000000018 0.0000000024 
0.0000000024 0.0000000017 0.0000000019 
0.0000000025 0.0000000015 0.0000000014 
0.0000000026 0.0000000014 0.0000000009 
0.0000000026 0.0000000014 0.0000000009 
0.0000000026 0.0000000014 0.0000000009 
0.0000000026 0.0000000014 0.0000000009 
0.0000000026 0.0000000012 0.0000000006 
0.0000000026 0.0000000012 0.0000000006 
0.0000000026 0.0000000012 0.0000000006 
0.0000000026 0.0000000012 0.0000000006 
0.0000000026 0.0000000012 0.0000000006 
0.0000000026 0.0000000012 0.0000000006 
0.0000000026 0.0000000012 0.0000000006 
0.0000000026 0.0000000012 0.0000000006 
0.0000000026 0.0000000012 0.0000000006 
0.0000000026 0.0000000012 0.0000000006 
0.0000000028 0.0000000011 0.0000000005 
0.0000000028 0.0000000010 0.0000000004 
0.0000000029 0.0000000010 0.0000000003 
0.0000000028 0.0000000009 0.0000000003 
0.0000000028 0.0000000009 0.0000000003 
0.0000000028 0.0000000009 0.0000000003 
0.0000000028 0.0000000009 0.0000000003 
0.0000000028 0.0000000009 0.0000000003 
0.0000000028 0.0000000009 0.0000000003 
0.0000000028 0.0000000009 0.0000000003 
0.0000000028 0.0000000009 0.0000000003 
0.0000000028 0.0000000009 0.0000000003 
0.0000000028 0.0000000009 0.0000000003 
0.0000000028 0.0000000009 0.0000000003 
0.0000000028 0.0000000009 0.0000000003 
0.0000000028 0.0000000009 0.0000000003 
0.0000000028 0.0000000009 0.0000000003 
0.0000000028 0.0000000009 0.0000000003 
0.0000000028 0.0000000009 0.0000000003 
0.0000000028 0.0000000009 0.0000000003 
0.0000000028 0.0000000009 0.0000000003 
0.0000000028 0.0000000009 0.0000000003 
0.0000000028 0.0000000009 0.0000000003 
0.0000000028 0.0000000009 0.0000000003 
0.0000000028 0.0000000009 0.0000000003 
0.0000000028 0.0000000009 0.0000000003 
0.0000000028 0.0000000009 0.0000000003 
0.0000000028 0.0000000009 0.0000000003 
0.0000000028 0.0000000009 0.0000000003 
0.0000000028 0.0000000009 0.0000000003 
0.0000000028 0.0000000009 0.0000000003 
0.0000000028 0.0000000009 0.0000000003 
0.0000000028 0.0000000009 0.0000000003 
0.0000000028 0.0000000009 0.0000000003 
0.0000000028 0.0000000009 0.0000000003 
0.0000000028 0.0000000009 0.0000000003 
0.0000000028 0.0000000009 0.0000000003 
0.0000000028 0.0000000009 0.0000000003 
0.0000000028 0.0000000009 0.0000000003 
0.0000000028 0.0000000009 0.0000000003 
0.0000000028 0.0000000009 0.0000000003 
0.0000000028 0.0000000009 0.0000000003 
0.0000000028 0.0000000009 0.0000000003 
0.0000000028 0.0000000009 0.0000000003 
0.0000000028 0.0000000009 0.0000000003 
0.0000000028 0.0000000009 0.0000000003 
0.0000000028 0.0000000009 0.0000000003 
0.0000000028 0.0000000009 0.0000000003 
0.0000000028 0.0000000009 0.0000000003 
0.0000000028 0.0000000009 0.0000000003 
0.0000000028 0.0000000009 0.0000000003 
0.0000000028 0.0000000009 0.0000000003 
0.0000000028 0.0000000009 0.0000000003 
0.0000000028 0.0000000009 0.0000000003 
0.0000000028 0.0000000009 0.0000000003 
0.0000000028 0.0000000009 0.0000000003 
0.0000000028 0.0000000009 0.0000000003 
0.0000000028 0.0000000009 0.0000000003 
0.0000000028 0.0000000009 0.0000000003 
0.0000000028 0.0000000009 0.0000000003 
0.0000000028 0.0000000009 0.0000000003 
0.0000000028 0.0000000009 0.0000000003 
0.0000000028 0.0000000009 0.0000000003 
0.0000000028 0.0000000009 0.0000000003 
0.0000000028 0.0000000009 0.0000000003 
0.0000000028 0.0000000009 0.0000000003 
0.0000000028 0.0000000009 0.0000000003 
0.0000000028 0.0000000009 0.0000000003 
0.0000000028 0.0000000009 0.0000000003 
0.0000000028 0.0000000009 0.0000000003 
0.0000000028 0.0000000009 0.0000000003 
0.0000000028 0.0000000009 0.0000000003 
0.0000000028 0.0000000009 0.0000000003 
0.0000000028 0.0000000009 0.0000000003 
0.0000000028 0.0000000009 0.0000000003 
0.0000000028 0.0000000009 0.0000000003 
0.0000000028 0.0000000009 0.0000000003 
0.0000000028 0.0000000009 0.0000000003 
0.0000000028 0.0000000009 0.0000000003 
0.0000000028 0.0000000009 0.0000000003 
0.0000000028 0.0000000009 0.0000000003 
0.0000000028 0.0000000009 0.0000000003 
0.0000000028 0.0000000009 0.0000000003 
0.0000000028 0.0000000009 0.0000000003 
0.0000000028 0.0000000009 0.0000000003 
0.0000000015 0.0000000012 0.0000000009 
0.0000000015 0.0000000012 0.0000000009 
0.0000000015 0.0000000012 0.0000000009 
0.0000000015 0.0000000012 0.0000000009 
0.0000000015 0.0000000012 0.0000000009 
0.0000000015 0.0000000012 0.0000000009 
0.0000000008 0.0000000010 0.0000000013 
0.0000000008 0.0000000010 0.0000000013 
0.0000000008 0.0000000010 0.0000000013 
0.0000000008 0.0000000010 0.0000000013 
0.0000000008 0.0000000010 0.0000000013 
0.0000000008 0.0000000010 0.0000000013 
0.0000000008 0.0000000010 0.0000000013 
0.0000000008 0.0000000010 0.0000000013 
0.0000000008 0.0000000010 0.0000000013 
0.0000000008 0.0000000010 0.0000000013 
0.0000000008 0.0000000010 0.0000000013 
0.0000000008 0.0000000010 0.0000000013 
0.0000000008 0.0000000010 0.0000000013 
0.0000000008 0.0000000010 0.0000000013 
0.0000000008 0.0000000010 0.0000000013 
0.0000000008 0.0000000010 0.0000000013 
0.0000000008 0.0000000010 0.0000000013 
0.0000000008 0.0000000010 0.0000000013 
0.0000000008 0.0000000010 0.0000000013 
0.0000000008 0.0000000010 0.0000000013 
0.0000000008 0.0000000010 0.0000000013 
0.0000000006 0.0000000008 0.0000000012 
0.0000000005 0.0000000007 0.0000000011 
0.0000000005 0.0000000005 0.0000000010 
0.0000000005 0.0000000004 0.0000000010 
0.0000000006 0.0000000003 0.0000000010 
0.0000000007 0.0000000002 0.0000000010 
0.0000000008 0.0000000002 0.0000000011 
0.0000000009 0.0000000002 0.0000000013 
0.0000000011 0.0000000002 0.0000000014 
0.0000000012 0.0000000003 0.0000000016 
0.0000000014 0.0000000004 0.0000000018 
0.0000000015 0.0000000005 0.0000000019 
0.0000000017 0.0000000006 0.0000000021 
0.0000000018 0.0000000007 0.0000000023 
0.0000000020 0.0000000008 0.0000000025 
0.0000000022 0.0000000009 0.0000000028 
0.0000000024 0.0000000011 0.0000000030 
0.0000000026 0.0000000012 0.0000000032 
0.0000000029 0.0000000013 0.0000000034 
0.0000000031 0.0000000015 0.0000000036 
0.0000000034 0.0000000016 0.0000000038 
0.0000000037 0.0000000017 0.0000000040 
0.0000000040 0.0000000019 0.0000000042 
0.0000000043 0.0000000020 0.0000000044 
0.0000000046 0.0000000021 0.0000000046 
0.0000000049 0.0000000023 0.0000000048 
0.0000000052 0.0000000024 0.0000000050 
0.0000000055 0.0000000025 0.0000000052 
0.0000000058 0.0000000027 0.0000000054 
0.0000000061 0.0000000028 0.0000000055 
0.0000000064 0.0000000029 0.0000000057 
0.0000000067 0.0000000031 0.0000000059 
0.0000000070 0.0000000032 0.0000000060 
0.0000000074 0.0000000033 0.0000000062 
0.0000000077 0.0000000034 0.0000000063 
0.0000000080 0.0000000036 0.0000000065 
0.0000000083 0.0000000037 0.0000000066 
0.0000000087 0.0000000038 0.0000000068 
0.0000000090 0.0000000040 0.0000000069 
0.0000000093 0.0000000041 0.0000000070 
0.0000000096 0.0000000042 0.0000000071 
0.0000000099 0.0000000044 0.0000000072 
0.0000000103 0.0000000045 0.0000000074 
0.0000000106 0.0000000046 0.0000000075 
0.0000000109 0.0000000048 0.0000000076 
0.0000000112 0.0000000049 0.0000000076 
0.0000000115 0.0000000050 0.0000000077 
0.0000000118 0.0000000051 0.0000000078 
0.0000000121 0.0000000053 0.0000000079 
0.0000000124 0.0000000054 0.0000000079 
0.0000000127 0.0000000055 0.0000000080 
0.0000000130 0.0000000056 0.0000000081 
0.0000000132 0.0000000057 0.0000000081 
0.0000000135 0.0000000059 0.0000000082 
0.0000000138 0.0000000060 0.0000000082 
0.0000000141 0.0000000061 0.0000000082 
0.0000000144 0.0000000062 0.0000000083 
0.0000000146 0.0000000063 0.0000000083 
0.0000000149 0.0000000065 0.0000000084 
0.0000000152 0.0000000066 0.0000000084 
0.0000000155 0.0000000067 0.0000000084 
0.0000000157 0.0000000068 0.0000000084 
0.0000000160 0.0000000069 0.0000000085 
0.0000000163 0.0000000071 0.0000000085 
0.0000000166 0.0000000072 0.0000000085 
0.0000000168 0.0000000073 0.0000000085 
0.0000000171 0.0000000074 0.0000000086 
0.0000000174 0.0000000075 0.0000000086 
0.0000000176 0.0000000076 0.0000000086 
0.0000000179 0.0000000078 0.0000000086 
0.0000000182 0.0000000079 0.0000000086 
0.0000000184 0.0000000080 0.0000000086 
0.0000000187 0.0000000081 0.0000000086 
0.0000000189 0.0000000082 0.0000000086 
0.0000000192 0.0000000083 0.0000000086 
0.0000000194 0.0000000084 0.0000000086 
0.0000000197 0.0000000085 0.0000000086 
0.0000000199 0.0000000087 0.0000000086 
0.0000000201 0.0000000088 0.0000000086 
0.0000000203 0.0000000089 0.0000000086 
0.0000000206 0.0000000090 0.0000000086 
0.0000000208 0.0000000091 0.0000000086 
0.0000000210 0.0000000092 0.0000000086 
0.0000000212 0.0000000093 0.0000000086 
0.0000000214 0.0000000094 0.0000000086 
0.0000000216 0.0000000095 0.0000000085 
0.0000000218 0.0000000096 0.0000000085 
0.0000000220 0.0000000096 0.0000000085 
0.0000000222 0.0000000097 0.0000000085 
0.0000000223 0.0000000098 0.0000000085 
0.0000000225 0.0000000099 0.0000000084 
0.0000000227 0.0000000100 0.0000000084 
0.0000000228 0.0000000101 0.0000000084 
0.0000000230 0.0000000101 0.0000000084 
0.0000000232 0.0000000102 0.0000000083 
0.0000000233 0.0000000103 0.0000000083 
0.0000000235 0.0000000104 0.0000000083 
0.0000000236 0.0000000104 0.0000000082 
0.0000000238 0.0000000105 0.0000000082 
0.0000000239 0.0000000106 0.0000000082 
0.0000000240 0.0000000106 0.0000000081 
0.0000000242 0.0000000107 0.0000000081 
0.0000000243 0.0000000107 0.0000000080 
0.0000000244 0.0000000108 0.0000000080 
0.0000000245 0.0000000108 0.0000000080 
0.0000000247 0.0000000109 0.0000000079 
0.0000000248 0.0000000110 0.0000000079 
0.0000000249 0.0000000110 0.0000000078 
0.0000000250 0.0000000111 0.0000000078 
0.0000000251 0.0000000111 0.0000000078 
0.0000000252 0.0000000111 0.0000000077 
0.0000000253 0.0000000112 0.0000000077 
0.0000000254 0.0000000112 0.0000000076 
0.0000000255 0.0000000113 0.0000000076 
0.0000000256 0.0000000113 0.0000000075 
0.0000000257 0.0000000113 0.0000000075 
0.0000000258 0.0000000114 0.0000000074 
0.0000000259 0.0000000114 0.0000000074 
0.0000000260 0.0000000114 0.0000000073 
0.0000000261 0.0000000115 0.0000000073 
0.0000000262 0.0000000115 0.0000000073 
0.0000000263 0.0000000115 0.0000000072 
0.0000000264 0.0000000115 0.0000000072 
0.0000000265 0.0000000116 0.0000000071 
0.0000000265 0.0000000116 0.0000000071 
0.0000000266 0.0000000116 0.0000000070 
0.0000000267 0.0000000116 0.0000000070 
0.0000000268 0.0000000116 0.0000000069 
0.0000000268 0.0000000117 0.0000000069 
0.0000000269 0.0000000117 0.0000000068 
0.0000000270 0.0000000117 0.0000000068 
0.0000000270 0.0000000117 0.0000000068 
0.0000000271 0.0000000117 0.0000000067 
0.0000000271 0.0000000117 0.0000000067 
0.0000000272 0.0000000117 0.0000000066 
0.0000000272 0.0000000117 0.0000000066 
0.0000000273 0.0000000117 0.0000000065 
0.0000000273 0.0000000117 0.0000000065 
0.0000000273 0.0000000117 0.0000000064 
0.0000000274 0.0000000117 0.0000000064 
0.0000000274 0.0000000117 0.0000000064 
0.0000000274 0.0000000117 0.0000000063 
0.0000000274 0.0000000117 0.0000000063 
0.0000000275 0.0000000117 0.0000000062 
0.0000000275 0.0000000117 0.0000000062 
0.0000000275 0.0000000117 0.0000000062 
0.0000000275 0.0000000117 0.0000000061 
0.0000000275 0.0000000117 0.0000000061 
0.0000000275 0.0000000117 0.0000000061 
0.0000000275 0.0000000116 0.0000000060 
0.0000000275 0.0000000116 0.0000000060 
0.0000000275 0.0000000116 0.0000000060 
0.0000000275 0.0000000116 0.0000000060 
0.0000000275 0.0000000116 0.0000000059 
0.0000000275 0.0000000116 0.0000000059 
0.0000000275 0.0000000115 0.0000000059 
0.0000000275 0.0000000115 0.0000000059 
0.0000000275 0.0000000115 0.0000000058 
0.0000000275 0.0000000115 0.0000000058 
0.0000000274 0.0000000115 0.0000000058 
0.0000000274 0.0000000114 0.0000000058 
0.0000000274 0.0000000114 0.0000000058 
0.0000000274 0.0000000114 0.0000000058 
0.0000000273 0.0000000114 0.0000000057 
0.0000000273 0.0000000113 0.0000000057 
0.0000000273 0.0000000113 0.0000000057 
0.0000000272 0.0000000113 0.0000000057 
0.0000000272 0.0000000113 0.0000000057 
0.0000000272 0.0000000112 0.0000000057 
0.0000000271 0.0000000112 0.0000000057 
0.0000000271 0.0000000112 0.0000000057 
0.0000000270 0.0000000111 0.0000000057 
0.0000000270 0.0000000111 0.0000000057 
0.0000000269 0.0000000111 0.0000000057 
0.0000000269 0.0000000111 0.0000000057 
0.0000000268 0.0000000110 0.0000000057 
0.0000000268 0.0000000110 0.0000000057 
0.0000000267 0.0000000110 0.0000000057 
0.0000000267 0.0000000109 0.0000000057 
0.0000000266 0.0000000109 0.0000000057 
0.0000000266 0.0000000109 0.0000000057 
0.0000000265 0.0000000109 0.0000000057 
0.0000000264 0.0000000108 0.0000000057 
0.0000000264 0.0000000108 0.0000000057 
0.0000000263 0.0000000108 0.0000000057 
0.0000000263 0.0000000108 0.0000000057 
0.0000000262 0.0000000107 0.0000000057 
0.0000000261 0.0000000107 0.0000000058 
0.0000000261 0.0000000107 0.0000000058 
0.0000000260 0.0000000106 0.0000000058 
0.0000000259 0.0000000106 0.0000000058 
0.0000000259 0.0000000106 0.0000000058 
0.0000000258 0.0000000106 0.0000000058 
0.0000000257 0.0000000105 0.0000000058 
0.0000000256 0.0000000105 0.0000000058 
0.0000000256 0.0000000105 0.0000000058 
0.0000000255 0.0000000104 0.0000000058 
0.0000000254 0.0000000104 0.0000000058 
0.0000000253 0.0000000104 0.0000000058 
0.0000000252 0.0000000104 0.0000000058 
0.0000000252 0.0000000103 0.0000000058 
0.0000000251 0.0000000103 0.0000000058 
0.0000000250 0.0000000103 0.0000000059 
0.0000000249 0.0000000102 0.0000000059 
0.0000000248 0.0000000102 0.0000000059 
0.0000000248 0.0000000102 0.0000000059 
0.0000000247 0.0000000102 0.0000000059 
0.0000000246 0.0000000101 0.0000000059 
0.0000000245 0.0000000101 0.0000000059 
0.0000000244 0.0000000101 0.0000000059 
0.0000000244 0.0000000101 0.0000000059 
0.0000000244 0.0000000101 0.0000000059 
0.0000000244 0.0000000101 0.0000000059 
0.0000000244 0.0000000101 0.0000000059 
0.0000000244 0.0000000101 0.0000000059 
0.0000000244 0.0000000101 0.0000000059 
0.0000000244 0.0000000101 0.0000000059 
0.0000000244 0.0000000101 0.0000000059 
0.0000000244 0.0000000101 0.0000000059 
0.0000000244 0.0000000101 0.0000000059 
0.0000000244 0.0000000101 0.0000000059 
0.0000000244 0.0000000101 0.0000000059 
0.0000000244 0.0000000101 0.0000000059 
0.0000000244 0.0000000101 0.0000000059 
0.0000000244 0.0000000101 0.0000000059 
0.0000000244 0.0000000101 0.0000000059 
0.0000000244 0.0000000101 0.0000000059 
0.0000000244 0.0000000101 0.0000000059 
0.0000000244 0.0000000101 0.0000000059 
0.0000000244 0.0000000101 0.0000000059 
0.0000000244 0.0000000101 0.0000000059 
0.0000000244 0.0000000101 0.0000000059 
0.0000000244 0.0000000101 0.0000000059 
0.0000000244 0.0000000101 0.0000000059 
0.0000000244 0.0000000101 0.0000000059 
0.0000000244 0.0000000101 0.0000000059 
0.0000000244 0.0000000101 0.0000000059 
0.0000000244 0.0000000101 0.0000000059 
0.0000000244 0.0000000101 0.0000000059 
0.0000000244 0.0000000101 0.0000000059 
0.0000000244 0.0000000101 0.0000000059 
0.0000000244 0.0000000101 0.0000000059 
0.0000000244 0.0000000101 0.0000000059 
0.0000000244 0.0000000101 0.0000000059 
0.0000000244 0.0000000101 0.0000000059 
0.0000000244 0.0000000101 0.0000000059 
0.0000000244 0.0000000101 0.0000000059 
0.0000000244 0.0000000101 0.0000000059 
0.0000000244 0.0000000101 0.0000000059 
0.0000000244 0.0000000101 0.0000000059 
0.0000000244 0.0000000101 0.0000000059 
0.0000000244 0.0000000101 0.0000000059 
0.0000000244 0.0000000101 0.0000000059 
0.0000000244 0.0000000101 0.0000000059 
0.0000000244 0.0000000101 0.0000000059 
0.0000000244 0.0000000101 0.0000000059 
0.0000000244 0.0000000101 0.0000000059 
0.0000000244 0.0000000101 0.0000000059 
0.0000000244 0.0000000101 0.0000000059 
0.0000000244 0.0000000101 0.0000000059 
0.0000000244 0.0000000101 0.0000000059 
0.0000000244 0.0000000101 0.0000000059 
0.0000000244 0.0000000101 0.0000000059 
0.0000000244 0.0000000101 0.0000000059 
0.0000000244 0.0000000101 0.0000000059 
0.0000000244 0.0000000101 0.0000000059 
0.0000000244 0.0000000101 0.0000000059 
0.0000000244 0.0000000101 0.0000000059 
0.0000000244 0.0000000101 0.0000000059 
0.0000000244 0.0000000101 0.0000000059 
0.0000000244 0.0000000101 0.0000000059 
0.0000000244 0.0000000101 0.0000000059 
0.0000000244 0.0000000101 0.0000000059 
0.0000000244 0.0000000101 0.0000000059 
0.0000000244 0.0000000101 0.0000000059 
0.0000000244 0.0000000101 0.0000000059 
0.0000000244 0.0000000101 0.0000000059 
0.0000000244 0.0000000101 0.0000000059 
0.0000000244 0.0000000101 0.0000000059 
0.0000000244 0.0000000101 0.0000000059 
0.0000000244 0.0000000101 0.0000000059 
0.0000000244 0.0000000101 0.0000000059 
0.0000000244 0.0000000101 0.0000000059 
0.0000000244 0.0000000101 0.0000000059 
0.0000000244 0.0000000101 0.0000000059 
0.0000000244 0.0000000101 0.0000000059 
0.0000000244 0.0000000101 0.0000000059 
0.0000000244 0.0000000101 0.0000000059 
0.0000000244 0.0000000101 0.0000000059 
0.0000000244 0.0000000101 0.0000000059 
0.0000000244 0.0000000101 0.0000000059 
0.0000000244 0.0000000101 0.0000000059 
0.0000000244 0.0000000101 0.0000000059 
0.0000000244 0.0000000101 0.0000000059 
0.0000000244 0.0000000101 0.0000000059 
0.0000000244 0.0000000101 0.0000000059 
0.0000000244 0.0000000101 0.0000000059 
0.0000000244 0.0000000101 0.0000000059 
0.0000000244 0.0000000101 0.0000000059 
0.0000000244 0.0000000101 0.0000000059 
0.0000000244 0.0000000101 0.0000000059 
0.0000000244 0.0000000101 0.0000000059 
0.0000000244 0.0000000101 0.0000000059 
0.0000000244 0.0000000101 0.0000000059 
0.0000000244 0.0000000101 0.0000000059 
0.0000000244 0.0000000101 0.0000000059 
0.0000000244 0.0000000101 0.0000000059 
0.0000000244 0.0000000101 0.0000000059 
0.0000000244 0.0000000101 0.0000000059 
0.0000000244 0.0000000101 0.0000000059 
0.0000000244 0.0000000101 0.0000000059 
0.0000000244 0.0000000101 0.0000000059 
0.0000000244 0.0000000101 0.0000000059 
0.0000000244 0.0000000101 0.0000000059 
0.0000000244 0.0000000101 0.0000000059 
0.0000000244 0.0000000101 0.0000000059 
0.0000000244 0.0000000101 0.0000000059 
0.0000000244 0.0000000101 0.0000000059 
0.0000000244 0.0000000101 0.0000000059 
0.0000000244 0.0000000101 0.0000000059 
0.0000000244 0.0000000101 0.0000000059 
0.0000000244 0.0000000101 0.0000000059 
0.0000000244 0.0000000101 0.0000000059 
0.0000000244 0.0000000101 0.0000000059 
0.0000000244 0.0000000101 0.0000000059 
0.0000000244 0.0000000101 0.0000000059 
0.0000000244 0.0000000101 0.0000000059 
0.0000000244 0.0000000101 0.0000000059 
0.0000000244 0.0000000101 0.0000000059 
0.0000000244 0.0000000101 0.0000000059 
0.0000000244 0.0000000101 0.0000000059 
0.0000000244 0.0000000101 0.0000000059 
0.0000000244 0.0000000101 0.0000000059 
0.0000000244 0.0000000101 0.0000000059 
0.0000000244 0.0000000101 0.0000000059 
0.0000000244 0.0000000101 0.0000000059 
0.0000000244 0.0000000101 0.0000000059 
0.0000000244 0.0000000101 0.0000000059 
0.0000000244 0.0000000101 0.0000000059 
0.0000000244 0.0000000101 0.0000000059 
0.0000000244 0.0000000101 0.0000000059 
0.0000000244 0.0000000101 0.0000000059 
0.0000000244 0.0000000101 0.0000000059 
0.0000000244 0.0000000101 0.0000000059 
0.0000000244 0.0000000101 0.0000000059 
0.0000000244 0.0000000101 0.0000000059 
0.0000000244 0.0000000101 0.0000000059 
0.0000000244 0.0000000101 0.0000000059 
0.0000000244 0.0000000101 0.0000000059 
0.0000000244 0.0000000101 0.0000000059 
0.0000000244 0.0000000101 0.0000000059 
0.0000000244 0.0000000101 0.0000000059 
0.0000000244 0.0000000101 0.0000000059 
0.0000000244 0.0000000101 0.0000000059 
0.0000000244 0.0000000101 0.0000000059 
0.0000000244 0.0000000101 0.0000000059 
0.0000000244 0.0000000101 0.0000000059 
0.0000000244 0.0000000101 0.0000000059 
0.0000000244 0.0000000101 0.0000000059 
0.0000000244 0.0000000101 0.0000000059 
0.0000000244 0.0000000101 0.0000000059 
0.0000000244 0.0000000101 0.0000000059 
0.0000000244 0.0000000101 0.0000000059 
0.0000000244 0.0000000101 0.0000000059 
0.0000000244 0.0000000101 0.0000000059 
0.0000000244 0.0000000101 0.0000000059 
0.0000000244 0.0000000101 0.0000000059 
0.0000000244 0.0000000101 0.0000000059 
0.0000000244 0.0000000101 0.0000000059 
0.0000000244 0.0000000101 0.0000000059 
0.0000000244 0.0000000101 0.0000000059 
0.0000000244 0.0000000101 0.0000000059 
0.0000000244 0.0000000101 0.0000000059 
0.0000000244 0.0000000101 0.0000000059 
0.0000000244 0.0000000101 0.0000000059 
0.0000000244 0.0000000101 0.0000000059 
0.0000000244 0.0000000101 0.0000000059 
0.0000000244 0.0000000101 0.0000000059 
0.0000000244 0.0000000101 0.0000000059 
0.0000000244 0.0000000101 0.0000000059 
0.0000000244 0.0000000101 0.0000000059 
0.0000000244 0.0000000101 0.0000000059 
0.0000000244 0.0000000101 0.0000000059 
0.0000000244 0.0000000101 0.0000000059 
0.0000000244 0.0000000101 0.0000000059 
0.0000000244 0.0000000101 0.0000000059 
0.0000000244 0.0000000101 0.0000000059 
0.0000000244 0.0000000101 0.0000000059 
0.0000000244 0.0000000101 0.0000000059 
0.0000000244 0.0000000101 0.0000000059 
0.0000000244 0.0000000101 0.0000000059 
0.0000000244 0.0000000101 0.0000000059 
0.0000000244 0.0000000101 0.0000000059 
0.0000000244 0.0000000101 0.0000000059 
0.0000000244 0.0000000101 0.0000000059 
0.0000000244 0.0000000101 0.0000000059 
0.0000000244 0.0000000101 0.0000000059 
0.0000000244 0.0000000101 0.0000000059 
0.0000000244 0.0000000101 0.0000000059 
0.0000000244 0.0000000101 0.0000000059 
0.0000000244 0.0000000101 0.0000000059 
0.0000000244 0.0000000101 0.0000000059 
0.0000000244 0.0000000101 0.0000000059 
0.0000000244 0.0000000101 0.0000000059 
0.0000000244 0.0000000101 0.0000000059 
0.0000000244 0.0000000101 0.0000000059 
0.0000000244 0.0000000101 0.0000000059 
0.0000000244 0.0000000101 0.0000000059 
0.0000000244 0.0000000101 0.0000000059 
0.0000000244 0.0000000101 0.0000000059 
0.0000000244 0.0000000101 0.0000000059 
0.0000000244 0.0000000101 0.0000000059 
0.0000000244 0.0000000101 0.0000000059 
0.0000000244 0.0000000101 0.0000000059 
0.0000000244 0.0000000101 0.0000000059 
0.0000000244 0.0000000101 0.0000000059 
0.0000000244 0.0000000101 0.0000000059 
0.0000000244 0.0000000101 0.0000000059 
0.0000000244 0.0000000101 0.0000000059 
0.0000000244 0.0000000101 0.0000000059 
0.0000000244 0.0000000101 0.0000000059 
0.0000000244 0.0000000101 0.0000000059 
0.0000000244 0.0000000101 0.0000000059 
0.0000000244 0.0000000101 0.0000000059 
0.0000000244 0.0000000101 0.0000000059 
0.0000000244 0.0000000101 0.0000000059 
0.0000000244 0.0000000101 0.0000000059 
0.0000000244 0.0000000101 0.0000000059 
0.0000000244 0.0000000101 0.0000000059 
0.0000000244 0.0000000101 0.0000000059 
0.0000000244 0.0000000101 0.0000000059 
0.0000000244 0.0000000101 0.0000000059 
0.0000000244 0.0000000101 0.0000000059 
0.0000000244 0.0000000101 0.0000000059 
0.0000000244 0.0000000101 0.0000000059 
0.0000000244 0.0000000101 0.0000000059 
0.0000000244 0.0000000101 0.0000000059 
0.0000000244 0.0000000101 0.0000000059 
0.0000000244 0.0000000101 0.0000000059 
0.0000000244 0.0000000101 0.0000000059 
0.0000000244 0.0000000101 0.0000000059 
0.0000000244 0.0000000101 0.0000000059 
0.0000000244 0.0000000101 0.0000000059 
0.0000000244 0.0000000101 0.0000000059 
0.0000000244 0.0000000101 0.0000000059 
0.0000000244 0.0000000101 0.0000000059 
0.0000000244 0.0000000101 0.0000000059 
0.0000000244 0.0000000101 0.0000000059 
0.0000000244 0.0000000101 0.0000000059 
0.0000000244 0.0000000101 0.0000000059 
0.0000000244 0.0000000101 0.0000000059 
0.0000000244 0.0000000101 0.0000000059 
0.0000000244 0.0000000101 0.0000000059 
0.0000000244 0.0000000101 0.0000000059 
0.0000000244 0.0000000101 0.0000000059 
0.0000000244 0.0000000101 0.0000000059 
0.0000000244 0.0000000101 0.0000000059 
0.0000000244 0.0000000101 0.0000000059 
0.0000000244 0.0000000101 0.0000000059 
0.0000000244 0.0000000101 0.0000000059 
0.0000000244 0.0000000101 0.0000000059 
0.0000000244 0.0000000101 0.0000000059 
0.0000000244 0.0000000101 0.0000000059 
0.0000000244 0.0000000101 0.0000000059 
0.0000000244 0.0000000101 0.0000000059 
0.0000000244 0.0000000101 0.0000000059 
0.0000000244 0.0000000101 0.0000000059 
0.0000000244 0.0000000101 0.0000000059 
0.0000000244 0.0000000101 0.0000000059 
