0.0000004833 0.0000011847 0.0000039764 
0.0000004873 0.0000011824 0.0000039423 
0.0000004911 0.0000011802 0.0000039087 
0.0000004947 0.0000011781 0.0000038755 
0.0000004982 0.0000011760 0.0000038427 
0.0000005015 0.0000011738 0.0000038103 
0.0000005045 0.0000011717 0.0000037783 
0.0000005075 0.0000011696 0.0000037466 
0.0000005102 0.0000011674 0.0000037152 
0.0000005127 0.0000011653 0.0000036841 
0.0000005151 0.0000011631 0.0000036533 
0.0000005172 0.0000011608 0.0000036227 
0.0000005192 0.0000011586 0.0000035924 
0.0000005209 0.0000011563 0.0000035623 
0.0000005225 0.0000011539 0.0000035325 
0.0000005239 0.0000011516 0.0000035028 
0.0000005250 0.0000011491 0.0000034733 
0.0000005260 0.0000011466 0.0000034440 
0.0000005267 0.0000011441 0.0000034150 
0.0000005272 0.0000011415 0.0000033860 
0.0000005275 0.0000011389 0.0000033573 
0.0000005275 0.0000011362 0.0000033287 
0.0000005273 0.0000011334 0.0000033004 
0.0000005269 0.0000011306 0.0000032721 
0.0000005266 0.0000011277 0.0000032440 
0.0000005261 0.0000011247 0.0000032161 
0.0000005256 0.0000011217 0.0000031882 
0.0000005251 0.0000011186 0.0000031606 
0.0000005244 0.0000011154 0.0000031330 
0.0000005238 0.0000011122 0.0000031056 
0.0000005230 0.0000011089 0.0000030784 
0.0000005222 0.0000011056 0.0000030513 
0.0000005214 0.0000011022 0.0000030243 
0.0000005204 0.0000010988 0.0000029975 
0.0000005195 0.0000010953 0.0000029709 
0.0000005185 0.0000010917 0.0000029443 
0.0000005174 0.0000010879 0.0000029179 
0.0000005162 0.0000010840 0.0000028915 
0.0000005150 0.0000010800 0.0000028652 
0.0000005138 0.0000010759 0.0000028390 
0.0000005125 0.0000010717 0.0000028129 
0.0000005114 0.0000010674 0.0000027868 
0.0000005103 0.0000010630 0.0000027609 
0.0000005093 0.0000010586 0.0000027351 
0.0000005083 0.0000010541 0.0000027095 
0.0000005074 0.0000010495 0.0000026840 
0.0000005064 0.0000010448 0.0000026586 
0.0000005055 0.0000010401 0.0000026334 
0.0000005046 0.0000010354 0.0000026084 
0.0000005036 0.0000010305 0.0000025834 
0.0000005027 0.0000010257 0.0000025587 
0.0000005018 0.0000010207 0.0000025340 
0.0000005009 0.0000010158 0.0000025095 
0.0000005000 0.0000010108 0.0000024852 
0.0000004992 0.0000010057 0.0000024609 
0.0000004985 0.0000010007 0.0000024368 
0.0000004978 0.0000009956 0.0000024128 
0.0000004971 0.0000009904 0.0000023890 
0.0000004965 0.0000009853 0.0000023653 
0.0000004958 0.0000009801 0.0000023417 
0.0000004952 0.0000009749 0.0000023183 
0.0000004946 0.0000009697 0.0000022949 
0.0000004942 0.0000009644 0.0000022718 
0.0000004938 0.0000009592 0.0000022487 
0.0000004935 0.0000009540 0.0000022258 
0.0000004934 0.0000009489 0.0000022030 
0.0000004932 0.0000009437 0.0000021804 
0.0000004932 0.0000009386 0.0000021579 
0.0000004932 0.0000009335 0.0000021356 
0.0000004932 0.0000009285 0.0000021135 
0.0000004933 0.0000009234 0.0000020915 
0.0000004934 0.0000009184 0.0000020697 
0.0000004936 0.0000009134 0.0000020480 
0.0000004939 0.0000009084 0.0000020265 
0.0000004943 0.0000009034 0.0000020052 
0.0000004946 0.0000008985 0.0000019841 
0.0000004949 0.0000008935 0.0000019631 
0.0000004950 0.0000008885 0.0000019422 
0.0000004952 0.0000008835 0.0000019215 
0.0000004953 0.0000008785 0.0000019011 
0.0000004955 0.0000008734 0.0000018808 
0.0000004958 0.0000008684 0.0000018608 
0.0000004960 0.0000008633 0.0000018410 
0.0000004962 0.0000008582 0.0000018213 
0.0000004964 0.0000008531 0.0000018019 
0.0000004967 0.0000008480 0.0000017826 
0.0000004970 0.0000008429 0.0000017635 
0.0000004974 0.0000008377 0.0000017446 
0.0000004978 0.0000008326 0.0000017258 
0.0000004982 0.0000008275 0.0000017072 
0.0000004987 0.0000008223 0.0000016887 
0.0000004992 0.0000008172 0.0000016705 
0.0000004999 0.0000008122 0.0000016525 
0.0000005007 0.0000008071 0.0000016347 
0.0000005016 0.0000008021 0.0000016172 
0.0000005025 0.0000007971 0.0000015998 
0.0000005038 0.0000007924 0.0000015828 
0.0000005049 0.0000007875 0.0000015658 
0.0000005061 0.0000007825 0.0000015490 
0.0000005073 0.0000007774 0.0000015324 
0.0000005084 0.0000007724 0.0000015159 
0.0000005096 0.0000007673 0.0000014995 
0.0000005108 0.0000007622 0.0000014833 
0.0000005120 0.0000007571 0.0000014672 
0.0000005132 0.0000007520 0.0000014513 
0.0000005145 0.0000007469 0.0000014356 
0.0000005159 0.0000007418 0.0000014201 
0.0000005173 0.0000007367 0.0000014048 
0.0000005188 0.0000007316 0.0000013897 
0.0000005203 0.0000007265 0.0000013748 
0.0000005219 0.0000007215 0.0000013601 
0.0000005235 0.0000007165 0.0000013456 
0.0000005251 0.0000007115 0.0000013312 
0.0000005268 0.0000007065 0.0000013170 
0.0000005285 0.0000007015 0.0000013029 
0.0000005302 0.0000006966 0.0000012890 
0.0000005319 0.0000006917 0.0000012752 
0.0000005336 0.0000006868 0.0000012616 
0.0000005353 0.0000006819 0.0000012482 
0.0000005371 0.0000006771 0.0000012349 
0.0000005388 0.0000006723 0.0000012218 
0.0000005407 0.0000006675 0.0000012089 
0.0000005425 0.0000006628 0.0000011962 
0.0000005444 0.0000006581 0.0000011836 
0.0000005463 0.0000006535 0.0000011712 
0.0000005483 0.0000006489 0.0000011589 
0.0000005502 0.0000006443 0.0000011467 
0.0000005522 0.0000006398 0.0000011348 
0.0000005542 0.0000006353 0.0000011229 
0.0000005562 0.0000006309 0.0000011112 
0.0000005582 0.0000006265 0.0000010996 
0.0000005602 0.0000006222 0.0000010882 
0.0000005622 0.0000006179 0.0000010769 
0.0000005642 0.0000006136 0.0000010657 
0.0000005661 0.0000006094 0.0000010546 
0.0000005681 0.0000006053 0.0000010437 
0.0000005701 0.0000006011 0.0000010329 
0.0000005720 0.0000005971 0.0000010222 
0.0000005739 0.0000005930 0.0000010116 
0.0000005758 0.0000005891 0.0000010011 
0.0000005777 0.0000005852 0.0000009908 
0.0000005795 0.0000005813 0.0000009805 
0.0000005813 0.0000005775 0.0000009703 
0.0000005830 0.0000005737 0.0000009603 
0.0000005847 0.0000005700 0.0000009503 
0.0000005864 0.0000005663 0.0000009404 
0.0000005880 0.0000005627 0.0000009306 
0.0000005895 0.0000005591 0.0000009210 
0.0000005911 0.0000005556 0.0000009114 
0.0000005925 0.0000005521 0.0000009019 
0.0000005939 0.0000005487 0.0000008925 
0.0000005953 0.0000005454 0.0000008831 
0.0000005966 0.0000005421 0.0000008739 
0.0000005978 0.0000005388 0.0000008647 
0.0000005989 0.0000005356 0.0000008556 
0.0000006000 0.0000005324 0.0000008465 
0.0000006010 0.0000005293 0.0000008376 
0.0000006019 0.0000005263 0.0000008287 
0.0000006028 0.0000005233 0.0000008198 
0.0000006036 0.0000005203 0.0000008111 
0.0000006044 0.0000005174 0.0000008024 
0.0000006051 0.0000005146 0.0000007938 
0.0000006058 0.0000005117 0.0000007853 
0.0000006065 0.0000005090 0.0000007769 
0.0000006070 0.0000005062 0.0000007685 
0.0000006076 0.0000005036 0.0000007602 
0.0000006080 0.0000005009 0.0000007519 
0.0000006084 0.0000004983 0.0000007437 
0.0000006088 0.0000004957 0.0000007356 
0.0000006091 0.0000004932 0.0000007275 
0.0000006094 0.0000004907 0.0000007195 
0.0000006096 0.0000004883 0.0000007115 
0.0000006097 0.0000004859 0.0000007036 
0.0000006099 0.0000004835 0.0000006958 
0.0000006100 0.0000004812 0.0000006880 
0.0000006100 0.0000004790 0.0000006802 
0.0000006101 0.0000004767 0.0000006725 
0.0000006100 0.0000004745 0.0000006649 
0.0000006100 0.0000004723 0.0000006573 
0.0000006099 0.0000004702 0.0000006498 
0.0000006097 0.0000004681 0.0000006423 
0.0000006096 0.0000004660 0.0000006348 
0.0000006093 0.0000004640 0.0000006275 
0.0000006091 0.0000004620 0.0000006202 
0.0000006087 0.0000004600 0.0000006129 
0.0000006084 0.0000004580 0.0000006057 
0.0000006080 0.0000004561 0.0000005985 
0.0000006075 0.0000004542 0.0000005914 
0.0000006071 0.0000004524 0.0000005844 
0.0000006066 0.0000004505 0.0000005774 
0.0000006061 0.0000004487 0.0000005705 
0.0000006056 0.0000004469 0.0000005636 
0.0000006050 0.0000004451 0.0000005568 
0.0000006045 0.0000004434 0.0000005501 
0.0000006039 0.0000004417 0.0000005433 
0.0000006034 0.0000004399 0.0000005367 
0.0000006028 0.0000004383 0.0000005301 
0.0000006022 0.0000004366 0.0000005235 
0.0000006016 0.0000004349 0.0000005170 
0.0000006009 0.0000004333 0.0000005106 
0.0000006003 0.0000004317 0.0000005042 
0.0000005997 0.0000004301 0.0000004978 
0.0000005990 0.0000004285 0.0000004915 
0.0000005984 0.0000004269 0.0000004853 
0.0000005977 0.0000004254 0.0000004791 
0.0000005971 0.0000004239 0.0000004730 
0.0000005964 0.0000004224 0.0000004669 
0.0000005958 0.0000004209 0.0000004609 
0.0000005951 0.0000004194 0.0000004549 
0.0000005945 0.0000004179 0.0000004490 
0.0000005938 0.0000004164 0.0000004431 
0.0000005932 0.0000004150 0.0000004373 
0.0000005926 0.0000004136 0.0000004316 
0.0000005919 0.0000004121 0.0000004259 
0.0000005913 0.0000004107 0.0000004202 
0.0000005907 0.0000004093 0.0000004146 
0.0000005901 0.0000004079 0.0000004090 
0.0000005896 0.0000004065 0.0000004035 
0.0000005890 0.0000004052 0.0000003980 
0.0000005884 0.0000004039 0.0000003926 
0.0000005879 0.0000004026 0.0000003873 
0.0000005873 0.0000004013 0.0000003819 
0.0000005868 0.0000004000 0.0000003766 
0.0000005862 0.0000003987 0.0000003714 
0.0000005857 0.0000003975 0.0000003662 
0.0000005852 0.0000003963 0.0000003610 
0.0000005846 0.0000003950 0.0000003559 
0.0000005841 0.0000003938 0.0000003508 
0.0000005835 0.0000003926 0.0000003458 
0.0000005830 0.0000003914 0.0000003408 
0.0000005825 0.0000003903 0.0000003359 
0.0000005819 0.0000003891 0.0000003310 
0.0000005814 0.0000003879 0.0000003261 
0.0000005809 0.0000003867 0.0000003213 
0.0000005804 0.0000003856 0.0000003165 
0.0000005799 0.0000003844 0.0000003118 
0.0000005794 0.0000003833 0.0000003071 
0.0000005789 0.0000003821 0.0000003024 
0.0000005784 0.0000003810 0.0000002978 
0.0000005780 0.0000003798 0.0000002932 
0.0000005776 0.0000003787 0.0000002886 
0.0000005772 0.0000003775 0.0000002840 
0.0000005768 0.0000003764 0.0000002794 
0.0000005765 0.0000003752 0.0000002749 
0.0000005762 0.0000003741 0.0000002704 
0.0000005759 0.0000003729 0.0000002660 
0.0000005757 0.0000003717 0.0000002616 
0.0000005755 0.0000003706 0.0000002572 
0.0000005754 0.0000003694 0.0000002529 
0.0000005753 0.0000003682 0.0000002486 
0.0000005753 0.0000003670 0.0000002443 
0.0000005754 0.0000003658 0.0000002402 
0.0000005755 0.0000003646 0.0000002360 
0.0000005757 0.0000003633 0.0000002320 
0.0000005760 0.0000003621 0.0000002281 
0.0000005760 0.0000003621 0.0000002281 
0.0000005760 0.0000003621 0.0000002281 
0.0000005760 0.0000003621 0.0000002281 
0.0000005760 0.0000003621 0.0000002281 
0.0000005760 0.0000003621 0.0000002281 
0.0000005760 0.0000003621 0.0000002281 
0.0000005760 0.0000003621 0.0000002281 
0.0000005760 0.0000003621 0.0000002281 
0.0000005760 0.0000003621 0.0000002281 
0.0000005760 0.0000003621 0.0000002281 
0.0000005760 0.0000003621 0.0000002281 
0.0000005760 0.0000003621 0.0000002281 
0.0000005760 0.0000003621 0.0000002281 
0.0000005775 0.0000003608 0.0000002256 
0.0000005775 0.0000003608 0.0000002256 
0.0000005775 0.0000003608 0.0000002256 
0.0000005775 0.0000003608 0.0000002256 
0.0000005775 0.0000003608 0.0000002256 
0.0000005775 0.0000003608 0.0000002256 
0.0000005775 0.0000003608 0.0000002256 
0.0000005775 0.0000003608 0.0000002256 
0.0000005775 0.0000003608 0.0000002256 
0.0000005775 0.0000003608 0.0000002256 
0.0000005775 0.0000003608 0.0000002256 
0.0000005795 0.0000003598 0.0000002235 
0.0000005816 0.0000003589 0.0000002215 
0.0000005838 0.0000003579 0.0000002197 
0.0000005859 0.0000003571 0.0000002181 
0.0000005883 0.0000003564 0.0000002170 
0.0000005907 0.0000003557 0.0000002163 
0.0000005932 0.0000003550 0.0000002161 
0.0000005957 0.0000003543 0.0000002163 
0.0000005983 0.0000003536 0.0000002167 
0.0000006009 0.0000003529 0.0000002173 
0.0000006036 0.0000003521 0.0000002180 
0.0000006062 0.0000003514 0.0000002189 
0.0000006088 0.0000003506 0.0000002198 
0.0000006115 0.0000003499 0.0000002208 
0.0000006141 0.0000003491 0.0000002218 
0.0000006166 0.0000003482 0.0000002229 
0.0000006192 0.0000003474 0.0000002240 
0.0000006217 0.0000003466 0.0000002250 
0.0000006241 0.0000003457 0.0000002260 
0.0000006265 0.0000003449 0.0000002270 
0.0000006288 0.0000003440 0.0000002280 
0.0000006310 0.0000003432 0.0000002289 
0.0000006332 0.0000003423 0.0000002298 
0.0000006352 0.0000003415 0.0000002307 
0.0000006372 0.0000003406 0.0000002315 
0.0000006391 0.0000003398 0.0000002323 
0.0000006409 0.0000003390 0.0000002330 
0.0000006426 0.0000003381 0.0000002336 
0.0000006442 0.0000003373 0.0000002342 
0.0000006458 0.0000003365 0.0000002348 
0.0000006472 0.0000003357 0.0000002353 
0.0000006485 0.0000003349 0.0000002357 
0.0000006497 0.0000003342 0.0000002361 
0.0000006509 0.0000003334 0.0000002365 
0.0000006519 0.0000003327 0.0000002368 
0.0000006529 0.0000003319 0.0000002370 
0.0000006538 0.0000003312 0.0000002372 
0.0000006545 0.0000003305 0.0000002373 
0.0000006552 0.0000003298 0.0000002373 
0.0000006558 0.0000003291 0.0000002373 
0.0000006563 0.0000003284 0.0000002373 
0.0000006568 0.0000003278 0.0000002372 
0.0000006572 0.0000003271 0.0000002370 
0.0000006575 0.0000003264 0.0000002368 
0.0000006577 0.0000003258 0.0000002366 
0.0000006578 0.0000003251 0.0000002362 
0.0000006579 0.0000003245 0.0000002359 
0.0000006578 0.0000003239 0.0000002354 
0.0000006577 0.0000003232 0.0000002350 
0.0000006575 0.0000003226 0.0000002345 
0.0000006573 0.0000003220 0.0000002339 
0.0000006570 0.0000003214 0.0000002333 
0.0000006566 0.0000003208 0.0000002327 
0.0000006561 0.0000003202 0.0000002320 
0.0000006556 0.0000003197 0.0000002313 
0.0000006550 0.0000003191 0.0000002305 
0.0000006543 0.0000003185 0.0000002297 
0.0000006537 0.0000003179 0.0000002289 
0.0000006529 0.0000003174 0.0000002280 
0.0000006521 0.0000003168 0.0000002271 
0.0000006513 0.0000003163 0.0000002261 
0.0000006504 0.0000003157 0.0000002252 
0.0000006494 0.0000003152 0.0000002241 
0.0000006484 0.0000003147 0.0000002231 
0.0000006474 0.0000003141 0.0000002221 
0.0000006463 0.0000003136 0.0000002210 
0.0000006452 0.0000003131 0.0000002198 
0.0000006441 0.0000003126 0.0000002187 
0.0000006429 0.0000003121 0.0000002175 
0.0000006417 0.0000003116 0.0000002163 
0.0000006405 0.0000003110 0.0000002151 
0.0000006392 0.0000003105 0.0000002139 
0.0000006379 0.0000003100 0.0000002126 
0.0000006366 0.0000003095 0.0000002114 
0.0000006352 0.0000003090 0.0000002101 
0.0000006339 0.0000003085 0.0000002088 
0.0000006324 0.0000003080 0.0000002074 
0.0000006310 0.0000003075 0.0000002061 
0.0000006296 0.0000003070 0.0000002047 
0.0000006281 0.0000003065 0.0000002033 
0.0000006266 0.0000003060 0.0000002020 
0.0000006252 0.0000003055 0.0000002006 
0.0000006237 0.0000003050 0.0000001992 
0.0000006221 0.0000003045 0.0000001977 
0.0000006206 0.0000003040 0.0000001963 
0.0000006191 0.0000003034 0.0000001949 
0.0000006175 0.0000003029 0.0000001934 
0.0000006160 0.0000003024 0.0000001919 
0.0000006144 0.0000003019 0.0000001905 
0.0000006129 0.0000003013 0.0000001890 
0.0000006113 0.0000003008 0.0000001875 
0.0000006098 0.0000003002 0.0000001860 
0.0000006082 0.0000002997 0.0000001845 
0.0000006067 0.0000002991 0.0000001830 
0.0000006052 0.0000002986 0.0000001815 
0.0000006036 0.0000002980 0.0000001800 
0.0000006021 0.0000002974 0.0000001785 
0.0000006006 0.0000002968 0.0000001770 
0.0000005990 0.0000002962 0.0000001755 
0.0000005975 0.0000002956 0.0000001740 
0.0000005960 0.0000002950 0.0000001725 
0.0000005945 0.0000002944 0.0000001710 
0.0000005931 0.0000002938 0.0000001695 
0.0000005916 0.0000002932 0.0000001680 
0.0000005902 0.0000002926 0.0000001665 
0.0000005888 0.0000002919 0.0000001651 
0.0000005874 0.0000002913 0.0000001636 
0.0000005860 0.0000002907 0.0000001622 
0.0000005847 0.0000002900 0.0000001608 
0.0000005834 0.0000002894 0.0000001594 
0.0000005821 0.0000002887 0.0000001580 
0.0000005808 0.0000002881 0.0000001567 
0.0000005796 0.0000002874 0.0000001553 
0.0000005784 0.0000002867 0.0000001540 
0.0000005772 0.0000002860 0.0000001527 
0.0000005761 0.0000002854 0.0000001515 
0.0000005750 0.0000002847 0.0000001502 
0.0000005739 0.0000002840 0.0000001490 
0.0000005729 0.0000002833 0.0000001479 
0.0000005720 0.0000002826 0.0000001467 
0.0000005711 0.0000002819 0.0000001456 
0.0000005702 0.0000002811 0.0000001446 
0.0000005694 0.0000002804 0.0000001436 
0.0000005687 0.0000002797 0.0000001427 
0.0000005680 0.0000002790 0.0000001419 
0.0000005673 0.0000002783 0.0000001411 
0.0000005667 0.0000002776 0.0000001403 
0.0000005662 0.0000002769 0.0000001397 
0.0000005657 0.0000002762 0.0000001391 
0.0000005653 0.0000002755 0.0000001385 
0.0000005649 0.0000002747 0.0000001380 
0.0000005645 0.0000002740 0.0000001376 
0.0000005642 0.0000002733 0.0000001373 
0.0000005639 0.0000002726 0.0000001370 
0.0000005637 0.0000002719 0.0000001367 
0.0000005635 0.0000002711 0.0000001365 
0.0000005632 0.0000002704 0.0000001363 
0.0000005630 0.0000002697 0.0000001362 
0.0000005628 0.0000002689 0.0000001360 
0.0000005626 0.0000002682 0.0000001360 
0.0000005624 0.0000002675 0.0000001359 
0.0000005622 0.0000002667 0.0000001358 
0.0000005620 0.0000002660 0.0000001358 
0.0000005617 0.0000002652 0.0000001358 
0.0000005614 0.0000002645 0.0000001358 
0.0000005611 0.0000002637 0.0000001358 
0.0000005608 0.0000002630 0.0000001358 
0.0000005604 0.0000002622 0.0000001358 
0.0000005600 0.0000002615 0.0000001357 
0.0000005596 0.0000002607 0.0000001357 
0.0000005591 0.0000002600 0.0000001357 
0.0000005586 0.0000002592 0.0000001357 
0.0000005580 0.0000002585 0.0000001357 
0.0000005574 0.0000002577 0.0000001356 
0.0000005567 0.0000002570 0.0000001356 
0.0000005561 0.0000002562 0.0000001355 
0.0000005553 0.0000002555 0.0000001355 
0.0000005545 0.0000002547 0.0000001354 
0.0000005537 0.0000002540 0.0000001353 
0.0000005528 0.0000002533 0.0000001352 
0.0000005519 0.0000002525 0.0000001350 
0.0000005510 0.0000002518 0.0000001349 
0.0000005500 0.0000002511 0.0000001347 
0.0000005489 0.0000002504 0.0000001345 
0.0000005478 0.0000002496 0.0000001343 
0.0000005467 0.0000002489 0.0000001341 
0.0000005455 0.0000002482 0.0000001339 
0.0000005443 0.0000002475 0.0000001337 
0.0000005431 0.0000002468 0.0000001334 
0.0000005418 0.0000002460 0.0000001331 
0.0000005405 0.0000002453 0.0000001328 
0.0000005392 0.0000002446 0.0000001325 
0.0000005378 0.0000002439 0.0000001321 
0.0000005364 0.0000002431 0.0000001317 
0.0000005350 0.0000002424 0.0000001314 
0.0000005335 0.0000002417 0.0000001310 
0.0000005320 0.0000002410 0.0000001305 
0.0000005305 0.0000002403 0.0000001301 
0.0000005289 0.0000002395 0.0000001297 
0.0000005273 0.0000002388 0.0000001292 
0.0000005257 0.0000002381 0.0000001287 
0.0000005240 0.0000002374 0.0000001282 
0.0000005224 0.0000002367 0.0000001277 
0.0000005207 0.0000002359 0.0000001272 
0.0000005189 0.0000002352 0.0000001266 
0.0000005172 0.0000002345 0.0000001261 
0.0000005154 0.0000002338 0.0000001255 
0.0000005137 0.0000002331 0.0000001249 
0.0000005119 0.0000002324 0.0000001243 
0.0000005101 0.0000002316 0.0000001238 
0.0000005083 0.0000002309 0.0000001232 
0.0000005064 0.0000002302 0.0000001225 
0.0000005046 0.0000002295 0.0000001219 
0.0000005027 0.0000002288 0.0000001213 
0.0000005009 0.0000002281 0.0000001207 
0.0000004990 0.0000002274 0.0000001201 
0.0000004971 0.0000002266 0.0000001195 
0.0000004953 0.0000002259 0.0000001189 
0.0000004934 0.0000002252 0.0000001183 
0.0000004915 0.0000002245 0.0000001176 
0.0000004896 0.0000002238 0.0000001170 
0.0000004878 0.0000002231 0.0000001164 
0.0000004859 0.0000002225 0.0000001158 
0.0000004840 0.0000002218 0.0000001152 
0.0000004822 0.0000002211 0.0000001146 
0.0000004803 0.0000002204 0.0000001140 
0.0000004785 0.0000002197 0.0000001134 
0.0000004766 0.0000002190 0.0000001128 
0.0000004748 0.0000002183 0.0000001122 
0.0000004729 0.0000002176 0.0000001116 
0.0000004711 0.0000002169 0.0000001110 
0.0000004693 0.0000002162 0.0000001105 
0.0000004675 0.0000002155 0.0000001099 
0.0000004657 0.0000002149 0.0000001093 
0.0000004639 0.0000002142 0.0000001088 
0.0000004622 0.0000002135 0.0000001082 
0.0000004604 0.0000002128 0.0000001077 
0.0000004587 0.0000002121 0.0000001071 
0.0000004569 0.0000002114 0.0000001066 
0.0000004552 0.0000002107 0.0000001061 
0.0000004535 0.0000002100 0.0000001055 
0.0000004518 0.0000002093 0.0000001050 
0.0000004502 0.0000002086 0.0000001045 
0.0000004485 0.0000002079 0.0000001041 
0.0000004469 0.0000002072 0.0000001036 
0.0000004452 0.0000002065 0.0000001031 
0.0000004436 0.0000002058 0.0000001027 
0.0000004420 0.0000002051 0.0000001022 
0.0000004404 0.0000002044 0.0000001018 
0.0000004389 0.0000002037 0.0000001014 
0.0000004373 0.0000002030 0.0000001010 
0.0000004358 0.0000002023 0.0000001006 
0.0000004343 0.0000002016 0.0000001003 
0.0000004328 0.0000002009 0.0000000999 
0.0000004313 0.0000002002 0.0000000996 
0.0000004298 0.0000001995 0.0000000992 
0.0000004283 0.0000001988 0.0000000989 
0.0000004269 0.0000001981 0.0000000986 
0.0000004254 0.0000001974 0.0000000983 
0.0000004240 0.0000001967 0.0000000980 
0.0000004226 0.0000001960 0.0000000978 
0.0000004211 0.0000001953 0.0000000975 
0.0000004197 0.0000001945 0.0000000972 
0.0000004183 0.0000001938 0.0000000970 
0.0000004169 0.0000001931 0.0000000967 
0.0000004156 0.0000001924 0.0000000965 
0.0000004142 0.0000001917 0.0000000963 
0.0000004128 0.0000001910 0.0000000961 
0.0000004114 0.0000001903 0.0000000959 
0.0000004100 0.0000001895 0.0000000956 
0.0000004086 0.0000001888 0.0000000954 
0.0000004072 0.0000001881 0.0000000952 
0.0000004058 0.0000001874 0.0000000950 
0.0000004045 0.0000001866 0.0000000948 
0.0000004031 0.0000001859 0.0000000946 
0.0000004016 0.0000001852 0.0000000944 
0.0000004002 0.0000001844 0.0000000942 
0.0000003988 0.0000001837 0.0000000939 
0.0000003974 0.0000001830 0.0000000937 
0.0000003960 0.0000001822 0.0000000935 
0.0000003945 0.0000001815 0.0000000933 
0.0000003931 0.0000001807 0.0000000930 
0.0000003916 0.0000001800 0.0000000928 
0.0000003902 0.0000001792 0.0000000926 
0.0000003887 0.0000001785 0.0000000923 
0.0000003872 0.0000001777 0.0000000921 
0.0000003858 0.0000001770 0.0000000918 
0.0000003843 0.0000001762 0.0000000916 
0.0000003828 0.0000001755 0.0000000913 
0.0000003813 0.0000001747 0.0000000910 
0.0000003798 0.0000001740 0.0000000907 
0.0000003782 0.0000001732 0.0000000904 
0.0000003767 0.0000001725 0.0000000901 
0.0000003752 0.0000001717 0.0000000898 
0.0000003736 0.0000001709 0.0000000895 
0.0000003721 0.0000001702 0.0000000892 
0.0000003705 0.0000001694 0.0000000888 
0.0000003689 0.0000001686 0.0000000885 
0.0000003674 0.0000001679 0.0000000881 
0.0000003658 0.0000001671 0.0000000877 
0.0000003642 0.0000001663 0.0000000873 
0.0000003626 0.0000001656 0.0000000869 
0.0000003610 0.0000001648 0.0000000864 
0.0000003593 0.0000001640 0.0000000860 
0.0000003577 0.0000001632 0.0000000856 
0.0000003560 0.0000001624 0.0000000851 
0.0000003543 0.0000001617 0.0000000846 
0.0000003526 0.0000001609 0.0000000842 
0.0000003510 0.0000001601 0.0000000837 
0.0000003492 0.0000001594 0.0000000832 
0.0000003475 0.0000001586 0.0000000827 
0.0000003458 0.0000001578 0.0000000822 
0.0000003441 0.0000001571 0.0000000817 
0.0000003423 0.0000001563 0.0000000812 
0.0000003406 0.0000001555 0.0000000807 
0.0000003389 0.0000001548 0.0000000801 
0.0000003372 0.0000001540 0.0000000796 
0.0000003355 0.0000001533 0.0000000791 
0.0000003338 0.0000001525 0.0000000786 
0.0000003320 0.0000001518 0.0000000781 
0.0000003303 0.0000001510 0.0000000775 
0.0000003286 0.0000001503 0.0000000770 
0.0000003269 0.0000001496 0.0000000765 
0.0000003252 0.0000001489 0.0000000760 
0.0000003235 0.0000001481 0.0000000755 
0.0000003218 0.0000001474 0.0000000750 
0.0000003201 0.0000001467 0.0000000745 
0.0000003184 0.0000001460 0.0000000740 
0.0000003168 0.0000001453 0.0000000735 
0.0000003151 0.0000001446 0.0000000730 
0.0000003134 0.0000001439 0.0000000725 
0.0000003117 0.0000001432 0.0000000720 
0.0000003101 0.0000001426 0.0000000715 
0.0000003084 0.0000001419 0.0000000710 
0.0000003068 0.0000001412 0.0000000706 
0.0000003052 0.0000001406 0.0000000701 
0.0000003036 0.0000001399 0.0000000697 
0.0000003020 0.0000001393 0.0000000693 
0.0000003004 0.0000001386 0.0000000689 
0.0000002988 0.0000001380 0.0000000685 
0.0000002973 0.0000001374 0.0000000681 
0.0000002957 0.0000001368 0.0000000677 
0.0000002942 0.0000001361 0.0000000674 
0.0000002927 0.0000001355 0.0000000671 
0.0000002913 0.0000001349 0.0000000667 
0.0000002898 0.0000001343 0.0000000664 
0.0000002883 0.0000001338 0.0000000662 
0.0000002869 0.0000001332 0.0000000659 
0.0000002855 0.0000001326 0.0000000656 
0.0000002841 0.0000001320 0.0000000654 
0.0000002826 0.0000001314 0.0000000651 
0.0000002812 0.0000001309 0.0000000649 
0.0000002799 0.0000001303 0.0000000647 
0.0000002785 0.0000001297 0.0000000645 
0.0000002771 0.0000001292 0.0000000643 
0.0000002757 0.0000001286 0.0000000641 
0.0000002743 0.0000001281 0.0000000639 
0.0000002729 0.0000001275 0.0000000638 
0.0000002716 0.0000001269 0.0000000636 
0.0000002702 0.0000001263 0.0000000634 
0.0000002687 0.0000001258 0.0000000632 
0.0000002673 0.0000001252 0.0000000631 
0.0000002659 0.0000001246 0.0000000629 
0.0000002644 0.0000001241 0.0000000627 
0.0000002630 0.0000001235 0.0000000626 
0.0000002615 0.0000001229 0.0000000624 
0.0000002600 0.0000001223 0.0000000622 
0.0000002585 0.0000001217 0.0000000620 
0.0000002570 0.0000001211 0.0000000618 
0.0000002555 0.0000001205 0.0000000616 
0.0000002540 0.0000001199 0.0000000615 
0.0000002524 0.0000001193 0.0000000613 
0.0000002509 0.0000001187 0.0000000611 
0.0000002494 0.0000001181 0.0000000609 
0.0000002478 0.0000001175 0.0000000607 
0.0000002462 0.0000001169 0.0000000605 
0.0000002447 0.0000001163 0.0000000603 
0.0000002431 0.0000001157 0.0000000600 
0.0000002415 0.0000001150 0.0000000598 
0.0000002399 0.0000001144 0.0000000596 
0.0000002384 0.0000001138 0.0000000594 
0.0000002368 0.0000001132 0.0000000592 
0.0000002353 0.0000001126 0.0000000589 
0.0000002337 0.0000001119 0.0000000587 
0.0000002321 0.0000001113 0.0000000585 
0.0000002306 0.0000001107 0.0000000582 
0.0000002290 0.0000001101 0.0000000580 
0.0000002275 0.0000001095 0.0000000578 
0.0000002259 0.0000001088 0.0000000575 
0.0000002244 0.0000001082 0.0000000572 
0.0000002228 0.0000001076 0.0000000570 
0.0000002213 0.0000001070 0.0000000567 
0.0000002198 0.0000001064 0.0000000564 
0.0000002182 0.0000001057 0.0000000561 
0.0000002167 0.0000001051 0.0000000558 
0.0000002151 0.0000001045 0.0000000555 
0.0000002136 0.0000001039 0.0000000552 
0.0000002121 0.0000001032 0.0000000549 
0.0000002105 0.0000001026 0.0000000546 
0.0000002090 0.0000001020 0.0000000542 
0.0000002075 0.0000001013 0.0000000539 
0.0000002059 0.0000001007 0.0000000535 
0.0000002044 0.0000001001 0.0000000532 
0.0000002029 0.0000000994 0.0000000528 
0.0000002014 0.0000000988 0.0000000525 
0.0000001999 0.0000000982 0.0000000521 
0.0000001984 0.0000000975 0.0000000517 
0.0000001969 0.0000000969 0.0000000513 
0.0000001954 0.0000000963 0.0000000510 
0.0000001940 0.0000000956 0.0000000506 
0.0000001925 0.0000000950 0.0000000502 
0.0000001911 0.0000000944 0.0000000498 
0.0000001896 0.0000000938 0.0000000494 
0.0000001882 0.0000000931 0.0000000490 
0.0000001868 0.0000000925 0.0000000486 
0.0000001855 0.0000000919 0.0000000482 
0.0000001841 0.0000000913 0.0000000479 
0.0000001828 0.0000000906 0.0000000475 
0.0000001815 0.0000000900 0.0000000471 
0.0000001802 0.0000000894 0.0000000467 
0.0000001789 0.0000000888 0.0000000464 
0.0000001777 0.0000000881 0.0000000460 
0.0000001764 0.0000000875 0.0000000457 
0.0000001752 0.0000000869 0.0000000455 
0.0000001740 0.0000000863 0.0000000452 
0.0000001728 0.0000000856 0.0000000449 
0.0000001715 0.0000000850 0.0000000447 
0.0000001703 0.0000000844 0.0000000444 
0.0000001691 0.0000000837 0.0000000442 
0.0000001678 0.0000000831 0.0000000439 
0.0000001666 0.0000000825 0.0000000437 
0.0000001653 0.0000000818 0.0000000434 
0.0000001641 0.0000000812 0.0000000432 
0.0000001628 0.0000000805 0.0000000429 
0.0000001615 0.0000000798 0.0000000427 
0.0000001602 0.0000000792 0.0000000424 
0.0000001588 0.0000000785 0.0000000421 
0.0000001575 0.0000000778 0.0000000419 
0.0000001561 0.0000000772 0.0000000416 
0.0000001547 0.0000000765 0.0000000413 
0.0000001533 0.0000000758 0.0000000410 
0.0000001519 0.0000000751 0.0000000407 
0.0000001504 0.0000000744 0.0000000404 
0.0000001489 0.0000000738 0.0000000400 
0.0000001475 0.0000000731 0.0000000397 
0.0000001460 0.0000000724 0.0000000394 
0.0000001445 0.0000000717 0.0000000390 
0.0000001430 0.0000000709 0.0000000387 
0.0000001415 0.0000000702 0.0000000383 
0.0000001400 0.0000000695 0.0000000379 
0.0000001385 0.0000000688 0.0000000376 
0.0000001370 0.0000000681 0.0000000372 
0.0000001355 0.0000000674 0.0000000368 
0.0000001340 0.0000000667 0.0000000365 
0.0000001324 0.0000000660 0.0000000361 
0.0000001309 0.0000000653 0.0000000357 
0.0000001294 0.0000000646 0.0000000353 
0.0000001279 0.0000000639 0.0000000349 
0.0000001264 0.0000000632 0.0000000345 
0.0000001249 0.0000000625 0.0000000341 
0.0000001234 0.0000000618 0.0000000336 
0.0000001219 0.0000000611 0.0000000332 
0.0000001204 0.0000000604 0.0000000328 
0.0000001190 0.0000000597 0.0000000324 
0.0000001175 0.0000000590 0.0000000320 
0.0000001161 0.0000000584 0.0000000316 
0.0000001146 0.0000000577 0.0000000312 
0.0000001132 0.0000000570 0.0000000308 
0.0000001118 0.0000000564 0.0000000304 
0.0000001104 0.0000000557 0.0000000300 
0.0000001090 0.0000000551 0.0000000296 
0.0000001076 0.0000000544 0.0000000292 
0.0000001063 0.0000000538 0.0000000288 
0.0000001049 0.0000000531 0.0000000284 
0.0000001036 0.0000000525 0.0000000280 
0.0000001022 0.0000000518 0.0000000276 
0.0000001009 0.0000000512 0.0000000272 
0.0000000996 0.0000000506 0.0000000268 
0.0000000983 0.0000000500 0.0000000264 
0.0000000971 0.0000000493 0.0000000261 
0.0000000958 0.0000000487 0.0000000257 
0.0000000946 0.0000000481 0.0000000254 
0.0000000933 0.0000000475 0.0000000250 
0.0000000921 0.0000000468 0.0000000247 
0.0000000909 0.0000000462 0.0000000244 
0.0000000897 0.0000000456 0.0000000241 
0.0000000885 0.0000000450 0.0000000237 
0.0000000873 0.0000000443 0.0000000234 
0.0000000861 0.0000000437 0.0000000232 
0.0000000849 0.0000000431 0.0000000229 
0.0000000837 0.0000000424 0.0000000226 
0.0000000826 0.0000000418 0.0000000223 
0.0000000814 0.0000000411 0.0000000220 
0.0000000802 0.0000000405 0.0000000217 
0.0000000790 0.0000000398 0.0000000215 
0.0000000778 0.0000000392 0.0000000212 
0.0000000766 0.0000000385 0.0000000209 
0.0000000754 0.0000000379 0.0000000206 
0.0000000742 0.0000000372 0.0000000204 
0.0000000730 0.0000000365 0.0000000201 
0.0000000718 0.0000000359 0.0000000198 
0.0000000706 0.0000000353 0.0000000196 
0.0000000694 0.0000000346 0.0000000193 
0.0000000682 0.0000000340 0.0000000190 
0.0000000670 0.0000000334 0.0000000188 
0.0000000658 0.0000000328 0.0000000185 
0.0000000646 0.0000000322 0.0000000182 
0.0000000634 0.0000000316 0.0000000180 
0.0000000621 0.0000000310 0.0000000177 
0.0000000609 0.0000000304 0.0000000174 
0.0000000596 0.0000000299 0.0000000172 
0.0000000584 0.0000000293 0.0000000169 
0.0000000571 0.0000000287 0.0000000166 
0.0000000558 0.0000000282 0.0000000163 
0.0000000546 0.0000000277 0.0000000160 
0.0000000533 0.0000000271 0.0000000158 
0.0000000520 0.0000000266 0.0000000155 
0.0000000508 0.0000000261 0.0000000152 
0.0000000496 0.0000000255 0.0000000149 
0.0000000483 0.0000000250 0.0000000146 
0.0000000471 0.0000000245 0.0000000143 
0.0000000460 0.0000000240 0.0000000140 
0.0000000448 0.0000000235 0.0000000137 
0.0000000437 0.0000000230 0.0000000135 
0.0000000425 0.0000000226 0.0000000132 
0.0000000414 0.0000000221 0.0000000129 
0.0000000404 0.0000000216 0.0000000126 
0.0000000393 0.0000000211 0.0000000123 
0.0000000383 0.0000000207 0.0000000121 
0.0000000373 0.0000000202 0.0000000118 
0.0000000364 0.0000000198 0.0000000115 
0.0000000355 0.0000000193 0.0000000113 
0.0000000346 0.0000000189 0.0000000110 
0.0000000337 0.0000000185 0.0000000108 
0.0000000329 0.0000000180 0.0000000105 
0.0000000321 0.0000000176 0.0000000103 
0.0000000313 0.0000000172 0.0000000101 
0.0000000305 0.0000000168 0.0000000098 
0.0000000298 0.0000000164 0.0000000096 
0.0000000290 0.0000000160 0.0000000094 
0.0000000283 0.0000000156 0.0000000092 
0.0000000276 0.0000000152 0.0000000090 
0.0000000269 0.0000000148 0.0000000088 
0.0000000263 0.0000000144 0.0000000086 
0.0000000256 0.0000000140 0.0000000084 
0.0000000250 0.0000000136 0.0000000082 
0.0000000244 0.0000000132 0.0000000080 
0.0000000238 0.0000000128 0.0000000078 
0.0000000232 0.0000000123 0.0000000076 
0.0000000226 0.0000000119 0.0000000074 
0.0000000219 0.0000000115 0.0000000071 
0.0000000213 0.0000000111 0.0000000069 
0.0000000207 0.0000000107 0.0000000067 
0.0000000201 0.0000000103 0.0000000065 
0.0000000195 0.0000000098 0.0000000063 
0.0000000189 0.0000000094 0.0000000061 
0.0000000182 0.0000000090 0.0000000058 
0.0000000176 0.0000000086 0.0000000056 
0.0000000169 0.0000000082 0.0000000054 
0.0000000162 0.0000000078 0.0000000052 
0.0000000155 0.0000000074 0.0000000049 
0.0000000148 0.0000000070 0.0000000047 
0.0000000141 0.0000000066 0.0000000045 
0.0000000133 0.0000000062 0.0000000042 
0.0000000126 0.0000000059 0.0000000040 
0.0000000118 0.0000000055 0.0000000037 
0.0000000110 0.0000000051 0.0000000034 
0.0000000102 0.0000000047 0.0000000031 
0.0000000095 0.0000000043 0.0000000029 
0.0000000087 0.0000000039 0.0000000025 
0.0000000079 0.0000000036 0.0000000022 
0.0000000070 0.0000000032 0.0000000019 
0.0000000062 0.0000000028 0.0000000016 
0.0000000054 0.0000000024 0.0000000012 
0.0000000054 0.0000000024 0.0000000012 
0.0000000054 0.0000000024 0.0000000012 
0.0000000054 0.0000000024 0.0000000012 
0.0000000054 0.0000000024 0.0000000012 
0.0000000054 0.0000000024 0.0000000012 
0.0000000054 0.0000000024 0.0000000012 
0.0000000054 0.0000000024 0.0000000012 
0.0000000054 0.0000000024 0.0000000012 
0.0000000054 0.0000000024 0.0000000012 
0.0000000054 0.0000000024 0.0000000012 
0.0000000054 0.0000000024 0.0000000012 
0.0000000054 0.0000000024 0.0000000012 
0.0000000054 0.0000000024 0.0000000012 
0.0000000047 0.0000000021 0.0000000009 
0.0000000047 0.0000000021 0.0000000009 
0.0000000047 0.0000000021 0.0000000009 
0.0000000047 0.0000000021 0.0000000009 
0.0000000043 0.0000000019 0.0000000009 
0.0000000038 0.0000000017 0.0000000009 
0.0000000032 0.0000000015 0.0000000009 
0.0000000027 0.0000000013 0.0000000008 
0.0000000021 0.0000000010 0.0000000008 
0.0000000014 0.0000000008 0.0000000007 
0.0000000008 0.0000000005 0.0000000007 
0.0000000008 0.0000000005 0.0000000007 
0.0000000008 0.0000000005 0.0000000007 
0.0000000008 0.0000000005 0.0000000007 
0.0000000008 0.0000000005 0.0000000007 
0.0000000008 0.0000000005 0.0000000007 
0.0000000001 0.0000000002 0.0000000005 
0.0000000001 0.0000000002 0.0000000005 
0.0000000001 0.0000000002 0.0000000005 
0.0000000001 0.0000000002 0.0000000005 
0.0000000001 0.0000000000 0.0000000001 
0.0000000001 0.0000000000 0.0000000001 
0.0000000001 0.0000000000 0.0000000001 
0.0000000001 0.0000000000 0.0000000001 
0.0000000001 0.0000000000 0.0000000001 
0.0000000001 0.0000000000 0.0000000001 
0.0000000001 0.0000000000 0.0000000001 
0.0000000001 0.0000000000 0.0000000001 
0.0000000001 0.0000000000 0.0000000001 
0.0000000001 0.0000000000 0.0000000001 
0.0000000001 0.0000000000 0.0000000001 
0.0000000001 0.0000000000 0.0000000001 
0.0000000001 0.0000000000 0.0000000001 
0.0000000001 0.0000000000 0.0000000001 
0.0000000001 0.0000000000 0.0000000001 
0.0000000001 0.0000000000 0.0000000001 
0.0000000001 0.0000000000 0.0000000001 
0.0000000001 0.0000000000 0.0000000001 
0.0000000001 0.0000000000 0.0000000001 
0.0000000001 0.0000000000 0.0000000001 
0.0000000001 0.0000000000 0.0000000001 
0.0000000001 0.0000000000 0.0000000001 
0.0000000001 0.0000000000 0.0000000001 
0.0000000001 0.0000000000 0.0000000001 
0.0000000001 0.0000000000 0.0000000001 
0.0000000001 0.0000000000 0.0000000001 
0.0000000001 0.0000000000 0.0000000001 
0.0000000001 0.0000000000 0.0000000001 
0.0000000001 0.0000000000 0.0000000001 
0.0000000001 0.0000000000 0.0000000001 
0.0000000001 0.0000000000 0.0000000001 
0.0000000001 0.0000000000 0.0000000001 
0.0000000001 0.0000000000 0.0000000001 
0.0000000001 0.0000000000 0.0000000001 
0.0000000001 0.0000000000 0.0000000001 
0.0000000001 0.0000000000 0.0000000001 
0.0000000001 0.0000000000 0.0000000001 
0.0000000001 0.0000000000 0.0000000001 
0.0000000001 0.0000000000 0.0000000001 
0.0000000001 0.0000000000 0.0000000001 
0.0000000001 0.0000000000 0.0000000001 
0.0000000001 0.0000000000 0.0000000001 
0.0000000001 0.0000000000 0.0000000001 
0.0000000001 0.0000000000 0.0000000001 
0.0000000001 0.0000000000 0.0000000001 
0.0000000001 0.0000000000 0.0000000001 
0.0000000001 0.0000000000 0.0000000001 
0.0000000001 0.0000000000 0.0000000001 
0.0000000001 0.0000000000 0.0000000001 
0.0000000001 0.0000000000 0.0000000001 
0.0000000001 0.0000000000 0.0000000001 
0.0000000001 0.0000000000 0.0000000001 
0.0000000001 0.0000000000 0.0000000001 
0.0000000001 0.0000000000 0.0000000001 
0.0000000001 0.0000000000 0.0000000001 
0.0000000001 0.0000000000 0.0000000001 
0.0000000001 0.0000000000 0.0000000001 
0.0000000001 0.0000000000 0.0000000001 
0.0000000001 0.0000000000 0.0000000001 
0.0000000001 0.0000000000 0.0000000001 
0.0000000001 0.0000000000 0.0000000001 
0.0000000001 0.0000000000 0.0000000001 
0.0000000001 0.0000000000 0.0000000001 
0.0000000001 0.0000000000 0.0000000001 
0.0000000001 0.0000000000 0.0000000001 
0.0000000001 0.0000000000 0.0000000001 
0.0000000001 0.0000000000 0.0000000001 
0.0000000001 0.0000000000 0.0000000001 
0.0000000001 0.0000000000 0.0000000001 
0.0000000001 0.0000000000 0.0000000001 
0.0000000001 0.0000000000 0.0000000001 
0.0000000001 0.0000000000 0.0000000001 
0.0000000001 0.0000000000 0.0000000001 
0.0000000001 0.0000000000 0.0000000001 
0.0000000001 0.0000000000 0.0000000001 
0.0000000001 0.0000000000 0.0000000001 
0.0000000001 0.0000000000 0.0000000001 
0.0000000001 0.0000000000 0.0000000001 
0.0000000001 0.0000000000 0.0000000001 
0.0000000001 0.0000000000 0.0000000001 
0.0000000001 0.0000000000 0.0000000001 
0.0000000001 0.0000000000 0.0000000001 
0.0000000001 0.0000000000 0.0000000001 
0.0000000001 0.0000000000 0.0000000001 
0.0000000001 0.0000000000 0.0000000001 
0.0000000001 0.0000000000 0.0000000001 
0.0000000001 0.0000000000 0.0000000001 
0.0000000001 0.0000000000 0.0000000001 
0.0000000001 0.0000000000 0.0000000001 
0.0000000001 0.0000000000 0.0000000001 
0.0000000001 0.0000000000 0.0000000001 
0.0000000001 0.0000000000 0.0000000001 
0.0000000001 0.0000000000 0.0000000001 
0.0000000001 0.0000000000 0.0000000001 
0.0000000001 0.0000000000 0.0000000001 
0.0000000001 0.0000000000 0.0000000001 
0.0000000001 0.0000000000 0.0000000001 
0.0000000001 0.0000000000 0.0000000001 
0.0000000001 0.0000000000 0.0000000001 
0.0000000001 0.0000000000 0.0000000001 
0.0000000001 0.0000000000 0.0000000001 
0.0000000001 0.0000000000 0.0000000001 
0.0000000001 0.0000000000 0.0000000001 
0.0000000001 0.0000000000 0.0000000001 
0.0000000001 0.0000000000 0.0000000001 
0.0000000001 0.0000000000 0.0000000001 
0.0000000001 0.0000000000 0.0000000001 
0.0000000001 0.0000000000 0.0000000001 
0.0000000001 0.0000000000 0.0000000001 
0.0000000001 0.0000000000 0.0000000001 
0.0000000001 0.0000000000 0.0000000001 
0.0000000001 0.0000000000 0.0000000001 
0.0000000001 0.0000000000 0.0000000001 
0.0000000001 0.0000000000 0.0000000001 
0.0000000001 0.0000000000 0.0000000001 
0.0000000001 0.0000000000 0.0000000001 
0.0000000001 0.0000000000 0.0000000001 
0.0000000001 0.0000000000 0.0000000001 
0.0000000001 0.0000000000 0.0000000001 
0.0000000001 0.0000000000 0.0000000001 
0.0000000001 0.0000000000 0.0000000001 
0.0000000001 0.0000000000 0.0000000001 
0.0000000001 0.0000000000 0.0000000001 
0.0000000001 0.0000000000 0.0000000001 
0.0000000001 0.0000000000 0.0000000001 
0.0000000001 0.0000000000 0.0000000001 
0.0000000001 0.0000000000 0.0000000001 
0.0000000001 0.0000000000 0.0000000001 
0.0000000001 0.0000000000 0.0000000001 
0.0000000001 0.0000000000 0.0000000001 
0.0000000001 0.0000000000 0.0000000001 
0.0000000001 0.0000000000 0.0000000001 
0.0000000001 0.0000000000 0.0000000001 
0.0000000001 0.0000000000 0.0000000001 
0.0000000001 0.0000000000 0.0000000001 
0.0000000001 0.0000000000 0.0000000001 
0.0000000001 0.0000000000 0.0000000001 
0.0000000001 0.0000000000 0.0000000001 
0.0000000001 0.0000000000 0.0000000001 
0.0000000001 0.0000000000 0.0000000001 
0.0000000001 0.0000000000 0.0000000001 
0.0000000001 0.0000000000 0.0000000001 
0.0000000001 0.0000000000 0.0000000001 
0.0000000001 0.0000000000 0.0000000001 
0.0000000001 0.0000000000 0.0000000001 
0.0000000001 0.0000000000 0.0000000001 
0.0000000001 0.0000000000 0.0000000001 
0.0000000001 0.0000000000 0.0000000001 
0.0000000001 0.0000000000 0.0000000001 
0.0000000001 0.0000000000 0.0000000001 
0.0000000001 0.0000000000 0.0000000001 
0.0000000001 0.0000000000 0.0000000001 
0.0000000001 0.0000000000 0.0000000001 
0.0000000001 0.0000000000 0.0000000001 
0.0000000001 0.0000000000 0.0000000001 
0.0000000001 0.0000000000 0.0000000001 
0.0000000001 0.0000000000 0.0000000001 
0.0000000001 0.0000000000 0.0000000001 
0.0000000001 0.0000000000 0.0000000001 
0.0000000001 0.0000000000 0.0000000001 
0.0000000001 0.0000000000 0.0000000001 
0.0000000001 0.0000000000 0.0000000001 
0.0000000001 0.0000000000 0.0000000001 
0.0000000001 0.0000000000 0.0000000001 
0.0000000001 0.0000000000 0.0000000001 
0.0000000001 0.0000000000 0.0000000001 
0.0000000001 0.0000000000 0.0000000001 
0.0000000001 0.0000000000 0.0000000001 
0.0000000001 0.0000000000 0.0000000001 
0.0000000001 0.0000000000 0.0000000001 
0.0000000001 0.0000000000 0.0000000001 
0.0000000001 0.0000000000 0.0000000001 
0.0000000001 0.0000000000 0.0000000001 
0.0000000001 0.0000000000 0.0000000001 
0.0000000001 0.0000000000 0.0000000001 
0.0000000001 0.0000000000 0.0000000001 
0.0000000001 0.0000000000 0.0000000001 
0.0000000001 0.0000000000 0.0000000001 
0.0000000001 0.0000000000 0.0000000001 
0.0000000001 0.0000000000 0.0000000001 
0.0000000001 0.0000000000 0.0000000001 
0.0000000001 0.0000000000 0.0000000001 
0.0000000001 0.0000000000 0.0000000001 
0.0000000001 0.0000000000 0.0000000001 
0.0000000001 0.0000000000 0.0000000001 
0.0000000001 0.0000000000 0.0000000001 
0.0000000001 0.0000000000 0.0000000001 
0.0000000001 0.0000000000 0.0000000001 
0.0000000001 0.0000000000 0.0000000001 
0.0000000001 0.0000000000 0.0000000001 
0.0000000001 0.0000000000 0.0000000001 
0.0000000001 0.0000000000 0.0000000001 
0.0000000001 0.0000000000 0.0000000001 
0.0000000001 0.0000000000 0.0000000001 
0.0000000001 0.0000000000 0.0000000001 
0.0000000001 0.0000000000 0.0000000001 
0.0000000001 0.0000000000 0.0000000001 
0.0000000001 0.0000000000 0.0000000001 
0.0000000001 0.0000000000 0.0000000001 
0.0000000001 0.0000000000 0.0000000001 
0.0000000001 0.0000000000 0.0000000001 
0.0000000001 0.0000000000 0.0000000001 
0.0000000001 0.0000000000 0.0000000001 
0.0000000001 0.0000000000 0.0000000001 
0.0000000001 0.0000000000 0.0000000001 
0.0000000001 0.0000000000 0.0000000001 
0.0000000001 0.0000000000 0.0000000001 
0.0000000001 0.0000000000 0.0000000001 
0.0000000001 0.0000000000 0.0000000001 
0.0000000001 0.0000000000 0.0000000001 
0.0000000001 0.0000000000 0.0000000001 
0.0000000001 0.0000000000 0.0000000001 
0.0000000001 0.0000000000 0.0000000001 
0.0000000001 0.0000000000 0.0000000001 
0.0000000001 0.0000000000 0.0000000001 
0.0000000001 0.0000000000 0.0000000001 
0.0000000001 0.0000000000 0.0000000001 
0.0000000001 0.0000000000 0.0000000001 
0.0000000001 0.0000000000 0.0000000001 
0.0000000001 0.0000000000 0.0000000001 
0.0000000001 0.0000000000 0.0000000001 
0.0000000001 0.0000000000 0.0000000001 
0.0000000001 0.0000000000 0.0000000001 
0.0000000001 0.0000000000 0.0000000001 
0.0000000001 0.0000000000 0.0000000001 
0.0000000001 0.0000000000 0.0000000001 
0.0000000001 0.0000000000 0.0000000001 
0.0000000001 0.0000000000 0.0000000001 
0.0000000001 0.0000000000 0.0000000001 
0.0000000001 0.0000000000 0.0000000001 
0.0000000001 0.0000000000 0.0000000001 
0.0000000001 0.0000000000 0.0000000001 
0.0000000001 0.0000000000 0.0000000001 
0.0000000001 0.0000000000 0.0000000001 
0.0000000001 0.0000000000 0.0000000001 
0.0000000001 0.0000000000 0.0000000001 
0.0000000001 0.0000000000 0.0000000001 
0.0000000001 0.0000000000 0.0000000001 
0.0000000001 0.0000000000 0.0000000001 
0.0000000001 0.0000000000 0.0000000001 
0.0000000001 0.0000000000 0.0000000001 
0.0000000001 0.0000000000 0.0000000001 
0.0000000001 0.0000000000 0.0000000001 
0.0000000001 0.0000000000 0.0000000001 
0.0000000001 0.0000000000 0.0000000001 
0.0000000001 0.0000000000 0.0000000001 
0.0000000001 0.0000000000 0.0000000001 
0.0000000001 0.0000000000 0.0000000001 
0.0000000001 0.0000000000 0.0000000001 
0.0000000001 0.0000000000 0.0000000001 
0.0000000001 0.0000000000 0.0000000001 
0.0000000001 0.0000000000 0.0000000001 
0.0000000001 0.0000000000 0.0000000001 
0.0000000001 0.0000000000 0.0000000001 
0.0000000001 0.0000000000 0.0000000001 
0.0000000001 0.0000000000 0.0000000001 
0.0000000001 0.0000000000 0.0000000001 
0.0000000001 0.0000000000 0.0000000001 
0.0000000001 0.0000000000 0.0000000001 
0.0000000001 0.0000000000 0.0000000001 
0.0000000001 0.0000000000 0.0000000001 
0.0000000001 0.0000000000 0.0000000001 
0.0000000001 0.0000000000 0.0000000001 
0.0000000001 0.0000000000 0.0000000001 
0.0000000001 0.0000000000 0.0000000001 
0.0000000001 0.0000000000 0.0000000001 
0.0000000001 0.0000000000 0.0000000001 
0.0000000001 0.0000000000 0.0000000001 
0.0000000001 0.0000000000 0.0000000001 
0.0000000001 0.0000000000 0.0000000001 
0.0000000001 0.0000000000 0.0000000001 
0.0000000001 0.0000000000 0.0000000001 
0.0000000001 0.0000000000 0.0000000001 
0.0000000001 0.0000000000 0.0000000001 
0.0000000001 0.0000000000 0.0000000001 
0.0000000001 0.0000000000 0.0000000001 
0.0000000001 0.0000000000 0.0000000001 
0.0000000001 0.0000000000 0.0000000001 
0.0000000001 0.0000000000 0.0000000001 
0.0000000001 0.0000000000 0.0000000001 
0.0000000001 0.0000000000 0.0000000001 
0.0000000001 0.0000000000 0.0000000001 
0.0000000001 0.0000000000 0.0000000001 
0.0000000001 0.0000000000 0.0000000001 
0.0000000001 0.0000000000 0.0000000001 
0.0000000001 0.0000000000 0.0000000001 
0.0000000001 0.0000000000 0.0000000001 
0.0000000001 0.0000000000 0.0000000001 
0.0000000001 0.0000000000 0.0000000001 
0.0000000001 0.0000000000 0.0000000001 
0.0000000001 0.0000000000 0.0000000001 
0.0000000001 0.0000000000 0.0000000001 
0.0000000001 0.0000000000 0.0000000001 
0.0000000001 0.0000000000 0.0000000001 
0.0000000001 0.0000000000 0.0000000001 
0.0000000001 0.0000000000 0.0000000001 
0.0000000001 0.0000000000 0.0000000001 
0.0000000001 0.0000000000 0.0000000001 
0.0000000001 0.0000000000 0.0000000001 
0.0000000001 0.0000000000 0.0000000001 
0.0000000001 0.0000000000 0.0000000001 
0.0000000001 0.0000000000 0.0000000001 
0.0000000001 0.0000000000 0.0000000001 
0.0000000001 0.0000000000 0.0000000001 
0.0000000001 0.0000000000 0.0000000001 
0.0000000001 0.0000000000 0.0000000001 
0.0000000001 0.0000000000 0.0000000001 
0.0000000001 0.0000000000 0.0000000001 
0.0000000001 0.0000000000 0.0000000001 
0.0000000001 0.0000000000 0.0000000001 
0.0000000001 0.0000000000 0.0000000001 
0.0000000001 0.0000000000 0.0000000001 
0.0000000001 0.0000000000 0.0000000001 
0.0000000001 0.0000000000 0.0000000001 
0.0000000001 0.0000000000 0.0000000001 
0.0000000001 0.0000000000 0.0000000001 
0.0000000001 0.0000000000 0.0000000001 
0.0000000001 0.0000000000 0.0000000001 
0.0000000001 0.0000000000 0.0000000001 
0.0000000001 0.0000000000 0.0000000001 
0.0000000001 0.0000000000 0.0000000001 
0.0000000001 0.0000000000 0.0000000001 
0.0000000001 0.0000000000 0.0000000001 
0.0000000001 0.0000000000 0.0000000001 
0.0000000001 0.0000000000 0.0000000001 
0.0000000001 0.0000000000 0.0000000001 
0.0000000001 0.0000000000 0.0000000001 
0.0000000001 0.0000000000 0.0000000001 
0.0000000001 0.0000000000 0.0000000001 
0.0000000001 0.0000000000 0.0000000001 
0.0000000001 0.0000000000 0.0000000001 
0.0000000001 0.0000000000 0.0000000001 
0.0000000001 0.0000000000 0.0000000001 
0.0000000001 0.0000000000 0.0000000001 
0.0000000001 0.0000000000 0.0000000001 
0.0000000001 0.0000000000 0.0000000001 
0.0000000001 0.0000000000 0.0000000001 
0.0000000001 0.0000000000 0.0000000001 
0.0000000001 0.0000000000 0.0000000001 
0.0000000001 0.0000000000 0.0000000001 
0.0000000001 0.0000000000 0.0000000001 
0.0000000001 0.0000000000 0.0000000001 
0.0000000001 0.0000000000 0.0000000001 
0.0000000001 0.0000000000 0.0000000001 
0.0000000001 0.0000000000 0.0000000001 
0.0000000001 0.0000000000 0.0000000001 
0.0000000001 0.0000000000 0.0000000001 
0.0000000001 0.0000000000 0.0000000001 
0.0000000001 0.0000000000 0.0000000001 
0.0000000001 0.0000000000 0.0000000001 
0.0000000001 0.0000000000 0.0000000001 
0.0000000001 0.0000000000 0.0000000001 
0.0000000001 0.0000000000 0.0000000001 
0.0000000001 0.0000000000 0.0000000001 
0.0000000001 0.0000000000 0.0000000001 
0.0000000001 0.0000000000 0.0000000001 
0.0000000001 0.0000000000 0.0000000001 
0.0000000001 0.0000000000 0.0000000001 
0.0000000001 0.0000000000 0.0000000001 
0.0000000001 0.0000000000 0.0000000001 
0.0000000001 0.0000000000 0.0000000001 
0.0000000001 0.0000000000 0.0000000001 
0.0000000001 0.0000000000 0.0000000001 
0.0000000001 0.0000000000 0.0000000001 
0.0000000001 0.0000000000 0.0000000001 
0.0000000001 0.0000000000 0.0000000001 
0.0000000001 0.0000000000 0.0000000001 
0.0000000001 0.0000000000 0.0000000001 
0.0000000001 0.0000000000 0.0000000001 
0.0000000001 0.0000000000 0.0000000001 
0.0000000001 0.0000000000 0.0000000001 
0.0000000001 0.0000000000 0.0000000001 
0.0000000001 0.0000000000 0.0000000001 
0.0000000001 0.0000000000 0.0000000001 
0.0000000001 0.0000000000 0.0000000001 
0.0000000001 0.0000000000 0.0000000001 
0.0000000001 0.0000000000 0.0000000001 
0.0000000001 0.0000000000 0.0000000001 
0.0000000001 0.0000000000 0.0000000001 
0.0000000001 0.0000000000 0.0000000001 
0.0000000001 0.0000000000 0.0000000001 
0.0000000001 0.0000000000 0.0000000001 
0.0000000001 0.0000000000 0.0000000001 
0.0000000001 0.0000000000 0.0000000001 
0.0000000001 0.0000000000 0.0000000001 
0.0000000001 0.0000000000 0.0000000001 
0.0000000001 0.0000000000 0.0000000001 
0.0000000001 0.0000000000 0.0000000001 
0.0000000001 0.0000000000 0.0000000001 
0.0000000001 0.0000000000 0.0000000001 
0.0000000001 0.0000000000 0.0000000001 
0.0000000001 0.0000000000 0.0000000001 
0.0000000001 0.0000000000 0.0000000001 
0.0000000001 0.0000000000 0.0000000001 
0.0000000001 0.0000000000 0.0000000001 
0.0000000001 0.0000000000 0.0000000001 
0.0000000001 0.0000000000 0.0000000001 
0.0000000001 0.0000000000 0.0000000001 
0.0000000001 0.0000000000 0.0000000001 
0.0000000001 0.0000000000 0.0000000001 
0.0000000001 0.0000000000 0.0000000001 
0.0000000001 0.0000000000 0.0000000001 
0.0000000001 0.0000000000 0.0000000001 
0.0000000001 0.0000000000 0.0000000001 
0.0000000001 0.0000000000 0.0000000001 
0.0000000001 0.0000000000 0.0000000001 
0.0000000001 0.0000000000 0.0000000001 
0.0000000001 0.0000000000 0.0000000001 
0.0000000001 0.0000000000 0.0000000001 
0.0000000001 0.0000000000 0.0000000001 
0.0000000001 0.0000000000 0.0000000001 
0.0000000001 0.0000000000 0.0000000001 
0.0000000001 0.0000000000 0.0000000001 
0.0000000001 0.0000000000 0.0000000001 
0.0000000001 0.0000000000 0.0000000001 
0.0000000001 0.0000000000 0.0000000001 
0.0000000001 0.0000000000 0.0000000001 
0.0000000001 0.0000000000 0.0000000001 
0.0000000001 0.0000000000 0.0000000001 
0.0000000001 0.0000000000 0.0000000001 
0.0000000001 0.0000000000 0.0000000001 
0.0000000001 0.0000000000 0.0000000001 
0.0000000001 0.0000000000 0.0000000001 
0.0000000001 0.0000000000 0.0000000001 
0.0000000001 0.0000000000 0.0000000001 
0.0000000001 0.0000000000 0.0000000001 
0.0000000001 0.0000000000 0.0000000001 
0.0000000001 0.0000000000 0.0000000001 
0.0000000001 0.0000000000 0.0000000001 
0.0000000001 0.0000000000 0.0000000001 
0.0000000001 0.0000000000 0.0000000001 
0.0000000001 0.0000000000 0.0000000001 
0.0000000001 0.0000000000 0.0000000001 
0.0000000001 0.0000000000 0.0000000001 
0.0000000001 0.0000000000 0.0000000001 
0.0000000001 0.0000000000 0.0000000001 
0.0000000001 0.0000000000 0.0000000001 
0.0000000001 0.0000000000 0.0000000001 
0.0000000001 0.0000000000 0.0000000001 
0.0000000001 0.0000000000 0.0000000001 
0.0000000001 0.0000000000 0.0000000001 
0.0000000001 0.0000000000 0.0000000001 
0.0000000001 0.0000000000 0.0000000001 
0.0000000001 0.0000000000 0.0000000001 
0.0000000001 0.0000000000 0.0000000001 
0.0000000001 0.0000000000 0.0000000001 
0.0000000001 0.0000000000 0.0000000001 
0.0000000001 0.0000000000 0.0000000001 
0.0000000001 0.0000000000 0.0000000001 
0.0000000001 0.0000000000 0.0000000001 
0.0000000001 0.0000000000 0.0000000001 
0.0000000001 0.0000000000 0.0000000001 
0.0000000001 0.0000000000 0.0000000001 
0.0000000001 0.0000000000 0.0000000001 
0.0000000001 0.0000000000 0.0000000001 
0.0000000001 0.0000000000 0.0000000001 
0.0000000001 0.0000000000 0.0000000001 
0.0000000001 0.0000000000 0.0000000001 
0.0000000001 0.0000000000 0.0000000001 
0.0000000001 0.0000000000 0.0000000001 
0.0000000001 0.0000000000 0.0000000001 
0.0000000001 0.0000000000 0.0000000001 
0.0000000001 0.0000000000 0.0000000001 
0.0000000001 0.0000000000 0.0000000001 
0.0000000001 0.0000000000 0.0000000001 
0.0000000001 0.0000000000 0.0000000001 
0.0000000001 0.0000000000 0.0000000001 
0.0000000001 0.0000000000 0.0000000001 
0.0000000001 0.0000000000 0.0000000001 
0.0000000001 0.0000000000 0.0000000001 
0.0000000001 0.0000000000 0.0000000001 
0.0000000001 0.0000000000 0.0000000001 
0.0000000001 0.0000000000 0.0000000001 
0.0000000001 0.0000000000 0.0000000001 
0.0000000001 0.0000000000 0.0000000001 
0.0000000001 0.0000000000 0.0000000001 
0.0000000001 0.0000000000 0.0000000001 
0.0000000001 0.0000000000 0.0000000001 
0.0000000001 0.0000000000 0.0000000001 
0.0000000001 0.0000000000 0.0000000001 
0.0000000001 0.0000000000 0.0000000001 
0.0000000001 0.0000000000 0.0000000001 
0.0000000001 0.0000000000 0.0000000001 
0.0000000001 0.0000000000 0.0000000001 
0.0000000001 0.0000000000 0.0000000001 
0.0000000001 0.0000000000 0.0000000001 
0.0000000001 0.0000000000 0.0000000001 
0.0000000001 0.0000000000 0.0000000001 
0.0000000001 0.0000000000 0.0000000001 
0.0000000001 0.0000000000 0.0000000001 
0.0000000001 0.0000000000 0.0000000001 
0.0000000001 0.0000000000 0.0000000001 
0.0000000001 0.0000000000 0.0000000001 
0.0000000001 0.0000000000 0.0000000001 
0.0000000001 0.0000000000 0.0000000001 
0.0000000001 0.0000000000 0.0000000001 
0.0000000001 0.0000000000 0.0000000001 
0.0000000001 0.0000000000 0.0000000001 
0.0000000001 0.0000000000 0.0000000001 
0.0000000001 0.0000000000 0.0000000001 
0.0000000001 0.0000000000 0.0000000001 
0.0000000001 0.0000000000 0.0000000001 
0.0000000001 0.0000000000 0.0000000001 
0.0000000001 0.0000000000 0.0000000001 
0.0000000001 0.0000000000 0.0000000001 
0.0000000001 0.0000000000 0.0000000001 
0.0000000001 0.0000000000 0.0000000001 
0.0000000001 0.0000000000 0.0000000001 
0.0000000001 0.0000000000 0.0000000001 
0.0000000001 0.0000000000 0.0000000001 
0.0000000001 0.0000000000 0.0000000001 
0.0000000001 0.0000000000 0.0000000001 
0.0000000001 0.0000000000 0.0000000001 
0.0000000001 0.0000000000 0.0000000001 
0.0000000001 0.0000000000 0.0000000001 
0.0000000001 0.0000000000 0.0000000001 
0.0000000001 0.0000000000 0.0000000001 
0.0000000001 0.0000000000 0.0000000001 
0.0000000001 0.0000000000 0.0000000001 
0.0000000001 0.0000000000 0.0000000001 
0.0000000001 0.0000000000 0.0000000001 
0.0000000001 0.0000000000 0.0000000001 
0.0000000001 0.0000000000 0.0000000001 
0.0000000001 0.0000000000 0.0000000001 
0.0000000001 0.0000000000 0.0000000001 
0.0000000001 0.0000000000 0.0000000001 
0.0000000001 0.0000000000 0.0000000001 
0.0000000001 0.0000000000 0.0000000001 
0.0000000001 0.0000000000 0.0000000001 
0.0000000001 0.0000000000 0.0000000001 
0.0000000001 0.0000000000 0.0000000001 
0.0000000001 0.0000000000 0.0000000001 
0.0000000001 0.0000000000 0.0000000001 
0.0000000001 0.0000000000 0.0000000001 
0.0000000001 0.0000000000 0.0000000001 
0.0000000001 0.0000000000 0.0000000001 
0.0000000001 0.0000000000 0.0000000001 
0.0000000001 0.0000000000 0.0000000001 
0.0000000001 0.0000000000 0.0000000001 
0.0000000001 0.0000000000 0.0000000001 
0.0000000001 0.0000000000 0.0000000001 
0.0000000001 0.0000000000 0.0000000001 
0.0000000001 0.0000000000 0.0000000001 
0.0000000001 0.0000000000 0.0000000001 
0.0000000001 0.0000000000 0.0000000001 
0.0000000001 0.0000000000 0.0000000001 
0.0000000001 0.0000000000 0.0000000001 
0.0000000001 0.0000000000 0.0000000001 
0.0000000001 0.0000000000 0.0000000001 
0.0000000001 0.0000000000 0.0000000001 
0.0000000001 0.0000000000 0.0000000001 
0.0000000001 0.0000000000 0.0000000001 
0.0000000001 0.0000000000 0.0000000001 
0.0000000001 0.0000000000 0.0000000001 
0.0000000001 0.0000000000 0.0000000001 
0.0000000001 0.0000000000 0.0000000001 
0.0000000001 0.0000000000 0.0000000001 
0.0000000001 0.0000000000 0.0000000001 
0.0000000001 0.0000000000 0.0000000001 
0.0000000001 0.0000000000 0.0000000001 
0.0000000001 0.0000000000 0.0000000001 
0.0000000001 0.0000000000 0.0000000001 
0.0000000001 0.0000000000 0.0000000001 
0.0000000001 0.0000000000 0.0000000001 
0.0000000001 0.0000000000 0.0000000001 
0.0000000001 0.0000000000 0.0000000001 
0.0000000001 0.0000000000 0.0000000001 
0.0000000001 0.0000000000 0.0000000001 
0.0000000001 0.0000000000 0.0000000001 
0.0000000001 0.0000000000 0.0000000001 
0.0000000001 0.0000000000 0.0000000001 
0.0000000001 0.0000000000 0.0000000001 
0.0000000001 0.0000000000 0.0000000001 
0.0000000001 0.0000000000 0.0000000001 
0.0000000001 0.0000000000 0.0000000001 
0.0000000001 0.0000000000 0.0000000001 
0.0000000001 0.0000000000 0.0000000001 
0.0000000001 0.0000000000 0.0000000001 
0.0000000001 0.0000000000 0.0000000001 
0.0000000001 0.0000000000 0.0000000001 
0.0000000001 0.0000000000 0.0000000001 
0.0000000001 0.0000000000 0.0000000001 
0.0000000001 0.0000000000 0.0000000001 
0.0000000001 0.0000000000 0.0000000001 
0.0000000001 0.0000000000 0.0000000001 
0.0000000001 0.0000000000 0.0000000001 
0.0000000001 0.0000000000 0.0000000001 
0.0000000001 0.0000000000 0.0000000001 
0.0000000001 0.0000000000 0.0000000001 
0.0000000001 0.0000000000 0.0000000001 
0.0000000001 0.0000000000 0.0000000001 
0.0000000001 0.0000000000 0.0000000001 
0.0000000001 0.0000000000 0.0000000001 
0.0000000001 0.0000000000 0.0000000001 
