0.0000006700 -0.0000004100 0.0000010673 
0.0000006689 -0.0000003977 0.0000010514 
0.0000006679 -0.0000003860 0.0000010359 
0.0000006669 -0.0000003749 0.0000010208 
0.0000006660 -0.0000003642 0.0000010060 
0.0000006650 -0.0000003540 0.0000009914 
0.0000006640 -0.0000003442 0.0000009771 
0.0000006629 -0.0000003346 0.0000009630 
0.0000006618 -0.0000003254 0.0000009491 
0.0000006606 -0.0000003165 0.0000009353 
0.0000006593 -0.0000003078 0.0000009217 
0.0000006579 -0.0000002993 0.0000009082 
0.0000006564 -0.0000002910 0.0000008948 
0.0000006548 -0.0000002829 0.0000008815 
0.0000006531 -0.0000002750 0.0000008684 
0.0000006514 -0.0000002673 0.0000008553 
0.0000006495 -0.0000002597 0.0000008423 
0.0000006475 -0.0000002523 0.0000008293 
0.0000006453 -0.0000002450 0.0000008165 
0.0000006431 -0.0000002378 0.0000008038 
0.0000006408 -0.0000002308 0.0000007911 
0.0000006383 -0.0000002239 0.0000007785 
0.0000006358 -0.0000002172 0.0000007660 
0.0000006331 -0.0000002106 0.0000007535 
0.0000006305 -0.0000002040 0.0000007411 
0.0000006279 -0.0000001976 0.0000007288 
0.0000006252 -0.0000001913 0.0000007165 
0.0000006225 -0.0000001851 0.0000007043 
0.0000006197 -0.0000001790 0.0000006922 
0.0000006170 -0.0000001730 0.0000006801 
0.0000006143 -0.0000001671 0.0000006682 
0.0000006116 -0.0000001612 0.0000006562 
0.0000006089 -0.0000001555 0.0000006444 
0.0000006062 -0.0000001498 0.0000006326 
0.0000006036 -0.0000001442 0.0000006209 
0.0000006010 -0.0000001386 0.0000006093 
0.0000005984 -0.0000001332 0.0000005977 
0.0000005959 -0.0000001278 0.0000005862 
0.0000005935 -0.0000001225 0.0000005748 
0.0000005911 -0.0000001172 0.0000005634 
0.0000005888 -0.0000001120 0.0000005521 
0.0000005867 -0.0000001069 0.0000005409 
0.0000005846 -0.0000001019 0.0000005297 
0.0000005827 -0.0000000969 0.0000005186 
0.0000005809 -0.0000000920 0.0000005076 
0.0000005791 -0.0000000871 0.0000004967 
0.0000005773 -0.0000000824 0.0000004859 
0.0000005756 -0.0000000776 0.0000004753 
0.0000005738 -0.0000000730 0.0000004647 
0.0000005721 -0.0000000684 0.0000004542 
0.0000005704 -0.0000000639 0.0000004438 
0.0000005688 -0.0000000595 0.0000004336 
0.0000005672 -0.0000000551 0.0000004234 
0.0000005657 -0.0000000508 0.0000004133 
0.0000005642 -0.0000000466 0.0000004033 
0.0000005627 -0.0000000424 0.0000003935 
0.0000005612 -0.0000000382 0.0000003837 
0.0000005598 -0.0000000341 0.0000003741 
0.0000005584 -0.0000000301 0.0000003645 
0.0000005570 -0.0000000262 0.0000003551 
0.0000005556 -0.0000000223 0.0000003458 
0.0000005542 -0.0000000184 0.0000003366 
0.0000005529 -0.0000000146 0.0000003275 
0.0000005515 -0.0000000109 0.0000003185 
0.0000005502 -0.0000000072 0.0000003096 
0.0000005490 -0.0000000035 0.0000003008 
0.0000005477 0.0000000001 0.0000002921 
0.0000005465 0.0000000037 0.0000002836 
0.0000005452 0.0000000073 0.0000002752 
0.0000005440 0.0000000108 0.0000002668 
0.0000005428 0.0000000143 0.0000002586 
0.0000005416 0.0000000177 0.0000002505 
0.0000005404 0.0000000211 0.0000002426 
0.0000005393 0.0000000244 0.0000002347 
0.0000005383 0.0000000277 0.0000002270 
0.0000005373 0.0000000309 0.0000002194 
0.0000005363 0.0000000341 0.0000002120 
0.0000005353 0.0000000373 0.0000002046 
0.0000005342 0.0000000404 0.0000001974 
0.0000005332 0.0000000434 0.0000001902 
0.0000005322 0.0000000464 0.0000001832 
0.0000005312 0.0000000494 0.0000001763 
0.0000005303 0.0000000523 0.0000001695 
0.0000005294 0.0000000552 0.0000001628 
0.0000005285 0.0000000581 0.0000001563 
0.0000005276 0.0000000609 0.0000001498 
0.0000005266 0.0000000636 0.0000001434 
0.0000005257 0.0000000663 0.0000001370 
0.0000005248 0.0000000690 0.0000001308 
0.0000005238 0.0000000716 0.0000001246 
0.0000005229 0.0000000742 0.0000001186 
0.0000005220 0.0000000768 0.0000001127 
0.0000005211 0.0000000793 0.0000001069 
0.0000005203 0.0000000818 0.0000001012 
0.0000005195 0.0000000842 0.0000000956 
0.0000005186 0.0000000867 0.0000000901 
0.0000005179 0.0000000891 0.0000000847 
0.0000005170 0.0000000914 0.0000000794 
0.0000005162 0.0000000937 0.0000000742 
0.0000005154 0.0000000959 0.0000000690 
0.0000005145 0.0000000981 0.0000000640 
0.0000005137 0.0000001002 0.0000000591 
0.0000005129 0.0000001024 0.0000000543 
0.0000005120 0.0000001045 0.0000000495 
0.0000005112 0.0000001065 0.0000000449 
0.0000005104 0.0000001085 0.0000000404 
0.0000005095 0.0000001105 0.0000000360 
0.0000005087 0.0000001125 0.0000000317 
0.0000005079 0.0000001144 0.0000000275 
0.0000005079 0.0000001144 0.0000000275 
0.0000005079 0.0000001144 0.0000000275 
0.0000005079 0.0000001144 0.0000000275 
0.0000005079 0.0000001144 0.0000000275 
0.0000005079 0.0000001144 0.0000000275 
0.0000005079 0.0000001144 0.0000000275 
0.0000005079 0.0000001144 0.0000000275 
0.0000005079 0.0000001144 0.0000000275 
0.0000005079 0.0000001144 0.0000000275 
0.0000005079 0.0000001144 0.0000000275 
0.0000005079 0.0000001144 0.0000000275 
0.0000005079 0.0000001144 0.0000000275 
0.0000005079 0.0000001144 0.0000000275 
0.0000005079 0.0000001144 0.0000000275 
0.0000005079 0.0000001144 0.0000000275 
0.0000005079 0.0000001144 0.0000000275 
0.0000005079 0.0000001144 0.0000000275 
0.0000005079 0.0000001144 0.0000000275 
0.0000005079 0.0000001144 0.0000000275 
0.0000005076 0.0000001158 0.0000000265 
0.0000005076 0.0000001158 0.0000000265 
0.0000005076 0.0000001158 0.0000000265 
0.0000005076 0.0000001158 0.0000000265 
0.0000005076 0.0000001158 0.0000000265 
0.0000005076 0.0000001158 0.0000000265 
0.0000005083 0.0000001166 0.0000000268 
0.0000005091 0.0000001173 0.0000000274 
0.0000005099 0.0000001181 0.0000000281 
0.0000005107 0.0000001190 0.0000000290 
0.0000005115 0.0000001199 0.0000000300 
0.0000005122 0.0000001209 0.0000000311 
0.0000005128 0.0000001219 0.0000000322 
0.0000005133 0.0000001230 0.0000000334 
0.0000005138 0.0000001241 0.0000000347 
0.0000005142 0.0000001253 0.0000000360 
0.0000005145 0.0000001265 0.0000000373 
0.0000005148 0.0000001277 0.0000000387 
0.0000005150 0.0000001290 0.0000000400 
0.0000005151 0.0000001302 0.0000000414 
0.0000005152 0.0000001314 0.0000000428 
0.0000005153 0.0000001327 0.0000000442 
0.0000005153 0.0000001339 0.0000000456 
0.0000005152 0.0000001351 0.0000000470 
0.0000005151 0.0000001363 0.0000000483 
0.0000005149 0.0000001375 0.0000000497 
0.0000005146 0.0000001387 0.0000000509 
0.0000005143 0.0000001399 0.0000000522 
0.0000005140 0.0000001411 0.0000000533 
0.0000005136 0.0000001422 0.0000000545 
0.0000005131 0.0000001433 0.0000000556 
0.0000005127 0.0000001445 0.0000000566 
0.0000005121 0.0000001456 0.0000000576 
0.0000005116 0.0000001467 0.0000000586 
0.0000005110 0.0000001478 0.0000000595 
0.0000005104 0.0000001488 0.0000000603 
0.0000005097 0.0000001499 0.0000000611 
0.0000005090 0.0000001509 0.0000000618 
0.0000005082 0.0000001520 0.0000000625 
0.0000005074 0.0000001530 0.0000000631 
0.0000005066 0.0000001540 0.0000000636 
0.0000005058 0.0000001550 0.0000000641 
0.0000005049 0.0000001560 0.0000000645 
0.0000005039 0.0000001569 0.0000000649 
0.0000005029 0.0000001579 0.0000000652 
0.0000005020 0.0000001589 0.0000000655 
0.0000005009 0.0000001598 0.0000000657 
0.0000004999 0.0000001608 0.0000000659 
0.0000004989 0.0000001617 0.0000000660 
0.0000004978 0.0000001626 0.0000000661 
0.0000004967 0.0000001636 0.0000000662 
0.0000004956 0.0000001645 0.0000000662 
0.0000004945 0.0000001654 0.0000000662 
0.0000004933 0.0000001663 0.0000000662 
0.0000004922 0.0000001671 0.0000000662 
0.0000004910 0.0000001680 0.0000000662 
0.0000004899 0.0000001689 0.0000000662 
0.0000004888 0.0000001698 0.0000000662 
0.0000004876 0.0000001706 0.0000000662 
0.0000004865 0.0000001715 0.0000000662 
0.0000004854 0.0000001723 0.0000000663 
0.0000004843 0.0000001732 0.0000000664 
0.0000004833 0.0000001740 0.0000000666 
0.0000004823 0.0000001749 0.0000000668 
0.0000004814 0.0000001757 0.0000000671 
0.0000004805 0.0000001765 0.0000000676 
0.0000004797 0.0000001774 0.0000000680 
0.0000004790 0.0000001782 0.0000000686 
0.0000004783 0.0000001790 0.0000000693 
0.0000004778 0.0000001798 0.0000000701 
0.0000004772 0.0000001806 0.0000000709 
0.0000004768 0.0000001814 0.0000000719 
0.0000004764 0.0000001822 0.0000000729 
0.0000004761 0.0000001829 0.0000000740 
0.0000004758 0.0000001837 0.0000000751 
0.0000004756 0.0000001844 0.0000000762 
0.0000004753 0.0000001851 0.0000000774 
0.0000004751 0.0000001858 0.0000000785 
0.0000004749 0.0000001865 0.0000000797 
0.0000004746 0.0000001872 0.0000000808 
0.0000004744 0.0000001878 0.0000000818 
0.0000004742 0.0000001884 0.0000000829 
0.0000004739 0.0000001890 0.0000000838 
0.0000004737 0.0000001895 0.0000000848 
0.0000004734 0.0000001901 0.0000000857 
0.0000004732 0.0000001906 0.0000000865 
0.0000004729 0.0000001910 0.0000000872 
0.0000004727 0.0000001915 0.0000000880 
0.0000004724 0.0000001919 0.0000000886 
0.0000004722 0.0000001924 0.0000000892 
0.0000004719 0.0000001928 0.0000000898 
0.0000004717 0.0000001932 0.0000000903 
0.0000004714 0.0000001936 0.0000000908 
0.0000004711 0.0000001939 0.0000000912 
0.0000004709 0.0000001943 0.0000000916 
0.0000004706 0.0000001946 0.0000000919 
0.0000004703 0.0000001950 0.0000000922 
0.0000004700 0.0000001953 0.0000000925 
0.0000004696 0.0000001956 0.0000000928 
0.0000004693 0.0000001959 0.0000000930 
0.0000004690 0.0000001962 0.0000000932 
0.0000004686 0.0000001965 0.0000000934 
0.0000004683 0.0000001968 0.0000000936 
0.0000004679 0.0000001971 0.0000000937 
0.0000004675 0.0000001973 0.0000000939 
0.0000004672 0.0000001976 0.0000000940 
0.0000004668 0.0000001978 0.0000000942 
0.0000004665 0.0000001981 0.0000000943 
0.0000004662 0.0000001983 0.0000000943 
0.0000004658 0.0000001985 0.0000000944 
0.0000004655 0.0000001987 0.0000000945 
0.0000004652 0.0000001989 0.0000000945 
0.0000004650 0.0000001991 0.0000000945 
0.0000004647 0.0000001992 0.0000000945 
0.0000004644 0.0000001994 0.0000000945 
0.0000004642 0.0000001995 0.0000000945 
0.0000004640 0.0000001997 0.0000000945 
0.0000004638 0.0000001998 0.0000000945 
0.0000004637 0.0000001999 0.0000000945 
0.0000004635 0.0000002001 0.0000000944 
0.0000004634 0.0000002002 0.0000000944 
0.0000004634 0.0000002002 0.0000000945 
0.0000004633 0.0000002003 0.0000000945 
0.0000004633 0.0000002004 0.0000000945 
0.0000004633 0.0000002005 0.0000000945 
0.0000004633 0.0000002005 0.0000000946 
0.0000004633 0.0000002006 0.0000000946 
0.0000004633 0.0000002006 0.0000000946 
0.0000004633 0.0000002006 0.0000000947 
0.0000004634 0.0000002007 0.0000000947 
0.0000004634 0.0000002007 0.0000000948 
0.0000004635 0.0000002007 0.0000000948 
0.0000004636 0.0000002007 0.0000000949 
0.0000004637 0.0000002007 0.0000000950 
0.0000004638 0.0000002007 0.0000000950 
0.0000004639 0.0000002007 0.0000000951 
0.0000004641 0.0000002006 0.0000000952 
0.0000004642 0.0000002006 0.0000000953 
0.0000004643 0.0000002006 0.0000000954 
0.0000004645 0.0000002005 0.0000000955 
0.0000004646 0.0000002005 0.0000000956 
0.0000004648 0.0000002004 0.0000000957 
0.0000004649 0.0000002004 0.0000000958 
0.0000004651 0.0000002003 0.0000000958 
0.0000004652 0.0000002003 0.0000000959 
0.0000004654 0.0000002002 0.0000000960 
0.0000004655 0.0000002001 0.0000000961 
0.0000004656 0.0000002000 0.0000000961 
0.0000004657 0.0000001999 0.0000000962 
0.0000004658 0.0000001999 0.0000000962 
0.0000004659 0.0000001998 0.0000000963 
0.0000004659 0.0000001997 0.0000000963 
0.0000004660 0.0000001996 0.0000000964 
0.0000004660 0.0000001995 0.0000000964 
0.0000004661 0.0000001994 0.0000000964 
0.0000004661 0.0000001993 0.0000000965 
0.0000004661 0.0000001993 0.0000000965 
0.0000004660 0.0000001992 0.0000000965 
0.0000004660 0.0000001991 0.0000000965 
0.0000004660 0.0000001990 0.0000000965 
0.0000004659 0.0000001989 0.0000000965 
0.0000004658 0.0000001988 0.0000000965 
0.0000004657 0.0000001987 0.0000000965 
0.0000004655 0.0000001985 0.0000000965 
0.0000004654 0.0000001984 0.0000000964 
0.0000004652 0.0000001983 0.0000000964 
0.0000004650 0.0000001982 0.0000000964 
0.0000004648 0.0000001981 0.0000000963 
0.0000004646 0.0000001980 0.0000000962 
0.0000004643 0.0000001979 0.0000000962 
0.0000004640 0.0000001977 0.0000000961 
0.0000004637 0.0000001976 0.0000000960 
0.0000004634 0.0000001975 0.0000000959 
0.0000004630 0.0000001974 0.0000000958 
0.0000004627 0.0000001972 0.0000000957 
0.0000004623 0.0000001971 0.0000000956 
0.0000004619 0.0000001970 0.0000000955 
0.0000004615 0.0000001969 0.0000000954 
0.0000004611 0.0000001967 0.0000000952 
0.0000004606 0.0000001966 0.0000000951 
0.0000004602 0.0000001965 0.0000000950 
0.0000004597 0.0000001963 0.0000000948 
0.0000004593 0.0000001962 0.0000000947 
0.0000004588 0.0000001960 0.0000000945 
0.0000004583 0.0000001959 0.0000000943 
0.0000004578 0.0000001957 0.0000000942 
0.0000004573 0.0000001956 0.0000000940 
0.0000004568 0.0000001954 0.0000000939 
0.0000004563 0.0000001952 0.0000000937 
0.0000004557 0.0000001951 0.0000000935 
0.0000004552 0.0000001949 0.0000000934 
0.0000004546 0.0000001947 0.0000000932 
0.0000004541 0.0000001945 0.0000000931 
0.0000004535 0.0000001943 0.0000000929 
0.0000004530 0.0000001941 0.0000000927 
0.0000004524 0.0000001939 0.0000000925 
0.0000004519 0.0000001936 0.0000000924 
0.0000004513 0.0000001934 0.0000000922 
0.0000004507 0.0000001932 0.0000000921 
0.0000004500 0.0000001929 0.0000000919 
0.0000004494 0.0000001927 0.0000000918 
0.0000004487 0.0000001925 0.0000000916 
0.0000004481 0.0000001922 0.0000000915 
0.0000004474 0.0000001920 0.0000000914 
0.0000004467 0.0000001917 0.0000000913 
0.0000004459 0.0000001915 0.0000000911 
0.0000004452 0.0000001912 0.0000000910 
0.0000004445 0.0000001909 0.0000000909 
0.0000004437 0.0000001907 0.0000000908 
0.0000004430 0.0000001904 0.0000000908 
0.0000004422 0.0000001901 0.0000000907 
0.0000004414 0.0000001898 0.0000000906 
0.0000004406 0.0000001896 0.0000000905 
0.0000004398 0.0000001893 0.0000000904 
0.0000004390 0.0000001890 0.0000000904 
0.0000004382 0.0000001888 0.0000000903 
0.0000004374 0.0000001885 0.0000000903 
0.0000004365 0.0000001882 0.0000000902 
0.0000004357 0.0000001879 0.0000000902 
0.0000004348 0.0000001876 0.0000000901 
0.0000004339 0.0000001874 0.0000000901 
0.0000004331 0.0000001871 0.0000000901 
0.0000004322 0.0000001868 0.0000000900 
0.0000004313 0.0000001865 0.0000000900 
0.0000004304 0.0000001862 0.0000000900 
0.0000004294 0.0000001859 0.0000000899 
0.0000004285 0.0000001856 0.0000000899 
0.0000004276 0.0000001854 0.0000000898 
0.0000004266 0.0000001851 0.0000000898 
0.0000004256 0.0000001848 0.0000000898 
0.0000004246 0.0000001845 0.0000000897 
0.0000004236 0.0000001842 0.0000000897 
0.0000004226 0.0000001839 0.0000000897 
0.0000004216 0.0000001836 0.0000000896 
0.0000004206 0.0000001833 0.0000000896 
0.0000004195 0.0000001830 0.0000000895 
0.0000004185 0.0000001827 0.0000000895 
0.0000004174 0.0000001823 0.0000000894 
0.0000004163 0.0000001820 0.0000000893 
0.0000004153 0.0000001817 0.0000000892 
0.0000004142 0.0000001814 0.0000000892 
0.0000004131 0.0000001810 0.0000000891 
0.0000004120 0.0000001807 0.0000000890 
0.0000004109 0.0000001803 0.0000000889 
0.0000004098 0.0000001800 0.0000000888 
0.0000004087 0.0000001796 0.0000000886 
0.0000004076 0.0000001792 0.0000000885 
0.0000004064 0.0000001789 0.0000000884 
0.0000004053 0.0000001785 0.0000000883 
0.0000004042 0.0000001781 0.0000000881 
0.0000004030 0.0000001777 0.0000000880 
0.0000004019 0.0000001773 0.0000000879 
0.0000004007 0.0000001769 0.0000000877 
0.0000003996 0.0000001764 0.0000000876 
0.0000003984 0.0000001760 0.0000000874 
0.0000003972 0.0000001756 0.0000000872 
0.0000003961 0.0000001752 0.0000000871 
0.0000003949 0.0000001747 0.0000000869 
0.0000003937 0.0000001743 0.0000000867 
0.0000003925 0.0000001738 0.0000000865 
0.0000003913 0.0000001734 0.0000000864 
0.0000003901 0.0000001729 0.0000000862 
0.0000003889 0.0000001725 0.0000000860 
0.0000003876 0.0000001720 0.0000000858 
0.0000003864 0.0000001716 0.0000000856 
0.0000003852 0.0000001711 0.0000000853 
0.0000003840 0.0000001706 0.0000000851 
0.0000003827 0.0000001701 0.0000000848 
0.0000003815 0.0000001696 0.0000000846 
0.0000003803 0.0000001690 0.0000000843 
0.0000003790 0.0000001685 0.0000000840 
0.0000003778 0.0000001680 0.0000000837 
0.0000003765 0.0000001674 0.0000000835 
0.0000003753 0.0000001669 0.0000000832 
0.0000003740 0.0000001663 0.0000000829 
0.0000003728 0.0000001658 0.0000000826 
0.0000003715 0.0000001652 0.0000000823 
0.0000003703 0.0000001647 0.0000000820 
0.0000003690 0.0000001641 0.0000000816 
0.0000003677 0.0000001635 0.0000000813 
0.0000003665 0.0000001630 0.0000000810 
0.0000003652 0.0000001624 0.0000000807 
0.0000003639 0.0000001618 0.0000000804 
0.0000003627 0.0000001612 0.0000000800 
0.0000003614 0.0000001607 0.0000000797 
0.0000003601 0.0000001601 0.0000000794 
0.0000003588 0.0000001595 0.0000000791 
0.0000003575 0.0000001589 0.0000000787 
0.0000003562 0.0000001583 0.0000000784 
0.0000003549 0.0000001578 0.0000000781 
0.0000003536 0.0000001572 0.0000000778 
0.0000003524 0.0000001566 0.0000000774 
0.0000003511 0.0000001560 0.0000000771 
0.0000003498 0.0000001554 0.0000000768 
0.0000003485 0.0000001548 0.0000000764 
0.0000003472 0.0000001543 0.0000000761 
0.0000003458 0.0000001537 0.0000000758 
0.0000003445 0.0000001531 0.0000000755 
0.0000003432 0.0000001525 0.0000000752 
0.0000003419 0.0000001519 0.0000000748 
0.0000003406 0.0000001514 0.0000000745 
0.0000003394 0.0000001508 0.0000000742 
0.0000003381 0.0000001502 0.0000000739 
0.0000003368 0.0000001496 0.0000000736 
0.0000003355 0.0000001491 0.0000000733 
0.0000003342 0.0000001485 0.0000000730 
0.0000003329 0.0000001479 0.0000000727 
0.0000003316 0.0000001473 0.0000000724 
0.0000003303 0.0000001468 0.0000000722 
0.0000003290 0.0000001462 0.0000000719 
0.0000003277 0.0000001456 0.0000000716 
0.0000003264 0.0000001451 0.0000000713 
0.0000003251 0.0000001445 0.0000000711 
0.0000003238 0.0000001440 0.0000000708 
0.0000003225 0.0000001434 0.0000000705 
0.0000003212 0.0000001428 0.0000000703 
0.0000003199 0.0000001423 0.0000000700 
0.0000003186 0.0000001417 0.0000000698 
0.0000003173 0.0000001411 0.0000000695 
0.0000003160 0.0000001406 0.0000000693 
0.0000003147 0.0000001400 0.0000000690 
0.0000003134 0.0000001394 0.0000000688 
0.0000003120 0.0000001389 0.0000000685 
0.0000003107 0.0000001383 0.0000000683 
0.0000003094 0.0000001377 0.0000000680 
0.0000003080 0.0000001371 0.0000000677 
0.0000003067 0.0000001366 0.0000000675 
0.0000003053 0.0000001360 0.0000000672 
0.0000003039 0.0000001354 0.0000000670 
0.0000003025 0.0000001348 0.0000000667 
0.0000003011 0.0000001342 0.0000000665 
0.0000002997 0.0000001337 0.0000000662 
0.0000002983 0.0000001331 0.0000000659 
0.0000002969 0.0000001325 0.0000000657 
0.0000002955 0.0000001319 0.0000000654 
0.0000002940 0.0000001313 0.0000000652 
0.0000002926 0.0000001308 0.0000000649 
0.0000002911 0.0000001302 0.0000000647 
0.0000002897 0.0000001296 0.0000000644 
0.0000002882 0.0000001290 0.0000000642 
0.0000002867 0.0000001284 0.0000000639 
0.0000002853 0.0000001278 0.0000000637 
0.0000002838 0.0000001273 0.0000000635 
0.0000002823 0.0000001267 0.0000000632 
0.0000002808 0.0000001261 0.0000000630 
0.0000002793 0.0000001255 0.0000000628 
0.0000002778 0.0000001249 0.0000000626 
0.0000002763 0.0000001244 0.0000000624 
0.0000002748 0.0000001238 0.0000000622 
0.0000002733 0.0000001232 0.0000000620 
0.0000002718 0.0000001227 0.0000000618 
0.0000002703 0.0000001221 0.0000000616 
0.0000002688 0.0000001215 0.0000000614 
0.0000002673 0.0000001210 0.0000000612 
0.0000002657 0.0000001204 0.0000000610 
0.0000002642 0.0000001199 0.0000000608 
0.0000002627 0.0000001193 0.0000000606 
0.0000002612 0.0000001187 0.0000000604 
0.0000002597 0.0000001182 0.0000000602 
0.0000002582 0.0000001176 0.0000000601 
0.0000002566 0.0000001170 0.0000000599 
0.0000002551 0.0000001164 0.0000000596 
0.0000002536 0.0000001159 0.0000000594 
0.0000002520 0.0000001153 0.0000000592 
0.0000002505 0.0000001147 0.0000000590 
0.0000002490 0.0000001142 0.0000000588 
0.0000002474 0.0000001136 0.0000000586 
0.0000002459 0.0000001130 0.0000000583 
0.0000002443 0.0000001124 0.0000000581 
0.0000002428 0.0000001118 0.0000000578 
0.0000002412 0.0000001112 0.0000000576 
0.0000002397 0.0000001106 0.0000000573 
0.0000002381 0.0000001100 0.0000000571 
0.0000002366 0.0000001094 0.0000000568 
0.0000002350 0.0000001088 0.0000000565 
0.0000002335 0.0000001082 0.0000000562 
0.0000002320 0.0000001076 0.0000000559 
0.0000002304 0.0000001070 0.0000000556 
0.0000002289 0.0000001064 0.0000000553 
0.0000002274 0.0000001058 0.0000000550 
0.0000002258 0.0000001052 0.0000000547 
0.0000002243 0.0000001046 0.0000000544 
0.0000002228 0.0000001039 0.0000000541 
0.0000002213 0.0000001033 0.0000000537 
0.0000002198 0.0000001027 0.0000000534 
0.0000002183 0.0000001021 0.0000000531 
0.0000002169 0.0000001014 0.0000000528 
0.0000002154 0.0000001008 0.0000000524 
0.0000002139 0.0000001002 0.0000000521 
0.0000002125 0.0000000996 0.0000000517 
0.0000002111 0.0000000989 0.0000000514 
0.0000002096 0.0000000983 0.0000000511 
0.0000002082 0.0000000977 0.0000000507 
0.0000002068 0.0000000971 0.0000000504 
0.0000002055 0.0000000965 0.0000000501 
0.0000002041 0.0000000958 0.0000000497 
0.0000002028 0.0000000952 0.0000000494 
0.0000002014 0.0000000946 0.0000000491 
0.0000002001 0.0000000940 0.0000000487 
0.0000001988 0.0000000933 0.0000000484 
0.0000001975 0.0000000927 0.0000000481 
0.0000001963 0.0000000921 0.0000000477 
0.0000001950 0.0000000915 0.0000000474 
0.0000001937 0.0000000908 0.0000000471 
0.0000001925 0.0000000902 0.0000000468 
0.0000001912 0.0000000896 0.0000000464 
0.0000001900 0.0000000890 0.0000000461 
0.0000001888 0.0000000883 0.0000000458 
0.0000001876 0.0000000877 0.0000000454 
0.0000001863 0.0000000871 0.0000000451 
0.0000001851 0.0000000864 0.0000000448 
0.0000001840 0.0000000858 0.0000000445 
0.0000001828 0.0000000852 0.0000000442 
0.0000001816 0.0000000846 0.0000000438 
0.0000001804 0.0000000839 0.0000000435 
0.0000001792 0.0000000833 0.0000000432 
0.0000001781 0.0000000827 0.0000000429 
0.0000001769 0.0000000820 0.0000000426 
0.0000001757 0.0000000814 0.0000000422 
0.0000001745 0.0000000808 0.0000000419 
0.0000001734 0.0000000802 0.0000000416 
0.0000001722 0.0000000795 0.0000000413 
0.0000001710 0.0000000789 0.0000000409 
0.0000001699 0.0000000783 0.0000000406 
0.0000001687 0.0000000776 0.0000000403 
0.0000001675 0.0000000770 0.0000000399 
0.0000001663 0.0000000764 0.0000000396 
0.0000001651 0.0000000757 0.0000000392 
0.0000001639 0.0000000751 0.0000000389 
0.0000001627 0.0000000744 0.0000000385 
0.0000001615 0.0000000738 0.0000000381 
0.0000001603 0.0000000732 0.0000000377 
0.0000001591 0.0000000725 0.0000000373 
0.0000001579 0.0000000719 0.0000000369 
0.0000001566 0.0000000712 0.0000000365 
0.0000001554 0.0000000706 0.0000000361 
0.0000001541 0.0000000700 0.0000000357 
0.0000001529 0.0000000693 0.0000000353 
0.0000001516 0.0000000687 0.0000000349 
0.0000001503 0.0000000681 0.0000000345 
0.0000001490 0.0000000675 0.0000000341 
0.0000001477 0.0000000668 0.0000000337 
0.0000001464 0.0000000662 0.0000000333 
0.0000001452 0.0000000656 0.0000000329 
0.0000001439 0.0000000650 0.0000000325 
0.0000001426 0.0000000644 0.0000000321 
0.0000001413 0.0000000638 0.0000000317 
0.0000001401 0.0000000632 0.0000000314 
0.0000001388 0.0000000626 0.0000000310 
0.0000001376 0.0000000620 0.0000000306 
0.0000001363 0.0000000614 0.0000000303 
0.0000001351 0.0000000609 0.0000000299 
0.0000001339 0.0000000603 0.0000000296 
0.0000001327 0.0000000598 0.0000000293 
0.0000001315 0.0000000592 0.0000000290 
0.0000001303 0.0000000587 0.0000000287 
0.0000001291 0.0000000581 0.0000000284 
0.0000001279 0.0000000576 0.0000000281 
0.0000001267 0.0000000571 0.0000000279 
0.0000001255 0.0000000566 0.0000000276 
0.0000001243 0.0000000561 0.0000000274 
0.0000001232 0.0000000555 0.0000000271 
0.0000001220 0.0000000550 0.0000000269 
0.0000001208 0.0000000546 0.0000000267 
0.0000001196 0.0000000541 0.0000000265 
0.0000001185 0.0000000536 0.0000000263 
0.0000001173 0.0000000531 0.0000000261 
0.0000001161 0.0000000526 0.0000000260 
0.0000001150 0.0000000521 0.0000000258 
0.0000001138 0.0000000517 0.0000000256 
0.0000001127 0.0000000512 0.0000000255 
0.0000001115 0.0000000508 0.0000000253 
0.0000001104 0.0000000503 0.0000000252 
0.0000001092 0.0000000498 0.0000000251 
0.0000001081 0.0000000494 0.0000000249 
0.0000001069 0.0000000489 0.0000000248 
0.0000001057 0.0000000485 0.0000000247 
0.0000001046 0.0000000480 0.0000000246 
0.0000001034 0.0000000476 0.0000000244 
0.0000001022 0.0000000471 0.0000000243 
0.0000001010 0.0000000467 0.0000000242 
0.0000000998 0.0000000462 0.0000000240 
0.0000000986 0.0000000458 0.0000000239 
0.0000000974 0.0000000453 0.0000000237 
0.0000000961 0.0000000449 0.0000000236 
0.0000000949 0.0000000444 0.0000000234 
0.0000000937 0.0000000439 0.0000000232 
0.0000000924 0.0000000435 0.0000000231 
0.0000000912 0.0000000430 0.0000000229 
0.0000000899 0.0000000425 0.0000000227 
0.0000000886 0.0000000421 0.0000000225 
0.0000000873 0.0000000416 0.0000000223 
0.0000000860 0.0000000411 0.0000000220 
0.0000000847 0.0000000406 0.0000000218 
0.0000000833 0.0000000402 0.0000000216 
0.0000000820 0.0000000397 0.0000000213 
0.0000000807 0.0000000392 0.0000000210 
0.0000000793 0.0000000387 0.0000000208 
0.0000000780 0.0000000382 0.0000000205 
0.0000000767 0.0000000377 0.0000000202 
0.0000000754 0.0000000373 0.0000000200 
0.0000000741 0.0000000368 0.0000000197 
0.0000000728 0.0000000363 0.0000000194 
0.0000000715 0.0000000358 0.0000000191 
0.0000000703 0.0000000353 0.0000000189 
0.0000000690 0.0000000349 0.0000000186 
0.0000000678 0.0000000344 0.0000000183 
0.0000000667 0.0000000339 0.0000000181 
0.0000000655 0.0000000335 0.0000000179 
0.0000000644 0.0000000330 0.0000000176 
0.0000000634 0.0000000326 0.0000000174 
0.0000000623 0.0000000321 0.0000000173 
0.0000000614 0.0000000317 0.0000000171 
0.0000000604 0.0000000313 0.0000000169 
0.0000000595 0.0000000308 0.0000000168 
0.0000000586 0.0000000304 0.0000000166 
0.0000000577 0.0000000300 0.0000000165 
0.0000000568 0.0000000296 0.0000000164 
0.0000000560 0.0000000291 0.0000000162 
0.0000000551 0.0000000287 0.0000000161 
0.0000000543 0.0000000282 0.0000000160 
0.0000000535 0.0000000278 0.0000000158 
0.0000000526 0.0000000273 0.0000000157 
0.0000000518 0.0000000269 0.0000000155 
0.0000000509 0.0000000264 0.0000000153 
0.0000000500 0.0000000259 0.0000000151 
0.0000000492 0.0000000254 0.0000000149 
0.0000000483 0.0000000250 0.0000000147 
0.0000000473 0.0000000245 0.0000000145 
0.0000000464 0.0000000240 0.0000000142 
0.0000000454 0.0000000234 0.0000000139 
0.0000000444 0.0000000229 0.0000000136 
0.0000000434 0.0000000224 0.0000000133 
0.0000000424 0.0000000219 0.0000000130 
0.0000000414 0.0000000214 0.0000000127 
0.0000000404 0.0000000208 0.0000000124 
0.0000000393 0.0000000203 0.0000000120 
0.0000000382 0.0000000198 0.0000000116 
0.0000000372 0.0000000193 0.0000000112 
0.0000000361 0.0000000187 0.0000000109 
0.0000000351 0.0000000182 0.0000000105 
0.0000000340 0.0000000177 0.0000000100 
0.0000000330 0.0000000172 0.0000000096 
0.0000000320 0.0000000166 0.0000000092 
0.0000000310 0.0000000161 0.0000000088 
0.0000000300 0.0000000156 0.0000000084 
0.0000000291 0.0000000151 0.0000000080 
0.0000000283 0.0000000147 0.0000000077 
0.0000000275 0.0000000142 0.0000000074 
0.0000000275 0.0000000142 0.0000000074 
0.0000000267 0.0000000139 0.0000000072 
0.0000000259 0.0000000135 0.0000000072 
0.0000000253 0.0000000131 0.0000000071 
0.0000000247 0.0000000128 0.0000000071 
0.0000000241 0.0000000124 0.0000000071 
0.0000000234 0.0000000119 0.0000000070 
0.0000000227 0.0000000115 0.0000000069 
0.0000000220 0.0000000110 0.0000000069 
0.0000000212 0.0000000106 0.0000000068 
0.0000000204 0.0000000101 0.0000000066 
0.0000000195 0.0000000096 0.0000000065 
0.0000000186 0.0000000091 0.0000000063 
0.0000000175 0.0000000086 0.0000000061 
0.0000000165 0.0000000080 0.0000000059 
0.0000000153 0.0000000075 0.0000000057 
0.0000000141 0.0000000070 0.0000000054 
0.0000000129 0.0000000065 0.0000000052 
0.0000000116 0.0000000059 0.0000000049 
0.0000000103 0.0000000054 0.0000000045 
0.0000000089 0.0000000049 0.0000000042 
0.0000000075 0.0000000043 0.0000000038 
0.0000000061 0.0000000038 0.0000000034 
0.0000000047 0.0000000032 0.0000000030 
0.0000000033 0.0000000027 0.0000000026 
0.0000000033 0.0000000027 0.0000000026 
0.0000000033 0.0000000027 0.0000000026 
0.0000000033 0.0000000027 0.0000000026 
0.0000000020 0.0000000020 0.0000000020 
0.0000000020 0.0000000020 0.0000000020 
0.0000000020 0.0000000020 0.0000000020 
0.0000000020 0.0000000020 0.0000000020 
0.0000000020 0.0000000020 0.0000000020 
0.0000000020 0.0000000020 0.0000000020 
0.0000000020 0.0000000020 0.0000000020 
0.0000000020 0.0000000020 0.0000000020 
0.0000000020 0.0000000020 0.0000000020 
0.0000000020 0.0000000020 0.0000000020 
0.0000000020 0.0000000020 0.0000000020 
0.0000000020 0.0000000020 0.0000000020 
0.0000000020 0.0000000020 0.0000000020 
0.0000000020 0.0000000020 0.0000000020 
0.0000000020 0.0000000020 0.0000000020 
0.0000000020 0.0000000020 0.0000000020 
0.0000000020 0.0000000020 0.0000000020 
0.0000000020 0.0000000020 0.0000000020 
0.0000000020 0.0000000020 0.0000000020 
0.0000000020 0.0000000020 0.0000000020 
0.0000000020 0.0000000020 0.0000000020 
0.0000000020 0.0000000020 0.0000000020 
0.0000000020 0.0000000020 0.0000000020 
0.0000000020 0.0000000020 0.0000000020 
0.0000000020 0.0000000020 0.0000000020 
0.0000000020 0.0000000020 0.0000000020 
0.0000000020 0.0000000020 0.0000000020 
0.0000000020 0.0000000020 0.0000000020 
0.0000000020 0.0000000020 0.0000000020 
0.0000000020 0.0000000020 0.0000000020 
0.0000000020 0.0000000020 0.0000000020 
0.0000000020 0.0000000020 0.0000000020 
0.0000000020 0.0000000020 0.0000000020 
0.0000000020 0.0000000020 0.0000000020 
0.0000000020 0.0000000020 0.0000000020 
0.0000000020 0.0000000020 0.0000000020 
0.0000000020 0.0000000020 0.0000000020 
0.0000000020 0.0000000020 0.0000000020 
0.0000000020 0.0000000020 0.0000000020 
0.0000000020 0.0000000020 0.0000000020 
0.0000000020 0.0000000020 0.0000000020 
0.0000000020 0.0000000020 0.0000000020 
0.0000000020 0.0000000020 0.0000000020 
0.0000000020 0.0000000020 0.0000000020 
0.0000000020 0.0000000020 0.0000000020 
0.0000000020 0.0000000020 0.0000000020 
0.0000000020 0.0000000020 0.0000000020 
0.0000000020 0.0000000020 0.0000000020 
0.0000000020 0.0000000020 0.0000000020 
0.0000000020 0.0000000020 0.0000000020 
0.0000000020 0.0000000020 0.0000000020 
0.0000000020 0.0000000020 0.0000000020 
0.0000000020 0.0000000020 0.0000000020 
0.0000000020 0.0000000020 0.0000000020 
0.0000000020 0.0000000020 0.0000000020 
0.0000000020 0.0000000020 0.0000000020 
0.0000000020 0.0000000020 0.0000000020 
0.0000000020 0.0000000020 0.0000000020 
0.0000000020 0.0000000020 0.0000000020 
0.0000000020 0.0000000020 0.0000000020 
0.0000000020 0.0000000020 0.0000000020 
0.0000000020 0.0000000020 0.0000000020 
0.0000000020 0.0000000020 0.0000000020 
0.0000000020 0.0000000020 0.0000000020 
0.0000000020 0.0000000020 0.0000000020 
0.0000000020 0.0000000020 0.0000000020 
0.0000000020 0.0000000020 0.0000000020 
0.0000000020 0.0000000020 0.0000000020 
0.0000000020 0.0000000020 0.0000000020 
0.0000000020 0.0000000020 0.0000000020 
0.0000000020 0.0000000020 0.0000000020 
0.0000000020 0.0000000020 0.0000000020 
0.0000000020 0.0000000020 0.0000000020 
0.0000000020 0.0000000020 0.0000000020 
0.0000000020 0.0000000020 0.0000000020 
0.0000000020 0.0000000020 0.0000000020 
0.0000000020 0.0000000020 0.0000000020 
0.0000000020 0.0000000020 0.0000000020 
0.0000000020 0.0000000020 0.0000000020 
0.0000000020 0.0000000020 0.0000000020 
0.0000000020 0.0000000020 0.0000000020 
0.0000000020 0.0000000020 0.0000000020 
0.0000000020 0.0000000020 0.0000000020 
0.0000000020 0.0000000020 0.0000000020 
0.0000000020 0.0000000020 0.0000000020 
0.0000000020 0.0000000020 0.0000000020 
0.0000000020 0.0000000020 0.0000000020 
0.0000000020 0.0000000020 0.0000000020 
0.0000000020 0.0000000020 0.0000000020 
0.0000000020 0.0000000020 0.0000000020 
0.0000000020 0.0000000020 0.0000000020 
0.0000000020 0.0000000020 0.0000000020 
0.0000000020 0.0000000020 0.0000000020 
0.0000000020 0.0000000020 0.0000000020 
0.0000000020 0.0000000020 0.0000000020 
0.0000000020 0.0000000020 0.0000000020 
0.0000000020 0.0000000020 0.0000000020 
0.0000000020 0.0000000020 0.0000000020 
0.0000000020 0.0000000020 0.0000000020 
0.0000000020 0.0000000020 0.0000000020 
0.0000000020 0.0000000020 0.0000000020 
0.0000000020 0.0000000020 0.0000000020 
0.0000000020 0.0000000020 0.0000000020 
0.0000000020 0.0000000020 0.0000000020 
0.0000000020 0.0000000020 0.0000000020 
0.0000000020 0.0000000020 0.0000000020 
0.0000000020 0.0000000020 0.0000000020 
0.0000000020 0.0000000020 0.0000000020 
0.0000000000 -0.0000000001 0.0000000022 
0.0000000000 -0.0000000001 0.0000000022 
0.0000000000 -0.0000000001 0.0000000022 
0.0000000000 -0.0000000001 0.0000000022 
0.0000000000 -0.0000000001 0.0000000022 
0.0000000000 -0.0000000001 0.0000000022 
0.0000000000 -0.0000000001 0.0000000022 
0.0000000000 -0.0000000001 0.0000000022 
0.0000000000 -0.0000000001 0.0000000022 
0.0000000000 -0.0000000001 0.0000000022 
0.0000000000 -0.0000000001 0.0000000022 
0.0000000000 -0.0000000001 0.0000000022 
0.0000000000 -0.0000000001 0.0000000022 
0.0000000000 -0.0000000001 0.0000000022 
0.0000000000 -0.0000000001 0.0000000022 
0.0000000000 -0.0000000001 0.0000000022 
0.0000000000 -0.0000000001 0.0000000022 
0.0000000000 -0.0000000001 0.0000000022 
0.0000000000 -0.0000000001 0.0000000022 
0.0000000000 -0.0000000001 0.0000000022 
0.0000000000 -0.0000000001 0.0000000022 
0.0000000000 -0.0000000001 0.0000000022 
0.0000000000 -0.0000000001 0.0000000022 
0.0000000000 -0.0000000001 0.0000000022 
0.0000000000 -0.0000000001 0.0000000022 
0.0000000000 -0.0000000001 0.0000000022 
0.0000000000 -0.0000000001 0.0000000022 
0.0000000000 -0.0000000001 0.0000000022 
0.0000000000 -0.0000000001 0.0000000022 
0.0000000000 -0.0000000001 0.0000000022 
0.0000000000 -0.0000000001 0.0000000022 
0.0000000000 -0.0000000001 0.0000000022 
0.0000000000 -0.0000000001 0.0000000022 
0.0000000000 -0.0000000001 0.0000000022 
0.0000000000 -0.0000000001 0.0000000022 
0.0000000000 -0.0000000001 0.0000000022 
0.0000000000 -0.0000000001 0.0000000022 
0.0000000000 -0.0000000001 0.0000000022 
0.0000000000 -0.0000000001 0.0000000022 
0.0000000000 -0.0000000001 0.0000000022 
0.0000000000 -0.0000000001 0.0000000022 
0.0000000000 -0.0000000001 0.0000000022 
0.0000000000 -0.0000000001 0.0000000022 
0.0000000000 -0.0000000001 0.0000000022 
0.0000000000 -0.0000000001 0.0000000022 
0.0000000000 -0.0000000001 0.0000000022 
0.0000000000 -0.0000000001 0.0000000022 
0.0000000000 -0.0000000001 0.0000000022 
0.0000000000 -0.0000000001 0.0000000022 
0.0000000002 0.0000000003 0.0000000009 
0.0000000002 0.0000000003 0.0000000009 
0.0000000002 0.0000000003 0.0000000009 
0.0000000002 0.0000000003 0.0000000009 
0.0000000002 0.0000000003 0.0000000009 
0.0000000002 0.0000000003 0.0000000009 
0.0000000002 0.0000000003 0.0000000009 
0.0000000002 0.0000000003 0.0000000009 
0.0000000002 0.0000000003 0.0000000009 
0.0000000002 0.0000000003 0.0000000009 
0.0000000002 0.0000000003 0.0000000009 
0.0000000002 0.0000000003 0.0000000009 
0.0000000002 0.0000000003 0.0000000009 
0.0000000002 0.0000000003 0.0000000009 
0.0000000002 0.0000000003 0.0000000009 
0.0000000002 0.0000000003 0.0000000009 
0.0000000002 0.0000000003 0.0000000009 
0.0000000002 0.0000000003 0.0000000009 
0.0000000002 0.0000000003 0.0000000009 
0.0000000002 0.0000000003 0.0000000009 
0.0000000002 0.0000000003 0.0000000009 
0.0000000002 0.0000000003 0.0000000009 
0.0000000002 0.0000000003 0.0000000009 
0.0000000002 0.0000000003 0.0000000009 
0.0000000002 0.0000000003 0.0000000009 
0.0000000002 0.0000000003 0.0000000009 
0.0000000002 0.0000000003 0.0000000009 
0.0000000002 0.0000000003 0.0000000009 
0.0000000002 0.0000000003 0.0000000009 
0.0000000002 0.0000000003 0.0000000009 
0.0000000002 0.0000000003 0.0000000009 
0.0000000002 0.0000000003 0.0000000009 
0.0000000002 0.0000000003 0.0000000009 
0.0000000002 0.0000000003 0.0000000009 
0.0000000002 0.0000000003 0.0000000009 
0.0000000002 0.0000000003 0.0000000009 
0.0000000002 0.0000000003 0.0000000009 
0.0000000002 0.0000000003 0.0000000009 
0.0000000002 0.0000000003 0.0000000009 
0.0000000002 0.0000000003 0.0000000009 
0.0000000002 0.0000000003 0.0000000009 
0.0000000002 0.0000000003 0.0000000009 
0.0000000002 0.0000000003 0.0000000009 
0.0000000002 0.0000000003 0.0000000009 
0.0000000002 0.0000000003 0.0000000009 
0.0000000002 0.0000000003 0.0000000009 
0.0000000002 0.0000000003 0.0000000009 
0.0000000002 0.0000000003 0.0000000009 
0.0000000002 0.0000000003 0.0000000009 
0.0000000002 0.0000000003 0.0000000009 
0.0000000002 0.0000000003 0.0000000009 
0.0000000002 0.0000000003 0.0000000009 
0.0000000002 0.0000000003 0.0000000009 
0.0000000002 0.0000000003 0.0000000009 
0.0000000002 0.0000000003 0.0000000009 
0.0000000002 0.0000000003 0.0000000009 
0.0000000002 0.0000000003 0.0000000009 
0.0000000002 0.0000000003 0.0000000009 
0.0000000002 0.0000000003 0.0000000009 
0.0000000002 0.0000000003 0.0000000009 
0.0000000002 0.0000000003 0.0000000009 
0.0000000002 0.0000000003 0.0000000009 
0.0000000002 0.0000000003 0.0000000009 
0.0000000002 0.0000000003 0.0000000009 
0.0000000002 0.0000000003 0.0000000009 
0.0000000002 0.0000000003 0.0000000009 
0.0000000002 0.0000000003 0.0000000009 
0.0000000002 0.0000000003 0.0000000009 
0.0000000002 0.0000000003 0.0000000009 
0.0000000002 0.0000000003 0.0000000009 
0.0000000002 0.0000000003 0.0000000009 
0.0000000002 0.0000000003 0.0000000009 
0.0000000002 0.0000000003 0.0000000009 
0.0000000002 0.0000000003 0.0000000009 
0.0000000002 0.0000000003 0.0000000009 
0.0000000002 0.0000000003 0.0000000009 
0.0000000002 0.0000000003 0.0000000009 
0.0000000002 0.0000000003 0.0000000009 
0.0000000002 0.0000000003 0.0000000009 
0.0000000002 0.0000000003 0.0000000009 
0.0000000002 0.0000000003 0.0000000009 
0.0000000002 0.0000000003 0.0000000009 
0.0000000002 0.0000000003 0.0000000009 
0.0000000002 0.0000000003 0.0000000009 
0.0000000002 0.0000000003 0.0000000009 
0.0000000002 0.0000000003 0.0000000009 
0.0000000002 0.0000000003 0.0000000009 
0.0000000002 0.0000000003 0.0000000009 
0.0000000002 0.0000000003 0.0000000009 
0.0000000002 0.0000000003 0.0000000009 
0.0000000002 0.0000000003 0.0000000009 
0.0000000002 0.0000000003 0.0000000009 
0.0000000002 0.0000000003 0.0000000009 
0.0000000002 0.0000000003 0.0000000009 
0.0000000002 0.0000000003 0.0000000009 
0.0000000002 0.0000000003 0.0000000009 
0.0000000002 0.0000000003 0.0000000009 
0.0000000002 0.0000000003 0.0000000009 
0.0000000002 0.0000000003 0.0000000009 
0.0000000002 0.0000000003 0.0000000009 
0.0000000002 0.0000000003 0.0000000009 
0.0000000002 0.0000000003 0.0000000009 
0.0000000002 0.0000000003 0.0000000009 
0.0000000002 0.0000000003 0.0000000009 
0.0000000002 0.0000000003 0.0000000009 
0.0000000002 0.0000000003 0.0000000009 
0.0000000002 0.0000000003 0.0000000009 
0.0000000002 0.0000000003 0.0000000009 
0.0000000002 0.0000000003 0.0000000009 
0.0000000002 0.0000000003 0.0000000009 
0.0000000002 0.0000000003 0.0000000009 
0.0000000002 0.0000000003 0.0000000009 
0.0000000002 0.0000000003 0.0000000009 
0.0000000002 0.0000000003 0.0000000009 
0.0000000002 0.0000000003 0.0000000009 
0.0000000002 0.0000000003 0.0000000009 
0.0000000002 0.0000000003 0.0000000009 
0.0000000002 0.0000000003 0.0000000009 
0.0000000002 0.0000000003 0.0000000009 
0.0000000002 0.0000000003 0.0000000009 
0.0000000002 0.0000000003 0.0000000009 
0.0000000002 0.0000000003 0.0000000009 
0.0000000002 0.0000000003 0.0000000009 
0.0000000002 0.0000000003 0.0000000009 
0.0000000002 0.0000000003 0.0000000009 
0.0000000002 0.0000000003 0.0000000009 
0.0000000002 0.0000000003 0.0000000009 
0.0000000002 0.0000000003 0.0000000009 
0.0000000002 0.0000000003 0.0000000009 
0.0000000002 0.0000000003 0.0000000009 
0.0000000002 0.0000000003 0.0000000009 
0.0000000002 0.0000000003 0.0000000009 
0.0000000002 0.0000000003 0.0000000009 
0.0000000002 0.0000000003 0.0000000009 
0.0000000002 0.0000000003 0.0000000009 
0.0000000016 0.0000000004 0.0000000001 
0.0000000016 0.0000000004 0.0000000001 
0.0000000016 0.0000000004 0.0000000001 
0.0000000016 0.0000000004 0.0000000001 
0.0000000016 0.0000000004 0.0000000001 
0.0000000016 0.0000000004 0.0000000001 
0.0000000016 0.0000000004 0.0000000001 
0.0000000016 0.0000000004 0.0000000001 
0.0000000016 0.0000000004 0.0000000001 
0.0000000016 0.0000000004 0.0000000001 
0.0000000016 0.0000000004 0.0000000001 
0.0000000016 0.0000000004 0.0000000001 
0.0000000016 0.0000000004 0.0000000001 
0.0000000016 0.0000000004 0.0000000001 
0.0000000019 0.0000000005 0.0000000001 
0.0000000021 0.0000000005 0.0000000001 
0.0000000023 0.0000000006 0.0000000002 
0.0000000024 0.0000000006 0.0000000002 
0.0000000024 0.0000000007 0.0000000002 
0.0000000024 0.0000000008 0.0000000003 
0.0000000024 0.0000000008 0.0000000003 
0.0000000024 0.0000000008 0.0000000003 
0.0000000024 0.0000000008 0.0000000003 
0.0000000024 0.0000000008 0.0000000003 
0.0000000024 0.0000000008 0.0000000003 
0.0000000024 0.0000000008 0.0000000003 
0.0000000024 0.0000000008 0.0000000003 
0.0000000019 0.0000000009 0.0000000004 
0.0000000019 0.0000000009 0.0000000004 
0.0000000019 0.0000000009 0.0000000004 
0.0000000015 0.0000000010 0.0000000007 
0.0000000012 0.0000000011 0.0000000009 
0.0000000012 0.0000000011 0.0000000009 
0.0000000010 0.0000000011 0.0000000012 
0.0000000010 0.0000000011 0.0000000012 
0.0000000010 0.0000000011 0.0000000012 
0.0000000010 0.0000000011 0.0000000012 
0.0000000010 0.0000000011 0.0000000012 
0.0000000010 0.0000000011 0.0000000012 
0.0000000010 0.0000000011 0.0000000012 
0.0000000010 0.0000000011 0.0000000012 
0.0000000010 0.0000000011 0.0000000012 
0.0000000010 0.0000000011 0.0000000012 
0.0000000010 0.0000000011 0.0000000012 
0.0000000003 0.0000000006 0.0000000012 
0.0000000003 0.0000000006 0.0000000012 
0.0000000001 0.0000000002 0.0000000010 
0.0000000001 0.0000000002 0.0000000010 
0.0000000001 -0.0000000001 0.0000000009 
0.0000000003 -0.0000000003 0.0000000007 
0.0000000003 -0.0000000003 0.0000000007 
0.0000000004 -0.0000000004 0.0000000005 
0.0000000004 -0.0000000004 0.0000000005 
0.0000000003 -0.0000000004 0.0000000005 
0.0000000001 -0.0000000002 0.0000000005 
0.0000000001 -0.0000000002 0.0000000005 
0.0000000001 -0.0000000001 0.0000000004 
0.0000000000 0.0000000001 0.0000000004 
0.0000000000 0.0000000001 0.0000000004 
0.0000000000 0.0000000001 0.0000000004 
0.0000000000 0.0000000001 0.0000000004 
0.0000000000 0.0000000001 0.0000000004 
0.0000000000 0.0000000001 0.0000000004 
0.0000000000 0.0000000001 0.0000000004 
0.0000000000 0.0000000001 0.0000000004 
0.0000000000 0.0000000001 0.0000000004 
0.0000000000 0.0000000001 0.0000000004 
0.0000000000 0.0000000001 0.0000000004 
0.0000000000 0.0000000001 0.0000000004 
0.0000000000 0.0000000001 0.0000000004 
0.0000000000 0.0000000001 0.0000000004 
0.0000000000 0.0000000001 0.0000000004 
0.0000000000 0.0000000001 0.0000000004 
0.0000000000 0.0000000001 0.0000000004 
0.0000000000 0.0000000001 0.0000000004 
0.0000000000 0.0000000001 0.0000000004 
0.0000000000 0.0000000001 0.0000000004 
0.0000000000 0.0000000001 0.0000000004 
0.0000000000 0.0000000001 0.0000000004 
0.0000000000 0.0000000001 0.0000000004 
0.0000000000 0.0000000001 0.0000000004 
0.0000000000 0.0000000001 0.0000000004 
0.0000000000 0.0000000001 0.0000000004 
0.0000000000 0.0000000001 0.0000000004 
0.0000000000 0.0000000001 0.0000000004 
0.0000000000 0.0000000001 0.0000000004 
0.0000000000 0.0000000001 0.0000000004 
0.0000000000 0.0000000001 0.0000000004 
0.0000000000 0.0000000001 0.0000000004 
0.0000000000 0.0000000001 0.0000000004 
0.0000000000 0.0000000001 0.0000000004 
0.0000000000 0.0000000001 0.0000000004 
0.0000000000 0.0000000001 0.0000000004 
0.0000000000 0.0000000001 0.0000000004 
0.0000000000 0.0000000001 0.0000000004 
0.0000000000 0.0000000001 0.0000000004 
0.0000000000 0.0000000001 0.0000000004 
0.0000000000 0.0000000001 0.0000000004 
0.0000000000 0.0000000001 0.0000000004 
0.0000000000 0.0000000001 0.0000000004 
0.0000000000 0.0000000001 0.0000000004 
0.0000000000 0.0000000001 0.0000000004 
0.0000000000 0.0000000001 0.0000000004 
0.0000000000 0.0000000001 0.0000000004 
0.0000000000 0.0000000001 0.0000000004 
0.0000000000 0.0000000001 0.0000000004 
0.0000000000 0.0000000001 0.0000000004 
0.0000000000 0.0000000001 0.0000000004 
0.0000000000 0.0000000001 0.0000000004 
0.0000000000 0.0000000001 0.0000000004 
0.0000000000 0.0000000001 0.0000000004 
0.0000000000 0.0000000001 0.0000000004 
0.0000000000 0.0000000001 0.0000000004 
0.0000000000 0.0000000001 0.0000000004 
0.0000000000 0.0000000001 0.0000000004 
0.0000000000 0.0000000001 0.0000000004 
0.0000000000 0.0000000001 0.0000000004 
0.0000000000 0.0000000001 0.0000000004 
0.0000000000 0.0000000001 0.0000000004 
0.0000000000 0.0000000001 0.0000000004 
0.0000000000 0.0000000001 0.0000000004 
0.0000000000 0.0000000001 0.0000000004 
0.0000000000 0.0000000001 0.0000000004 
0.0000000000 0.0000000001 0.0000000004 
0.0000000000 0.0000000001 0.0000000004 
0.0000000000 0.0000000001 0.0000000004 
0.0000000000 0.0000000001 0.0000000004 
0.0000000000 0.0000000001 0.0000000004 
0.0000000000 0.0000000001 0.0000000004 
0.0000000000 0.0000000001 0.0000000004 
0.0000000000 0.0000000001 0.0000000004 
0.0000000000 0.0000000001 0.0000000004 
0.0000000000 0.0000000001 0.0000000004 
0.0000000000 0.0000000001 0.0000000004 
0.0000000000 0.0000000001 0.0000000004 
0.0000000000 0.0000000001 0.0000000004 
0.0000000000 0.0000000001 0.0000000004 
0.0000000000 0.0000000001 0.0000000004 
0.0000000000 0.0000000001 0.0000000004 
0.0000000000 0.0000000001 0.0000000004 
0.0000000000 0.0000000001 0.0000000004 
0.0000000000 0.0000000001 0.0000000004 
0.0000000000 0.0000000001 0.0000000004 
0.0000000000 0.0000000001 0.0000000004 
0.0000000000 0.0000000001 0.0000000004 
0.0000000000 0.0000000001 0.0000000004 
0.0000000000 0.0000000001 0.0000000004 
0.0000000000 0.0000000001 0.0000000004 
0.0000000000 0.0000000001 0.0000000004 
0.0000000000 0.0000000001 0.0000000004 
0.0000000000 0.0000000001 0.0000000004 
0.0000000000 0.0000000001 0.0000000004 
0.0000000000 0.0000000001 0.0000000004 
0.0000000000 0.0000000001 0.0000000004 
0.0000000000 0.0000000001 0.0000000004 
0.0000000000 0.0000000001 0.0000000004 
0.0000000000 0.0000000001 0.0000000004 
0.0000000000 0.0000000001 0.0000000004 
0.0000000000 0.0000000001 0.0000000004 
0.0000000000 0.0000000001 0.0000000004 
0.0000000000 0.0000000001 0.0000000004 
0.0000000000 0.0000000001 0.0000000004 
0.0000000000 0.0000000001 0.0000000004 
0.0000000000 0.0000000001 0.0000000004 
0.0000000000 0.0000000001 0.0000000004 
0.0000000000 0.0000000001 0.0000000004 
0.0000000000 0.0000000001 0.0000000004 
0.0000000000 0.0000000001 0.0000000004 
0.0000000000 0.0000000001 0.0000000004 
0.0000000000 0.0000000001 0.0000000004 
0.0000000000 0.0000000001 0.0000000004 
0.0000000000 0.0000000001 0.0000000004 
0.0000000000 0.0000000001 0.0000000004 
0.0000000000 0.0000000001 0.0000000004 
0.0000000000 0.0000000001 0.0000000004 
0.0000000000 0.0000000001 0.0000000004 
0.0000000000 0.0000000001 0.0000000004 
0.0000000000 0.0000000001 0.0000000004 
0.0000000000 0.0000000001 0.0000000004 
0.0000000000 0.0000000001 0.0000000004 
0.0000000000 0.0000000001 0.0000000004 
0.0000000000 0.0000000001 0.0000000004 
0.0000000000 0.0000000001 0.0000000004 
0.0000000000 0.0000000001 0.0000000004 
0.0000000000 0.0000000001 0.0000000004 
0.0000000000 0.0000000001 0.0000000004 
0.0000000000 0.0000000001 0.0000000004 
0.0000000000 0.0000000001 0.0000000004 
0.0000000000 0.0000000001 0.0000000004 
0.0000000000 0.0000000001 0.0000000004 
0.0000000000 0.0000000001 0.0000000004 
0.0000000000 0.0000000001 0.0000000004 
0.0000000000 0.0000000001 0.0000000004 
0.0000000000 0.0000000001 0.0000000004 
0.0000000000 0.0000000001 0.0000000004 
0.0000000000 0.0000000001 0.0000000004 
0.0000000000 0.0000000001 0.0000000004 
0.0000000000 0.0000000001 0.0000000004 
0.0000000000 0.0000000001 0.0000000004 
0.0000000000 0.0000000001 0.0000000004 
0.0000000000 0.0000000001 0.0000000004 
0.0000000000 0.0000000001 0.0000000004 
0.0000000000 0.0000000001 0.0000000004 
0.0000000000 0.0000000001 0.0000000004 
0.0000000000 0.0000000001 0.0000000004 
0.0000000000 0.0000000001 0.0000000004 
0.0000000000 0.0000000001 0.0000000004 
0.0000000000 0.0000000001 0.0000000004 
0.0000000000 0.0000000001 0.0000000004 
0.0000000000 0.0000000001 0.0000000004 
0.0000000000 0.0000000001 0.0000000004 
0.0000000000 0.0000000001 0.0000000004 
0.0000000000 0.0000000001 0.0000000004 
0.0000000000 0.0000000001 0.0000000004 
0.0000000000 0.0000000001 0.0000000004 
0.0000000000 0.0000000001 0.0000000004 
0.0000000000 0.0000000001 0.0000000004 
0.0000000000 0.0000000001 0.0000000004 
0.0000000000 0.0000000001 0.0000000004 
0.0000000000 0.0000000001 0.0000000004 
0.0000000000 0.0000000001 0.0000000004 
0.0000000000 0.0000000001 0.0000000004 
0.0000000000 0.0000000001 0.0000000004 
0.0000000000 0.0000000001 0.0000000004 
0.0000000000 0.0000000001 0.0000000004 
0.0000000000 0.0000000001 0.0000000004 
0.0000000000 0.0000000001 0.0000000004 
0.0000000000 0.0000000001 0.0000000004 
0.0000000000 0.0000000001 0.0000000004 
0.0000000000 0.0000000001 0.0000000004 
0.0000000000 0.0000000001 0.0000000004 
0.0000000000 0.0000000001 0.0000000004 
0.0000000000 0.0000000001 0.0000000004 
0.0000000000 0.0000000001 0.0000000004 
0.0000000000 0.0000000001 0.0000000004 
0.0000000000 0.0000000001 0.0000000004 
0.0000000000 0.0000000001 0.0000000004 
0.0000000000 0.0000000001 0.0000000004 
0.0000000000 0.0000000001 0.0000000004 
0.0000000000 0.0000000001 0.0000000004 
0.0000000000 0.0000000001 0.0000000004 
0.0000000000 0.0000000001 0.0000000004 
0.0000000000 0.0000000001 0.0000000004 
0.0000000000 0.0000000001 0.0000000004 
0.0000000000 0.0000000001 0.0000000004 
0.0000000000 0.0000000001 0.0000000004 
0.0000000000 0.0000000001 0.0000000004 
0.0000000000 0.0000000001 0.0000000004 
0.0000000000 0.0000000001 0.0000000004 
0.0000000000 0.0000000001 0.0000000004 
0.0000000000 0.0000000001 0.0000000004 
0.0000000000 0.0000000001 0.0000000004 
0.0000000000 0.0000000001 0.0000000004 
0.0000000000 0.0000000001 0.0000000004 
0.0000000000 0.0000000001 0.0000000004 
0.0000000000 0.0000000001 0.0000000004 
0.0000000000 0.0000000001 0.0000000004 
0.0000000000 0.0000000001 0.0000000004 
0.0000000000 0.0000000001 0.0000000004 
0.0000000000 0.0000000001 0.0000000004 
0.0000000000 0.0000000001 0.0000000004 
0.0000000000 0.0000000001 0.0000000004 
0.0000000000 0.0000000001 0.0000000004 
0.0000000000 0.0000000001 0.0000000004 
0.0000000000 0.0000000001 0.0000000004 
0.0000000000 0.0000000001 0.0000000004 
0.0000000000 0.0000000001 0.0000000004 
0.0000000000 0.0000000001 0.0000000004 
0.0000000000 0.0000000001 0.0000000004 
0.0000000000 0.0000000001 0.0000000004 
0.0000000000 0.0000000001 0.0000000004 
0.0000000000 0.0000000001 0.0000000004 
0.0000000000 0.0000000001 0.0000000004 
0.0000000000 0.0000000001 0.0000000004 
0.0000000000 0.0000000001 0.0000000004 
0.0000000000 0.0000000001 0.0000000004 
0.0000000000 0.0000000001 0.0000000004 
0.0000000000 0.0000000001 0.0000000004 
0.0000000000 0.0000000001 0.0000000004 
0.0000000000 0.0000000001 0.0000000004 
0.0000000000 0.0000000001 0.0000000004 
0.0000000000 0.0000000001 0.0000000004 
0.0000000000 0.0000000001 0.0000000004 
0.0000000000 0.0000000001 0.0000000004 
0.0000000000 0.0000000001 0.0000000004 
0.0000000000 0.0000000001 0.0000000004 
0.0000000000 0.0000000001 0.0000000004 
0.0000000000 0.0000000001 0.0000000004 
0.0000000000 0.0000000001 0.0000000004 
0.0000000000 0.0000000001 0.0000000004 
0.0000000000 0.0000000001 0.0000000004 
0.0000000000 0.0000000001 0.0000000004 
0.0000000000 0.0000000001 0.0000000004 
0.0000000000 0.0000000001 0.0000000004 
0.0000000000 0.0000000001 0.0000000004 
0.0000000000 0.0000000001 0.0000000004 
0.0000000000 0.0000000001 0.0000000004 
0.0000000000 0.0000000001 0.0000000004 
0.0000000000 0.0000000001 0.0000000004 
0.0000000000 0.0000000001 0.0000000004 
0.0000000000 0.0000000001 0.0000000004 
0.0000000000 0.0000000001 0.0000000004 
0.0000000000 0.0000000001 0.0000000004 
0.0000000000 0.0000000001 0.0000000004 
0.0000000000 0.0000000001 0.0000000004 
0.0000000000 0.0000000001 0.0000000004 
0.0000000000 0.0000000001 0.0000000004 
0.0000000000 0.0000000001 0.0000000004 
0.0000000000 0.0000000001 0.0000000004 
0.0000000000 0.0000000001 0.0000000004 
0.0000000000 0.0000000001 0.0000000004 
0.0000000000 0.0000000001 0.0000000004 
0.0000000000 0.0000000001 0.0000000004 
0.0000000000 0.0000000001 0.0000000004 
0.0000000000 0.0000000001 0.0000000004 
0.0000000000 0.0000000001 0.0000000004 
0.0000000000 0.0000000001 0.0000000004 
0.0000000000 0.0000000001 0.0000000004 
0.0000000000 0.0000000001 0.0000000004 
0.0000000000 0.0000000001 0.0000000004 
0.0000000000 0.0000000001 0.0000000004 
0.0000000000 0.0000000001 0.0000000004 
0.0000000000 0.0000000001 0.0000000004 
0.0000000000 0.0000000001 0.0000000004 
0.0000000000 0.0000000001 0.0000000004 
0.0000000000 0.0000000001 0.0000000004 
0.0000000000 0.0000000001 0.0000000004 
0.0000000000 0.0000000001 0.0000000004 
0.0000000000 0.0000000001 0.0000000004 
0.0000000000 0.0000000001 0.0000000004 
0.0000000000 0.0000000001 0.0000000004 
0.0000000000 0.0000000001 0.0000000004 
0.0000000000 0.0000000001 0.0000000004 
0.0000000000 0.0000000001 0.0000000004 
0.0000000000 0.0000000001 0.0000000004 
0.0000000000 0.0000000001 0.0000000004 
0.0000000000 0.0000000001 0.0000000004 
0.0000000000 0.0000000001 0.0000000004 
0.0000000000 0.0000000001 0.0000000004 
0.0000000000 0.0000000001 0.0000000004 
0.0000000000 0.0000000001 0.0000000004 
0.0000000000 0.0000000001 0.0000000004 
0.0000000000 0.0000000001 0.0000000004 
0.0000000000 0.0000000001 0.0000000004 
0.0000000000 0.0000000001 0.0000000004 
0.0000000000 0.0000000001 0.0000000004 
0.0000000000 0.0000000001 0.0000000004 
0.0000000000 0.0000000001 0.0000000004 
0.0000000000 0.0000000001 0.0000000004 
0.0000000000 0.0000000001 0.0000000004 
0.0000000000 0.0000000001 0.0000000004 
0.0000000000 0.0000000001 0.0000000004 
0.0000000000 0.0000000001 0.0000000004 
0.0000000000 0.0000000001 0.0000000004 
0.0000000000 0.0000000001 0.0000000004 
0.0000000000 0.0000000001 0.0000000004 
0.0000000000 0.0000000001 0.0000000004 
0.0000000000 0.0000000001 0.0000000004 
0.0000000000 0.0000000001 0.0000000004 
0.0000000000 0.0000000001 0.0000000004 
0.0000000000 0.0000000001 0.0000000004 
0.0000000000 0.0000000001 0.0000000004 
0.0000000000 0.0000000001 0.0000000004 
0.0000000000 0.0000000001 0.0000000004 
0.0000000000 0.0000000001 0.0000000004 
0.0000000000 0.0000000001 0.0000000004 
0.0000000000 0.0000000001 0.0000000004 
0.0000000000 0.0000000001 0.0000000004 
0.0000000000 0.0000000001 0.0000000004 
0.0000000000 0.0000000001 0.0000000004 
0.0000000000 0.0000000001 0.0000000004 
0.0000000000 0.0000000001 0.0000000004 
0.0000000000 0.0000000001 0.0000000004 
0.0000000000 0.0000000001 0.0000000004 
0.0000000000 0.0000000001 0.0000000004 
0.0000000000 0.0000000001 0.0000000004 
0.0000000000 0.0000000001 0.0000000004 
0.0000000000 0.0000000001 0.0000000004 
0.0000000000 0.0000000001 0.0000000004 
0.0000000000 0.0000000001 0.0000000004 
0.0000000000 0.0000000001 0.0000000004 
0.0000000000 0.0000000001 0.0000000004 
0.0000000000 0.0000000001 0.0000000004 
0.0000000000 0.0000000001 0.0000000004 
0.0000000000 0.0000000001 0.0000000004 
0.0000000000 0.0000000001 0.0000000004 
0.0000000000 0.0000000001 0.0000000004 
0.0000000000 0.0000000001 0.0000000004 
0.0000000000 0.0000000001 0.0000000004 
0.0000000000 0.0000000001 0.0000000004 
0.0000000000 0.0000000001 0.0000000004 
0.0000000000 0.0000000001 0.0000000004 
0.0000000000 0.0000000001 0.0000000004 
0.0000000000 0.0000000001 0.0000000004 
0.0000000000 0.0000000001 0.0000000004 
0.0000000000 0.0000000001 0.0000000004 
0.0000000000 0.0000000001 0.0000000004 
0.0000000000 0.0000000001 0.0000000004 
0.0000000000 0.0000000001 0.0000000004 
0.0000000000 0.0000000001 0.0000000004 
0.0000000000 0.0000000001 0.0000000004 
0.0000000000 0.0000000001 0.0000000004 
0.0000000000 0.0000000001 0.0000000004 
0.0000000000 0.0000000001 0.0000000004 
0.0000000000 0.0000000001 0.0000000004 
0.0000000000 0.0000000001 0.0000000004 
0.0000000000 0.0000000001 0.0000000004 
0.0000000000 0.0000000001 0.0000000004 
0.0000000000 0.0000000001 0.0000000004 
0.0000000000 0.0000000001 0.0000000004 
0.0000000000 0.0000000001 0.0000000004 
0.0000000000 0.0000000001 0.0000000004 
0.0000000000 0.0000000001 0.0000000004 
0.0000000000 0.0000000001 0.0000000004 
0.0000000000 0.0000000001 0.0000000004 
0.0000000000 0.0000000001 0.0000000004 
0.0000000000 0.0000000001 0.0000000004 
0.0000000000 0.0000000001 0.0000000004 
0.0000000000 0.0000000001 0.0000000004 
0.0000000000 0.0000000001 0.0000000004 
0.0000000000 0.0000000001 0.0000000004 
0.0000000000 0.0000000001 0.0000000004 
0.0000000000 0.0000000001 0.0000000004 
0.0000000000 0.0000000001 0.0000000004 
0.0000000000 0.0000000001 0.0000000004 
0.0000000000 0.0000000001 0.0000000004 
0.0000000000 0.0000000001 0.0000000004 
0.0000000000 0.0000000001 0.0000000004 
0.0000000000 0.0000000001 0.0000000004 
0.0000000000 0.0000000001 0.0000000004 
0.0000000000 0.0000000001 0.0000000004 
0.0000000000 0.0000000001 0.0000000004 
0.0000000000 0.0000000001 0.0000000004 
0.0000000000 0.0000000001 0.0000000004 
0.0000000000 0.0000000001 0.0000000004 
0.0000000000 0.0000000001 0.0000000004 
0.0000000000 0.0000000001 0.0000000004 
0.0000000000 0.0000000001 0.0000000004 
0.0000000000 0.0000000001 0.0000000004 
0.0000000000 0.0000000001 0.0000000004 
0.0000000000 0.0000000001 0.0000000004 
0.0000000000 0.0000000001 0.0000000004 
0.0000000000 0.0000000001 0.0000000004 
0.0000000000 0.0000000001 0.0000000004 
0.0000000000 0.0000000001 0.0000000004 
0.0000000000 0.0000000001 0.0000000004 
0.0000000000 0.0000000001 0.0000000004 
0.0000000000 0.0000000001 0.0000000004 
0.0000000000 0.0000000001 0.0000000004 
0.0000000000 0.0000000001 0.0000000004 
0.0000000000 0.0000000001 0.0000000004 
0.0000000000 0.0000000001 0.0000000004 
0.0000000000 0.0000000001 0.0000000004 
0.0000000000 0.0000000001 0.0000000004 
0.0000000000 0.0000000001 0.0000000004 
0.0000000000 0.0000000001 0.0000000004 
0.0000000000 0.0000000001 0.0000000004 
0.0000000000 0.0000000001 0.0000000004 
0.0000000000 0.0000000001 0.0000000004 
0.0000000000 0.0000000001 0.0000000004 
0.0000000000 0.0000000001 0.0000000004 
0.0000000000 0.0000000001 0.0000000004 
0.0000000000 0.0000000001 0.0000000004 
