0.0000005140 -0.0000000191 0.0000007352 
0.0000005155 -0.0000000129 0.0000007218 
0.0000005169 -0.0000000070 0.0000007087 
0.0000005183 -0.0000000014 0.0000006959 
0.0000005196 0.0000000039 0.0000006833 
0.0000005209 0.0000000090 0.0000006709 
0.0000005220 0.0000000139 0.0000006588 
0.0000005231 0.0000000187 0.0000006467 
0.0000005240 0.0000000233 0.0000006349 
0.0000005249 0.0000000277 0.0000006232 
0.0000005256 0.0000000320 0.0000006116 
0.0000005263 0.0000000362 0.0000006002 
0.0000005268 0.0000000403 0.0000005889 
0.0000005272 0.0000000442 0.0000005777 
0.0000005275 0.0000000481 0.0000005665 
0.0000005278 0.0000000519 0.0000005555 
0.0000005279 0.0000000555 0.0000005446 
0.0000005279 0.0000000591 0.0000005338 
0.0000005278 0.0000000626 0.0000005231 
0.0000005276 0.0000000660 0.0000005125 
0.0000005273 0.0000000694 0.0000005020 
0.0000005269 0.0000000726 0.0000004915 
0.0000005264 0.0000000758 0.0000004812 
0.0000005259 0.0000000789 0.0000004709 
0.0000005254 0.0000000820 0.0000004607 
0.0000005249 0.0000000849 0.0000004506 
0.0000005244 0.0000000878 0.0000004405 
0.0000005238 0.0000000907 0.0000004306 
0.0000005233 0.0000000934 0.0000004207 
0.0000005228 0.0000000961 0.0000004108 
0.0000005222 0.0000000988 0.0000004011 
0.0000005217 0.0000001014 0.0000003914 
0.0000005212 0.0000001040 0.0000003818 
0.0000005208 0.0000001065 0.0000003723 
0.0000005204 0.0000001090 0.0000003629 
0.0000005200 0.0000001114 0.0000003535 
0.0000005196 0.0000001138 0.0000003442 
0.0000005193 0.0000001161 0.0000003350 
0.0000005190 0.0000001184 0.0000003258 
0.0000005188 0.0000001206 0.0000003168 
0.0000005187 0.0000001228 0.0000003078 
0.0000005187 0.0000001249 0.0000002988 
0.0000005188 0.0000001271 0.0000002899 
0.0000005190 0.0000001292 0.0000002812 
0.0000005193 0.0000001312 0.0000002725 
0.0000005196 0.0000001333 0.0000002639 
0.0000005200 0.0000001353 0.0000002555 
0.0000005203 0.0000001372 0.0000002471 
0.0000005206 0.0000001391 0.0000002388 
0.0000005210 0.0000001410 0.0000002307 
0.0000005214 0.0000001428 0.0000002227 
0.0000005218 0.0000001446 0.0000002147 
0.0000005222 0.0000001464 0.0000002069 
0.0000005227 0.0000001481 0.0000001992 
0.0000005232 0.0000001498 0.0000001916 
0.0000005237 0.0000001515 0.0000001840 
0.0000005243 0.0000001532 0.0000001766 
0.0000005248 0.0000001548 0.0000001694 
0.0000005253 0.0000001564 0.0000001622 
0.0000005258 0.0000001579 0.0000001551 
0.0000005264 0.0000001595 0.0000001482 
0.0000005269 0.0000001610 0.0000001414 
0.0000005274 0.0000001624 0.0000001346 
0.0000005280 0.0000001639 0.0000001280 
0.0000005285 0.0000001654 0.0000001215 
0.0000005291 0.0000001668 0.0000001152 
0.0000005297 0.0000001683 0.0000001089 
0.0000005302 0.0000001697 0.0000001028 
0.0000005308 0.0000001712 0.0000000968 
0.0000005313 0.0000001726 0.0000000909 
0.0000005319 0.0000001740 0.0000000852 
0.0000005325 0.0000001754 0.0000000796 
0.0000005331 0.0000001768 0.0000000742 
0.0000005338 0.0000001782 0.0000000689 
0.0000005346 0.0000001795 0.0000000638 
0.0000005346 0.0000001795 0.0000000638 
0.0000005346 0.0000001795 0.0000000638 
0.0000005346 0.0000001795 0.0000000638 
0.0000005346 0.0000001795 0.0000000638 
0.0000005346 0.0000001795 0.0000000638 
0.0000005346 0.0000001795 0.0000000638 
0.0000005346 0.0000001795 0.0000000638 
0.0000005346 0.0000001795 0.0000000638 
0.0000005346 0.0000001795 0.0000000638 
0.0000005346 0.0000001795 0.0000000638 
0.0000005346 0.0000001795 0.0000000638 
0.0000005346 0.0000001795 0.0000000638 
0.0000005354 0.0000001812 0.0000000615 
0.0000005354 0.0000001812 0.0000000615 
0.0000005354 0.0000001812 0.0000000615 
0.0000005354 0.0000001812 0.0000000615 
0.0000005354 0.0000001812 0.0000000615 
0.0000005354 0.0000001812 0.0000000615 
0.0000005354 0.0000001812 0.0000000615 
0.0000005354 0.0000001812 0.0000000615 
0.0000005354 0.0000001812 0.0000000615 
0.0000005354 0.0000001812 0.0000000615 
0.0000005353 0.0000001839 0.0000000634 
0.0000005351 0.0000001866 0.0000000655 
0.0000005351 0.0000001892 0.0000000677 
0.0000005352 0.0000001918 0.0000000700 
0.0000005355 0.0000001942 0.0000000723 
0.0000005359 0.0000001966 0.0000000745 
0.0000005364 0.0000001988 0.0000000767 
0.0000005370 0.0000002009 0.0000000789 
0.0000005377 0.0000002028 0.0000000809 
0.0000005385 0.0000002047 0.0000000829 
0.0000005394 0.0000002064 0.0000000847 
0.0000005403 0.0000002080 0.0000000865 
0.0000005413 0.0000002096 0.0000000881 
0.0000005423 0.0000002110 0.0000000897 
0.0000005435 0.0000002124 0.0000000911 
0.0000005447 0.0000002137 0.0000000924 
0.0000005459 0.0000002149 0.0000000936 
0.0000005472 0.0000002161 0.0000000947 
0.0000005485 0.0000002172 0.0000000957 
0.0000005499 0.0000002182 0.0000000967 
0.0000005513 0.0000002192 0.0000000975 
0.0000005528 0.0000002202 0.0000000983 
0.0000005543 0.0000002211 0.0000000989 
0.0000005558 0.0000002219 0.0000000995 
0.0000005574 0.0000002228 0.0000001001 
0.0000005590 0.0000002235 0.0000001005 
0.0000005606 0.0000002243 0.0000001009 
0.0000005623 0.0000002250 0.0000001012 
0.0000005640 0.0000002257 0.0000001015 
0.0000005656 0.0000002264 0.0000001017 
0.0000005674 0.0000002270 0.0000001019 
0.0000005691 0.0000002276 0.0000001020 
0.0000005708 0.0000002282 0.0000001021 
0.0000005726 0.0000002288 0.0000001021 
0.0000005743 0.0000002293 0.0000001021 
0.0000005761 0.0000002298 0.0000001021 
0.0000005779 0.0000002304 0.0000001021 
0.0000005797 0.0000002309 0.0000001020 
0.0000005815 0.0000002313 0.0000001019 
0.0000005833 0.0000002318 0.0000001018 
0.0000005851 0.0000002323 0.0000001016 
0.0000005870 0.0000002327 0.0000001015 
0.0000005888 0.0000002332 0.0000001014 
0.0000005907 0.0000002336 0.0000001012 
0.0000005925 0.0000002341 0.0000001010 
0.0000005944 0.0000002345 0.0000001009 
0.0000005962 0.0000002350 0.0000001007 
0.0000005981 0.0000002354 0.0000001006 
0.0000005999 0.0000002358 0.0000001004 
0.0000006017 0.0000002363 0.0000001003 
0.0000006036 0.0000002367 0.0000001002 
0.0000006054 0.0000002371 0.0000001001 
0.0000006072 0.0000002376 0.0000001000 
0.0000006090 0.0000002380 0.0000000999 
0.0000006109 0.0000002384 0.0000000998 
0.0000006127 0.0000002389 0.0000000998 
0.0000006144 0.0000002393 0.0000000998 
0.0000006162 0.0000002398 0.0000000998 
0.0000006180 0.0000002402 0.0000000998 
0.0000006198 0.0000002407 0.0000000999 
0.0000006216 0.0000002412 0.0000001000 
0.0000006234 0.0000002416 0.0000001001 
0.0000006251 0.0000002421 0.0000001002 
0.0000006269 0.0000002426 0.0000001004 
0.0000006286 0.0000002431 0.0000001006 
0.0000006304 0.0000002436 0.0000001008 
0.0000006321 0.0000002441 0.0000001011 
0.0000006338 0.0000002446 0.0000001014 
0.0000006355 0.0000002451 0.0000001017 
0.0000006372 0.0000002456 0.0000001020 
0.0000006388 0.0000002461 0.0000001023 
0.0000006404 0.0000002466 0.0000001027 
0.0000006420 0.0000002471 0.0000001030 
0.0000006436 0.0000002477 0.0000001033 
0.0000006451 0.0000002482 0.0000001037 
0.0000006466 0.0000002487 0.0000001040 
0.0000006480 0.0000002492 0.0000001044 
0.0000006495 0.0000002497 0.0000001047 
0.0000006509 0.0000002503 0.0000001051 
0.0000006523 0.0000002508 0.0000001054 
0.0000006537 0.0000002513 0.0000001058 
0.0000006550 0.0000002518 0.0000001061 
0.0000006563 0.0000002524 0.0000001065 
0.0000006576 0.0000002529 0.0000001069 
0.0000006588 0.0000002534 0.0000001072 
0.0000006600 0.0000002539 0.0000001076 
0.0000006612 0.0000002544 0.0000001079 
0.0000006623 0.0000002549 0.0000001083 
0.0000006634 0.0000002554 0.0000001087 
0.0000006645 0.0000002559 0.0000001090 
0.0000006655 0.0000002564 0.0000001094 
0.0000006664 0.0000002569 0.0000001097 
0.0000006674 0.0000002575 0.0000001100 
0.0000006683 0.0000002579 0.0000001104 
0.0000006691 0.0000002584 0.0000001107 
0.0000006700 0.0000002589 0.0000001110 
0.0000006707 0.0000002594 0.0000001113 
0.0000006715 0.0000002599 0.0000001116 
0.0000006722 0.0000002604 0.0000001119 
0.0000006729 0.0000002609 0.0000001122 
0.0000006735 0.0000002613 0.0000001124 
0.0000006741 0.0000002618 0.0000001126 
0.0000006747 0.0000002623 0.0000001129 
0.0000006752 0.0000002627 0.0000001131 
0.0000006757 0.0000002632 0.0000001133 
0.0000006762 0.0000002636 0.0000001135 
0.0000006767 0.0000002641 0.0000001138 
0.0000006771 0.0000002645 0.0000001140 
0.0000006775 0.0000002650 0.0000001143 
0.0000006779 0.0000002654 0.0000001145 
0.0000006783 0.0000002658 0.0000001147 
0.0000006786 0.0000002663 0.0000001150 
0.0000006790 0.0000002667 0.0000001152 
0.0000006793 0.0000002671 0.0000001155 
0.0000006796 0.0000002675 0.0000001158 
0.0000006799 0.0000002679 0.0000001160 
0.0000006802 0.0000002682 0.0000001163 
0.0000006806 0.0000002686 0.0000001165 
0.0000006809 0.0000002689 0.0000001167 
0.0000006812 0.0000002693 0.0000001170 
0.0000006816 0.0000002696 0.0000001172 
0.0000006819 0.0000002700 0.0000001175 
0.0000006822 0.0000002703 0.0000001177 
0.0000006825 0.0000002707 0.0000001180 
0.0000006828 0.0000002710 0.0000001182 
0.0000006831 0.0000002714 0.0000001185 
0.0000006834 0.0000002717 0.0000001188 
0.0000006837 0.0000002720 0.0000001190 
0.0000006839 0.0000002724 0.0000001193 
0.0000006841 0.0000002727 0.0000001196 
0.0000006843 0.0000002730 0.0000001199 
0.0000006845 0.0000002734 0.0000001202 
0.0000006847 0.0000002737 0.0000001205 
0.0000006848 0.0000002740 0.0000001209 
0.0000006849 0.0000002744 0.0000001212 
0.0000006850 0.0000002747 0.0000001216 
0.0000006851 0.0000002750 0.0000001219 
0.0000006852 0.0000002753 0.0000001223 
0.0000006853 0.0000002756 0.0000001226 
0.0000006854 0.0000002759 0.0000001230 
0.0000006854 0.0000002762 0.0000001233 
0.0000006855 0.0000002765 0.0000001236 
0.0000006855 0.0000002768 0.0000001239 
0.0000006855 0.0000002771 0.0000001242 
0.0000006855 0.0000002774 0.0000001245 
0.0000006855 0.0000002777 0.0000001247 
0.0000006855 0.0000002779 0.0000001250 
0.0000006855 0.0000002782 0.0000001252 
0.0000006855 0.0000002784 0.0000001254 
0.0000006855 0.0000002787 0.0000001256 
0.0000006855 0.0000002789 0.0000001258 
0.0000006855 0.0000002792 0.0000001261 
0.0000006855 0.0000002794 0.0000001263 
0.0000006854 0.0000002796 0.0000001265 
0.0000006854 0.0000002799 0.0000001267 
0.0000006854 0.0000002801 0.0000001269 
0.0000006853 0.0000002803 0.0000001271 
0.0000006852 0.0000002805 0.0000001272 
0.0000006851 0.0000002807 0.0000001274 
0.0000006850 0.0000002808 0.0000001276 
0.0000006849 0.0000002810 0.0000001277 
0.0000006848 0.0000002812 0.0000001279 
0.0000006847 0.0000002813 0.0000001280 
0.0000006845 0.0000002815 0.0000001282 
0.0000006844 0.0000002816 0.0000001283 
0.0000006843 0.0000002818 0.0000001284 
0.0000006842 0.0000002819 0.0000001286 
0.0000006840 0.0000002821 0.0000001287 
0.0000006839 0.0000002822 0.0000001289 
0.0000006838 0.0000002823 0.0000001290 
0.0000006837 0.0000002824 0.0000001292 
0.0000006835 0.0000002825 0.0000001293 
0.0000006834 0.0000002826 0.0000001295 
0.0000006833 0.0000002827 0.0000001296 
0.0000006832 0.0000002828 0.0000001298 
0.0000006830 0.0000002829 0.0000001299 
0.0000006829 0.0000002830 0.0000001300 
0.0000006828 0.0000002830 0.0000001302 
0.0000006826 0.0000002831 0.0000001303 
0.0000006825 0.0000002831 0.0000001304 
0.0000006824 0.0000002832 0.0000001306 
0.0000006823 0.0000002832 0.0000001307 
0.0000006821 0.0000002832 0.0000001309 
0.0000006820 0.0000002833 0.0000001310 
0.0000006818 0.0000002833 0.0000001312 
0.0000006817 0.0000002833 0.0000001313 
0.0000006815 0.0000002834 0.0000001314 
0.0000006814 0.0000002834 0.0000001316 
0.0000006812 0.0000002834 0.0000001318 
0.0000006810 0.0000002834 0.0000001319 
0.0000006809 0.0000002834 0.0000001321 
0.0000006807 0.0000002834 0.0000001322 
0.0000006805 0.0000002834 0.0000001324 
0.0000006803 0.0000002834 0.0000001325 
0.0000006801 0.0000002834 0.0000001327 
0.0000006798 0.0000002834 0.0000001328 
0.0000006796 0.0000002833 0.0000001329 
0.0000006793 0.0000002833 0.0000001331 
0.0000006790 0.0000002833 0.0000001332 
0.0000006787 0.0000002832 0.0000001333 
0.0000006784 0.0000002832 0.0000001334 
0.0000006780 0.0000002832 0.0000001335 
0.0000006776 0.0000002831 0.0000001336 
0.0000006772 0.0000002831 0.0000001337 
0.0000006768 0.0000002830 0.0000001337 
0.0000006764 0.0000002830 0.0000001338 
0.0000006760 0.0000002829 0.0000001339 
0.0000006755 0.0000002829 0.0000001339 
0.0000006751 0.0000002828 0.0000001340 
0.0000006746 0.0000002827 0.0000001340 
0.0000006741 0.0000002827 0.0000001340 
0.0000006736 0.0000002826 0.0000001340 
0.0000006731 0.0000002825 0.0000001340 
0.0000006726 0.0000002824 0.0000001340 
0.0000006721 0.0000002823 0.0000001340 
0.0000006715 0.0000002823 0.0000001340 
0.0000006709 0.0000002822 0.0000001340 
0.0000006704 0.0000002821 0.0000001339 
0.0000006698 0.0000002820 0.0000001339 
0.0000006692 0.0000002818 0.0000001339 
0.0000006685 0.0000002817 0.0000001338 
0.0000006679 0.0000002816 0.0000001338 
0.0000006672 0.0000002815 0.0000001337 
0.0000006666 0.0000002813 0.0000001336 
0.0000006659 0.0000002812 0.0000001336 
0.0000006653 0.0000002810 0.0000001335 
0.0000006646 0.0000002808 0.0000001334 
0.0000006639 0.0000002807 0.0000001333 
0.0000006632 0.0000002805 0.0000001332 
0.0000006625 0.0000002803 0.0000001331 
0.0000006617 0.0000002801 0.0000001330 
0.0000006609 0.0000002799 0.0000001329 
0.0000006601 0.0000002797 0.0000001328 
0.0000006592 0.0000002795 0.0000001327 
0.0000006584 0.0000002793 0.0000001326 
0.0000006575 0.0000002791 0.0000001325 
0.0000006566 0.0000002789 0.0000001324 
0.0000006557 0.0000002787 0.0000001324 
0.0000006548 0.0000002784 0.0000001323 
0.0000006538 0.0000002782 0.0000001322 
0.0000006529 0.0000002780 0.0000001321 
0.0000006519 0.0000002777 0.0000001320 
0.0000006509 0.0000002775 0.0000001319 
0.0000006499 0.0000002773 0.0000001318 
0.0000006489 0.0000002770 0.0000001318 
0.0000006479 0.0000002768 0.0000001317 
0.0000006469 0.0000002765 0.0000001316 
0.0000006459 0.0000002763 0.0000001316 
0.0000006449 0.0000002761 0.0000001315 
0.0000006438 0.0000002758 0.0000001314 
0.0000006428 0.0000002755 0.0000001314 
0.0000006417 0.0000002753 0.0000001313 
0.0000006406 0.0000002750 0.0000001313 
0.0000006396 0.0000002748 0.0000001312 
0.0000006385 0.0000002745 0.0000001312 
0.0000006374 0.0000002742 0.0000001311 
0.0000006363 0.0000002740 0.0000001311 
0.0000006352 0.0000002737 0.0000001310 
0.0000006341 0.0000002734 0.0000001310 
0.0000006330 0.0000002732 0.0000001310 
0.0000006319 0.0000002729 0.0000001309 
0.0000006307 0.0000002726 0.0000001309 
0.0000006296 0.0000002723 0.0000001309 
0.0000006284 0.0000002721 0.0000001308 
0.0000006273 0.0000002718 0.0000001308 
0.0000006261 0.0000002715 0.0000001308 
0.0000006250 0.0000002712 0.0000001308 
0.0000006238 0.0000002709 0.0000001307 
0.0000006226 0.0000002706 0.0000001307 
0.0000006214 0.0000002703 0.0000001307 
0.0000006203 0.0000002700 0.0000001306 
0.0000006191 0.0000002697 0.0000001306 
0.0000006179 0.0000002693 0.0000001306 
0.0000006167 0.0000002690 0.0000001305 
0.0000006155 0.0000002687 0.0000001305 
0.0000006143 0.0000002683 0.0000001304 
0.0000006131 0.0000002680 0.0000001304 
0.0000006119 0.0000002676 0.0000001303 
0.0000006107 0.0000002672 0.0000001303 
0.0000006095 0.0000002669 0.0000001302 
0.0000006083 0.0000002665 0.0000001301 
0.0000006070 0.0000002661 0.0000001301 
0.0000006058 0.0000002657 0.0000001300 
0.0000006046 0.0000002653 0.0000001299 
0.0000006033 0.0000002649 0.0000001299 
0.0000006021 0.0000002644 0.0000001298 
0.0000006008 0.0000002640 0.0000001297 
0.0000005996 0.0000002636 0.0000001296 
0.0000005983 0.0000002632 0.0000001295 
0.0000005971 0.0000002627 0.0000001294 
0.0000005958 0.0000002623 0.0000001293 
0.0000005945 0.0000002618 0.0000001292 
0.0000005932 0.0000002614 0.0000001291 
0.0000005919 0.0000002610 0.0000001290 
0.0000005906 0.0000002605 0.0000001289 
0.0000005893 0.0000002600 0.0000001287 
0.0000005879 0.0000002596 0.0000001286 
0.0000005866 0.0000002591 0.0000001284 
0.0000005853 0.0000002586 0.0000001282 
0.0000005839 0.0000002580 0.0000001280 
0.0000005826 0.0000002575 0.0000001278 
0.0000005812 0.0000002570 0.0000001276 
0.0000005799 0.0000002565 0.0000001274 
0.0000005785 0.0000002559 0.0000001272 
0.0000005771 0.0000002554 0.0000001269 
0.0000005758 0.0000002548 0.0000001267 
0.0000005744 0.0000002543 0.0000001265 
0.0000005730 0.0000002537 0.0000001262 
0.0000005716 0.0000002531 0.0000001259 
0.0000005702 0.0000002526 0.0000001257 
0.0000005688 0.0000002520 0.0000001254 
0.0000005674 0.0000002514 0.0000001251 
0.0000005660 0.0000002508 0.0000001248 
0.0000005645 0.0000002502 0.0000001245 
0.0000005631 0.0000002496 0.0000001242 
0.0000005617 0.0000002491 0.0000001239 
0.0000005602 0.0000002485 0.0000001236 
0.0000005588 0.0000002479 0.0000001233 
0.0000005573 0.0000002473 0.0000001230 
0.0000005559 0.0000002467 0.0000001227 
0.0000005544 0.0000002461 0.0000001223 
0.0000005529 0.0000002455 0.0000001220 
0.0000005515 0.0000002449 0.0000001217 
0.0000005500 0.0000002443 0.0000001213 
0.0000005485 0.0000002437 0.0000001210 
0.0000005470 0.0000002431 0.0000001207 
0.0000005455 0.0000002425 0.0000001203 
0.0000005440 0.0000002419 0.0000001200 
0.0000005426 0.0000002413 0.0000001196 
0.0000005411 0.0000002407 0.0000001193 
0.0000005396 0.0000002401 0.0000001189 
0.0000005381 0.0000002395 0.0000001186 
0.0000005366 0.0000002389 0.0000001183 
0.0000005351 0.0000002383 0.0000001179 
0.0000005337 0.0000002377 0.0000001176 
0.0000005322 0.0000002371 0.0000001172 
0.0000005307 0.0000002365 0.0000001169 
0.0000005292 0.0000002359 0.0000001166 
0.0000005277 0.0000002354 0.0000001162 
0.0000005263 0.0000002348 0.0000001159 
0.0000005248 0.0000002342 0.0000001156 
0.0000005233 0.0000002336 0.0000001153 
0.0000005218 0.0000002330 0.0000001149 
0.0000005204 0.0000002324 0.0000001146 
0.0000005189 0.0000002318 0.0000001143 
0.0000005174 0.0000002312 0.0000001140 
0.0000005159 0.0000002307 0.0000001137 
0.0000005145 0.0000002301 0.0000001134 
0.0000005130 0.0000002295 0.0000001131 
0.0000005116 0.0000002289 0.0000001128 
0.0000005101 0.0000002283 0.0000001125 
0.0000005087 0.0000002277 0.0000001122 
0.0000005072 0.0000002271 0.0000001119 
0.0000005057 0.0000002265 0.0000001117 
0.0000005043 0.0000002259 0.0000001114 
0.0000005028 0.0000002253 0.0000001111 
0.0000005014 0.0000002247 0.0000001108 
0.0000004999 0.0000002241 0.0000001105 
0.0000004984 0.0000002235 0.0000001102 
0.0000004969 0.0000002229 0.0000001100 
0.0000004954 0.0000002223 0.0000001097 
0.0000004939 0.0000002217 0.0000001094 
0.0000004924 0.0000002211 0.0000001092 
0.0000004909 0.0000002205 0.0000001089 
0.0000004894 0.0000002199 0.0000001086 
0.0000004879 0.0000002192 0.0000001084 
0.0000004864 0.0000002186 0.0000001081 
0.0000004849 0.0000002180 0.0000001079 
0.0000004833 0.0000002174 0.0000001076 
0.0000004818 0.0000002168 0.0000001074 
0.0000004803 0.0000002162 0.0000001072 
0.0000004787 0.0000002156 0.0000001069 
0.0000004772 0.0000002150 0.0000001067 
0.0000004756 0.0000002144 0.0000001065 
0.0000004741 0.0000002138 0.0000001063 
0.0000004725 0.0000002132 0.0000001061 
0.0000004710 0.0000002126 0.0000001059 
0.0000004694 0.0000002120 0.0000001057 
0.0000004678 0.0000002114 0.0000001055 
0.0000004663 0.0000002108 0.0000001053 
0.0000004647 0.0000002102 0.0000001052 
0.0000004631 0.0000002096 0.0000001050 
0.0000004615 0.0000002090 0.0000001048 
0.0000004600 0.0000002084 0.0000001047 
0.0000004584 0.0000002078 0.0000001045 
0.0000004568 0.0000002072 0.0000001044 
0.0000004552 0.0000002066 0.0000001042 
0.0000004536 0.0000002060 0.0000001041 
0.0000004520 0.0000002054 0.0000001039 
0.0000004504 0.0000002049 0.0000001038 
0.0000004488 0.0000002043 0.0000001036 
0.0000004472 0.0000002037 0.0000001034 
0.0000004456 0.0000002031 0.0000001033 
0.0000004440 0.0000002025 0.0000001031 
0.0000004423 0.0000002019 0.0000001029 
0.0000004407 0.0000002013 0.0000001028 
0.0000004391 0.0000002007 0.0000001026 
0.0000004374 0.0000002001 0.0000001024 
0.0000004358 0.0000001994 0.0000001022 
0.0000004341 0.0000001988 0.0000001020 
0.0000004324 0.0000001982 0.0000001018 
0.0000004308 0.0000001976 0.0000001016 
0.0000004291 0.0000001970 0.0000001013 
0.0000004274 0.0000001963 0.0000001011 
0.0000004258 0.0000001957 0.0000001009 
0.0000004241 0.0000001951 0.0000001006 
0.0000004224 0.0000001945 0.0000001004 
0.0000004207 0.0000001938 0.0000001001 
0.0000004191 0.0000001932 0.0000000998 
0.0000004174 0.0000001925 0.0000000995 
0.0000004157 0.0000001919 0.0000000993 
0.0000004140 0.0000001912 0.0000000990 
0.0000004124 0.0000001906 0.0000000987 
0.0000004107 0.0000001899 0.0000000984 
0.0000004090 0.0000001893 0.0000000981 
0.0000004074 0.0000001886 0.0000000978 
0.0000004057 0.0000001880 0.0000000974 
0.0000004040 0.0000001873 0.0000000971 
0.0000004024 0.0000001867 0.0000000968 
0.0000004007 0.0000001860 0.0000000965 
0.0000003991 0.0000001854 0.0000000961 
0.0000003975 0.0000001847 0.0000000958 
0.0000003958 0.0000001840 0.0000000954 
0.0000003942 0.0000001834 0.0000000951 
0.0000003926 0.0000001827 0.0000000948 
0.0000003910 0.0000001821 0.0000000944 
0.0000003895 0.0000001814 0.0000000941 
0.0000003879 0.0000001807 0.0000000937 
0.0000003863 0.0000001801 0.0000000934 
0.0000003848 0.0000001794 0.0000000930 
0.0000003833 0.0000001788 0.0000000926 
0.0000003817 0.0000001781 0.0000000923 
0.0000003802 0.0000001774 0.0000000919 
0.0000003787 0.0000001768 0.0000000916 
0.0000003772 0.0000001761 0.0000000912 
0.0000003757 0.0000001754 0.0000000908 
0.0000003743 0.0000001748 0.0000000905 
0.0000003728 0.0000001741 0.0000000901 
0.0000003713 0.0000001734 0.0000000897 
0.0000003699 0.0000001728 0.0000000894 
0.0000003685 0.0000001721 0.0000000890 
0.0000003670 0.0000001714 0.0000000886 
0.0000003656 0.0000001708 0.0000000883 
0.0000003642 0.0000001701 0.0000000879 
0.0000003628 0.0000001694 0.0000000876 
0.0000003614 0.0000001687 0.0000000872 
0.0000003600 0.0000001681 0.0000000868 
0.0000003587 0.0000001674 0.0000000865 
0.0000003573 0.0000001667 0.0000000861 
0.0000003559 0.0000001660 0.0000000858 
0.0000003546 0.0000001654 0.0000000854 
0.0000003532 0.0000001647 0.0000000850 
0.0000003519 0.0000001640 0.0000000847 
0.0000003505 0.0000001633 0.0000000843 
0.0000003492 0.0000001627 0.0000000840 
0.0000003479 0.0000001620 0.0000000836 
0.0000003466 0.0000001613 0.0000000832 
0.0000003452 0.0000001606 0.0000000829 
0.0000003439 0.0000001600 0.0000000825 
0.0000003426 0.0000001593 0.0000000821 
0.0000003413 0.0000001586 0.0000000817 
0.0000003399 0.0000001579 0.0000000813 
0.0000003386 0.0000001572 0.0000000809 
0.0000003373 0.0000001565 0.0000000805 
0.0000003360 0.0000001558 0.0000000801 
0.0000003346 0.0000001551 0.0000000797 
0.0000003333 0.0000001545 0.0000000793 
0.0000003320 0.0000001538 0.0000000789 
0.0000003306 0.0000001531 0.0000000785 
0.0000003292 0.0000001524 0.0000000781 
0.0000003279 0.0000001517 0.0000000777 
0.0000003265 0.0000001510 0.0000000773 
0.0000003251 0.0000001504 0.0000000769 
0.0000003238 0.0000001497 0.0000000765 
0.0000003224 0.0000001490 0.0000000761 
0.0000003210 0.0000001483 0.0000000757 
0.0000003197 0.0000001477 0.0000000753 
0.0000003183 0.0000001470 0.0000000749 
0.0000003169 0.0000001464 0.0000000745 
0.0000003156 0.0000001457 0.0000000741 
0.0000003142 0.0000001450 0.0000000738 
0.0000003129 0.0000001444 0.0000000734 
0.0000003115 0.0000001438 0.0000000730 
0.0000003102 0.0000001431 0.0000000727 
0.0000003088 0.0000001425 0.0000000723 
0.0000003075 0.0000001419 0.0000000719 
0.0000003061 0.0000001412 0.0000000716 
0.0000003048 0.0000001406 0.0000000713 
0.0000003034 0.0000001400 0.0000000709 
0.0000003020 0.0000001394 0.0000000706 
0.0000003007 0.0000001388 0.0000000702 
0.0000002993 0.0000001382 0.0000000699 
0.0000002980 0.0000001376 0.0000000696 
0.0000002966 0.0000001370 0.0000000693 
0.0000002952 0.0000001364 0.0000000690 
0.0000002939 0.0000001358 0.0000000687 
0.0000002925 0.0000001352 0.0000000684 
0.0000002911 0.0000001346 0.0000000681 
0.0000002898 0.0000001341 0.0000000678 
0.0000002884 0.0000001335 0.0000000675 
0.0000002871 0.0000001329 0.0000000672 
0.0000002857 0.0000001324 0.0000000670 
0.0000002844 0.0000001318 0.0000000667 
0.0000002830 0.0000001313 0.0000000665 
0.0000002817 0.0000001307 0.0000000662 
0.0000002804 0.0000001302 0.0000000660 
0.0000002790 0.0000001297 0.0000000657 
0.0000002777 0.0000001291 0.0000000655 
0.0000002764 0.0000001286 0.0000000653 
0.0000002751 0.0000001281 0.0000000651 
0.0000002737 0.0000001275 0.0000000649 
0.0000002724 0.0000001270 0.0000000647 
0.0000002711 0.0000001265 0.0000000645 
0.0000002698 0.0000001260 0.0000000643 
0.0000002685 0.0000001255 0.0000000641 
0.0000002671 0.0000001249 0.0000000639 
0.0000002658 0.0000001244 0.0000000637 
0.0000002645 0.0000001239 0.0000000635 
0.0000002631 0.0000001234 0.0000000633 
0.0000002618 0.0000001229 0.0000000631 
0.0000002604 0.0000001223 0.0000000629 
0.0000002591 0.0000001218 0.0000000627 
0.0000002577 0.0000001213 0.0000000624 
0.0000002563 0.0000001208 0.0000000622 
0.0000002549 0.0000001203 0.0000000620 
0.0000002535 0.0000001197 0.0000000618 
0.0000002521 0.0000001192 0.0000000616 
0.0000002507 0.0000001187 0.0000000613 
0.0000002492 0.0000001181 0.0000000611 
0.0000002478 0.0000001176 0.0000000609 
0.0000002463 0.0000001171 0.0000000606 
0.0000002449 0.0000001165 0.0000000604 
0.0000002434 0.0000001160 0.0000000601 
0.0000002420 0.0000001155 0.0000000599 
0.0000002405 0.0000001149 0.0000000596 
0.0000002390 0.0000001144 0.0000000594 
0.0000002376 0.0000001139 0.0000000591 
0.0000002361 0.0000001133 0.0000000589 
0.0000002347 0.0000001128 0.0000000586 
0.0000002332 0.0000001123 0.0000000584 
0.0000002318 0.0000001117 0.0000000581 
0.0000002303 0.0000001112 0.0000000579 
0.0000002289 0.0000001106 0.0000000577 
0.0000002275 0.0000001101 0.0000000574 
0.0000002261 0.0000001096 0.0000000572 
0.0000002247 0.0000001091 0.0000000569 
0.0000002234 0.0000001085 0.0000000567 
0.0000002220 0.0000001080 0.0000000565 
0.0000002206 0.0000001075 0.0000000562 
0.0000002193 0.0000001069 0.0000000560 
0.0000002180 0.0000001064 0.0000000558 
0.0000002166 0.0000001059 0.0000000556 
0.0000002153 0.0000001054 0.0000000553 
0.0000002140 0.0000001048 0.0000000551 
0.0000002127 0.0000001043 0.0000000549 
0.0000002114 0.0000001038 0.0000000547 
0.0000002101 0.0000001033 0.0000000544 
0.0000002089 0.0000001027 0.0000000542 
0.0000002076 0.0000001022 0.0000000540 
0.0000002063 0.0000001017 0.0000000537 
0.0000002050 0.0000001011 0.0000000535 
0.0000002038 0.0000001006 0.0000000532 
0.0000002025 0.0000001001 0.0000000530 
0.0000002012 0.0000000995 0.0000000527 
0.0000002000 0.0000000990 0.0000000525 
0.0000001987 0.0000000985 0.0000000522 
0.0000001974 0.0000000979 0.0000000520 
0.0000001962 0.0000000974 0.0000000517 
0.0000001950 0.0000000968 0.0000000514 
0.0000001937 0.0000000963 0.0000000512 
0.0000001925 0.0000000957 0.0000000509 
0.0000001913 0.0000000952 0.0000000506 
0.0000001900 0.0000000946 0.0000000504 
0.0000001888 0.0000000941 0.0000000501 
0.0000001876 0.0000000936 0.0000000498 
0.0000001864 0.0000000930 0.0000000495 
0.0000001852 0.0000000925 0.0000000493 
0.0000001840 0.0000000919 0.0000000490 
0.0000001829 0.0000000914 0.0000000487 
0.0000001817 0.0000000908 0.0000000484 
0.0000001806 0.0000000902 0.0000000481 
0.0000001794 0.0000000897 0.0000000478 
0.0000001783 0.0000000891 0.0000000476 
0.0000001772 0.0000000886 0.0000000473 
0.0000001761 0.0000000880 0.0000000471 
0.0000001750 0.0000000874 0.0000000469 
0.0000001739 0.0000000869 0.0000000466 
0.0000001728 0.0000000863 0.0000000464 
0.0000001716 0.0000000857 0.0000000462 
0.0000001705 0.0000000851 0.0000000460 
0.0000001694 0.0000000846 0.0000000458 
0.0000001682 0.0000000840 0.0000000455 
0.0000001670 0.0000000834 0.0000000453 
0.0000001659 0.0000000828 0.0000000451 
0.0000001647 0.0000000822 0.0000000448 
0.0000001635 0.0000000816 0.0000000446 
0.0000001622 0.0000000810 0.0000000443 
0.0000001610 0.0000000804 0.0000000441 
0.0000001597 0.0000000798 0.0000000438 
0.0000001585 0.0000000792 0.0000000435 
0.0000001572 0.0000000786 0.0000000433 
0.0000001559 0.0000000780 0.0000000430 
0.0000001545 0.0000000774 0.0000000427 
0.0000001532 0.0000000768 0.0000000423 
0.0000001519 0.0000000762 0.0000000420 
0.0000001505 0.0000000755 0.0000000417 
0.0000001491 0.0000000749 0.0000000413 
0.0000001478 0.0000000743 0.0000000410 
0.0000001464 0.0000000736 0.0000000406 
0.0000001450 0.0000000730 0.0000000403 
0.0000001436 0.0000000724 0.0000000399 
0.0000001422 0.0000000717 0.0000000395 
0.0000001409 0.0000000711 0.0000000392 
0.0000001395 0.0000000705 0.0000000388 
0.0000001381 0.0000000699 0.0000000384 
0.0000001367 0.0000000692 0.0000000380 
0.0000001354 0.0000000686 0.0000000376 
0.0000001340 0.0000000680 0.0000000372 
0.0000001326 0.0000000673 0.0000000368 
0.0000001313 0.0000000667 0.0000000364 
0.0000001299 0.0000000661 0.0000000360 
0.0000001286 0.0000000654 0.0000000356 
0.0000001273 0.0000000648 0.0000000352 
0.0000001260 0.0000000642 0.0000000348 
0.0000001247 0.0000000636 0.0000000345 
0.0000001234 0.0000000630 0.0000000341 
0.0000001222 0.0000000624 0.0000000337 
0.0000001209 0.0000000618 0.0000000333 
0.0000001197 0.0000000613 0.0000000330 
0.0000001185 0.0000000607 0.0000000326 
0.0000001172 0.0000000601 0.0000000322 
0.0000001160 0.0000000595 0.0000000319 
0.0000001148 0.0000000590 0.0000000315 
0.0000001136 0.0000000584 0.0000000312 
0.0000001125 0.0000000578 0.0000000309 
0.0000001113 0.0000000572 0.0000000305 
0.0000001101 0.0000000567 0.0000000302 
0.0000001090 0.0000000561 0.0000000299 
0.0000001078 0.0000000556 0.0000000296 
0.0000001067 0.0000000550 0.0000000293 
0.0000001055 0.0000000544 0.0000000290 
0.0000001044 0.0000000539 0.0000000287 
0.0000001033 0.0000000533 0.0000000284 
0.0000001021 0.0000000527 0.0000000282 
0.0000001010 0.0000000522 0.0000000279 
0.0000000999 0.0000000516 0.0000000277 
0.0000000988 0.0000000510 0.0000000274 
0.0000000976 0.0000000504 0.0000000272 
0.0000000965 0.0000000498 0.0000000270 
0.0000000954 0.0000000492 0.0000000268 
0.0000000943 0.0000000486 0.0000000265 
0.0000000932 0.0000000480 0.0000000263 
0.0000000921 0.0000000474 0.0000000261 
0.0000000909 0.0000000468 0.0000000259 
0.0000000898 0.0000000462 0.0000000257 
0.0000000886 0.0000000456 0.0000000254 
0.0000000875 0.0000000449 0.0000000252 
0.0000000863 0.0000000443 0.0000000250 
0.0000000851 0.0000000437 0.0000000247 
0.0000000839 0.0000000430 0.0000000245 
0.0000000828 0.0000000424 0.0000000243 
0.0000000816 0.0000000418 0.0000000240 
0.0000000804 0.0000000412 0.0000000238 
0.0000000793 0.0000000405 0.0000000236 
0.0000000781 0.0000000399 0.0000000233 
0.0000000770 0.0000000394 0.0000000231 
0.0000000758 0.0000000388 0.0000000229 
0.0000000746 0.0000000382 0.0000000226 
0.0000000734 0.0000000377 0.0000000224 
0.0000000723 0.0000000371 0.0000000221 
0.0000000711 0.0000000366 0.0000000219 
0.0000000699 0.0000000361 0.0000000216 
0.0000000687 0.0000000355 0.0000000213 
0.0000000675 0.0000000350 0.0000000211 
0.0000000663 0.0000000345 0.0000000208 
0.0000000651 0.0000000340 0.0000000205 
0.0000000639 0.0000000335 0.0000000202 
0.0000000627 0.0000000330 0.0000000200 
0.0000000615 0.0000000326 0.0000000197 
0.0000000604 0.0000000321 0.0000000194 
0.0000000593 0.0000000316 0.0000000191 
0.0000000581 0.0000000311 0.0000000188 
0.0000000570 0.0000000307 0.0000000185 
0.0000000560 0.0000000302 0.0000000182 
0.0000000549 0.0000000298 0.0000000180 
0.0000000539 0.0000000294 0.0000000177 
0.0000000529 0.0000000289 0.0000000174 
0.0000000519 0.0000000285 0.0000000171 
0.0000000510 0.0000000281 0.0000000168 
0.0000000501 0.0000000277 0.0000000165 
0.0000000492 0.0000000273 0.0000000163 
0.0000000483 0.0000000268 0.0000000160 
0.0000000475 0.0000000264 0.0000000157 
0.0000000467 0.0000000260 0.0000000154 
0.0000000459 0.0000000257 0.0000000152 
0.0000000452 0.0000000253 0.0000000149 
0.0000000445 0.0000000249 0.0000000147 
0.0000000438 0.0000000245 0.0000000144 
0.0000000431 0.0000000242 0.0000000142 
0.0000000425 0.0000000238 0.0000000140 
0.0000000419 0.0000000235 0.0000000138 
0.0000000413 0.0000000231 0.0000000136 
0.0000000407 0.0000000228 0.0000000134 
0.0000000401 0.0000000224 0.0000000132 
0.0000000396 0.0000000221 0.0000000130 
0.0000000390 0.0000000217 0.0000000128 
0.0000000385 0.0000000214 0.0000000126 
0.0000000381 0.0000000210 0.0000000124 
0.0000000376 0.0000000207 0.0000000122 
0.0000000371 0.0000000203 0.0000000120 
0.0000000367 0.0000000200 0.0000000119 
0.0000000362 0.0000000196 0.0000000117 
0.0000000358 0.0000000192 0.0000000115 
0.0000000353 0.0000000189 0.0000000113 
0.0000000349 0.0000000185 0.0000000112 
0.0000000345 0.0000000181 0.0000000110 
0.0000000340 0.0000000178 0.0000000108 
0.0000000335 0.0000000174 0.0000000107 
0.0000000331 0.0000000170 0.0000000105 
0.0000000326 0.0000000167 0.0000000103 
0.0000000321 0.0000000163 0.0000000102 
0.0000000316 0.0000000159 0.0000000100 
0.0000000311 0.0000000156 0.0000000098 
0.0000000305 0.0000000152 0.0000000097 
0.0000000300 0.0000000148 0.0000000095 
0.0000000294 0.0000000145 0.0000000093 
0.0000000288 0.0000000141 0.0000000091 
0.0000000282 0.0000000137 0.0000000089 
0.0000000275 0.0000000134 0.0000000087 
0.0000000269 0.0000000130 0.0000000085 
0.0000000263 0.0000000126 0.0000000083 
0.0000000256 0.0000000123 0.0000000080 
0.0000000249 0.0000000119 0.0000000078 
0.0000000242 0.0000000115 0.0000000075 
0.0000000235 0.0000000112 0.0000000072 
0.0000000228 0.0000000108 0.0000000069 
0.0000000221 0.0000000104 0.0000000066 
0.0000000213 0.0000000101 0.0000000063 
0.0000000206 0.0000000097 0.0000000060 
0.0000000198 0.0000000093 0.0000000056 
0.0000000191 0.0000000090 0.0000000053 
0.0000000183 0.0000000086 0.0000000050 
0.0000000176 0.0000000082 0.0000000046 
0.0000000168 0.0000000079 0.0000000043 
0.0000000161 0.0000000075 0.0000000040 
0.0000000154 0.0000000072 0.0000000036 
0.0000000147 0.0000000068 0.0000000033 
0.0000000140 0.0000000065 0.0000000030 
0.0000000140 0.0000000065 0.0000000030 
0.0000000140 0.0000000065 0.0000000030 
0.0000000140 0.0000000065 0.0000000030 
0.0000000134 0.0000000062 0.0000000029 
0.0000000128 0.0000000060 0.0000000029 
0.0000000123 0.0000000057 0.0000000029 
0.0000000117 0.0000000055 0.0000000028 
0.0000000112 0.0000000053 0.0000000028 
0.0000000106 0.0000000050 0.0000000028 
0.0000000101 0.0000000048 0.0000000027 
0.0000000095 0.0000000045 0.0000000027 
0.0000000089 0.0000000042 0.0000000026 
0.0000000083 0.0000000040 0.0000000026 
0.0000000077 0.0000000037 0.0000000025 
0.0000000070 0.0000000034 0.0000000024 
0.0000000064 0.0000000031 0.0000000023 
0.0000000057 0.0000000028 0.0000000022 
0.0000000051 0.0000000026 0.0000000021 
0.0000000044 0.0000000023 0.0000000020 
0.0000000038 0.0000000020 0.0000000019 
0.0000000031 0.0000000018 0.0000000018 
0.0000000025 0.0000000015 0.0000000017 
0.0000000019 0.0000000012 0.0000000016 
0.0000000013 0.0000000010 0.0000000014 
0.0000000007 0.0000000007 0.0000000013 
0.0000000002 0.0000000005 0.0000000011 
0.0000000002 0.0000000005 0.0000000011 
0.0000000002 0.0000000005 0.0000000011 
0.0000000002 0.0000000005 0.0000000011 
0.0000000001 0.0000000003 0.0000000007 
0.0000000001 0.0000000002 0.0000000003 
0.0000000001 0.0000000002 0.0000000003 
0.0000000001 0.0000000002 0.0000000003 
0.0000000001 0.0000000002 0.0000000003 
0.0000000001 0.0000000002 0.0000000003 
0.0000000001 0.0000000002 0.0000000003 
0.0000000001 0.0000000002 0.0000000003 
0.0000000001 0.0000000002 0.0000000003 
0.0000000001 0.0000000002 0.0000000003 
0.0000000001 0.0000000002 0.0000000003 
0.0000000001 0.0000000002 0.0000000003 
0.0000000001 0.0000000002 0.0000000003 
0.0000000001 0.0000000002 0.0000000003 
0.0000000001 0.0000000002 0.0000000003 
0.0000000001 0.0000000002 0.0000000003 
0.0000000001 0.0000000002 0.0000000003 
0.0000000001 0.0000000002 0.0000000003 
0.0000000001 0.0000000002 0.0000000003 
0.0000000001 0.0000000002 0.0000000003 
0.0000000001 0.0000000002 0.0000000003 
0.0000000001 0.0000000002 0.0000000003 
0.0000000001 0.0000000002 0.0000000003 
0.0000000001 0.0000000002 0.0000000003 
0.0000000001 0.0000000002 0.0000000003 
0.0000000001 0.0000000002 0.0000000003 
0.0000000001 0.0000000002 0.0000000003 
0.0000000001 0.0000000002 0.0000000003 
0.0000000001 0.0000000002 0.0000000003 
0.0000000001 0.0000000002 0.0000000003 
0.0000000001 0.0000000002 0.0000000003 
0.0000000001 0.0000000002 0.0000000003 
0.0000000001 0.0000000002 0.0000000003 
0.0000000001 0.0000000002 0.0000000003 
0.0000000001 0.0000000002 0.0000000003 
0.0000000001 0.0000000002 0.0000000003 
0.0000000001 0.0000000002 0.0000000003 
0.0000000001 0.0000000002 0.0000000003 
0.0000000001 0.0000000002 0.0000000003 
0.0000000001 0.0000000002 0.0000000003 
0.0000000001 0.0000000002 0.0000000003 
0.0000000001 0.0000000002 0.0000000003 
0.0000000001 0.0000000002 0.0000000003 
0.0000000001 0.0000000002 0.0000000003 
0.0000000001 0.0000000002 0.0000000003 
0.0000000001 0.0000000002 0.0000000003 
0.0000000001 0.0000000002 0.0000000003 
0.0000000001 0.0000000002 0.0000000003 
0.0000000001 0.0000000002 0.0000000003 
0.0000000001 0.0000000002 0.0000000003 
0.0000000001 0.0000000002 0.0000000003 
0.0000000001 0.0000000002 0.0000000003 
0.0000000001 0.0000000002 0.0000000003 
0.0000000001 0.0000000002 0.0000000003 
0.0000000001 0.0000000002 0.0000000003 
0.0000000001 0.0000000002 0.0000000003 
0.0000000001 0.0000000002 0.0000000003 
0.0000000001 0.0000000002 0.0000000003 
0.0000000001 0.0000000002 0.0000000003 
0.0000000001 0.0000000002 0.0000000003 
0.0000000001 0.0000000002 0.0000000003 
0.0000000001 0.0000000002 0.0000000003 
0.0000000001 0.0000000002 0.0000000003 
0.0000000001 0.0000000002 0.0000000003 
0.0000000001 0.0000000002 0.0000000003 
0.0000000001 0.0000000002 0.0000000003 
0.0000000001 0.0000000002 0.0000000003 
0.0000000001 0.0000000002 0.0000000003 
0.0000000001 0.0000000002 0.0000000003 
0.0000000001 0.0000000002 0.0000000003 
0.0000000001 0.0000000002 0.0000000003 
0.0000000001 0.0000000002 0.0000000003 
0.0000000001 0.0000000002 0.0000000003 
0.0000000001 0.0000000002 0.0000000003 
0.0000000001 0.0000000002 0.0000000003 
0.0000000001 0.0000000002 0.0000000003 
0.0000000001 0.0000000002 0.0000000003 
0.0000000001 0.0000000002 0.0000000003 
0.0000000001 0.0000000002 0.0000000003 
0.0000000001 0.0000000002 0.0000000003 
0.0000000001 0.0000000002 0.0000000003 
0.0000000001 0.0000000002 0.0000000003 
0.0000000001 0.0000000002 0.0000000003 
0.0000000001 0.0000000002 0.0000000003 
0.0000000001 0.0000000002 0.0000000003 
0.0000000001 0.0000000002 0.0000000003 
0.0000000001 0.0000000002 0.0000000003 
0.0000000001 0.0000000002 0.0000000003 
0.0000000001 0.0000000002 0.0000000003 
0.0000000001 0.0000000002 0.0000000003 
0.0000000001 0.0000000002 0.0000000003 
0.0000000001 0.0000000002 0.0000000003 
0.0000000001 0.0000000002 0.0000000003 
0.0000000001 0.0000000002 0.0000000003 
0.0000000001 0.0000000002 0.0000000003 
0.0000000001 0.0000000002 0.0000000003 
0.0000000001 0.0000000002 0.0000000003 
0.0000000001 0.0000000002 0.0000000003 
0.0000000001 0.0000000002 0.0000000003 
0.0000000001 0.0000000002 0.0000000003 
0.0000000001 0.0000000002 0.0000000003 
0.0000000001 0.0000000002 0.0000000003 
0.0000000001 0.0000000002 0.0000000003 
0.0000000001 0.0000000002 0.0000000003 
0.0000000001 0.0000000002 0.0000000003 
0.0000000001 0.0000000002 0.0000000003 
0.0000000001 0.0000000002 0.0000000003 
0.0000000001 0.0000000002 0.0000000003 
0.0000000001 0.0000000002 0.0000000003 
0.0000000001 0.0000000002 0.0000000003 
0.0000000001 0.0000000002 0.0000000003 
0.0000000001 0.0000000002 0.0000000003 
0.0000000001 0.0000000002 0.0000000003 
0.0000000001 0.0000000002 0.0000000003 
0.0000000001 0.0000000002 0.0000000003 
0.0000000001 0.0000000002 0.0000000003 
0.0000000001 0.0000000002 0.0000000003 
0.0000000001 0.0000000002 0.0000000003 
0.0000000001 0.0000000002 0.0000000003 
0.0000000001 0.0000000002 0.0000000003 
0.0000000001 0.0000000002 0.0000000003 
0.0000000001 0.0000000002 0.0000000003 
0.0000000001 0.0000000002 0.0000000003 
0.0000000001 0.0000000002 0.0000000003 
0.0000000001 0.0000000002 0.0000000003 
0.0000000001 0.0000000002 0.0000000003 
0.0000000001 0.0000000002 0.0000000003 
0.0000000001 0.0000000002 0.0000000003 
0.0000000001 0.0000000002 0.0000000003 
0.0000000001 0.0000000002 0.0000000003 
0.0000000001 0.0000000002 0.0000000003 
0.0000000001 0.0000000002 0.0000000003 
0.0000000001 0.0000000002 0.0000000003 
0.0000000001 0.0000000002 0.0000000003 
0.0000000001 0.0000000002 0.0000000003 
0.0000000001 0.0000000002 0.0000000003 
0.0000000001 0.0000000002 0.0000000003 
0.0000000001 0.0000000002 0.0000000003 
0.0000000001 0.0000000002 0.0000000003 
0.0000000001 0.0000000002 0.0000000003 
0.0000000001 0.0000000002 0.0000000003 
0.0000000001 0.0000000002 0.0000000003 
0.0000000001 0.0000000002 0.0000000003 
0.0000000001 0.0000000002 0.0000000003 
0.0000000001 0.0000000002 0.0000000003 
0.0000000001 0.0000000002 0.0000000003 
0.0000000001 0.0000000002 0.0000000003 
0.0000000001 0.0000000002 0.0000000003 
0.0000000001 0.0000000002 0.0000000003 
0.0000000001 0.0000000002 0.0000000003 
0.0000000001 0.0000000002 0.0000000003 
0.0000000001 0.0000000002 0.0000000003 
0.0000000001 0.0000000002 0.0000000003 
0.0000000001 0.0000000002 0.0000000003 
0.0000000001 0.0000000002 0.0000000003 
0.0000000001 0.0000000002 0.0000000003 
0.0000000001 0.0000000002 0.0000000003 
0.0000000001 0.0000000002 0.0000000003 
0.0000000001 0.0000000002 0.0000000003 
0.0000000001 0.0000000002 0.0000000003 
0.0000000001 0.0000000002 0.0000000003 
0.0000000001 0.0000000002 0.0000000003 
0.0000000001 0.0000000002 0.0000000003 
0.0000000001 0.0000000002 0.0000000003 
0.0000000001 0.0000000002 0.0000000003 
0.0000000001 0.0000000002 0.0000000003 
0.0000000001 0.0000000002 0.0000000003 
0.0000000001 0.0000000002 0.0000000003 
0.0000000001 0.0000000002 0.0000000003 
0.0000000001 0.0000000002 0.0000000003 
0.0000000001 0.0000000002 0.0000000003 
0.0000000001 0.0000000002 0.0000000003 
0.0000000001 0.0000000002 0.0000000003 
0.0000000001 0.0000000002 0.0000000003 
0.0000000001 0.0000000002 0.0000000003 
0.0000000001 0.0000000002 0.0000000003 
0.0000000001 0.0000000002 0.0000000003 
0.0000000001 0.0000000002 0.0000000003 
0.0000000001 0.0000000002 0.0000000003 
0.0000000001 0.0000000002 0.0000000003 
0.0000000001 0.0000000002 0.0000000003 
0.0000000001 0.0000000002 0.0000000003 
0.0000000001 0.0000000002 0.0000000003 
0.0000000001 0.0000000002 0.0000000003 
0.0000000001 0.0000000002 0.0000000003 
0.0000000001 0.0000000002 0.0000000003 
0.0000000001 0.0000000002 0.0000000003 
0.0000000001 0.0000000002 0.0000000003 
0.0000000001 0.0000000002 0.0000000003 
0.0000000001 0.0000000002 0.0000000003 
0.0000000001 0.0000000002 0.0000000003 
0.0000000001 0.0000000002 0.0000000003 
0.0000000001 0.0000000002 0.0000000003 
0.0000000001 0.0000000002 0.0000000003 
0.0000000001 0.0000000002 0.0000000003 
0.0000000001 0.0000000002 0.0000000003 
0.0000000001 0.0000000002 0.0000000003 
0.0000000001 0.0000000002 0.0000000003 
0.0000000001 0.0000000002 0.0000000003 
0.0000000001 0.0000000002 0.0000000003 
0.0000000001 0.0000000002 0.0000000003 
0.0000000001 0.0000000002 0.0000000003 
0.0000000001 0.0000000002 0.0000000003 
0.0000000001 0.0000000002 0.0000000003 
0.0000000001 0.0000000002 0.0000000003 
0.0000000001 0.0000000002 0.0000000003 
0.0000000001 0.0000000002 0.0000000003 
0.0000000001 0.0000000002 0.0000000003 
0.0000000001 0.0000000002 0.0000000003 
0.0000000001 0.0000000002 0.0000000003 
0.0000000001 0.0000000002 0.0000000003 
0.0000000001 0.0000000002 0.0000000003 
0.0000000001 0.0000000002 0.0000000003 
0.0000000001 0.0000000002 0.0000000003 
0.0000000001 0.0000000002 0.0000000003 
0.0000000001 0.0000000002 0.0000000003 
0.0000000001 0.0000000002 0.0000000003 
0.0000000001 0.0000000002 0.0000000003 
0.0000000001 0.0000000002 0.0000000003 
0.0000000001 0.0000000002 0.0000000003 
0.0000000001 0.0000000002 0.0000000003 
0.0000000001 0.0000000002 0.0000000003 
0.0000000001 0.0000000002 0.0000000003 
0.0000000001 0.0000000002 0.0000000003 
0.0000000001 0.0000000002 0.0000000003 
0.0000000001 0.0000000002 0.0000000003 
0.0000000001 0.0000000002 0.0000000003 
0.0000000001 0.0000000002 0.0000000003 
0.0000000001 0.0000000002 0.0000000003 
0.0000000001 0.0000000002 0.0000000003 
0.0000000001 0.0000000002 0.0000000003 
0.0000000001 0.0000000002 0.0000000003 
0.0000000001 0.0000000002 0.0000000003 
0.0000000001 0.0000000002 0.0000000003 
0.0000000001 0.0000000002 0.0000000003 
0.0000000001 0.0000000002 0.0000000003 
0.0000000001 0.0000000002 0.0000000003 
0.0000000001 0.0000000002 0.0000000003 
0.0000000001 0.0000000002 0.0000000003 
0.0000000001 0.0000000002 0.0000000003 
0.0000000001 0.0000000002 0.0000000003 
0.0000000001 0.0000000002 0.0000000003 
0.0000000001 0.0000000002 0.0000000003 
0.0000000001 0.0000000002 0.0000000003 
0.0000000001 0.0000000002 0.0000000003 
0.0000000001 0.0000000002 0.0000000003 
0.0000000001 0.0000000002 0.0000000003 
0.0000000001 0.0000000002 0.0000000003 
0.0000000001 0.0000000002 0.0000000003 
0.0000000001 0.0000000002 0.0000000003 
0.0000000001 0.0000000002 0.0000000003 
0.0000000001 0.0000000002 0.0000000003 
0.0000000001 0.0000000002 0.0000000003 
0.0000000001 0.0000000002 0.0000000003 
0.0000000001 0.0000000002 0.0000000003 
0.0000000001 0.0000000002 0.0000000003 
0.0000000001 0.0000000002 0.0000000003 
0.0000000001 0.0000000002 0.0000000003 
0.0000000001 0.0000000002 0.0000000003 
0.0000000001 0.0000000002 0.0000000003 
0.0000000001 0.0000000002 0.0000000003 
0.0000000001 0.0000000002 0.0000000003 
0.0000000001 0.0000000002 0.0000000003 
0.0000000001 0.0000000002 0.0000000003 
0.0000000001 0.0000000002 0.0000000003 
0.0000000001 0.0000000002 0.0000000003 
0.0000000001 0.0000000002 0.0000000003 
0.0000000001 0.0000000002 0.0000000003 
0.0000000001 0.0000000002 0.0000000003 
0.0000000001 0.0000000002 0.0000000003 
0.0000000001 0.0000000002 0.0000000003 
0.0000000001 0.0000000002 0.0000000003 
0.0000000001 0.0000000002 0.0000000003 
0.0000000001 0.0000000002 0.0000000003 
0.0000000001 0.0000000002 0.0000000003 
0.0000000001 0.0000000002 0.0000000003 
0.0000000001 0.0000000002 0.0000000003 
0.0000000001 0.0000000002 0.0000000003 
0.0000000001 0.0000000002 0.0000000003 
0.0000000001 0.0000000002 0.0000000003 
0.0000000001 0.0000000002 0.0000000003 
0.0000000001 0.0000000002 0.0000000003 
0.0000000001 0.0000000002 0.0000000003 
0.0000000001 0.0000000002 0.0000000003 
0.0000000001 0.0000000002 0.0000000003 
0.0000000001 0.0000000002 0.0000000003 
0.0000000001 0.0000000002 0.0000000003 
0.0000000001 0.0000000002 0.0000000003 
0.0000000001 0.0000000002 0.0000000003 
0.0000000001 0.0000000002 0.0000000003 
0.0000000001 0.0000000002 0.0000000003 
0.0000000001 0.0000000002 0.0000000003 
0.0000000001 0.0000000002 0.0000000003 
0.0000000001 0.0000000002 0.0000000003 
0.0000000001 0.0000000002 0.0000000003 
0.0000000001 0.0000000002 0.0000000003 
0.0000000001 0.0000000002 0.0000000003 
0.0000000001 0.0000000002 0.0000000003 
0.0000000001 0.0000000002 0.0000000003 
0.0000000001 0.0000000002 0.0000000003 
0.0000000001 0.0000000002 0.0000000003 
0.0000000001 0.0000000002 0.0000000003 
0.0000000001 0.0000000002 0.0000000003 
0.0000000001 0.0000000002 0.0000000003 
0.0000000001 0.0000000002 0.0000000003 
0.0000000001 0.0000000002 0.0000000003 
0.0000000001 0.0000000002 0.0000000003 
0.0000000001 0.0000000002 0.0000000003 
0.0000000001 0.0000000002 0.0000000003 
0.0000000001 0.0000000002 0.0000000003 
0.0000000001 0.0000000002 0.0000000003 
0.0000000001 0.0000000002 0.0000000003 
0.0000000001 0.0000000002 0.0000000003 
0.0000000001 0.0000000002 0.0000000003 
0.0000000001 0.0000000002 0.0000000003 
0.0000000001 0.0000000002 0.0000000003 
0.0000000001 0.0000000002 0.0000000003 
0.0000000001 0.0000000002 0.0000000003 
0.0000000001 0.0000000002 0.0000000003 
0.0000000001 0.0000000002 0.0000000003 
0.0000000001 0.0000000002 0.0000000003 
0.0000000001 0.0000000002 0.0000000003 
0.0000000001 0.0000000002 0.0000000003 
0.0000000001 0.0000000002 0.0000000003 
0.0000000001 0.0000000002 0.0000000003 
0.0000000001 0.0000000002 0.0000000003 
0.0000000001 0.0000000002 0.0000000003 
0.0000000001 0.0000000002 0.0000000003 
0.0000000001 0.0000000002 0.0000000003 
0.0000000001 0.0000000002 0.0000000003 
0.0000000001 0.0000000002 0.0000000003 
0.0000000001 0.0000000002 0.0000000003 
0.0000000001 0.0000000002 0.0000000003 
0.0000000001 0.0000000002 0.0000000003 
0.0000000001 0.0000000002 0.0000000003 
0.0000000001 0.0000000002 0.0000000003 
0.0000000001 0.0000000002 0.0000000003 
0.0000000001 0.0000000002 0.0000000003 
0.0000000001 0.0000000002 0.0000000003 
0.0000000001 0.0000000002 0.0000000003 
0.0000000001 0.0000000002 0.0000000003 
0.0000000001 0.0000000002 0.0000000003 
0.0000000001 0.0000000002 0.0000000003 
0.0000000001 0.0000000002 0.0000000003 
0.0000000001 0.0000000002 0.0000000003 
0.0000000001 0.0000000002 0.0000000003 
0.0000000001 0.0000000002 0.0000000003 
0.0000000001 0.0000000002 0.0000000003 
0.0000000001 0.0000000002 0.0000000003 
0.0000000001 0.0000000002 0.0000000003 
0.0000000001 0.0000000002 0.0000000003 
0.0000000001 0.0000000002 0.0000000003 
0.0000000001 0.0000000002 0.0000000003 
0.0000000001 0.0000000002 0.0000000003 
0.0000000001 0.0000000002 0.0000000003 
0.0000000001 0.0000000002 0.0000000003 
0.0000000001 0.0000000002 0.0000000003 
0.0000000001 0.0000000002 0.0000000003 
0.0000000001 0.0000000002 0.0000000003 
0.0000000001 0.0000000002 0.0000000003 
0.0000000001 0.0000000002 0.0000000003 
0.0000000001 0.0000000002 0.0000000003 
0.0000000001 0.0000000002 0.0000000003 
0.0000000001 0.0000000002 0.0000000003 
0.0000000001 0.0000000002 0.0000000003 
0.0000000001 0.0000000002 0.0000000003 
0.0000000001 0.0000000002 0.0000000003 
0.0000000001 0.0000000002 0.0000000003 
0.0000000001 0.0000000002 0.0000000003 
0.0000000001 0.0000000002 0.0000000003 
0.0000000001 0.0000000002 0.0000000003 
0.0000000001 0.0000000002 0.0000000003 
0.0000000001 0.0000000002 0.0000000003 
0.0000000001 0.0000000002 0.0000000003 
0.0000000001 0.0000000002 0.0000000003 
0.0000000001 0.0000000002 0.0000000003 
0.0000000001 0.0000000002 0.0000000003 
0.0000000001 0.0000000002 0.0000000003 
0.0000000001 0.0000000002 0.0000000003 
0.0000000001 0.0000000002 0.0000000003 
0.0000000001 0.0000000002 0.0000000003 
0.0000000001 0.0000000002 0.0000000003 
0.0000000001 0.0000000002 0.0000000003 
0.0000000001 0.0000000002 0.0000000003 
0.0000000001 0.0000000002 0.0000000003 
0.0000000001 0.0000000002 0.0000000003 
0.0000000001 0.0000000002 0.0000000003 
0.0000000001 0.0000000002 0.0000000003 
0.0000000001 0.0000000002 0.0000000003 
0.0000000001 0.0000000002 0.0000000003 
0.0000000001 0.0000000002 0.0000000003 
0.0000000001 0.0000000002 0.0000000003 
0.0000000001 0.0000000002 0.0000000003 
0.0000000001 0.0000000002 0.0000000003 
0.0000000001 0.0000000002 0.0000000003 
0.0000000001 0.0000000002 0.0000000003 
0.0000000001 0.0000000002 0.0000000003 
0.0000000001 0.0000000002 0.0000000003 
0.0000000001 0.0000000002 0.0000000003 
0.0000000001 0.0000000002 0.0000000003 
0.0000000001 0.0000000002 0.0000000003 
0.0000000001 0.0000000002 0.0000000003 
0.0000000001 0.0000000002 0.0000000003 
0.0000000001 0.0000000002 0.0000000003 
0.0000000001 0.0000000002 0.0000000003 
0.0000000001 0.0000000002 0.0000000003 
0.0000000001 0.0000000002 0.0000000003 
0.0000000001 0.0000000002 0.0000000003 
0.0000000001 0.0000000002 0.0000000003 
0.0000000001 0.0000000002 0.0000000003 
0.0000000001 0.0000000002 0.0000000003 
0.0000000001 0.0000000002 0.0000000003 
0.0000000001 0.0000000002 0.0000000003 
0.0000000001 0.0000000002 0.0000000003 
0.0000000001 0.0000000002 0.0000000003 
0.0000000001 0.0000000002 0.0000000003 
0.0000000001 0.0000000002 0.0000000003 
0.0000000001 0.0000000002 0.0000000003 
0.0000000001 0.0000000002 0.0000000003 
0.0000000001 0.0000000002 0.0000000003 
0.0000000001 0.0000000002 0.0000000003 
0.0000000001 0.0000000002 0.0000000003 
0.0000000001 0.0000000002 0.0000000003 
0.0000000001 0.0000000002 0.0000000003 
0.0000000001 0.0000000002 0.0000000003 
0.0000000001 0.0000000002 0.0000000003 
0.0000000001 0.0000000002 0.0000000003 
0.0000000001 0.0000000002 0.0000000003 
0.0000000001 0.0000000002 0.0000000003 
0.0000000001 0.0000000002 0.0000000003 
0.0000000001 0.0000000002 0.0000000003 
0.0000000001 0.0000000002 0.0000000003 
0.0000000001 0.0000000002 0.0000000003 
0.0000000001 0.0000000002 0.0000000003 
0.0000000001 0.0000000002 0.0000000003 
0.0000000001 0.0000000002 0.0000000003 
0.0000000001 0.0000000002 0.0000000003 
0.0000000001 0.0000000002 0.0000000003 
0.0000000001 0.0000000002 0.0000000003 
0.0000000001 0.0000000002 0.0000000003 
0.0000000001 0.0000000002 0.0000000003 
0.0000000001 0.0000000002 0.0000000003 
0.0000000001 0.0000000002 0.0000000003 
0.0000000001 0.0000000002 0.0000000003 
0.0000000001 0.0000000002 0.0000000003 
0.0000000001 0.0000000002 0.0000000003 
0.0000000001 0.0000000002 0.0000000003 
0.0000000001 0.0000000002 0.0000000003 
0.0000000001 0.0000000002 0.0000000003 
0.0000000001 0.0000000002 0.0000000003 
0.0000000001 0.0000000002 0.0000000003 
0.0000000001 0.0000000002 0.0000000003 
0.0000000001 0.0000000002 0.0000000003 
0.0000000001 0.0000000002 0.0000000003 
0.0000000001 0.0000000002 0.0000000003 
0.0000000001 0.0000000002 0.0000000003 
0.0000000001 0.0000000002 0.0000000003 
0.0000000001 0.0000000002 0.0000000003 
0.0000000001 0.0000000002 0.0000000003 
0.0000000001 0.0000000002 0.0000000003 
0.0000000001 0.0000000002 0.0000000003 
0.0000000001 0.0000000002 0.0000000003 
0.0000000001 0.0000000002 0.0000000003 
0.0000000001 0.0000000002 0.0000000003 
0.0000000001 0.0000000002 0.0000000003 
0.0000000001 0.0000000002 0.0000000003 
0.0000000001 0.0000000002 0.0000000003 
0.0000000001 0.0000000002 0.0000000003 
0.0000000001 0.0000000002 0.0000000003 
0.0000000001 0.0000000002 0.0000000003 
0.0000000001 0.0000000002 0.0000000003 
0.0000000001 0.0000000002 0.0000000003 
0.0000000001 0.0000000002 0.0000000003 
0.0000000001 0.0000000002 0.0000000003 
0.0000000001 0.0000000002 0.0000000003 
0.0000000001 0.0000000002 0.0000000003 
0.0000000001 0.0000000002 0.0000000003 
0.0000000001 0.0000000002 0.0000000003 
0.0000000001 0.0000000002 0.0000000003 
0.0000000001 0.0000000002 0.0000000003 
0.0000000001 0.0000000002 0.0000000003 
0.0000000001 0.0000000002 0.0000000003 
0.0000000001 0.0000000002 0.0000000003 
0.0000000001 0.0000000002 0.0000000003 
0.0000000001 0.0000000002 0.0000000003 
0.0000000001 0.0000000002 0.0000000003 
0.0000000001 0.0000000002 0.0000000003 
0.0000000001 0.0000000002 0.0000000003 
0.0000000001 0.0000000002 0.0000000003 
0.0000000001 0.0000000002 0.0000000003 
0.0000000001 0.0000000002 0.0000000003 
0.0000000001 0.0000000002 0.0000000003 
0.0000000001 0.0000000002 0.0000000003 
0.0000000001 0.0000000002 0.0000000003 
0.0000000001 0.0000000002 0.0000000003 
0.0000000001 0.0000000002 0.0000000003 
0.0000000001 0.0000000002 0.0000000003 
0.0000000001 0.0000000002 0.0000000003 
0.0000000001 0.0000000002 0.0000000003 
0.0000000001 0.0000000002 0.0000000003 
0.0000000001 0.0000000002 0.0000000003 
0.0000000001 0.0000000002 0.0000000003 
0.0000000001 0.0000000002 0.0000000003 
0.0000000001 0.0000000002 0.0000000003 
0.0000000001 0.0000000002 0.0000000003 
0.0000000001 0.0000000002 0.0000000003 
0.0000000001 0.0000000002 0.0000000003 
0.0000000001 0.0000000002 0.0000000003 
0.0000000001 0.0000000002 0.0000000003 
0.0000000001 0.0000000002 0.0000000003 
0.0000000001 0.0000000002 0.0000000003 
0.0000000001 0.0000000002 0.0000000003 
0.0000000001 0.0000000002 0.0000000003 
0.0000000001 0.0000000002 0.0000000003 
0.0000000001 0.0000000002 0.0000000003 
0.0000000001 0.0000000002 0.0000000003 
0.0000000001 0.0000000002 0.0000000003 
0.0000000001 0.0000000002 0.0000000003 
0.0000000001 0.0000000002 0.0000000003 
0.0000000001 0.0000000002 0.0000000003 
0.0000000001 0.0000000002 0.0000000003 
0.0000000001 0.0000000002 0.0000000003 
0.0000000001 0.0000000002 0.0000000003 
0.0000000001 0.0000000002 0.0000000003 
0.0000000001 0.0000000002 0.0000000003 
0.0000000001 0.0000000002 0.0000000003 
0.0000000001 0.0000000002 0.0000000003 
0.0000000001 0.0000000002 0.0000000003 
0.0000000001 0.0000000002 0.0000000003 
0.0000000001 0.0000000002 0.0000000003 
0.0000000001 0.0000000002 0.0000000003 
0.0000000001 0.0000000002 0.0000000003 
0.0000000001 0.0000000002 0.0000000003 
0.0000000001 0.0000000002 0.0000000003 
0.0000000001 0.0000000002 0.0000000003 
0.0000000001 0.0000000002 0.0000000003 
0.0000000001 0.0000000002 0.0000000003 
0.0000000001 0.0000000002 0.0000000003 
0.0000000001 0.0000000002 0.0000000003 
0.0000000001 0.0000000002 0.0000000003 
0.0000000001 0.0000000002 0.0000000003 
0.0000000001 0.0000000002 0.0000000003 
0.0000000001 0.0000000002 0.0000000003 
0.0000000001 0.0000000002 0.0000000003 
0.0000000001 0.0000000002 0.0000000003 
0.0000000001 0.0000000002 0.0000000003 
0.0000000001 0.0000000002 0.0000000003 
0.0000000001 0.0000000002 0.0000000003 
0.0000000001 0.0000000002 0.0000000003 
0.0000000001 0.0000000002 0.0000000003 
0.0000000001 0.0000000002 0.0000000003 
0.0000000001 0.0000000002 0.0000000003 
0.0000000001 0.0000000002 0.0000000003 
0.0000000001 0.0000000002 0.0000000003 
0.0000000001 0.0000000002 0.0000000003 
0.0000000001 0.0000000002 0.0000000003 
0.0000000001 0.0000000002 0.0000000003 
0.0000000001 0.0000000002 0.0000000003 
0.0000000001 0.0000000002 0.0000000003 
0.0000000001 0.0000000002 0.0000000003 
0.0000000001 0.0000000002 0.0000000003 
0.0000000001 0.0000000002 0.0000000003 
0.0000000001 0.0000000002 0.0000000003 
0.0000000001 0.0000000002 0.0000000003 
0.0000000001 0.0000000002 0.0000000003 
0.0000000001 0.0000000002 0.0000000003 
0.0000000001 0.0000000002 0.0000000003 
0.0000000001 0.0000000002 0.0000000003 
0.0000000001 0.0000000002 0.0000000003 
0.0000000001 0.0000000002 0.0000000003 
0.0000000001 0.0000000002 0.0000000003 
0.0000000001 0.0000000002 0.0000000003 
0.0000000001 0.0000000002 0.0000000003 
0.0000000001 0.0000000002 0.0000000003 
0.0000000001 0.0000000002 0.0000000003 
0.0000000001 0.0000000002 0.0000000003 
0.0000000001 0.0000000002 0.0000000003 
0.0000000001 0.0000000002 0.0000000003 
0.0000000001 0.0000000002 0.0000000003 
0.0000000001 0.0000000002 0.0000000003 
0.0000000001 0.0000000002 0.0000000003 
0.0000000001 0.0000000002 0.0000000003 
0.0000000001 0.0000000002 0.0000000003 
0.0000000001 0.0000000002 0.0000000003 
0.0000000001 0.0000000002 0.0000000003 
0.0000000001 0.0000000002 0.0000000003 
