0.0000018567 -0.0000001809 0.0000005729 
0.0000018548 -0.0000001743 0.0000005630 
0.0000018530 -0.0000001680 0.0000005533 
0.0000018512 -0.0000001621 0.0000005437 
0.0000018494 -0.0000001564 0.0000005343 
0.0000018476 -0.0000001509 0.0000005251 
0.0000018457 -0.0000001456 0.0000005160 
0.0000018438 -0.0000001404 0.0000005070 
0.0000018418 -0.0000001354 0.0000004980 
0.0000018397 -0.0000001306 0.0000004892 
0.0000018377 -0.0000001258 0.0000004805 
0.0000018355 -0.0000001212 0.0000004719 
0.0000018333 -0.0000001167 0.0000004633 
0.0000018310 -0.0000001122 0.0000004549 
0.0000018287 -0.0000001079 0.0000004464 
0.0000018263 -0.0000001036 0.0000004381 
0.0000018238 -0.0000000995 0.0000004298 
0.0000018212 -0.0000000954 0.0000004216 
0.0000018186 -0.0000000913 0.0000004135 
0.0000018159 -0.0000000874 0.0000004054 
0.0000018132 -0.0000000835 0.0000003974 
0.0000018104 -0.0000000796 0.0000003894 
0.0000018076 -0.0000000759 0.0000003815 
0.0000018047 -0.0000000721 0.0000003737 
0.0000018019 -0.0000000685 0.0000003659 
0.0000017992 -0.0000000649 0.0000003581 
0.0000017964 -0.0000000614 0.0000003504 
0.0000017937 -0.0000000579 0.0000003427 
0.0000017910 -0.0000000544 0.0000003351 
0.0000017884 -0.0000000510 0.0000003275 
0.0000017858 -0.0000000476 0.0000003200 
0.0000017833 -0.0000000443 0.0000003125 
0.0000017808 -0.0000000410 0.0000003051 
0.0000017784 -0.0000000377 0.0000002977 
0.0000017760 -0.0000000345 0.0000002903 
0.0000017737 -0.0000000313 0.0000002830 
0.0000017716 -0.0000000281 0.0000002757 
0.0000017695 -0.0000000249 0.0000002685 
0.0000017674 -0.0000000218 0.0000002614 
0.0000017655 -0.0000000186 0.0000002543 
0.0000017638 -0.0000000155 0.0000002472 
0.0000017622 -0.0000000123 0.0000002401 
0.0000017608 -0.0000000092 0.0000002331 
0.0000017595 -0.0000000061 0.0000002262 
0.0000017584 -0.0000000030 0.0000002193 
0.0000017573 0.0000000001 0.0000002125 
0.0000017562 0.0000000032 0.0000002057 
0.0000017552 0.0000000063 0.0000001991 
0.0000017542 0.0000000093 0.0000001925 
0.0000017532 0.0000000123 0.0000001860 
0.0000017522 0.0000000153 0.0000001796 
0.0000017513 0.0000000183 0.0000001733 
0.0000017504 0.0000000213 0.0000001670 
0.0000017495 0.0000000243 0.0000001608 
0.0000017488 0.0000000272 0.0000001547 
0.0000017480 0.0000000302 0.0000001487 
0.0000017472 0.0000000331 0.0000001427 
0.0000017464 0.0000000360 0.0000001368 
0.0000017456 0.0000000390 0.0000001311 
0.0000017449 0.0000000419 0.0000001254 
0.0000017441 0.0000000448 0.0000001197 
0.0000017433 0.0000000477 0.0000001142 
0.0000017425 0.0000000506 0.0000001088 
0.0000017418 0.0000000535 0.0000001034 
0.0000017410 0.0000000564 0.0000000981 
0.0000017402 0.0000000594 0.0000000929 
0.0000017394 0.0000000624 0.0000000878 
0.0000017386 0.0000000653 0.0000000828 
0.0000017377 0.0000000683 0.0000000778 
0.0000017369 0.0000000713 0.0000000730 
0.0000017359 0.0000000744 0.0000000682 
0.0000017350 0.0000000774 0.0000000635 
0.0000017340 0.0000000805 0.0000000589 
0.0000017331 0.0000000836 0.0000000544 
0.0000017322 0.0000000867 0.0000000500 
0.0000017312 0.0000000898 0.0000000457 
0.0000017301 0.0000000930 0.0000000415 
0.0000017289 0.0000000962 0.0000000374 
0.0000017277 0.0000000995 0.0000000333 
0.0000017263 0.0000001029 0.0000000293 
0.0000017249 0.0000001062 0.0000000254 
0.0000017233 0.0000001097 0.0000000216 
0.0000017217 0.0000001133 0.0000000179 
0.0000017199 0.0000001169 0.0000000143 
0.0000017179 0.0000001207 0.0000000108 
0.0000017179 0.0000001207 0.0000000108 
0.0000017179 0.0000001207 0.0000000108 
0.0000017179 0.0000001207 0.0000000108 
0.0000017179 0.0000001207 0.0000000108 
0.0000017179 0.0000001207 0.0000000108 
0.0000017179 0.0000001207 0.0000000108 
0.0000017179 0.0000001207 0.0000000108 
0.0000017179 0.0000001207 0.0000000108 
0.0000017179 0.0000001207 0.0000000108 
0.0000017179 0.0000001207 0.0000000108 
0.0000017179 0.0000001207 0.0000000108 
0.0000017179 0.0000001207 0.0000000108 
0.0000017179 0.0000001207 0.0000000108 
0.0000017179 0.0000001207 0.0000000108 
0.0000017179 0.0000001207 0.0000000108 
0.0000017148 0.0000001251 0.0000000092 
0.0000017148 0.0000001251 0.0000000092 
0.0000017148 0.0000001251 0.0000000092 
0.0000017148 0.0000001251 0.0000000092 
0.0000017148 0.0000001251 0.0000000092 
0.0000017148 0.0000001251 0.0000000092 
0.0000017115 0.0000001289 0.0000000100 
0.0000017082 0.0000001328 0.0000000108 
0.0000017050 0.0000001367 0.0000000115 
0.0000017019 0.0000001406 0.0000000123 
0.0000016990 0.0000001445 0.0000000130 
0.0000016961 0.0000001484 0.0000000137 
0.0000016933 0.0000001522 0.0000000144 
0.0000016905 0.0000001560 0.0000000150 
0.0000016878 0.0000001598 0.0000000156 
0.0000016852 0.0000001636 0.0000000161 
0.0000016852 0.0000001636 0.0000000161 
0.0000016852 0.0000001636 0.0000000161 
0.0000016852 0.0000001636 0.0000000161 
0.0000016852 0.0000001636 0.0000000161 
0.0000016852 0.0000001636 0.0000000161 
0.0000016852 0.0000001636 0.0000000161 
0.0000016852 0.0000001636 0.0000000161 
0.0000016852 0.0000001636 0.0000000161 
0.0000016852 0.0000001636 0.0000000161 
0.0000016852 0.0000001636 0.0000000161 
0.0000016828 0.0000001672 0.0000000166 
0.0000016828 0.0000001672 0.0000000166 
0.0000016828 0.0000001672 0.0000000166 
0.0000016806 0.0000001707 0.0000000174 
0.0000016785 0.0000001742 0.0000000182 
0.0000016763 0.0000001776 0.0000000191 
0.0000016742 0.0000001811 0.0000000202 
0.0000016721 0.0000001845 0.0000000214 
0.0000016699 0.0000001880 0.0000000226 
0.0000016678 0.0000001915 0.0000000239 
0.0000016657 0.0000001949 0.0000000253 
0.0000016636 0.0000001983 0.0000000267 
0.0000016615 0.0000002018 0.0000000282 
0.0000016594 0.0000002052 0.0000000298 
0.0000016574 0.0000002085 0.0000000314 
0.0000016553 0.0000002119 0.0000000331 
0.0000016533 0.0000002151 0.0000000348 
0.0000016512 0.0000002184 0.0000000366 
0.0000016492 0.0000002216 0.0000000384 
0.0000016472 0.0000002247 0.0000000402 
0.0000016451 0.0000002278 0.0000000420 
0.0000016431 0.0000002308 0.0000000439 
0.0000016411 0.0000002337 0.0000000458 
0.0000016391 0.0000002366 0.0000000478 
0.0000016371 0.0000002394 0.0000000497 
0.0000016350 0.0000002422 0.0000000517 
0.0000016330 0.0000002449 0.0000000536 
0.0000016310 0.0000002475 0.0000000555 
0.0000016289 0.0000002501 0.0000000575 
0.0000016268 0.0000002526 0.0000000594 
0.0000016247 0.0000002551 0.0000000613 
0.0000016225 0.0000002575 0.0000000632 
0.0000016204 0.0000002598 0.0000000651 
0.0000016182 0.0000002621 0.0000000670 
0.0000016159 0.0000002644 0.0000000688 
0.0000016137 0.0000002666 0.0000000706 
0.0000016114 0.0000002688 0.0000000725 
0.0000016091 0.0000002709 0.0000000743 
0.0000016067 0.0000002730 0.0000000760 
0.0000016044 0.0000002750 0.0000000778 
0.0000016020 0.0000002771 0.0000000795 
0.0000015995 0.0000002790 0.0000000812 
0.0000015970 0.0000002810 0.0000000828 
0.0000015945 0.0000002829 0.0000000845 
0.0000015919 0.0000002848 0.0000000861 
0.0000015894 0.0000002866 0.0000000876 
0.0000015867 0.0000002884 0.0000000891 
0.0000015841 0.0000002902 0.0000000906 
0.0000015814 0.0000002920 0.0000000921 
0.0000015787 0.0000002938 0.0000000935 
0.0000015760 0.0000002955 0.0000000949 
0.0000015732 0.0000002972 0.0000000963 
0.0000015704 0.0000002989 0.0000000976 
0.0000015675 0.0000003006 0.0000000989 
0.0000015647 0.0000003022 0.0000001001 
0.0000015617 0.0000003039 0.0000001014 
0.0000015588 0.0000003055 0.0000001026 
0.0000015558 0.0000003071 0.0000001037 
0.0000015528 0.0000003086 0.0000001049 
0.0000015497 0.0000003102 0.0000001060 
0.0000015466 0.0000003117 0.0000001071 
0.0000015434 0.0000003132 0.0000001081 
0.0000015403 0.0000003147 0.0000001091 
0.0000015370 0.0000003162 0.0000001101 
0.0000015338 0.0000003177 0.0000001110 
0.0000015305 0.0000003191 0.0000001119 
0.0000015272 0.0000003205 0.0000001127 
0.0000015239 0.0000003219 0.0000001135 
0.0000015205 0.0000003233 0.0000001143 
0.0000015171 0.0000003247 0.0000001150 
0.0000015137 0.0000003260 0.0000001156 
0.0000015103 0.0000003274 0.0000001162 
0.0000015068 0.0000003287 0.0000001168 
0.0000015034 0.0000003300 0.0000001173 
0.0000014999 0.0000003312 0.0000001178 
0.0000014964 0.0000003325 0.0000001182 
0.0000014928 0.0000003337 0.0000001186 
0.0000014893 0.0000003350 0.0000001190 
0.0000014857 0.0000003362 0.0000001194 
0.0000014821 0.0000003374 0.0000001197 
0.0000014784 0.0000003386 0.0000001200 
0.0000014748 0.0000003397 0.0000001202 
0.0000014711 0.0000003408 0.0000001205 
0.0000014673 0.0000003420 0.0000001207 
0.0000014636 0.0000003431 0.0000001208 
0.0000014598 0.0000003442 0.0000001210 
0.0000014560 0.0000003452 0.0000001211 
0.0000014522 0.0000003463 0.0000001212 
0.0000014484 0.0000003473 0.0000001213 
0.0000014446 0.0000003484 0.0000001213 
0.0000014408 0.0000003494 0.0000001214 
0.0000014370 0.0000003504 0.0000001214 
0.0000014331 0.0000003514 0.0000001214 
0.0000014293 0.0000003524 0.0000001215 
0.0000014254 0.0000003534 0.0000001215 
0.0000014215 0.0000003543 0.0000001215 
0.0000014176 0.0000003553 0.0000001215 
0.0000014137 0.0000003563 0.0000001215 
0.0000014098 0.0000003572 0.0000001214 
0.0000014058 0.0000003582 0.0000001214 
0.0000014018 0.0000003591 0.0000001214 
0.0000013977 0.0000003601 0.0000001214 
0.0000013937 0.0000003610 0.0000001214 
0.0000013896 0.0000003619 0.0000001214 
0.0000013855 0.0000003628 0.0000001214 
0.0000013814 0.0000003638 0.0000001215 
0.0000013773 0.0000003647 0.0000001216 
0.0000013732 0.0000003656 0.0000001216 
0.0000013690 0.0000003665 0.0000001218 
0.0000013649 0.0000003673 0.0000001219 
0.0000013607 0.0000003682 0.0000001220 
0.0000013566 0.0000003691 0.0000001221 
0.0000013524 0.0000003699 0.0000001223 
0.0000013483 0.0000003708 0.0000001224 
0.0000013441 0.0000003716 0.0000001226 
0.0000013400 0.0000003724 0.0000001227 
0.0000013358 0.0000003733 0.0000001229 
0.0000013317 0.0000003741 0.0000001230 
0.0000013276 0.0000003749 0.0000001232 
0.0000013235 0.0000003756 0.0000001234 
0.0000013194 0.0000003764 0.0000001236 
0.0000013153 0.0000003772 0.0000001239 
0.0000013112 0.0000003779 0.0000001241 
0.0000013072 0.0000003787 0.0000001244 
0.0000013032 0.0000003794 0.0000001247 
0.0000012992 0.0000003801 0.0000001251 
0.0000012951 0.0000003808 0.0000001255 
0.0000012911 0.0000003815 0.0000001258 
0.0000012871 0.0000003822 0.0000001263 
0.0000012831 0.0000003829 0.0000001267 
0.0000012791 0.0000003835 0.0000001272 
0.0000012751 0.0000003842 0.0000001277 
0.0000012712 0.0000003848 0.0000001282 
0.0000012672 0.0000003855 0.0000001288 
0.0000012633 0.0000003861 0.0000001294 
0.0000012593 0.0000003867 0.0000001300 
0.0000012555 0.0000003873 0.0000001306 
0.0000012516 0.0000003879 0.0000001313 
0.0000012477 0.0000003885 0.0000001320 
0.0000012439 0.0000003891 0.0000001328 
0.0000012401 0.0000003897 0.0000001336 
0.0000012363 0.0000003903 0.0000001344 
0.0000012326 0.0000003908 0.0000001353 
0.0000012289 0.0000003913 0.0000001361 
0.0000012252 0.0000003919 0.0000001370 
0.0000012216 0.0000003924 0.0000001379 
0.0000012180 0.0000003929 0.0000001389 
0.0000012144 0.0000003934 0.0000001398 
0.0000012109 0.0000003938 0.0000001408 
0.0000012074 0.0000003943 0.0000001418 
0.0000012039 0.0000003948 0.0000001428 
0.0000012005 0.0000003952 0.0000001438 
0.0000011972 0.0000003956 0.0000001448 
0.0000011938 0.0000003961 0.0000001458 
0.0000011905 0.0000003965 0.0000001468 
0.0000011872 0.0000003969 0.0000001479 
0.0000011840 0.0000003972 0.0000001489 
0.0000011807 0.0000003976 0.0000001499 
0.0000011775 0.0000003980 0.0000001510 
0.0000011744 0.0000003983 0.0000001520 
0.0000011712 0.0000003986 0.0000001530 
0.0000011681 0.0000003990 0.0000001540 
0.0000011650 0.0000003993 0.0000001550 
0.0000011619 0.0000003995 0.0000001560 
0.0000011589 0.0000003998 0.0000001570 
0.0000011559 0.0000004001 0.0000001580 
0.0000011529 0.0000004003 0.0000001589 
0.0000011498 0.0000004006 0.0000001599 
0.0000011469 0.0000004008 0.0000001608 
0.0000011439 0.0000004010 0.0000001616 
0.0000011409 0.0000004012 0.0000001625 
0.0000011380 0.0000004014 0.0000001633 
0.0000011350 0.0000004016 0.0000001641 
0.0000011321 0.0000004018 0.0000001649 
0.0000011292 0.0000004019 0.0000001657 
0.0000011262 0.0000004021 0.0000001664 
0.0000011233 0.0000004022 0.0000001671 
0.0000011205 0.0000004024 0.0000001678 
0.0000011176 0.0000004025 0.0000001685 
0.0000011147 0.0000004026 0.0000001691 
0.0000011119 0.0000004027 0.0000001697 
0.0000011091 0.0000004028 0.0000001703 
0.0000011063 0.0000004029 0.0000001708 
0.0000011035 0.0000004029 0.0000001714 
0.0000011007 0.0000004030 0.0000001718 
0.0000010979 0.0000004030 0.0000001723 
0.0000010951 0.0000004031 0.0000001727 
0.0000010924 0.0000004031 0.0000001732 
0.0000010896 0.0000004031 0.0000001736 
0.0000010869 0.0000004031 0.0000001739 
0.0000010841 0.0000004031 0.0000001743 
0.0000010814 0.0000004031 0.0000001746 
0.0000010786 0.0000004030 0.0000001749 
0.0000010759 0.0000004030 0.0000001752 
0.0000010731 0.0000004029 0.0000001754 
0.0000010705 0.0000004028 0.0000001756 
0.0000010678 0.0000004027 0.0000001758 
0.0000010651 0.0000004026 0.0000001760 
0.0000010625 0.0000004025 0.0000001761 
0.0000010598 0.0000004024 0.0000001763 
0.0000010571 0.0000004022 0.0000001764 
0.0000010544 0.0000004021 0.0000001765 
0.0000010516 0.0000004019 0.0000001766 
0.0000010489 0.0000004018 0.0000001767 
0.0000010462 0.0000004016 0.0000001768 
0.0000010434 0.0000004014 0.0000001769 
0.0000010407 0.0000004012 0.0000001769 
0.0000010379 0.0000004011 0.0000001770 
0.0000010352 0.0000004009 0.0000001770 
0.0000010324 0.0000004007 0.0000001771 
0.0000010297 0.0000004004 0.0000001771 
0.0000010269 0.0000004002 0.0000001771 
0.0000010242 0.0000004000 0.0000001772 
0.0000010215 0.0000003998 0.0000001772 
0.0000010187 0.0000003996 0.0000001772 
0.0000010160 0.0000003993 0.0000001772 
0.0000010133 0.0000003991 0.0000001772 
0.0000010106 0.0000003988 0.0000001772 
0.0000010079 0.0000003986 0.0000001772 
0.0000010052 0.0000003984 0.0000001772 
0.0000010026 0.0000003981 0.0000001772 
0.0000009999 0.0000003978 0.0000001772 
0.0000009973 0.0000003976 0.0000001772 
0.0000009946 0.0000003973 0.0000001772 
0.0000009920 0.0000003970 0.0000001772 
0.0000009894 0.0000003968 0.0000001772 
0.0000009868 0.0000003965 0.0000001772 
0.0000009842 0.0000003962 0.0000001772 
0.0000009816 0.0000003959 0.0000001772 
0.0000009790 0.0000003956 0.0000001772 
0.0000009764 0.0000003953 0.0000001772 
0.0000009739 0.0000003950 0.0000001772 
0.0000009714 0.0000003947 0.0000001773 
0.0000009688 0.0000003944 0.0000001773 
0.0000009663 0.0000003941 0.0000001773 
0.0000009638 0.0000003937 0.0000001774 
0.0000009614 0.0000003934 0.0000001774 
0.0000009589 0.0000003931 0.0000001774 
0.0000009564 0.0000003927 0.0000001775 
0.0000009540 0.0000003924 0.0000001775 
0.0000009516 0.0000003920 0.0000001776 
0.0000009492 0.0000003917 0.0000001776 
0.0000009468 0.0000003913 0.0000001776 
0.0000009444 0.0000003909 0.0000001777 
0.0000009420 0.0000003905 0.0000001777 
0.0000009397 0.0000003901 0.0000001778 
0.0000009374 0.0000003897 0.0000001778 
0.0000009351 0.0000003893 0.0000001779 
0.0000009328 0.0000003889 0.0000001779 
0.0000009305 0.0000003885 0.0000001780 
0.0000009282 0.0000003880 0.0000001780 
0.0000009260 0.0000003876 0.0000001781 
0.0000009237 0.0000003871 0.0000001782 
0.0000009215 0.0000003866 0.0000001782 
0.0000009193 0.0000003862 0.0000001783 
0.0000009171 0.0000003857 0.0000001784 
0.0000009149 0.0000003852 0.0000001784 
0.0000009127 0.0000003847 0.0000001785 
0.0000009105 0.0000003842 0.0000001786 
0.0000009084 0.0000003837 0.0000001786 
0.0000009062 0.0000003832 0.0000001787 
0.0000009041 0.0000003827 0.0000001787 
0.0000009019 0.0000003821 0.0000001788 
0.0000008998 0.0000003816 0.0000001788 
0.0000008976 0.0000003811 0.0000001789 
0.0000008954 0.0000003805 0.0000001789 
0.0000008933 0.0000003800 0.0000001790 
0.0000008912 0.0000003794 0.0000001790 
0.0000008890 0.0000003788 0.0000001790 
0.0000008869 0.0000003783 0.0000001790 
0.0000008848 0.0000003777 0.0000001790 
0.0000008827 0.0000003770 0.0000001789 
0.0000008805 0.0000003764 0.0000001789 
0.0000008784 0.0000003758 0.0000001788 
0.0000008763 0.0000003752 0.0000001788 
0.0000008742 0.0000003745 0.0000001787 
0.0000008721 0.0000003739 0.0000001786 
0.0000008699 0.0000003732 0.0000001785 
0.0000008678 0.0000003725 0.0000001784 
0.0000008657 0.0000003719 0.0000001783 
0.0000008636 0.0000003712 0.0000001782 
0.0000008615 0.0000003705 0.0000001781 
0.0000008593 0.0000003698 0.0000001779 
0.0000008572 0.0000003692 0.0000001778 
0.0000008551 0.0000003685 0.0000001776 
0.0000008529 0.0000003678 0.0000001774 
0.0000008508 0.0000003671 0.0000001773 
0.0000008486 0.0000003664 0.0000001771 
0.0000008465 0.0000003657 0.0000001769 
0.0000008444 0.0000003650 0.0000001767 
0.0000008422 0.0000003643 0.0000001765 
0.0000008400 0.0000003635 0.0000001763 
0.0000008379 0.0000003628 0.0000001760 
0.0000008357 0.0000003621 0.0000001758 
0.0000008336 0.0000003614 0.0000001755 
0.0000008314 0.0000003607 0.0000001753 
0.0000008292 0.0000003600 0.0000001750 
0.0000008271 0.0000003593 0.0000001748 
0.0000008249 0.0000003585 0.0000001745 
0.0000008227 0.0000003578 0.0000001742 
0.0000008206 0.0000003571 0.0000001739 
0.0000008184 0.0000003564 0.0000001736 
0.0000008162 0.0000003557 0.0000001733 
0.0000008141 0.0000003549 0.0000001730 
0.0000008119 0.0000003542 0.0000001727 
0.0000008097 0.0000003535 0.0000001724 
0.0000008076 0.0000003528 0.0000001721 
0.0000008054 0.0000003521 0.0000001718 
0.0000008033 0.0000003513 0.0000001715 
0.0000008011 0.0000003506 0.0000001711 
0.0000007990 0.0000003499 0.0000001708 
0.0000007968 0.0000003492 0.0000001705 
0.0000007946 0.0000003484 0.0000001702 
0.0000007925 0.0000003477 0.0000001698 
0.0000007903 0.0000003470 0.0000001695 
0.0000007882 0.0000003463 0.0000001692 
0.0000007860 0.0000003456 0.0000001688 
0.0000007839 0.0000003448 0.0000001685 
0.0000007818 0.0000003441 0.0000001681 
0.0000007796 0.0000003434 0.0000001678 
0.0000007775 0.0000003427 0.0000001675 
0.0000007754 0.0000003419 0.0000001671 
0.0000007732 0.0000003412 0.0000001668 
0.0000007711 0.0000003404 0.0000001664 
0.0000007690 0.0000003397 0.0000001660 
0.0000007669 0.0000003390 0.0000001657 
0.0000007648 0.0000003382 0.0000001653 
0.0000007627 0.0000003375 0.0000001649 
0.0000007605 0.0000003367 0.0000001646 
0.0000007584 0.0000003360 0.0000001642 
0.0000007563 0.0000003352 0.0000001639 
0.0000007542 0.0000003345 0.0000001635 
0.0000007520 0.0000003337 0.0000001631 
0.0000007499 0.0000003330 0.0000001628 
0.0000007478 0.0000003322 0.0000001624 
0.0000007457 0.0000003315 0.0000001621 
0.0000007435 0.0000003307 0.0000001617 
0.0000007414 0.0000003299 0.0000001614 
0.0000007393 0.0000003292 0.0000001610 
0.0000007372 0.0000003284 0.0000001607 
0.0000007350 0.0000003277 0.0000001603 
0.0000007329 0.0000003269 0.0000001600 
0.0000007308 0.0000003262 0.0000001597 
0.0000007287 0.0000003254 0.0000001594 
0.0000007266 0.0000003247 0.0000001590 
0.0000007245 0.0000003239 0.0000001587 
0.0000007224 0.0000003232 0.0000001584 
0.0000007203 0.0000003224 0.0000001582 
0.0000007182 0.0000003217 0.0000001579 
0.0000007161 0.0000003209 0.0000001576 
0.0000007140 0.0000003202 0.0000001574 
0.0000007119 0.0000003195 0.0000001571 
0.0000007098 0.0000003187 0.0000001569 
0.0000007077 0.0000003180 0.0000001567 
0.0000007056 0.0000003173 0.0000001564 
0.0000007036 0.0000003166 0.0000001562 
0.0000007015 0.0000003158 0.0000001560 
0.0000006994 0.0000003151 0.0000001558 
0.0000006974 0.0000003144 0.0000001556 
0.0000006953 0.0000003136 0.0000001554 
0.0000006933 0.0000003129 0.0000001552 
0.0000006912 0.0000003122 0.0000001550 
0.0000006891 0.0000003115 0.0000001548 
0.0000006871 0.0000003107 0.0000001546 
0.0000006850 0.0000003100 0.0000001544 
0.0000006830 0.0000003093 0.0000001542 
0.0000006809 0.0000003085 0.0000001540 
0.0000006789 0.0000003078 0.0000001538 
0.0000006768 0.0000003070 0.0000001536 
0.0000006747 0.0000003063 0.0000001534 
0.0000006727 0.0000003055 0.0000001532 
0.0000006706 0.0000003048 0.0000001530 
0.0000006686 0.0000003040 0.0000001527 
0.0000006665 0.0000003033 0.0000001525 
0.0000006644 0.0000003025 0.0000001523 
0.0000006624 0.0000003018 0.0000001520 
0.0000006603 0.0000003010 0.0000001518 
0.0000006582 0.0000003002 0.0000001515 
0.0000006562 0.0000002995 0.0000001513 
0.0000006541 0.0000002987 0.0000001510 
0.0000006521 0.0000002979 0.0000001508 
0.0000006500 0.0000002971 0.0000001505 
0.0000006479 0.0000002963 0.0000001502 
0.0000006459 0.0000002956 0.0000001499 
0.0000006438 0.0000002948 0.0000001496 
0.0000006418 0.0000002940 0.0000001494 
0.0000006398 0.0000002932 0.0000001491 
0.0000006377 0.0000002924 0.0000001488 
0.0000006357 0.0000002916 0.0000001484 
0.0000006336 0.0000002908 0.0000001481 
0.0000006316 0.0000002900 0.0000001478 
0.0000006296 0.0000002892 0.0000001475 
0.0000006276 0.0000002884 0.0000001472 
0.0000006256 0.0000002876 0.0000001468 
0.0000006236 0.0000002869 0.0000001465 
0.0000006216 0.0000002861 0.0000001462 
0.0000006196 0.0000002853 0.0000001458 
0.0000006176 0.0000002845 0.0000001455 
0.0000006157 0.0000002837 0.0000001451 
0.0000006137 0.0000002829 0.0000001448 
0.0000006118 0.0000002821 0.0000001444 
0.0000006099 0.0000002813 0.0000001441 
0.0000006079 0.0000002805 0.0000001437 
0.0000006060 0.0000002797 0.0000001434 
0.0000006041 0.0000002789 0.0000001430 
0.0000006022 0.0000002781 0.0000001426 
0.0000006003 0.0000002773 0.0000001422 
0.0000005984 0.0000002764 0.0000001419 
0.0000005966 0.0000002756 0.0000001415 
0.0000005947 0.0000002748 0.0000001411 
0.0000005928 0.0000002740 0.0000001407 
0.0000005910 0.0000002732 0.0000001403 
0.0000005891 0.0000002724 0.0000001399 
0.0000005873 0.0000002716 0.0000001395 
0.0000005855 0.0000002708 0.0000001391 
0.0000005836 0.0000002700 0.0000001387 
0.0000005818 0.0000002691 0.0000001383 
0.0000005800 0.0000002683 0.0000001379 
0.0000005782 0.0000002675 0.0000001375 
0.0000005764 0.0000002667 0.0000001371 
0.0000005747 0.0000002659 0.0000001367 
0.0000005729 0.0000002651 0.0000001363 
0.0000005711 0.0000002642 0.0000001359 
0.0000005693 0.0000002634 0.0000001355 
0.0000005676 0.0000002626 0.0000001351 
0.0000005658 0.0000002618 0.0000001347 
0.0000005641 0.0000002610 0.0000001342 
0.0000005623 0.0000002602 0.0000001338 
0.0000005606 0.0000002593 0.0000001334 
0.0000005588 0.0000002585 0.0000001329 
0.0000005571 0.0000002577 0.0000001325 
0.0000005554 0.0000002569 0.0000001320 
0.0000005536 0.0000002560 0.0000001315 
0.0000005519 0.0000002552 0.0000001311 
0.0000005502 0.0000002544 0.0000001306 
0.0000005485 0.0000002535 0.0000001301 
0.0000005467 0.0000002527 0.0000001296 
0.0000005450 0.0000002519 0.0000001291 
0.0000005432 0.0000002511 0.0000001286 
0.0000005415 0.0000002502 0.0000001282 
0.0000005397 0.0000002494 0.0000001277 
0.0000005379 0.0000002486 0.0000001272 
0.0000005362 0.0000002478 0.0000001267 
0.0000005344 0.0000002469 0.0000001262 
0.0000005326 0.0000002461 0.0000001257 
0.0000005308 0.0000002453 0.0000001252 
0.0000005291 0.0000002445 0.0000001247 
0.0000005273 0.0000002437 0.0000001242 
0.0000005256 0.0000002429 0.0000001237 
0.0000005238 0.0000002421 0.0000001232 
0.0000005221 0.0000002413 0.0000001227 
0.0000005204 0.0000002405 0.0000001222 
0.0000005186 0.0000002397 0.0000001218 
0.0000005169 0.0000002389 0.0000001213 
0.0000005151 0.0000002381 0.0000001208 
0.0000005134 0.0000002374 0.0000001204 
0.0000005117 0.0000002366 0.0000001199 
0.0000005100 0.0000002358 0.0000001195 
0.0000005082 0.0000002351 0.0000001190 
0.0000005065 0.0000002343 0.0000001186 
0.0000005048 0.0000002336 0.0000001181 
0.0000005031 0.0000002328 0.0000001177 
0.0000005013 0.0000002321 0.0000001173 
0.0000004996 0.0000002313 0.0000001168 
0.0000004979 0.0000002306 0.0000001164 
0.0000004962 0.0000002299 0.0000001160 
0.0000004945 0.0000002291 0.0000001156 
0.0000004927 0.0000002284 0.0000001152 
0.0000004910 0.0000002277 0.0000001148 
0.0000004893 0.0000002270 0.0000001144 
0.0000004876 0.0000002263 0.0000001141 
0.0000004859 0.0000002256 0.0000001137 
0.0000004842 0.0000002249 0.0000001133 
0.0000004826 0.0000002242 0.0000001130 
0.0000004809 0.0000002235 0.0000001127 
0.0000004792 0.0000002229 0.0000001123 
0.0000004776 0.0000002222 0.0000001120 
0.0000004759 0.0000002215 0.0000001117 
0.0000004743 0.0000002208 0.0000001114 
0.0000004726 0.0000002202 0.0000001111 
0.0000004710 0.0000002195 0.0000001108 
0.0000004694 0.0000002189 0.0000001105 
0.0000004677 0.0000002182 0.0000001102 
0.0000004661 0.0000002176 0.0000001099 
0.0000004645 0.0000002169 0.0000001097 
0.0000004628 0.0000002163 0.0000001094 
0.0000004612 0.0000002156 0.0000001091 
0.0000004596 0.0000002150 0.0000001089 
0.0000004579 0.0000002143 0.0000001086 
0.0000004563 0.0000002137 0.0000001084 
0.0000004547 0.0000002130 0.0000001081 
0.0000004530 0.0000002124 0.0000001078 
0.0000004514 0.0000002118 0.0000001076 
0.0000004497 0.0000002111 0.0000001073 
0.0000004480 0.0000002105 0.0000001070 
0.0000004463 0.0000002098 0.0000001068 
0.0000004446 0.0000002092 0.0000001065 
0.0000004429 0.0000002085 0.0000001062 
0.0000004412 0.0000002079 0.0000001060 
0.0000004395 0.0000002072 0.0000001057 
0.0000004377 0.0000002066 0.0000001054 
0.0000004360 0.0000002059 0.0000001051 
0.0000004342 0.0000002053 0.0000001048 
0.0000004325 0.0000002046 0.0000001046 
0.0000004307 0.0000002040 0.0000001043 
0.0000004290 0.0000002033 0.0000001040 
0.0000004272 0.0000002026 0.0000001037 
0.0000004255 0.0000002020 0.0000001034 
0.0000004237 0.0000002013 0.0000001032 
0.0000004220 0.0000002007 0.0000001029 
0.0000004202 0.0000002000 0.0000001026 
0.0000004184 0.0000001994 0.0000001023 
0.0000004167 0.0000001987 0.0000001020 
0.0000004149 0.0000001980 0.0000001018 
0.0000004132 0.0000001974 0.0000001015 
0.0000004115 0.0000001967 0.0000001012 
0.0000004098 0.0000001961 0.0000001009 
0.0000004081 0.0000001954 0.0000001007 
0.0000004064 0.0000001948 0.0000001004 
0.0000004047 0.0000001941 0.0000001001 
0.0000004030 0.0000001935 0.0000000999 
0.0000004014 0.0000001928 0.0000000996 
0.0000003997 0.0000001922 0.0000000993 
0.0000003980 0.0000001916 0.0000000991 
0.0000003964 0.0000001909 0.0000000988 
0.0000003947 0.0000001903 0.0000000985 
0.0000003931 0.0000001896 0.0000000982 
0.0000003914 0.0000001890 0.0000000980 
0.0000003898 0.0000001883 0.0000000977 
0.0000003881 0.0000001877 0.0000000974 
0.0000003865 0.0000001870 0.0000000971 
0.0000003849 0.0000001864 0.0000000968 
0.0000003832 0.0000001857 0.0000000965 
0.0000003816 0.0000001850 0.0000000962 
0.0000003800 0.0000001844 0.0000000959 
0.0000003783 0.0000001837 0.0000000956 
0.0000003767 0.0000001831 0.0000000953 
0.0000003751 0.0000001824 0.0000000950 
0.0000003735 0.0000001817 0.0000000946 
0.0000003719 0.0000001811 0.0000000943 
0.0000003703 0.0000001804 0.0000000940 
0.0000003687 0.0000001798 0.0000000937 
0.0000003671 0.0000001791 0.0000000933 
0.0000003655 0.0000001784 0.0000000930 
0.0000003639 0.0000001778 0.0000000927 
0.0000003623 0.0000001771 0.0000000923 
0.0000003607 0.0000001764 0.0000000920 
0.0000003592 0.0000001758 0.0000000917 
0.0000003576 0.0000001751 0.0000000913 
0.0000003561 0.0000001744 0.0000000910 
0.0000003546 0.0000001738 0.0000000906 
0.0000003531 0.0000001731 0.0000000903 
0.0000003516 0.0000001724 0.0000000899 
0.0000003501 0.0000001718 0.0000000896 
0.0000003487 0.0000001711 0.0000000893 
0.0000003472 0.0000001704 0.0000000890 
0.0000003457 0.0000001697 0.0000000887 
0.0000003443 0.0000001690 0.0000000884 
0.0000003428 0.0000001684 0.0000000882 
0.0000003414 0.0000001677 0.0000000879 
0.0000003399 0.0000001670 0.0000000876 
0.0000003384 0.0000001663 0.0000000873 
0.0000003370 0.0000001656 0.0000000871 
0.0000003355 0.0000001649 0.0000000868 
0.0000003340 0.0000001642 0.0000000865 
0.0000003325 0.0000001635 0.0000000863 
0.0000003310 0.0000001628 0.0000000860 
0.0000003295 0.0000001621 0.0000000857 
0.0000003279 0.0000001614 0.0000000854 
0.0000003264 0.0000001607 0.0000000851 
0.0000003248 0.0000001600 0.0000000848 
0.0000003232 0.0000001593 0.0000000845 
0.0000003216 0.0000001586 0.0000000842 
0.0000003200 0.0000001579 0.0000000839 
0.0000003184 0.0000001571 0.0000000836 
0.0000003168 0.0000001564 0.0000000832 
0.0000003151 0.0000001557 0.0000000829 
0.0000003135 0.0000001549 0.0000000825 
0.0000003118 0.0000001542 0.0000000822 
0.0000003101 0.0000001535 0.0000000818 
0.0000003085 0.0000001527 0.0000000815 
0.0000003068 0.0000001520 0.0000000811 
0.0000003052 0.0000001512 0.0000000807 
0.0000003035 0.0000001505 0.0000000804 
0.0000003018 0.0000001498 0.0000000800 
0.0000003002 0.0000001490 0.0000000796 
0.0000002985 0.0000001483 0.0000000792 
0.0000002968 0.0000001475 0.0000000789 
0.0000002952 0.0000001468 0.0000000785 
0.0000002935 0.0000001460 0.0000000781 
0.0000002919 0.0000001453 0.0000000777 
0.0000002902 0.0000001445 0.0000000773 
0.0000002886 0.0000001438 0.0000000769 
0.0000002869 0.0000001430 0.0000000765 
0.0000002853 0.0000001423 0.0000000761 
0.0000002837 0.0000001416 0.0000000757 
0.0000002821 0.0000001408 0.0000000753 
0.0000002805 0.0000001401 0.0000000749 
0.0000002789 0.0000001394 0.0000000746 
0.0000002773 0.0000001387 0.0000000742 
0.0000002757 0.0000001380 0.0000000738 
0.0000002741 0.0000001373 0.0000000734 
0.0000002725 0.0000001366 0.0000000730 
0.0000002710 0.0000001359 0.0000000726 
0.0000002694 0.0000001351 0.0000000722 
0.0000002678 0.0000001344 0.0000000718 
0.0000002662 0.0000001337 0.0000000714 
0.0000002647 0.0000001330 0.0000000710 
0.0000002631 0.0000001323 0.0000000706 
0.0000002616 0.0000001316 0.0000000702 
0.0000002601 0.0000001309 0.0000000698 
0.0000002585 0.0000001302 0.0000000694 
0.0000002570 0.0000001295 0.0000000690 
0.0000002555 0.0000001288 0.0000000686 
0.0000002540 0.0000001281 0.0000000683 
0.0000002525 0.0000001274 0.0000000679 
0.0000002510 0.0000001267 0.0000000675 
0.0000002495 0.0000001260 0.0000000671 
0.0000002481 0.0000001253 0.0000000667 
0.0000002466 0.0000001246 0.0000000664 
0.0000002452 0.0000001238 0.0000000660 
0.0000002437 0.0000001231 0.0000000656 
0.0000002423 0.0000001224 0.0000000652 
0.0000002409 0.0000001217 0.0000000649 
0.0000002394 0.0000001210 0.0000000645 
0.0000002380 0.0000001203 0.0000000641 
0.0000002366 0.0000001196 0.0000000638 
0.0000002352 0.0000001189 0.0000000634 
0.0000002338 0.0000001182 0.0000000630 
0.0000002324 0.0000001175 0.0000000627 
0.0000002310 0.0000001168 0.0000000623 
0.0000002296 0.0000001161 0.0000000619 
0.0000002282 0.0000001154 0.0000000616 
0.0000002269 0.0000001147 0.0000000612 
0.0000002255 0.0000001140 0.0000000609 
0.0000002242 0.0000001133 0.0000000606 
0.0000002229 0.0000001127 0.0000000602 
0.0000002216 0.0000001120 0.0000000599 
0.0000002203 0.0000001114 0.0000000596 
0.0000002190 0.0000001107 0.0000000593 
0.0000002177 0.0000001101 0.0000000590 
0.0000002164 0.0000001095 0.0000000587 
0.0000002150 0.0000001089 0.0000000583 
0.0000002137 0.0000001083 0.0000000581 
0.0000002124 0.0000001077 0.0000000578 
0.0000002110 0.0000001071 0.0000000575 
0.0000002097 0.0000001065 0.0000000572 
0.0000002084 0.0000001059 0.0000000569 
0.0000002070 0.0000001053 0.0000000566 
0.0000002057 0.0000001048 0.0000000563 
0.0000002044 0.0000001042 0.0000000561 
0.0000002031 0.0000001036 0.0000000558 
0.0000002018 0.0000001030 0.0000000556 
0.0000002005 0.0000001025 0.0000000553 
0.0000001992 0.0000001019 0.0000000551 
0.0000001979 0.0000001014 0.0000000549 
0.0000001967 0.0000001008 0.0000000546 
0.0000001954 0.0000001003 0.0000000544 
0.0000001942 0.0000000998 0.0000000542 
0.0000001929 0.0000000992 0.0000000540 
0.0000001917 0.0000000987 0.0000000538 
0.0000001905 0.0000000981 0.0000000536 
0.0000001893 0.0000000976 0.0000000535 
0.0000001880 0.0000000971 0.0000000533 
0.0000001868 0.0000000965 0.0000000531 
0.0000001856 0.0000000960 0.0000000529 
0.0000001845 0.0000000955 0.0000000528 
0.0000001833 0.0000000949 0.0000000526 
0.0000001821 0.0000000944 0.0000000525 
0.0000001809 0.0000000939 0.0000000524 
0.0000001797 0.0000000934 0.0000000522 
0.0000001785 0.0000000928 0.0000000521 
0.0000001773 0.0000000923 0.0000000520 
0.0000001762 0.0000000918 0.0000000518 
0.0000001750 0.0000000913 0.0000000517 
0.0000001738 0.0000000908 0.0000000516 
0.0000001727 0.0000000902 0.0000000515 
0.0000001716 0.0000000897 0.0000000513 
0.0000001705 0.0000000892 0.0000000512 
0.0000001694 0.0000000886 0.0000000511 
0.0000001683 0.0000000881 0.0000000509 
0.0000001673 0.0000000876 0.0000000508 
0.0000001662 0.0000000870 0.0000000507 
0.0000001652 0.0000000865 0.0000000505 
0.0000001643 0.0000000860 0.0000000504 
0.0000001633 0.0000000854 0.0000000502 
0.0000001623 0.0000000849 0.0000000501 
0.0000001614 0.0000000844 0.0000000500 
0.0000001605 0.0000000839 0.0000000498 
0.0000001596 0.0000000834 0.0000000497 
0.0000001587 0.0000000829 0.0000000495 
0.0000001579 0.0000000824 0.0000000494 
0.0000001570 0.0000000819 0.0000000493 
0.0000001562 0.0000000814 0.0000000491 
0.0000001553 0.0000000809 0.0000000490 
0.0000001545 0.0000000804 0.0000000488 
0.0000001536 0.0000000799 0.0000000487 
0.0000001528 0.0000000794 0.0000000485 
0.0000001519 0.0000000789 0.0000000483 
0.0000001511 0.0000000784 0.0000000481 
0.0000001503 0.0000000779 0.0000000479 
0.0000001495 0.0000000774 0.0000000477 
0.0000001487 0.0000000769 0.0000000475 
0.0000001478 0.0000000764 0.0000000473 
0.0000001470 0.0000000760 0.0000000470 
0.0000001462 0.0000000755 0.0000000467 
0.0000001454 0.0000000750 0.0000000464 
0.0000001446 0.0000000745 0.0000000461 
0.0000001437 0.0000000740 0.0000000458 
0.0000001429 0.0000000735 0.0000000455 
0.0000001421 0.0000000730 0.0000000452 
0.0000001413 0.0000000725 0.0000000448 
0.0000001404 0.0000000720 0.0000000445 
0.0000001396 0.0000000715 0.0000000441 
0.0000001388 0.0000000710 0.0000000438 
0.0000001380 0.0000000705 0.0000000434 
0.0000001372 0.0000000700 0.0000000431 
0.0000001364 0.0000000695 0.0000000427 
0.0000001356 0.0000000691 0.0000000423 
0.0000001348 0.0000000686 0.0000000420 
0.0000001340 0.0000000681 0.0000000416 
0.0000001333 0.0000000677 0.0000000413 
0.0000001325 0.0000000672 0.0000000409 
0.0000001318 0.0000000667 0.0000000406 
0.0000001311 0.0000000663 0.0000000402 
0.0000001303 0.0000000659 0.0000000399 
0.0000001296 0.0000000654 0.0000000395 
0.0000001289 0.0000000650 0.0000000392 
0.0000001282 0.0000000646 0.0000000388 
0.0000001275 0.0000000642 0.0000000385 
0.0000001268 0.0000000637 0.0000000381 
0.0000001262 0.0000000633 0.0000000378 
0.0000001255 0.0000000629 0.0000000374 
0.0000001248 0.0000000625 0.0000000371 
0.0000001242 0.0000000621 0.0000000367 
0.0000001235 0.0000000617 0.0000000364 
0.0000001229 0.0000000613 0.0000000360 
0.0000001223 0.0000000609 0.0000000357 
0.0000001217 0.0000000605 0.0000000354 
0.0000001211 0.0000000602 0.0000000350 
0.0000001205 0.0000000598 0.0000000347 
0.0000001199 0.0000000594 0.0000000344 
0.0000001194 0.0000000590 0.0000000341 
0.0000001188 0.0000000587 0.0000000338 
0.0000001183 0.0000000583 0.0000000335 
0.0000001178 0.0000000580 0.0000000332 
0.0000001174 0.0000000576 0.0000000329 
0.0000001169 0.0000000573 0.0000000326 
0.0000001164 0.0000000569 0.0000000323 
0.0000001159 0.0000000566 0.0000000320 
0.0000001153 0.0000000562 0.0000000317 
0.0000001148 0.0000000559 0.0000000314 
0.0000001143 0.0000000556 0.0000000311 
0.0000001138 0.0000000552 0.0000000308 
0.0000001133 0.0000000549 0.0000000305 
0.0000001128 0.0000000546 0.0000000302 
0.0000001123 0.0000000542 0.0000000300 
0.0000001118 0.0000000539 0.0000000297 
0.0000001113 0.0000000536 0.0000000294 
0.0000001108 0.0000000533 0.0000000291 
0.0000001103 0.0000000529 0.0000000288 
0.0000001099 0.0000000526 0.0000000286 
0.0000001094 0.0000000523 0.0000000283 
0.0000001089 0.0000000520 0.0000000280 
0.0000001084 0.0000000517 0.0000000278 
0.0000001080 0.0000000514 0.0000000275 
0.0000001075 0.0000000511 0.0000000273 
0.0000001070 0.0000000508 0.0000000271 
0.0000001065 0.0000000505 0.0000000268 
0.0000001061 0.0000000502 0.0000000266 
0.0000001056 0.0000000499 0.0000000263 
0.0000001051 0.0000000497 0.0000000261 
0.0000001046 0.0000000494 0.0000000259 
0.0000001041 0.0000000491 0.0000000257 
0.0000001037 0.0000000488 0.0000000255 
0.0000001032 0.0000000485 0.0000000253 
0.0000001027 0.0000000483 0.0000000251 
0.0000001023 0.0000000480 0.0000000249 
0.0000001018 0.0000000477 0.0000000247 
0.0000001014 0.0000000474 0.0000000245 
0.0000001009 0.0000000472 0.0000000243 
0.0000001004 0.0000000469 0.0000000242 
0.0000001000 0.0000000467 0.0000000240 
0.0000000995 0.0000000464 0.0000000238 
0.0000000990 0.0000000461 0.0000000237 
0.0000000986 0.0000000459 0.0000000235 
0.0000000981 0.0000000456 0.0000000234 
0.0000000977 0.0000000454 0.0000000232 
0.0000000972 0.0000000451 0.0000000231 
0.0000000967 0.0000000449 0.0000000229 
0.0000000963 0.0000000446 0.0000000228 
0.0000000958 0.0000000444 0.0000000227 
0.0000000954 0.0000000442 0.0000000226 
0.0000000949 0.0000000439 0.0000000225 
0.0000000945 0.0000000437 0.0000000223 
0.0000000940 0.0000000434 0.0000000222 
0.0000000936 0.0000000432 0.0000000221 
0.0000000931 0.0000000430 0.0000000220 
0.0000000927 0.0000000427 0.0000000220 
0.0000000923 0.0000000425 0.0000000219 
0.0000000918 0.0000000423 0.0000000218 
0.0000000914 0.0000000421 0.0000000217 
0.0000000910 0.0000000418 0.0000000216 
0.0000000906 0.0000000416 0.0000000215 
0.0000000902 0.0000000414 0.0000000215 
0.0000000898 0.0000000412 0.0000000214 
0.0000000893 0.0000000410 0.0000000213 
0.0000000889 0.0000000407 0.0000000213 
0.0000000885 0.0000000405 0.0000000212 
0.0000000881 0.0000000403 0.0000000212 
0.0000000877 0.0000000401 0.0000000211 
0.0000000873 0.0000000399 0.0000000210 
0.0000000869 0.0000000397 0.0000000210 
0.0000000865 0.0000000395 0.0000000209 
0.0000000861 0.0000000393 0.0000000209 
0.0000000858 0.0000000391 0.0000000208 
0.0000000854 0.0000000389 0.0000000208 
0.0000000850 0.0000000387 0.0000000207 
0.0000000846 0.0000000385 0.0000000207 
0.0000000842 0.0000000383 0.0000000206 
0.0000000838 0.0000000381 0.0000000206 
0.0000000834 0.0000000380 0.0000000205 
0.0000000831 0.0000000378 0.0000000205 
0.0000000827 0.0000000376 0.0000000204 
0.0000000823 0.0000000374 0.0000000204 
0.0000000819 0.0000000372 0.0000000203 
0.0000000815 0.0000000370 0.0000000202 
0.0000000811 0.0000000368 0.0000000202 
0.0000000807 0.0000000366 0.0000000201 
0.0000000803 0.0000000364 0.0000000200 
0.0000000799 0.0000000362 0.0000000200 
0.0000000795 0.0000000360 0.0000000199 
0.0000000791 0.0000000358 0.0000000198 
0.0000000787 0.0000000356 0.0000000197 
0.0000000783 0.0000000354 0.0000000196 
0.0000000779 0.0000000352 0.0000000195 
0.0000000775 0.0000000350 0.0000000194 
0.0000000771 0.0000000348 0.0000000193 
0.0000000767 0.0000000346 0.0000000192 
0.0000000763 0.0000000344 0.0000000192 
0.0000000759 0.0000000342 0.0000000191 
0.0000000755 0.0000000340 0.0000000190 
0.0000000751 0.0000000339 0.0000000189 
0.0000000748 0.0000000337 0.0000000188 
0.0000000744 0.0000000335 0.0000000187 
0.0000000741 0.0000000333 0.0000000186 
0.0000000737 0.0000000331 0.0000000185 
0.0000000734 0.0000000329 0.0000000184 
0.0000000730 0.0000000327 0.0000000183 
0.0000000727 0.0000000326 0.0000000182 
0.0000000724 0.0000000324 0.0000000181 
0.0000000721 0.0000000322 0.0000000181 
0.0000000717 0.0000000320 0.0000000180 
0.0000000714 0.0000000319 0.0000000179 
0.0000000711 0.0000000317 0.0000000178 
0.0000000708 0.0000000315 0.0000000177 
0.0000000705 0.0000000313 0.0000000176 
0.0000000702 0.0000000312 0.0000000175 
0.0000000699 0.0000000310 0.0000000175 
0.0000000696 0.0000000309 0.0000000174 
0.0000000693 0.0000000307 0.0000000173 
0.0000000690 0.0000000305 0.0000000172 
0.0000000688 0.0000000304 0.0000000171 
0.0000000685 0.0000000302 0.0000000171 
0.0000000682 0.0000000301 0.0000000170 
0.0000000680 0.0000000299 0.0000000169 
0.0000000677 0.0000000298 0.0000000168 
0.0000000674 0.0000000296 0.0000000168 
0.0000000672 0.0000000295 0.0000000167 
0.0000000669 0.0000000293 0.0000000166 
0.0000000667 0.0000000292 0.0000000165 
0.0000000664 0.0000000290 0.0000000165 
0.0000000662 0.0000000289 0.0000000164 
0.0000000659 0.0000000288 0.0000000163 
0.0000000657 0.0000000286 0.0000000163 
0.0000000654 0.0000000285 0.0000000162 
0.0000000652 0.0000000283 0.0000000161 
0.0000000649 0.0000000282 0.0000000161 
0.0000000646 0.0000000281 0.0000000160 
0.0000000644 0.0000000279 0.0000000159 
0.0000000641 0.0000000278 0.0000000158 
0.0000000639 0.0000000277 0.0000000158 
0.0000000636 0.0000000276 0.0000000157 
0.0000000634 0.0000000274 0.0000000156 
0.0000000632 0.0000000273 0.0000000156 
0.0000000629 0.0000000272 0.0000000155 
0.0000000627 0.0000000271 0.0000000155 
0.0000000625 0.0000000269 0.0000000154 
0.0000000622 0.0000000268 0.0000000153 
0.0000000620 0.0000000267 0.0000000153 
0.0000000617 0.0000000266 0.0000000152 
0.0000000615 0.0000000265 0.0000000152 
0.0000000613 0.0000000264 0.0000000151 
0.0000000610 0.0000000262 0.0000000151 
0.0000000608 0.0000000261 0.0000000150 
0.0000000605 0.0000000260 0.0000000149 
0.0000000603 0.0000000259 0.0000000149 
0.0000000601 0.0000000258 0.0000000148 
0.0000000598 0.0000000257 0.0000000148 
0.0000000596 0.0000000256 0.0000000147 
0.0000000593 0.0000000255 0.0000000147 
0.0000000591 0.0000000254 0.0000000146 
0.0000000589 0.0000000253 0.0000000146 
0.0000000586 0.0000000252 0.0000000145 
0.0000000584 0.0000000251 0.0000000145 
0.0000000582 0.0000000250 0.0000000144 
0.0000000580 0.0000000249 0.0000000144 
0.0000000577 0.0000000248 0.0000000143 
0.0000000575 0.0000000247 0.0000000143 
0.0000000573 0.0000000246 0.0000000142 
0.0000000571 0.0000000245 0.0000000142 
0.0000000568 0.0000000244 0.0000000141 
0.0000000566 0.0000000243 0.0000000140 
0.0000000564 0.0000000242 0.0000000140 
0.0000000561 0.0000000241 0.0000000139 
0.0000000559 0.0000000240 0.0000000139 
0.0000000557 0.0000000239 0.0000000138 
0.0000000555 0.0000000238 0.0000000138 
0.0000000552 0.0000000237 0.0000000137 
0.0000000550 0.0000000236 0.0000000137 
0.0000000548 0.0000000235 0.0000000136 
0.0000000546 0.0000000234 0.0000000135 
0.0000000543 0.0000000233 0.0000000135 
0.0000000541 0.0000000232 0.0000000134 
0.0000000539 0.0000000231 0.0000000134 
0.0000000537 0.0000000230 0.0000000133 
0.0000000535 0.0000000229 0.0000000133 
0.0000000532 0.0000000228 0.0000000132 
0.0000000530 0.0000000228 0.0000000132 
0.0000000528 0.0000000227 0.0000000131 
0.0000000526 0.0000000226 0.0000000131 
0.0000000524 0.0000000225 0.0000000130 
0.0000000522 0.0000000224 0.0000000130 
0.0000000520 0.0000000223 0.0000000129 
0.0000000519 0.0000000222 0.0000000129 
0.0000000517 0.0000000222 0.0000000128 
0.0000000515 0.0000000221 0.0000000128 
0.0000000513 0.0000000220 0.0000000127 
0.0000000511 0.0000000219 0.0000000127 
0.0000000509 0.0000000218 0.0000000126 
0.0000000507 0.0000000218 0.0000000126 
0.0000000505 0.0000000217 0.0000000125 
0.0000000503 0.0000000216 0.0000000125 
0.0000000501 0.0000000215 0.0000000125 
0.0000000500 0.0000000214 0.0000000124 
0.0000000498 0.0000000214 0.0000000124 
0.0000000496 0.0000000213 0.0000000123 
0.0000000494 0.0000000212 0.0000000123 
0.0000000492 0.0000000211 0.0000000122 
0.0000000490 0.0000000210 0.0000000122 
0.0000000488 0.0000000210 0.0000000122 
0.0000000486 0.0000000209 0.0000000121 
0.0000000484 0.0000000208 0.0000000121 
0.0000000483 0.0000000207 0.0000000120 
0.0000000481 0.0000000206 0.0000000120 
0.0000000479 0.0000000206 0.0000000120 
0.0000000477 0.0000000205 0.0000000119 
0.0000000475 0.0000000204 0.0000000119 
0.0000000473 0.0000000203 0.0000000118 
0.0000000471 0.0000000202 0.0000000118 
0.0000000469 0.0000000202 0.0000000117 
0.0000000467 0.0000000201 0.0000000117 
0.0000000466 0.0000000200 0.0000000117 
0.0000000464 0.0000000199 0.0000000116 
0.0000000462 0.0000000198 0.0000000116 
0.0000000460 0.0000000198 0.0000000115 
0.0000000458 0.0000000197 0.0000000115 
0.0000000456 0.0000000196 0.0000000114 
0.0000000454 0.0000000195 0.0000000114 
0.0000000452 0.0000000194 0.0000000113 
0.0000000451 0.0000000194 0.0000000113 
0.0000000449 0.0000000193 0.0000000113 
0.0000000447 0.0000000192 0.0000000112 
0.0000000445 0.0000000191 0.0000000112 
0.0000000443 0.0000000191 0.0000000111 
0.0000000441 0.0000000190 0.0000000111 
0.0000000440 0.0000000189 0.0000000111 
0.0000000438 0.0000000188 0.0000000110 
0.0000000436 0.0000000188 0.0000000110 
0.0000000434 0.0000000187 0.0000000109 
0.0000000433 0.0000000186 0.0000000109 
0.0000000431 0.0000000185 0.0000000108 
0.0000000429 0.0000000184 0.0000000108 
0.0000000428 0.0000000184 0.0000000108 
0.0000000426 0.0000000183 0.0000000107 
0.0000000424 0.0000000182 0.0000000107 
0.0000000423 0.0000000181 0.0000000106 
0.0000000421 0.0000000181 0.0000000106 
0.0000000419 0.0000000180 0.0000000106 
0.0000000418 0.0000000179 0.0000000105 
0.0000000416 0.0000000179 0.0000000105 
0.0000000414 0.0000000178 0.0000000105 
0.0000000413 0.0000000177 0.0000000104 
0.0000000411 0.0000000176 0.0000000104 
0.0000000409 0.0000000176 0.0000000103 
0.0000000408 0.0000000175 0.0000000103 
0.0000000406 0.0000000174 0.0000000103 
0.0000000404 0.0000000174 0.0000000102 
0.0000000402 0.0000000173 0.0000000102 
0.0000000401 0.0000000172 0.0000000102 
0.0000000399 0.0000000172 0.0000000101 
0.0000000397 0.0000000171 0.0000000101 
0.0000000396 0.0000000170 0.0000000101 
0.0000000394 0.0000000170 0.0000000100 
0.0000000392 0.0000000169 0.0000000100 
0.0000000391 0.0000000168 0.0000000100 
0.0000000389 0.0000000168 0.0000000099 
0.0000000387 0.0000000167 0.0000000099 
0.0000000386 0.0000000166 0.0000000099 
0.0000000384 0.0000000166 0.0000000098 
0.0000000382 0.0000000165 0.0000000098 
0.0000000381 0.0000000164 0.0000000098 
0.0000000379 0.0000000164 0.0000000098 
0.0000000377 0.0000000163 0.0000000097 
0.0000000376 0.0000000162 0.0000000097 
0.0000000374 0.0000000162 0.0000000097 
0.0000000372 0.0000000161 0.0000000096 
0.0000000371 0.0000000161 0.0000000096 
0.0000000369 0.0000000160 0.0000000096 
0.0000000368 0.0000000159 0.0000000096 
0.0000000366 0.0000000159 0.0000000095 
0.0000000364 0.0000000158 0.0000000095 
0.0000000363 0.0000000158 0.0000000095 
0.0000000361 0.0000000157 0.0000000094 
0.0000000360 0.0000000156 0.0000000094 
0.0000000358 0.0000000156 0.0000000094 
0.0000000356 0.0000000155 0.0000000094 
0.0000000355 0.0000000155 0.0000000093 
0.0000000353 0.0000000154 0.0000000093 
0.0000000352 0.0000000154 0.0000000093 
0.0000000350 0.0000000153 0.0000000093 
0.0000000349 0.0000000152 0.0000000092 
0.0000000347 0.0000000152 0.0000000092 
0.0000000346 0.0000000151 0.0000000092 
0.0000000344 0.0000000151 0.0000000092 
0.0000000343 0.0000000150 0.0000000091 
0.0000000341 0.0000000150 0.0000000091 
0.0000000340 0.0000000149 0.0000000091 
0.0000000338 0.0000000149 0.0000000091 
0.0000000337 0.0000000148 0.0000000090 
0.0000000335 0.0000000148 0.0000000090 
0.0000000334 0.0000000147 0.0000000090 
0.0000000332 0.0000000146 0.0000000090 
0.0000000331 0.0000000146 0.0000000089 
0.0000000330 0.0000000145 0.0000000089 
0.0000000328 0.0000000145 0.0000000089 
0.0000000327 0.0000000144 0.0000000088 
0.0000000326 0.0000000144 0.0000000088 
0.0000000324 0.0000000144 0.0000000088 
0.0000000323 0.0000000143 0.0000000088 
0.0000000322 0.0000000143 0.0000000088 
0.0000000320 0.0000000142 0.0000000087 
0.0000000319 0.0000000142 0.0000000087 
0.0000000318 0.0000000141 0.0000000087 
0.0000000316 0.0000000141 0.0000000087 
0.0000000315 0.0000000140 0.0000000086 
0.0000000314 0.0000000140 0.0000000086 
0.0000000313 0.0000000139 0.0000000086 
0.0000000311 0.0000000139 0.0000000086 
0.0000000310 0.0000000138 0.0000000085 
0.0000000309 0.0000000138 0.0000000085 
0.0000000307 0.0000000138 0.0000000085 
0.0000000306 0.0000000137 0.0000000084 
0.0000000305 0.0000000137 0.0000000084 
0.0000000304 0.0000000136 0.0000000084 
0.0000000302 0.0000000136 0.0000000084 
0.0000000301 0.0000000135 0.0000000083 
0.0000000300 0.0000000135 0.0000000083 
0.0000000299 0.0000000134 0.0000000083 
0.0000000298 0.0000000134 0.0000000083 
0.0000000296 0.0000000133 0.0000000082 
0.0000000295 0.0000000133 0.0000000082 
0.0000000294 0.0000000133 0.0000000082 
0.0000000293 0.0000000132 0.0000000082 
0.0000000292 0.0000000132 0.0000000081 
0.0000000292 0.0000000132 0.0000000081 
0.0000000292 0.0000000132 0.0000000081 
0.0000000292 0.0000000132 0.0000000081 
0.0000000292 0.0000000132 0.0000000081 
0.0000000292 0.0000000132 0.0000000081 
0.0000000292 0.0000000132 0.0000000081 
0.0000000292 0.0000000132 0.0000000081 
0.0000000292 0.0000000132 0.0000000081 
0.0000000292 0.0000000132 0.0000000081 
0.0000000292 0.0000000132 0.0000000081 
0.0000000292 0.0000000132 0.0000000081 
0.0000000292 0.0000000132 0.0000000081 
0.0000000292 0.0000000132 0.0000000081 
0.0000000292 0.0000000132 0.0000000081 
0.0000000292 0.0000000132 0.0000000081 
0.0000000292 0.0000000132 0.0000000081 
0.0000000292 0.0000000132 0.0000000081 
0.0000000292 0.0000000132 0.0000000081 
0.0000000292 0.0000000132 0.0000000081 
0.0000000292 0.0000000132 0.0000000081 
0.0000000292 0.0000000132 0.0000000081 
0.0000000292 0.0000000132 0.0000000081 
0.0000000292 0.0000000132 0.0000000081 
0.0000000292 0.0000000132 0.0000000081 
0.0000000292 0.0000000132 0.0000000081 
0.0000000292 0.0000000132 0.0000000081 
0.0000000292 0.0000000132 0.0000000081 
0.0000000292 0.0000000132 0.0000000081 
0.0000000292 0.0000000132 0.0000000081 
0.0000000292 0.0000000132 0.0000000081 
0.0000000292 0.0000000132 0.0000000081 
0.0000000292 0.0000000132 0.0000000081 
0.0000000292 0.0000000132 0.0000000081 
0.0000000292 0.0000000132 0.0000000081 
0.0000000292 0.0000000132 0.0000000081 
0.0000000292 0.0000000132 0.0000000081 
0.0000000292 0.0000000132 0.0000000081 
0.0000000292 0.0000000132 0.0000000081 
0.0000000292 0.0000000132 0.0000000081 
0.0000000292 0.0000000132 0.0000000081 
0.0000000292 0.0000000132 0.0000000081 
0.0000000292 0.0000000132 0.0000000081 
0.0000000292 0.0000000132 0.0000000081 
0.0000000292 0.0000000132 0.0000000081 
0.0000000292 0.0000000132 0.0000000081 
0.0000000292 0.0000000132 0.0000000081 
0.0000000292 0.0000000132 0.0000000081 
0.0000000292 0.0000000132 0.0000000081 
0.0000000292 0.0000000132 0.0000000081 
0.0000000292 0.0000000132 0.0000000081 
0.0000000292 0.0000000132 0.0000000081 
0.0000000292 0.0000000132 0.0000000081 
0.0000000292 0.0000000132 0.0000000081 
0.0000000292 0.0000000132 0.0000000081 
0.0000000292 0.0000000132 0.0000000081 
0.0000000292 0.0000000132 0.0000000081 
0.0000000292 0.0000000132 0.0000000081 
0.0000000292 0.0000000132 0.0000000081 
0.0000000292 0.0000000132 0.0000000081 
0.0000000292 0.0000000132 0.0000000081 
0.0000000292 0.0000000132 0.0000000081 
0.0000000292 0.0000000132 0.0000000081 
0.0000000292 0.0000000132 0.0000000081 
0.0000000292 0.0000000132 0.0000000081 
0.0000000292 0.0000000132 0.0000000081 
0.0000000292 0.0000000132 0.0000000081 
0.0000000292 0.0000000132 0.0000000081 
0.0000000292 0.0000000132 0.0000000081 
0.0000000292 0.0000000132 0.0000000081 
0.0000000292 0.0000000132 0.0000000081 
0.0000000292 0.0000000132 0.0000000081 
0.0000000292 0.0000000132 0.0000000081 
0.0000000292 0.0000000132 0.0000000081 
0.0000000292 0.0000000132 0.0000000081 
0.0000000292 0.0000000132 0.0000000081 
0.0000000292 0.0000000132 0.0000000081 
0.0000000292 0.0000000132 0.0000000081 
0.0000000292 0.0000000132 0.0000000081 
0.0000000292 0.0000000132 0.0000000081 
0.0000000292 0.0000000132 0.0000000081 
0.0000000292 0.0000000132 0.0000000081 
0.0000000292 0.0000000132 0.0000000081 
0.0000000292 0.0000000132 0.0000000081 
0.0000000292 0.0000000132 0.0000000081 
0.0000000292 0.0000000132 0.0000000081 
0.0000000292 0.0000000132 0.0000000081 
0.0000000292 0.0000000132 0.0000000081 
0.0000000292 0.0000000132 0.0000000081 
0.0000000292 0.0000000132 0.0000000081 
0.0000000292 0.0000000132 0.0000000081 
0.0000000292 0.0000000132 0.0000000081 
0.0000000292 0.0000000132 0.0000000081 
0.0000000292 0.0000000132 0.0000000081 
0.0000000292 0.0000000132 0.0000000081 
0.0000000292 0.0000000132 0.0000000081 
0.0000000292 0.0000000132 0.0000000081 
0.0000000292 0.0000000132 0.0000000081 
0.0000000292 0.0000000132 0.0000000081 
0.0000000292 0.0000000132 0.0000000081 
0.0000000292 0.0000000132 0.0000000081 
0.0000000292 0.0000000132 0.0000000081 
0.0000000292 0.0000000132 0.0000000081 
0.0000000292 0.0000000132 0.0000000081 
0.0000000292 0.0000000132 0.0000000081 
0.0000000292 0.0000000132 0.0000000081 
0.0000000292 0.0000000132 0.0000000081 
0.0000000292 0.0000000132 0.0000000081 
0.0000000292 0.0000000132 0.0000000081 
0.0000000292 0.0000000132 0.0000000081 
0.0000000292 0.0000000132 0.0000000081 
0.0000000292 0.0000000132 0.0000000081 
0.0000000292 0.0000000132 0.0000000081 
0.0000000292 0.0000000132 0.0000000081 
0.0000000292 0.0000000132 0.0000000081 
0.0000000292 0.0000000132 0.0000000081 
0.0000000292 0.0000000132 0.0000000081 
0.0000000292 0.0000000132 0.0000000081 
0.0000000292 0.0000000132 0.0000000081 
0.0000000292 0.0000000132 0.0000000081 
0.0000000292 0.0000000132 0.0000000081 
0.0000000292 0.0000000132 0.0000000081 
0.0000000292 0.0000000132 0.0000000081 
0.0000000292 0.0000000132 0.0000000081 
0.0000000292 0.0000000132 0.0000000081 
0.0000000292 0.0000000132 0.0000000081 
0.0000000292 0.0000000132 0.0000000081 
0.0000000292 0.0000000132 0.0000000081 
0.0000000292 0.0000000132 0.0000000081 
0.0000000292 0.0000000132 0.0000000081 
0.0000000292 0.0000000132 0.0000000081 
0.0000000292 0.0000000132 0.0000000081 
0.0000000292 0.0000000132 0.0000000081 
0.0000000292 0.0000000132 0.0000000081 
0.0000000292 0.0000000132 0.0000000081 
0.0000000292 0.0000000132 0.0000000081 
0.0000000292 0.0000000132 0.0000000081 
0.0000000292 0.0000000132 0.0000000081 
0.0000000292 0.0000000132 0.0000000081 
0.0000000292 0.0000000132 0.0000000081 
0.0000000292 0.0000000132 0.0000000081 
0.0000000292 0.0000000132 0.0000000081 
0.0000000292 0.0000000132 0.0000000081 
0.0000000292 0.0000000132 0.0000000081 
0.0000000292 0.0000000132 0.0000000081 
0.0000000292 0.0000000132 0.0000000081 
0.0000000292 0.0000000132 0.0000000081 
0.0000000292 0.0000000132 0.0000000081 
0.0000000292 0.0000000132 0.0000000081 
0.0000000292 0.0000000132 0.0000000081 
0.0000000292 0.0000000132 0.0000000081 
0.0000000292 0.0000000132 0.0000000081 
0.0000000292 0.0000000132 0.0000000081 
0.0000000292 0.0000000132 0.0000000081 
0.0000000292 0.0000000132 0.0000000081 
0.0000000292 0.0000000132 0.0000000081 
0.0000000292 0.0000000132 0.0000000081 
0.0000000292 0.0000000132 0.0000000081 
0.0000000292 0.0000000132 0.0000000081 
0.0000000292 0.0000000132 0.0000000081 
0.0000000292 0.0000000132 0.0000000081 
0.0000000292 0.0000000132 0.0000000081 
0.0000000292 0.0000000132 0.0000000081 
0.0000000292 0.0000000132 0.0000000081 
0.0000000292 0.0000000132 0.0000000081 
0.0000000292 0.0000000132 0.0000000081 
0.0000000292 0.0000000132 0.0000000081 
0.0000000292 0.0000000132 0.0000000081 
0.0000000292 0.0000000132 0.0000000081 
0.0000000292 0.0000000132 0.0000000081 
0.0000000292 0.0000000132 0.0000000081 
0.0000000292 0.0000000132 0.0000000081 
0.0000000292 0.0000000132 0.0000000081 
0.0000000292 0.0000000132 0.0000000081 
0.0000000292 0.0000000132 0.0000000081 
0.0000000292 0.0000000132 0.0000000081 
0.0000000292 0.0000000132 0.0000000081 
0.0000000292 0.0000000132 0.0000000081 
0.0000000292 0.0000000132 0.0000000081 
0.0000000292 0.0000000132 0.0000000081 
0.0000000292 0.0000000132 0.0000000081 
0.0000000292 0.0000000132 0.0000000081 
0.0000000292 0.0000000132 0.0000000081 
0.0000000292 0.0000000132 0.0000000081 
0.0000000292 0.0000000132 0.0000000081 
0.0000000292 0.0000000132 0.0000000081 
0.0000000292 0.0000000132 0.0000000081 
0.0000000292 0.0000000132 0.0000000081 
0.0000000292 0.0000000132 0.0000000081 
0.0000000292 0.0000000132 0.0000000081 
0.0000000292 0.0000000132 0.0000000081 
0.0000000292 0.0000000132 0.0000000081 
0.0000000292 0.0000000132 0.0000000081 
0.0000000292 0.0000000132 0.0000000081 
0.0000000292 0.0000000132 0.0000000081 
0.0000000292 0.0000000132 0.0000000081 
0.0000000292 0.0000000132 0.0000000081 
0.0000000292 0.0000000132 0.0000000081 
0.0000000292 0.0000000132 0.0000000081 
0.0000000292 0.0000000132 0.0000000081 
0.0000000292 0.0000000132 0.0000000081 
0.0000000292 0.0000000132 0.0000000081 
0.0000000292 0.0000000132 0.0000000081 
0.0000000292 0.0000000132 0.0000000081 
0.0000000292 0.0000000132 0.0000000081 
0.0000000292 0.0000000132 0.0000000081 
0.0000000292 0.0000000132 0.0000000081 
0.0000000292 0.0000000132 0.0000000081 
0.0000000292 0.0000000132 0.0000000081 
0.0000000292 0.0000000132 0.0000000081 
0.0000000292 0.0000000132 0.0000000081 
0.0000000292 0.0000000132 0.0000000081 
0.0000000292 0.0000000132 0.0000000081 
0.0000000292 0.0000000132 0.0000000081 
0.0000000292 0.0000000132 0.0000000081 
0.0000000292 0.0000000132 0.0000000081 
0.0000000292 0.0000000132 0.0000000081 
0.0000000292 0.0000000132 0.0000000081 
0.0000000292 0.0000000132 0.0000000081 
0.0000000292 0.0000000132 0.0000000081 
0.0000000292 0.0000000132 0.0000000081 
0.0000000292 0.0000000132 0.0000000081 
0.0000000292 0.0000000132 0.0000000081 
0.0000000292 0.0000000132 0.0000000081 
0.0000000292 0.0000000132 0.0000000081 
0.0000000292 0.0000000132 0.0000000081 
0.0000000292 0.0000000132 0.0000000081 
0.0000000292 0.0000000132 0.0000000081 
0.0000000292 0.0000000132 0.0000000081 
0.0000000292 0.0000000132 0.0000000081 
0.0000000292 0.0000000132 0.0000000081 
0.0000000292 0.0000000132 0.0000000081 
0.0000000292 0.0000000132 0.0000000081 
0.0000000292 0.0000000132 0.0000000081 
0.0000000292 0.0000000132 0.0000000081 
0.0000000292 0.0000000132 0.0000000081 
0.0000000292 0.0000000132 0.0000000081 
0.0000000292 0.0000000132 0.0000000081 
0.0000000292 0.0000000132 0.0000000081 
0.0000000292 0.0000000132 0.0000000081 
0.0000000292 0.0000000132 0.0000000081 
0.0000000292 0.0000000132 0.0000000081 
0.0000000292 0.0000000132 0.0000000081 
0.0000000292 0.0000000132 0.0000000081 
0.0000000292 0.0000000132 0.0000000081 
0.0000000292 0.0000000132 0.0000000081 
0.0000000292 0.0000000132 0.0000000081 
0.0000000292 0.0000000132 0.0000000081 
0.0000000292 0.0000000132 0.0000000081 
0.0000000292 0.0000000132 0.0000000081 
0.0000000292 0.0000000132 0.0000000081 
0.0000000292 0.0000000132 0.0000000081 
0.0000000292 0.0000000132 0.0000000081 
0.0000000292 0.0000000132 0.0000000081 
0.0000000292 0.0000000132 0.0000000081 
0.0000000292 0.0000000132 0.0000000081 
0.0000000292 0.0000000132 0.0000000081 
0.0000000292 0.0000000132 0.0000000081 
0.0000000292 0.0000000132 0.0000000081 
0.0000000292 0.0000000132 0.0000000081 
