0.0000005166 -0.0000004620 0.0000007321 
0.0000005125 -0.0000004431 0.0000007144 
0.0000005085 -0.0000004252 0.0000006972 
0.0000005047 -0.0000004081 0.0000006806 
0.0000005010 -0.0000003919 0.0000006644 
0.0000004973 -0.0000003763 0.0000006485 
0.0000004936 -0.0000003613 0.0000006329 
0.0000004900 -0.0000003468 0.0000006177 
0.0000004863 -0.0000003328 0.0000006027 
0.0000004826 -0.0000003193 0.0000005879 
0.0000004789 -0.0000003063 0.0000005734 
0.0000004751 -0.0000002936 0.0000005590 
0.0000004712 -0.0000002813 0.0000005448 
0.0000004673 -0.0000002694 0.0000005308 
0.0000004633 -0.0000002577 0.0000005170 
0.0000004593 -0.0000002464 0.0000005033 
0.0000004551 -0.0000002354 0.0000004897 
0.0000004509 -0.0000002247 0.0000004763 
0.0000004466 -0.0000002143 0.0000004630 
0.0000004422 -0.0000002041 0.0000004499 
0.0000004377 -0.0000001942 0.0000004368 
0.0000004331 -0.0000001846 0.0000004240 
0.0000004285 -0.0000001752 0.0000004112 
0.0000004238 -0.0000001660 0.0000003986 
0.0000004191 -0.0000001571 0.0000003860 
0.0000004144 -0.0000001484 0.0000003736 
0.0000004098 -0.0000001399 0.0000003613 
0.0000004051 -0.0000001316 0.0000003492 
0.0000004005 -0.0000001235 0.0000003371 
0.0000003960 -0.0000001156 0.0000003252 
0.0000003915 -0.0000001079 0.0000003134 
0.0000003870 -0.0000001003 0.0000003018 
0.0000003826 -0.0000000930 0.0000002902 
0.0000003784 -0.0000000858 0.0000002788 
0.0000003742 -0.0000000788 0.0000002675 
0.0000003701 -0.0000000720 0.0000002564 
0.0000003661 -0.0000000653 0.0000002453 
0.0000003623 -0.0000000588 0.0000002344 
0.0000003586 -0.0000000524 0.0000002237 
0.0000003549 -0.0000000462 0.0000002130 
0.0000003515 -0.0000000401 0.0000002025 
0.0000003483 -0.0000000342 0.0000001921 
0.0000003453 -0.0000000285 0.0000001818 
0.0000003425 -0.0000000229 0.0000001716 
0.0000003398 -0.0000000174 0.0000001616 
0.0000003373 -0.0000000121 0.0000001518 
0.0000003348 -0.0000000070 0.0000001421 
0.0000003324 -0.0000000020 0.0000001326 
0.0000003302 0.0000000029 0.0000001232 
0.0000003280 0.0000000076 0.0000001140 
0.0000003260 0.0000000122 0.0000001050 
0.0000003240 0.0000000166 0.0000000961 
0.0000003222 0.0000000209 0.0000000873 
0.0000003205 0.0000000251 0.0000000787 
0.0000003189 0.0000000291 0.0000000703 
0.0000003174 0.0000000331 0.0000000620 
0.0000003160 0.0000000369 0.0000000539 
0.0000003146 0.0000000406 0.0000000459 
0.0000003134 0.0000000441 0.0000000382 
0.0000003122 0.0000000476 0.0000000306 
0.0000003110 0.0000000510 0.0000000231 
0.0000003100 0.0000000542 0.0000000158 
0.0000003100 0.0000000542 0.0000000158 
0.0000003100 0.0000000542 0.0000000158 
0.0000003100 0.0000000542 0.0000000158 
0.0000003100 0.0000000542 0.0000000158 
0.0000003100 0.0000000542 0.0000000158 
0.0000003100 0.0000000542 0.0000000158 
0.0000003100 0.0000000542 0.0000000158 
0.0000003100 0.0000000542 0.0000000158 
0.0000003100 0.0000000542 0.0000000158 
0.0000003100 0.0000000542 0.0000000158 
0.0000003100 0.0000000542 0.0000000158 
0.0000003100 0.0000000542 0.0000000158 
0.0000003095 0.0000000571 0.0000000105 
0.0000003095 0.0000000571 0.0000000105 
0.0000003095 0.0000000571 0.0000000105 
0.0000003095 0.0000000571 0.0000000105 
0.0000003095 0.0000000571 0.0000000105 
0.0000003095 0.0000000571 0.0000000105 
0.0000003095 0.0000000571 0.0000000105 
0.0000003095 0.0000000571 0.0000000105 
0.0000003095 0.0000000571 0.0000000105 
0.0000003095 0.0000000571 0.0000000105 
0.0000003095 0.0000000571 0.0000000105 
0.0000003095 0.0000000571 0.0000000105 
0.0000003095 0.0000000571 0.0000000105 
0.0000003095 0.0000000571 0.0000000105 
0.0000003095 0.0000000571 0.0000000105 
0.0000003095 0.0000000571 0.0000000105 
0.0000003047 0.0000000597 0.0000000120 
0.0000003003 0.0000000624 0.0000000134 
0.0000002962 0.0000000651 0.0000000148 
0.0000002924 0.0000000678 0.0000000163 
0.0000002891 0.0000000706 0.0000000179 
0.0000002861 0.0000000733 0.0000000197 
0.0000002835 0.0000000762 0.0000000216 
0.0000002810 0.0000000790 0.0000000236 
0.0000002787 0.0000000818 0.0000000257 
0.0000002767 0.0000000846 0.0000000279 
0.0000002748 0.0000000873 0.0000000302 
0.0000002732 0.0000000900 0.0000000325 
0.0000002717 0.0000000927 0.0000000348 
0.0000002704 0.0000000952 0.0000000372 
0.0000002692 0.0000000975 0.0000000396 
0.0000002682 0.0000000998 0.0000000419 
0.0000002673 0.0000001019 0.0000000442 
0.0000002665 0.0000001040 0.0000000465 
0.0000002659 0.0000001059 0.0000000487 
0.0000002654 0.0000001077 0.0000000508 
0.0000002650 0.0000001094 0.0000000529 
0.0000002648 0.0000001111 0.0000000548 
0.0000002646 0.0000001126 0.0000000567 
0.0000002645 0.0000001141 0.0000000584 
0.0000002646 0.0000001155 0.0000000601 
0.0000002647 0.0000001168 0.0000000616 
0.0000002649 0.0000001181 0.0000000631 
0.0000002651 0.0000001192 0.0000000644 
0.0000002655 0.0000001203 0.0000000656 
0.0000002659 0.0000001214 0.0000000667 
0.0000002664 0.0000001224 0.0000000678 
0.0000002669 0.0000001233 0.0000000687 
0.0000002675 0.0000001242 0.0000000695 
0.0000002682 0.0000001251 0.0000000702 
0.0000002689 0.0000001259 0.0000000708 
0.0000002696 0.0000001266 0.0000000713 
0.0000002704 0.0000001273 0.0000000717 
0.0000002712 0.0000001280 0.0000000720 
0.0000002720 0.0000001286 0.0000000722 
0.0000002729 0.0000001292 0.0000000724 
0.0000002738 0.0000001298 0.0000000725 
0.0000002747 0.0000001303 0.0000000725 
0.0000002757 0.0000001308 0.0000000724 
0.0000002767 0.0000001313 0.0000000723 
0.0000002777 0.0000001318 0.0000000721 
0.0000002787 0.0000001322 0.0000000719 
0.0000002798 0.0000001326 0.0000000716 
0.0000002810 0.0000001330 0.0000000713 
0.0000002821 0.0000001333 0.0000000710 
0.0000002833 0.0000001337 0.0000000706 
0.0000002845 0.0000001340 0.0000000702 
0.0000002858 0.0000001343 0.0000000698 
0.0000002871 0.0000001346 0.0000000693 
0.0000002884 0.0000001349 0.0000000689 
0.0000002898 0.0000001352 0.0000000684 
0.0000002912 0.0000001354 0.0000000680 
0.0000002927 0.0000001357 0.0000000675 
0.0000002942 0.0000001359 0.0000000671 
0.0000002957 0.0000001361 0.0000000667 
0.0000002973 0.0000001364 0.0000000664 
0.0000002990 0.0000001366 0.0000000660 
0.0000003007 0.0000001368 0.0000000657 
0.0000003024 0.0000001370 0.0000000655 
0.0000003042 0.0000001371 0.0000000653 
0.0000003061 0.0000001373 0.0000000651 
0.0000003079 0.0000001375 0.0000000650 
0.0000003099 0.0000001377 0.0000000649 
0.0000003118 0.0000001379 0.0000000649 
0.0000003138 0.0000001380 0.0000000649 
0.0000003158 0.0000001382 0.0000000650 
0.0000003178 0.0000001384 0.0000000650 
0.0000003199 0.0000001386 0.0000000651 
0.0000003219 0.0000001387 0.0000000653 
0.0000003239 0.0000001389 0.0000000654 
0.0000003258 0.0000001391 0.0000000655 
0.0000003278 0.0000001393 0.0000000656 
0.0000003297 0.0000001395 0.0000000658 
0.0000003315 0.0000001397 0.0000000659 
0.0000003334 0.0000001399 0.0000000660 
0.0000003351 0.0000001401 0.0000000661 
0.0000003369 0.0000001403 0.0000000662 
0.0000003386 0.0000001405 0.0000000663 
0.0000003402 0.0000001408 0.0000000664 
0.0000003418 0.0000001410 0.0000000665 
0.0000003433 0.0000001413 0.0000000665 
0.0000003448 0.0000001416 0.0000000666 
0.0000003463 0.0000001419 0.0000000666 
0.0000003477 0.0000001422 0.0000000667 
0.0000003491 0.0000001425 0.0000000667 
0.0000003504 0.0000001428 0.0000000667 
0.0000003517 0.0000001431 0.0000000667 
0.0000003530 0.0000001434 0.0000000667 
0.0000003542 0.0000001437 0.0000000668 
0.0000003553 0.0000001441 0.0000000668 
0.0000003565 0.0000001444 0.0000000668 
0.0000003576 0.0000001448 0.0000000668 
0.0000003586 0.0000001451 0.0000000668 
0.0000003596 0.0000001455 0.0000000669 
0.0000003606 0.0000001459 0.0000000669 
0.0000003616 0.0000001462 0.0000000669 
0.0000003625 0.0000001466 0.0000000669 
0.0000003634 0.0000001470 0.0000000670 
0.0000003643 0.0000001474 0.0000000670 
0.0000003651 0.0000001478 0.0000000670 
0.0000003660 0.0000001482 0.0000000671 
0.0000003668 0.0000001486 0.0000000671 
0.0000003676 0.0000001490 0.0000000672 
0.0000003683 0.0000001493 0.0000000673 
0.0000003691 0.0000001497 0.0000000674 
0.0000003699 0.0000001501 0.0000000675 
0.0000003706 0.0000001505 0.0000000676 
0.0000003713 0.0000001509 0.0000000677 
0.0000003720 0.0000001513 0.0000000679 
0.0000003728 0.0000001518 0.0000000680 
0.0000003735 0.0000001522 0.0000000682 
0.0000003742 0.0000001526 0.0000000685 
0.0000003749 0.0000001530 0.0000000687 
0.0000003755 0.0000001534 0.0000000690 
0.0000003762 0.0000001537 0.0000000693 
0.0000003769 0.0000001541 0.0000000695 
0.0000003776 0.0000001545 0.0000000699 
0.0000003782 0.0000001549 0.0000000702 
0.0000003789 0.0000001553 0.0000000705 
0.0000003795 0.0000001556 0.0000000708 
0.0000003802 0.0000001560 0.0000000711 
0.0000003808 0.0000001564 0.0000000714 
0.0000003815 0.0000001567 0.0000000717 
0.0000003821 0.0000001571 0.0000000720 
0.0000003828 0.0000001575 0.0000000724 
0.0000003834 0.0000001579 0.0000000727 
0.0000003840 0.0000001582 0.0000000730 
0.0000003847 0.0000001586 0.0000000733 
0.0000003853 0.0000001590 0.0000000736 
0.0000003858 0.0000001594 0.0000000739 
0.0000003864 0.0000001598 0.0000000742 
0.0000003870 0.0000001601 0.0000000745 
0.0000003875 0.0000001605 0.0000000748 
0.0000003880 0.0000001609 0.0000000751 
0.0000003885 0.0000001613 0.0000000754 
0.0000003889 0.0000001617 0.0000000758 
0.0000003894 0.0000001621 0.0000000761 
0.0000003898 0.0000001624 0.0000000764 
0.0000003903 0.0000001628 0.0000000768 
0.0000003907 0.0000001632 0.0000000771 
0.0000003911 0.0000001636 0.0000000775 
0.0000003914 0.0000001639 0.0000000778 
0.0000003918 0.0000001643 0.0000000782 
0.0000003921 0.0000001647 0.0000000785 
0.0000003925 0.0000001650 0.0000000788 
0.0000003928 0.0000001654 0.0000000791 
0.0000003931 0.0000001658 0.0000000794 
0.0000003934 0.0000001661 0.0000000797 
0.0000003937 0.0000001664 0.0000000799 
0.0000003940 0.0000001668 0.0000000802 
0.0000003942 0.0000001671 0.0000000804 
0.0000003945 0.0000001674 0.0000000806 
0.0000003948 0.0000001677 0.0000000808 
0.0000003950 0.0000001681 0.0000000810 
0.0000003953 0.0000001684 0.0000000812 
0.0000003955 0.0000001687 0.0000000814 
0.0000003958 0.0000001689 0.0000000815 
0.0000003960 0.0000001692 0.0000000817 
0.0000003963 0.0000001695 0.0000000819 
0.0000003965 0.0000001698 0.0000000820 
0.0000003967 0.0000001700 0.0000000821 
0.0000003970 0.0000001703 0.0000000823 
0.0000003972 0.0000001705 0.0000000824 
0.0000003974 0.0000001708 0.0000000825 
0.0000003976 0.0000001710 0.0000000826 
0.0000003978 0.0000001712 0.0000000827 
0.0000003980 0.0000001714 0.0000000828 
0.0000003982 0.0000001717 0.0000000828 
0.0000003984 0.0000001719 0.0000000829 
0.0000003986 0.0000001721 0.0000000830 
0.0000003988 0.0000001723 0.0000000831 
0.0000003991 0.0000001725 0.0000000831 
0.0000003993 0.0000001726 0.0000000832 
0.0000003995 0.0000001728 0.0000000833 
0.0000003998 0.0000001730 0.0000000834 
0.0000004000 0.0000001731 0.0000000835 
0.0000004002 0.0000001733 0.0000000836 
0.0000004005 0.0000001734 0.0000000837 
0.0000004007 0.0000001735 0.0000000837 
0.0000004010 0.0000001737 0.0000000838 
0.0000004012 0.0000001738 0.0000000839 
0.0000004015 0.0000001739 0.0000000840 
0.0000004018 0.0000001740 0.0000000841 
0.0000004020 0.0000001741 0.0000000841 
0.0000004023 0.0000001742 0.0000000842 
0.0000004026 0.0000001743 0.0000000843 
0.0000004028 0.0000001744 0.0000000844 
0.0000004031 0.0000001745 0.0000000845 
0.0000004033 0.0000001746 0.0000000846 
0.0000004036 0.0000001747 0.0000000847 
0.0000004038 0.0000001748 0.0000000848 
0.0000004041 0.0000001748 0.0000000849 
0.0000004043 0.0000001749 0.0000000850 
0.0000004045 0.0000001750 0.0000000851 
0.0000004048 0.0000001751 0.0000000852 
0.0000004050 0.0000001751 0.0000000853 
0.0000004052 0.0000001752 0.0000000854 
0.0000004054 0.0000001752 0.0000000855 
0.0000004056 0.0000001753 0.0000000856 
0.0000004057 0.0000001753 0.0000000857 
0.0000004059 0.0000001754 0.0000000858 
0.0000004060 0.0000001754 0.0000000858 
0.0000004061 0.0000001754 0.0000000859 
0.0000004062 0.0000001755 0.0000000860 
0.0000004063 0.0000001755 0.0000000861 
0.0000004063 0.0000001755 0.0000000861 
0.0000004064 0.0000001756 0.0000000862 
0.0000004064 0.0000001756 0.0000000862 
0.0000004064 0.0000001756 0.0000000863 
0.0000004064 0.0000001756 0.0000000863 
0.0000004063 0.0000001757 0.0000000864 
0.0000004063 0.0000001757 0.0000000864 
0.0000004062 0.0000001757 0.0000000864 
0.0000004061 0.0000001757 0.0000000864 
0.0000004061 0.0000001757 0.0000000864 
0.0000004060 0.0000001757 0.0000000864 
0.0000004059 0.0000001757 0.0000000864 
0.0000004057 0.0000001757 0.0000000864 
0.0000004056 0.0000001757 0.0000000864 
0.0000004054 0.0000001757 0.0000000864 
0.0000004053 0.0000001757 0.0000000863 
0.0000004051 0.0000001756 0.0000000863 
0.0000004049 0.0000001756 0.0000000863 
0.0000004047 0.0000001756 0.0000000862 
0.0000004045 0.0000001756 0.0000000862 
0.0000004042 0.0000001755 0.0000000861 
0.0000004040 0.0000001755 0.0000000861 
0.0000004037 0.0000001754 0.0000000860 
0.0000004035 0.0000001753 0.0000000860 
0.0000004032 0.0000001753 0.0000000859 
0.0000004030 0.0000001752 0.0000000858 
0.0000004027 0.0000001751 0.0000000857 
0.0000004023 0.0000001750 0.0000000857 
0.0000004020 0.0000001749 0.0000000856 
0.0000004016 0.0000001748 0.0000000855 
0.0000004013 0.0000001747 0.0000000854 
0.0000004009 0.0000001746 0.0000000854 
0.0000004005 0.0000001745 0.0000000853 
0.0000004000 0.0000001744 0.0000000852 
0.0000003996 0.0000001743 0.0000000852 
0.0000003991 0.0000001741 0.0000000851 
0.0000003987 0.0000001740 0.0000000850 
0.0000003982 0.0000001739 0.0000000850 
0.0000003977 0.0000001738 0.0000000849 
0.0000003972 0.0000001736 0.0000000849 
0.0000003967 0.0000001735 0.0000000848 
0.0000003962 0.0000001733 0.0000000848 
0.0000003957 0.0000001732 0.0000000847 
0.0000003951 0.0000001731 0.0000000847 
0.0000003946 0.0000001729 0.0000000846 
0.0000003940 0.0000001728 0.0000000846 
0.0000003935 0.0000001726 0.0000000846 
0.0000003929 0.0000001725 0.0000000846 
0.0000003923 0.0000001723 0.0000000845 
0.0000003918 0.0000001722 0.0000000845 
0.0000003912 0.0000001720 0.0000000845 
0.0000003906 0.0000001719 0.0000000845 
0.0000003900 0.0000001717 0.0000000844 
0.0000003894 0.0000001715 0.0000000844 
0.0000003887 0.0000001714 0.0000000844 
0.0000003881 0.0000001712 0.0000000844 
0.0000003875 0.0000001710 0.0000000844 
0.0000003868 0.0000001709 0.0000000844 
0.0000003862 0.0000001707 0.0000000844 
0.0000003855 0.0000001705 0.0000000843 
0.0000003848 0.0000001703 0.0000000843 
0.0000003842 0.0000001702 0.0000000843 
0.0000003835 0.0000001700 0.0000000843 
0.0000003828 0.0000001698 0.0000000843 
0.0000003821 0.0000001696 0.0000000843 
0.0000003814 0.0000001694 0.0000000843 
0.0000003807 0.0000001692 0.0000000842 
0.0000003800 0.0000001690 0.0000000842 
0.0000003792 0.0000001688 0.0000000842 
0.0000003785 0.0000001686 0.0000000841 
0.0000003778 0.0000001684 0.0000000841 
0.0000003770 0.0000001682 0.0000000840 
0.0000003763 0.0000001679 0.0000000840 
0.0000003756 0.0000001677 0.0000000839 
0.0000003748 0.0000001675 0.0000000839 
0.0000003741 0.0000001672 0.0000000838 
0.0000003733 0.0000001669 0.0000000837 
0.0000003725 0.0000001667 0.0000000836 
0.0000003717 0.0000001664 0.0000000836 
0.0000003710 0.0000001661 0.0000000835 
0.0000003702 0.0000001658 0.0000000834 
0.0000003694 0.0000001655 0.0000000833 
0.0000003686 0.0000001652 0.0000000832 
0.0000003678 0.0000001649 0.0000000831 
0.0000003670 0.0000001646 0.0000000830 
0.0000003662 0.0000001643 0.0000000829 
0.0000003653 0.0000001640 0.0000000828 
0.0000003645 0.0000001636 0.0000000827 
0.0000003637 0.0000001633 0.0000000826 
0.0000003628 0.0000001630 0.0000000825 
0.0000003620 0.0000001626 0.0000000823 
0.0000003611 0.0000001623 0.0000000822 
0.0000003602 0.0000001620 0.0000000821 
0.0000003593 0.0000001616 0.0000000819 
0.0000003584 0.0000001612 0.0000000817 
0.0000003575 0.0000001609 0.0000000816 
0.0000003566 0.0000001605 0.0000000814 
0.0000003557 0.0000001601 0.0000000812 
0.0000003548 0.0000001597 0.0000000810 
0.0000003539 0.0000001593 0.0000000807 
0.0000003530 0.0000001588 0.0000000805 
0.0000003520 0.0000001584 0.0000000803 
0.0000003511 0.0000001580 0.0000000800 
0.0000003502 0.0000001575 0.0000000798 
0.0000003492 0.0000001571 0.0000000796 
0.0000003482 0.0000001567 0.0000000793 
0.0000003473 0.0000001562 0.0000000790 
0.0000003463 0.0000001557 0.0000000788 
0.0000003453 0.0000001553 0.0000000785 
0.0000003444 0.0000001548 0.0000000782 
0.0000003434 0.0000001544 0.0000000780 
0.0000003424 0.0000001539 0.0000000777 
0.0000003414 0.0000001534 0.0000000774 
0.0000003404 0.0000001530 0.0000000772 
0.0000003394 0.0000001525 0.0000000769 
0.0000003384 0.0000001520 0.0000000766 
0.0000003374 0.0000001516 0.0000000763 
0.0000003364 0.0000001511 0.0000000760 
0.0000003353 0.0000001506 0.0000000757 
0.0000003343 0.0000001501 0.0000000755 
0.0000003333 0.0000001497 0.0000000752 
0.0000003322 0.0000001492 0.0000000749 
0.0000003312 0.0000001487 0.0000000746 
0.0000003301 0.0000001483 0.0000000743 
0.0000003291 0.0000001478 0.0000000740 
0.0000003281 0.0000001473 0.0000000737 
0.0000003270 0.0000001468 0.0000000735 
0.0000003260 0.0000001464 0.0000000732 
0.0000003249 0.0000001459 0.0000000729 
0.0000003239 0.0000001454 0.0000000726 
0.0000003228 0.0000001450 0.0000000723 
0.0000003218 0.0000001445 0.0000000721 
0.0000003207 0.0000001440 0.0000000718 
0.0000003197 0.0000001435 0.0000000716 
0.0000003186 0.0000001431 0.0000000713 
0.0000003176 0.0000001426 0.0000000710 
0.0000003166 0.0000001422 0.0000000708 
0.0000003155 0.0000001417 0.0000000705 
0.0000003145 0.0000001412 0.0000000703 
0.0000003134 0.0000001408 0.0000000701 
0.0000003124 0.0000001403 0.0000000698 
0.0000003113 0.0000001399 0.0000000696 
0.0000003103 0.0000001394 0.0000000694 
0.0000003092 0.0000001389 0.0000000692 
0.0000003082 0.0000001385 0.0000000689 
0.0000003071 0.0000001380 0.0000000687 
0.0000003061 0.0000001376 0.0000000685 
0.0000003050 0.0000001371 0.0000000683 
0.0000003039 0.0000001366 0.0000000681 
0.0000003029 0.0000001362 0.0000000679 
0.0000003018 0.0000001357 0.0000000677 
0.0000003008 0.0000001352 0.0000000675 
0.0000002997 0.0000001348 0.0000000672 
0.0000002986 0.0000001343 0.0000000670 
0.0000002975 0.0000001338 0.0000000668 
0.0000002964 0.0000001333 0.0000000666 
0.0000002953 0.0000001329 0.0000000664 
0.0000002942 0.0000001324 0.0000000662 
0.0000002930 0.0000001319 0.0000000660 
0.0000002919 0.0000001314 0.0000000658 
0.0000002907 0.0000001310 0.0000000656 
0.0000002896 0.0000001305 0.0000000654 
0.0000002884 0.0000001300 0.0000000651 
0.0000002872 0.0000001295 0.0000000649 
0.0000002860 0.0000001290 0.0000000647 
0.0000002848 0.0000001285 0.0000000645 
0.0000002836 0.0000001281 0.0000000643 
0.0000002824 0.0000001276 0.0000000641 
0.0000002812 0.0000001271 0.0000000639 
0.0000002800 0.0000001266 0.0000000638 
0.0000002787 0.0000001261 0.0000000636 
0.0000002775 0.0000001256 0.0000000634 
0.0000002763 0.0000001252 0.0000000632 
0.0000002750 0.0000001247 0.0000000630 
0.0000002738 0.0000001242 0.0000000628 
0.0000002725 0.0000001237 0.0000000627 
0.0000002712 0.0000001232 0.0000000625 
0.0000002700 0.0000001228 0.0000000624 
0.0000002687 0.0000001223 0.0000000622 
0.0000002674 0.0000001218 0.0000000621 
0.0000002661 0.0000001213 0.0000000619 
0.0000002649 0.0000001209 0.0000000618 
0.0000002636 0.0000001204 0.0000000616 
0.0000002623 0.0000001199 0.0000000615 
0.0000002610 0.0000001194 0.0000000614 
0.0000002597 0.0000001190 0.0000000612 
0.0000002584 0.0000001185 0.0000000611 
0.0000002571 0.0000001180 0.0000000609 
0.0000002558 0.0000001175 0.0000000608 
0.0000002545 0.0000001171 0.0000000606 
0.0000002532 0.0000001166 0.0000000604 
0.0000002519 0.0000001161 0.0000000603 
0.0000002505 0.0000001156 0.0000000601 
0.0000002492 0.0000001151 0.0000000599 
0.0000002479 0.0000001146 0.0000000597 
0.0000002465 0.0000001141 0.0000000595 
0.0000002452 0.0000001136 0.0000000593 
0.0000002439 0.0000001131 0.0000000591 
0.0000002425 0.0000001126 0.0000000589 
0.0000002412 0.0000001121 0.0000000587 
0.0000002398 0.0000001116 0.0000000585 
0.0000002385 0.0000001111 0.0000000583 
0.0000002371 0.0000001106 0.0000000580 
0.0000002358 0.0000001101 0.0000000578 
0.0000002344 0.0000001095 0.0000000575 
0.0000002331 0.0000001090 0.0000000573 
0.0000002317 0.0000001085 0.0000000570 
0.0000002304 0.0000001080 0.0000000567 
0.0000002291 0.0000001074 0.0000000565 
0.0000002277 0.0000001069 0.0000000562 
0.0000002264 0.0000001064 0.0000000559 
0.0000002251 0.0000001058 0.0000000556 
0.0000002238 0.0000001053 0.0000000553 
0.0000002225 0.0000001047 0.0000000550 
0.0000002212 0.0000001042 0.0000000547 
0.0000002199 0.0000001037 0.0000000544 
0.0000002186 0.0000001031 0.0000000541 
0.0000002173 0.0000001026 0.0000000538 
0.0000002160 0.0000001020 0.0000000535 
0.0000002148 0.0000001015 0.0000000532 
0.0000002135 0.0000001009 0.0000000529 
0.0000002123 0.0000001004 0.0000000526 
0.0000002111 0.0000000999 0.0000000523 
0.0000002099 0.0000000993 0.0000000520 
0.0000002087 0.0000000988 0.0000000517 
0.0000002076 0.0000000982 0.0000000514 
0.0000002064 0.0000000977 0.0000000511 
0.0000002053 0.0000000971 0.0000000508 
0.0000002041 0.0000000966 0.0000000505 
0.0000002030 0.0000000960 0.0000000502 
0.0000002019 0.0000000955 0.0000000499 
0.0000002008 0.0000000950 0.0000000496 
0.0000001997 0.0000000944 0.0000000494 
0.0000001986 0.0000000939 0.0000000491 
0.0000001976 0.0000000933 0.0000000488 
0.0000001965 0.0000000927 0.0000000485 
0.0000001954 0.0000000922 0.0000000482 
0.0000001944 0.0000000916 0.0000000479 
0.0000001934 0.0000000911 0.0000000476 
0.0000001923 0.0000000905 0.0000000473 
0.0000001913 0.0000000900 0.0000000470 
0.0000001903 0.0000000894 0.0000000467 
0.0000001892 0.0000000889 0.0000000465 
0.0000001882 0.0000000883 0.0000000462 
0.0000001872 0.0000000877 0.0000000459 
0.0000001862 0.0000000872 0.0000000456 
0.0000001852 0.0000000866 0.0000000453 
0.0000001842 0.0000000861 0.0000000450 
0.0000001832 0.0000000855 0.0000000448 
0.0000001822 0.0000000849 0.0000000445 
0.0000001812 0.0000000844 0.0000000442 
0.0000001801 0.0000000838 0.0000000439 
0.0000001791 0.0000000833 0.0000000436 
0.0000001781 0.0000000827 0.0000000433 
0.0000001771 0.0000000821 0.0000000430 
0.0000001761 0.0000000816 0.0000000427 
0.0000001750 0.0000000810 0.0000000424 
0.0000001740 0.0000000804 0.0000000420 
0.0000001730 0.0000000799 0.0000000417 
0.0000001719 0.0000000793 0.0000000414 
0.0000001708 0.0000000787 0.0000000410 
0.0000001698 0.0000000781 0.0000000407 
0.0000001687 0.0000000776 0.0000000403 
0.0000001676 0.0000000770 0.0000000399 
0.0000001665 0.0000000764 0.0000000396 
0.0000001654 0.0000000758 0.0000000392 
0.0000001643 0.0000000753 0.0000000388 
0.0000001632 0.0000000747 0.0000000385 
0.0000001620 0.0000000741 0.0000000381 
0.0000001609 0.0000000736 0.0000000377 
0.0000001597 0.0000000730 0.0000000373 
0.0000001586 0.0000000725 0.0000000370 
0.0000001575 0.0000000719 0.0000000366 
0.0000001563 0.0000000713 0.0000000362 
0.0000001552 0.0000000708 0.0000000359 
0.0000001541 0.0000000703 0.0000000355 
0.0000001529 0.0000000697 0.0000000352 
0.0000001518 0.0000000692 0.0000000348 
0.0000001507 0.0000000687 0.0000000345 
0.0000001496 0.0000000681 0.0000000342 
0.0000001485 0.0000000676 0.0000000338 
0.0000001474 0.0000000671 0.0000000335 
0.0000001463 0.0000000666 0.0000000332 
0.0000001452 0.0000000661 0.0000000329 
0.0000001441 0.0000000656 0.0000000326 
0.0000001430 0.0000000651 0.0000000324 
0.0000001419 0.0000000646 0.0000000321 
0.0000001409 0.0000000642 0.0000000318 
0.0000001398 0.0000000637 0.0000000316 
0.0000001387 0.0000000632 0.0000000313 
0.0000001376 0.0000000628 0.0000000311 
0.0000001366 0.0000000623 0.0000000309 
0.0000001355 0.0000000619 0.0000000307 
0.0000001345 0.0000000614 0.0000000305 
0.0000001334 0.0000000610 0.0000000303 
0.0000001323 0.0000000605 0.0000000301 
0.0000001313 0.0000000601 0.0000000299 
0.0000001303 0.0000000597 0.0000000297 
0.0000001292 0.0000000593 0.0000000296 
0.0000001282 0.0000000589 0.0000000295 
0.0000001272 0.0000000585 0.0000000293 
0.0000001262 0.0000000580 0.0000000292 
0.0000001251 0.0000000576 0.0000000291 
0.0000001241 0.0000000572 0.0000000290 
0.0000001231 0.0000000568 0.0000000288 
0.0000001221 0.0000000564 0.0000000287 
0.0000001211 0.0000000560 0.0000000286 
0.0000001200 0.0000000556 0.0000000285 
0.0000001190 0.0000000552 0.0000000284 
0.0000001179 0.0000000548 0.0000000283 
0.0000001169 0.0000000544 0.0000000282 
0.0000001158 0.0000000540 0.0000000281 
0.0000001148 0.0000000536 0.0000000280 
0.0000001137 0.0000000532 0.0000000279 
0.0000001126 0.0000000528 0.0000000278 
0.0000001115 0.0000000524 0.0000000276 
0.0000001104 0.0000000520 0.0000000275 
0.0000001093 0.0000000516 0.0000000273 
0.0000001081 0.0000000512 0.0000000272 
0.0000001070 0.0000000507 0.0000000270 
0.0000001058 0.0000000503 0.0000000269 
0.0000001046 0.0000000499 0.0000000267 
0.0000001034 0.0000000495 0.0000000265 
0.0000001022 0.0000000490 0.0000000263 
0.0000001010 0.0000000486 0.0000000261 
0.0000000998 0.0000000482 0.0000000259 
0.0000000986 0.0000000477 0.0000000257 
0.0000000973 0.0000000473 0.0000000254 
0.0000000961 0.0000000469 0.0000000252 
0.0000000949 0.0000000464 0.0000000249 
0.0000000936 0.0000000460 0.0000000247 
0.0000000924 0.0000000455 0.0000000244 
0.0000000912 0.0000000451 0.0000000242 
0.0000000900 0.0000000446 0.0000000239 
0.0000000888 0.0000000442 0.0000000237 
0.0000000876 0.0000000437 0.0000000235 
0.0000000864 0.0000000433 0.0000000232 
0.0000000853 0.0000000429 0.0000000230 
0.0000000842 0.0000000424 0.0000000227 
0.0000000831 0.0000000420 0.0000000225 
0.0000000820 0.0000000416 0.0000000223 
0.0000000810 0.0000000412 0.0000000221 
0.0000000800 0.0000000407 0.0000000219 
0.0000000790 0.0000000403 0.0000000217 
0.0000000781 0.0000000399 0.0000000215 
0.0000000772 0.0000000395 0.0000000213 
0.0000000763 0.0000000391 0.0000000212 
0.0000000754 0.0000000387 0.0000000210 
0.0000000745 0.0000000383 0.0000000209 
0.0000000737 0.0000000379 0.0000000207 
0.0000000728 0.0000000375 0.0000000206 
0.0000000720 0.0000000371 0.0000000204 
0.0000000712 0.0000000367 0.0000000203 
0.0000000704 0.0000000363 0.0000000201 
0.0000000696 0.0000000358 0.0000000199 
0.0000000688 0.0000000354 0.0000000198 
0.0000000680 0.0000000350 0.0000000196 
0.0000000672 0.0000000346 0.0000000194 
0.0000000663 0.0000000341 0.0000000192 
0.0000000655 0.0000000337 0.0000000190 
0.0000000647 0.0000000332 0.0000000188 
0.0000000638 0.0000000328 0.0000000186 
0.0000000629 0.0000000323 0.0000000184 
0.0000000621 0.0000000318 0.0000000182 
0.0000000612 0.0000000314 0.0000000179 
0.0000000603 0.0000000309 0.0000000176 
0.0000000594 0.0000000304 0.0000000174 
0.0000000585 0.0000000300 0.0000000171 
0.0000000576 0.0000000295 0.0000000168 
0.0000000567 0.0000000290 0.0000000165 
0.0000000557 0.0000000285 0.0000000162 
0.0000000548 0.0000000281 0.0000000159 
0.0000000539 0.0000000276 0.0000000156 
0.0000000530 0.0000000271 0.0000000152 
0.0000000520 0.0000000266 0.0000000149 
0.0000000511 0.0000000261 0.0000000145 
0.0000000502 0.0000000256 0.0000000142 
0.0000000493 0.0000000251 0.0000000138 
0.0000000485 0.0000000247 0.0000000135 
0.0000000476 0.0000000242 0.0000000132 
0.0000000468 0.0000000237 0.0000000128 
0.0000000459 0.0000000232 0.0000000125 
0.0000000451 0.0000000228 0.0000000122 
0.0000000443 0.0000000223 0.0000000120 
0.0000000435 0.0000000219 0.0000000117 
0.0000000428 0.0000000214 0.0000000115 
0.0000000420 0.0000000209 0.0000000112 
0.0000000412 0.0000000205 0.0000000110 
0.0000000404 0.0000000200 0.0000000108 
0.0000000396 0.0000000196 0.0000000105 
0.0000000388 0.0000000191 0.0000000103 
0.0000000379 0.0000000186 0.0000000101 
0.0000000371 0.0000000182 0.0000000098 
0.0000000362 0.0000000177 0.0000000096 
0.0000000353 0.0000000172 0.0000000093 
0.0000000344 0.0000000167 0.0000000091 
0.0000000334 0.0000000162 0.0000000088 
0.0000000325 0.0000000158 0.0000000085 
0.0000000315 0.0000000153 0.0000000083 
0.0000000305 0.0000000148 0.0000000080 
0.0000000295 0.0000000143 0.0000000077 
0.0000000284 0.0000000138 0.0000000074 
0.0000000274 0.0000000133 0.0000000071 
0.0000000263 0.0000000128 0.0000000068 
0.0000000252 0.0000000123 0.0000000065 
0.0000000242 0.0000000118 0.0000000062 
0.0000000231 0.0000000113 0.0000000059 
0.0000000221 0.0000000109 0.0000000056 
0.0000000210 0.0000000104 0.0000000053 
0.0000000200 0.0000000099 0.0000000050 
0.0000000190 0.0000000094 0.0000000048 
0.0000000181 0.0000000090 0.0000000046 
0.0000000171 0.0000000085 0.0000000044 
0.0000000162 0.0000000081 0.0000000042 
0.0000000153 0.0000000077 0.0000000040 
0.0000000143 0.0000000072 0.0000000039 
0.0000000134 0.0000000067 0.0000000037 
0.0000000125 0.0000000063 0.0000000036 
0.0000000116 0.0000000058 0.0000000034 
0.0000000106 0.0000000053 0.0000000032 
0.0000000096 0.0000000048 0.0000000030 
0.0000000085 0.0000000043 0.0000000028 
0.0000000074 0.0000000038 0.0000000026 
0.0000000063 0.0000000033 0.0000000024 
0.0000000051 0.0000000028 0.0000000021 
0.0000000039 0.0000000022 0.0000000019 
0.0000000027 0.0000000017 0.0000000016 
0.0000000014 0.0000000012 0.0000000013 
0.0000000014 0.0000000012 0.0000000013 
0.0000000014 0.0000000012 0.0000000013 
0.0000000014 0.0000000012 0.0000000013 
0.0000000014 0.0000000012 0.0000000013 
0.0000000014 0.0000000012 0.0000000013 
0.0000000014 0.0000000012 0.0000000013 
0.0000000014 0.0000000012 0.0000000013 
0.0000000014 0.0000000012 0.0000000013 
0.0000000014 0.0000000012 0.0000000013 
0.0000000014 0.0000000012 0.0000000013 
0.0000000014 0.0000000012 0.0000000013 
0.0000000014 0.0000000012 0.0000000013 
0.0000000014 0.0000000012 0.0000000013 
0.0000000014 0.0000000012 0.0000000013 
0.0000000014 0.0000000012 0.0000000013 
0.0000000014 0.0000000012 0.0000000013 
0.0000000014 0.0000000012 0.0000000013 
0.0000000014 0.0000000012 0.0000000013 
0.0000000014 0.0000000012 0.0000000013 
0.0000000014 0.0000000012 0.0000000013 
0.0000000014 0.0000000012 0.0000000013 
0.0000000014 0.0000000012 0.0000000013 
0.0000000014 0.0000000012 0.0000000013 
0.0000000014 0.0000000012 0.0000000013 
0.0000000014 0.0000000012 0.0000000013 
0.0000000014 0.0000000012 0.0000000013 
0.0000000014 0.0000000012 0.0000000013 
0.0000000014 0.0000000012 0.0000000013 
0.0000000014 0.0000000012 0.0000000013 
0.0000000014 0.0000000012 0.0000000013 
0.0000000014 0.0000000012 0.0000000013 
0.0000000014 0.0000000012 0.0000000013 
0.0000000014 0.0000000012 0.0000000013 
0.0000000014 0.0000000012 0.0000000013 
0.0000000014 0.0000000012 0.0000000013 
0.0000000014 0.0000000012 0.0000000013 
0.0000000014 0.0000000012 0.0000000013 
0.0000000014 0.0000000012 0.0000000013 
0.0000000014 0.0000000012 0.0000000013 
0.0000000014 0.0000000012 0.0000000013 
0.0000000014 0.0000000012 0.0000000013 
0.0000000014 0.0000000012 0.0000000013 
0.0000000014 0.0000000012 0.0000000013 
0.0000000014 0.0000000012 0.0000000013 
0.0000000014 0.0000000012 0.0000000013 
0.0000000014 0.0000000012 0.0000000013 
0.0000000014 0.0000000012 0.0000000013 
0.0000000014 0.0000000012 0.0000000013 
0.0000000014 0.0000000012 0.0000000013 
0.0000000014 0.0000000012 0.0000000013 
0.0000000014 0.0000000012 0.0000000013 
0.0000000014 0.0000000012 0.0000000013 
0.0000000014 0.0000000012 0.0000000013 
0.0000000014 0.0000000012 0.0000000013 
0.0000000014 0.0000000012 0.0000000013 
0.0000000014 0.0000000012 0.0000000013 
0.0000000014 0.0000000012 0.0000000013 
0.0000000014 0.0000000012 0.0000000013 
0.0000000014 0.0000000012 0.0000000013 
0.0000000014 0.0000000012 0.0000000013 
0.0000000014 0.0000000012 0.0000000013 
0.0000000014 0.0000000012 0.0000000013 
0.0000000014 0.0000000012 0.0000000013 
0.0000000014 0.0000000012 0.0000000013 
0.0000000014 0.0000000012 0.0000000013 
0.0000000014 0.0000000012 0.0000000013 
0.0000000014 0.0000000012 0.0000000013 
0.0000000014 0.0000000012 0.0000000013 
0.0000000014 0.0000000012 0.0000000013 
0.0000000014 0.0000000012 0.0000000013 
0.0000000014 0.0000000012 0.0000000013 
0.0000000014 0.0000000012 0.0000000013 
0.0000000014 0.0000000012 0.0000000013 
0.0000000014 0.0000000012 0.0000000013 
0.0000000014 0.0000000012 0.0000000013 
0.0000000014 0.0000000012 0.0000000013 
0.0000000014 0.0000000012 0.0000000013 
0.0000000014 0.0000000012 0.0000000013 
0.0000000014 0.0000000012 0.0000000013 
0.0000000014 0.0000000012 0.0000000013 
0.0000000012 0.0000000008 0.0000000006 
0.0000000012 0.0000000008 0.0000000006 
0.0000000012 0.0000000008 0.0000000006 
0.0000000012 0.0000000008 0.0000000006 
0.0000000012 0.0000000008 0.0000000006 
0.0000000012 0.0000000008 0.0000000006 
0.0000000012 0.0000000008 0.0000000006 
0.0000000012 0.0000000008 0.0000000006 
0.0000000012 0.0000000008 0.0000000006 
0.0000000012 0.0000000008 0.0000000006 
0.0000000012 0.0000000008 0.0000000006 
0.0000000012 0.0000000008 0.0000000006 
0.0000000012 0.0000000008 0.0000000006 
0.0000000012 0.0000000008 0.0000000006 
0.0000000020 0.0000000005 0.0000000001 
0.0000000020 0.0000000005 0.0000000001 
0.0000000020 0.0000000005 0.0000000001 
0.0000000020 0.0000000005 0.0000000001 
0.0000000020 0.0000000005 0.0000000001 
0.0000000020 0.0000000005 0.0000000001 
0.0000000020 0.0000000005 0.0000000001 
0.0000000020 0.0000000005 0.0000000001 
0.0000000020 0.0000000005 0.0000000001 
0.0000000020 0.0000000005 0.0000000001 
0.0000000020 0.0000000005 0.0000000001 
0.0000000020 0.0000000005 0.0000000001 
0.0000000020 0.0000000005 0.0000000001 
0.0000000020 0.0000000005 0.0000000001 
0.0000000020 0.0000000005 0.0000000001 
0.0000000020 0.0000000005 0.0000000001 
0.0000000020 0.0000000005 0.0000000001 
0.0000000020 0.0000000005 0.0000000001 
0.0000000020 0.0000000005 0.0000000001 
0.0000000020 0.0000000005 0.0000000001 
0.0000000020 0.0000000005 0.0000000001 
0.0000000020 0.0000000005 0.0000000001 
0.0000000020 0.0000000005 0.0000000001 
0.0000000020 0.0000000005 0.0000000001 
0.0000000020 0.0000000005 0.0000000001 
0.0000000020 0.0000000005 0.0000000001 
0.0000000020 0.0000000005 0.0000000001 
0.0000000020 0.0000000005 0.0000000001 
0.0000000020 0.0000000005 0.0000000001 
0.0000000020 0.0000000005 0.0000000001 
0.0000000020 0.0000000005 0.0000000001 
0.0000000020 0.0000000005 0.0000000001 
0.0000000020 0.0000000005 0.0000000001 
0.0000000020 0.0000000005 0.0000000001 
0.0000000020 0.0000000005 0.0000000001 
0.0000000020 0.0000000005 0.0000000001 
0.0000000020 0.0000000005 0.0000000001 
0.0000000020 0.0000000005 0.0000000001 
0.0000000020 0.0000000005 0.0000000001 
0.0000000020 0.0000000005 0.0000000001 
0.0000000020 0.0000000005 0.0000000001 
0.0000000020 0.0000000005 0.0000000001 
0.0000000020 0.0000000005 0.0000000001 
0.0000000020 0.0000000005 0.0000000001 
0.0000000020 0.0000000005 0.0000000001 
0.0000000020 0.0000000005 0.0000000001 
0.0000000020 0.0000000005 0.0000000001 
0.0000000020 0.0000000005 0.0000000001 
0.0000000020 0.0000000005 0.0000000001 
0.0000000020 0.0000000005 0.0000000001 
0.0000000020 0.0000000005 0.0000000001 
0.0000000020 0.0000000005 0.0000000001 
0.0000000020 0.0000000005 0.0000000001 
0.0000000020 0.0000000005 0.0000000001 
0.0000000020 0.0000000005 0.0000000001 
0.0000000020 0.0000000005 0.0000000001 
0.0000000020 0.0000000005 0.0000000001 
0.0000000020 0.0000000005 0.0000000001 
0.0000000020 0.0000000005 0.0000000001 
0.0000000020 0.0000000005 0.0000000001 
0.0000000020 0.0000000005 0.0000000001 
0.0000000020 0.0000000005 0.0000000001 
0.0000000020 0.0000000005 0.0000000001 
0.0000000020 0.0000000005 0.0000000001 
0.0000000020 0.0000000005 0.0000000001 
0.0000000020 0.0000000005 0.0000000001 
0.0000000020 0.0000000005 0.0000000001 
0.0000000020 0.0000000005 0.0000000001 
0.0000000020 0.0000000005 0.0000000001 
0.0000000020 0.0000000005 0.0000000001 
0.0000000020 0.0000000005 0.0000000001 
0.0000000020 0.0000000005 0.0000000001 
0.0000000020 0.0000000005 0.0000000001 
0.0000000020 0.0000000005 0.0000000001 
0.0000000020 0.0000000005 0.0000000001 
0.0000000020 0.0000000005 0.0000000001 
0.0000000020 0.0000000005 0.0000000001 
0.0000000020 0.0000000005 0.0000000001 
0.0000000020 0.0000000005 0.0000000001 
0.0000000020 0.0000000005 0.0000000001 
0.0000000020 0.0000000005 0.0000000001 
0.0000000020 0.0000000005 0.0000000001 
0.0000000020 0.0000000005 0.0000000001 
0.0000000020 0.0000000005 0.0000000001 
0.0000000020 0.0000000005 0.0000000001 
0.0000000020 0.0000000005 0.0000000001 
0.0000000020 0.0000000005 0.0000000001 
0.0000000020 0.0000000005 0.0000000001 
0.0000000020 0.0000000005 0.0000000001 
0.0000000020 0.0000000005 0.0000000001 
0.0000000020 0.0000000005 0.0000000001 
0.0000000020 0.0000000005 0.0000000001 
0.0000000020 0.0000000005 0.0000000001 
0.0000000020 0.0000000005 0.0000000001 
0.0000000020 0.0000000005 0.0000000001 
0.0000000020 0.0000000005 0.0000000001 
0.0000000020 0.0000000005 0.0000000001 
0.0000000020 0.0000000005 0.0000000001 
0.0000000020 0.0000000005 0.0000000001 
0.0000000020 0.0000000005 0.0000000001 
0.0000000020 0.0000000005 0.0000000001 
0.0000000020 0.0000000005 0.0000000001 
0.0000000020 0.0000000005 0.0000000001 
0.0000000020 0.0000000005 0.0000000001 
0.0000000020 0.0000000005 0.0000000001 
0.0000000020 0.0000000005 0.0000000001 
0.0000000020 0.0000000005 0.0000000001 
0.0000000020 0.0000000005 0.0000000001 
0.0000000020 0.0000000005 0.0000000001 
0.0000000020 0.0000000005 0.0000000001 
0.0000000020 0.0000000005 0.0000000001 
0.0000000020 0.0000000005 0.0000000001 
0.0000000020 0.0000000005 0.0000000001 
0.0000000020 0.0000000005 0.0000000001 
0.0000000020 0.0000000005 0.0000000001 
0.0000000020 0.0000000005 0.0000000001 
0.0000000020 0.0000000005 0.0000000001 
0.0000000020 0.0000000005 0.0000000001 
0.0000000020 0.0000000005 0.0000000001 
0.0000000020 0.0000000005 0.0000000001 
0.0000000020 0.0000000005 0.0000000001 
0.0000000020 0.0000000005 0.0000000001 
0.0000000020 0.0000000005 0.0000000001 
0.0000000020 0.0000000005 0.0000000001 
0.0000000020 0.0000000005 0.0000000001 
0.0000000020 0.0000000005 0.0000000001 
0.0000000020 0.0000000005 0.0000000001 
0.0000000020 0.0000000005 0.0000000001 
0.0000000020 0.0000000005 0.0000000001 
0.0000000020 0.0000000005 0.0000000001 
0.0000000020 0.0000000005 0.0000000001 
0.0000000020 0.0000000005 0.0000000001 
0.0000000020 0.0000000005 0.0000000001 
0.0000000020 0.0000000005 0.0000000001 
0.0000000020 0.0000000005 0.0000000001 
0.0000000020 0.0000000005 0.0000000001 
0.0000000020 0.0000000005 0.0000000001 
0.0000000020 0.0000000005 0.0000000001 
0.0000000020 0.0000000005 0.0000000001 
0.0000000020 0.0000000005 0.0000000001 
0.0000000020 0.0000000005 0.0000000001 
0.0000000020 0.0000000005 0.0000000001 
0.0000000020 0.0000000005 0.0000000001 
0.0000000020 0.0000000005 0.0000000001 
0.0000000020 0.0000000005 0.0000000001 
0.0000000020 0.0000000005 0.0000000001 
0.0000000020 0.0000000005 0.0000000001 
0.0000000020 0.0000000005 0.0000000001 
0.0000000020 0.0000000005 0.0000000001 
0.0000000020 0.0000000005 0.0000000001 
0.0000000020 0.0000000005 0.0000000001 
0.0000000020 0.0000000005 0.0000000001 
0.0000000020 0.0000000005 0.0000000001 
0.0000000020 0.0000000005 0.0000000001 
0.0000000020 0.0000000005 0.0000000001 
0.0000000020 0.0000000005 0.0000000001 
0.0000000020 0.0000000005 0.0000000001 
0.0000000020 0.0000000005 0.0000000001 
0.0000000020 0.0000000005 0.0000000001 
0.0000000020 0.0000000005 0.0000000001 
0.0000000020 0.0000000005 0.0000000001 
0.0000000020 0.0000000005 0.0000000001 
0.0000000020 0.0000000005 0.0000000001 
0.0000000020 0.0000000005 0.0000000001 
0.0000000020 0.0000000005 0.0000000001 
0.0000000020 0.0000000005 0.0000000001 
0.0000000007 0.0000000004 0.0000000003 
0.0000000007 0.0000000004 0.0000000003 
0.0000000007 0.0000000004 0.0000000003 
0.0000000007 0.0000000004 0.0000000003 
0.0000000007 0.0000000004 0.0000000003 
0.0000000007 0.0000000004 0.0000000003 
0.0000000007 0.0000000004 0.0000000003 
0.0000000007 0.0000000004 0.0000000003 
0.0000000007 0.0000000004 0.0000000003 
0.0000000007 0.0000000004 0.0000000003 
0.0000000007 0.0000000004 0.0000000003 
0.0000000007 0.0000000004 0.0000000003 
0.0000000007 0.0000000004 0.0000000003 
0.0000000007 0.0000000004 0.0000000003 
0.0000000007 0.0000000004 0.0000000003 
0.0000000007 0.0000000004 0.0000000003 
0.0000000007 0.0000000004 0.0000000003 
0.0000000007 0.0000000004 0.0000000003 
0.0000000002 0.0000000002 0.0000000003 
0.0000000002 0.0000000002 0.0000000003 
0.0000000002 0.0000000002 0.0000000003 
0.0000000002 0.0000000002 0.0000000003 
0.0000000002 0.0000000002 0.0000000003 
0.0000000002 0.0000000002 0.0000000003 
0.0000000002 0.0000000002 0.0000000003 
0.0000000002 0.0000000002 0.0000000003 
0.0000000002 0.0000000002 0.0000000003 
0.0000000002 0.0000000002 0.0000000003 
0.0000000002 0.0000000002 0.0000000003 
0.0000000002 0.0000000002 0.0000000003 
0.0000000002 0.0000000002 0.0000000003 
0.0000000002 0.0000000002 0.0000000003 
0.0000000002 0.0000000002 0.0000000003 
0.0000000002 0.0000000002 0.0000000003 
0.0000000002 0.0000000002 0.0000000003 
0.0000000002 0.0000000002 0.0000000003 
0.0000000002 0.0000000002 0.0000000003 
0.0000000002 0.0000000002 0.0000000003 
0.0000000001 0.0000000001 0.0000000001 
0.0000000001 0.0000000001 0.0000000001 
0.0000000001 0.0000000001 0.0000000001 
0.0000000001 0.0000000001 0.0000000001 
0.0000000001 0.0000000001 0.0000000001 
0.0000000001 0.0000000001 0.0000000001 
0.0000000001 0.0000000001 0.0000000001 
0.0000000001 0.0000000001 0.0000000001 
0.0000000001 0.0000000001 0.0000000001 
0.0000000001 0.0000000001 0.0000000001 
0.0000000001 0.0000000001 0.0000000001 
0.0000000001 0.0000000001 0.0000000001 
0.0000000001 0.0000000001 0.0000000001 
0.0000000001 0.0000000001 0.0000000001 
0.0000000001 0.0000000001 0.0000000001 
0.0000000001 0.0000000001 0.0000000001 
0.0000000001 0.0000000001 0.0000000001 
0.0000000001 0.0000000001 0.0000000001 
0.0000000001 0.0000000001 0.0000000001 
0.0000000001 0.0000000001 0.0000000001 
0.0000000001 0.0000000001 0.0000000001 
0.0000000001 0.0000000001 0.0000000001 
0.0000000001 0.0000000001 0.0000000001 
0.0000000001 0.0000000001 0.0000000001 
0.0000000001 0.0000000001 0.0000000001 
0.0000000001 0.0000000001 0.0000000001 
0.0000000001 0.0000000001 0.0000000001 
0.0000000001 0.0000000001 0.0000000001 
0.0000000001 0.0000000001 0.0000000001 
0.0000000001 0.0000000001 0.0000000001 
0.0000000001 0.0000000001 0.0000000001 
0.0000000001 0.0000000001 0.0000000001 
0.0000000001 0.0000000001 0.0000000001 
0.0000000001 0.0000000001 0.0000000001 
0.0000000001 0.0000000001 0.0000000001 
0.0000000001 0.0000000001 0.0000000001 
0.0000000001 0.0000000001 0.0000000001 
0.0000000001 0.0000000001 0.0000000001 
0.0000000001 0.0000000001 0.0000000001 
0.0000000001 0.0000000001 0.0000000001 
0.0000000001 0.0000000001 0.0000000001 
0.0000000001 0.0000000001 0.0000000001 
0.0000000001 0.0000000001 0.0000000001 
0.0000000001 0.0000000001 0.0000000001 
0.0000000001 0.0000000001 0.0000000001 
0.0000000001 0.0000000001 0.0000000001 
0.0000000001 0.0000000001 0.0000000001 
0.0000000001 0.0000000001 0.0000000001 
0.0000000001 0.0000000001 0.0000000001 
0.0000000001 0.0000000001 0.0000000001 
0.0000000001 0.0000000001 0.0000000001 
0.0000000001 0.0000000001 0.0000000001 
0.0000000001 0.0000000001 0.0000000001 
0.0000000001 0.0000000001 0.0000000001 
0.0000000001 0.0000000001 0.0000000001 
0.0000000001 0.0000000001 0.0000000001 
0.0000000001 0.0000000001 0.0000000001 
0.0000000001 0.0000000001 0.0000000001 
0.0000000001 0.0000000001 0.0000000001 
0.0000000001 0.0000000001 0.0000000001 
0.0000000001 0.0000000001 0.0000000001 
0.0000000001 0.0000000001 0.0000000001 
0.0000000001 0.0000000001 0.0000000001 
0.0000000001 0.0000000001 0.0000000001 
0.0000000001 0.0000000001 0.0000000001 
0.0000000001 0.0000000001 0.0000000001 
0.0000000001 0.0000000001 0.0000000001 
0.0000000001 0.0000000001 0.0000000001 
0.0000000001 0.0000000001 0.0000000001 
0.0000000001 0.0000000001 0.0000000001 
0.0000000001 0.0000000001 0.0000000001 
0.0000000001 0.0000000001 0.0000000001 
0.0000000001 0.0000000001 0.0000000001 
0.0000000001 0.0000000001 0.0000000001 
0.0000000001 0.0000000001 0.0000000001 
0.0000000001 0.0000000001 0.0000000001 
0.0000000001 0.0000000001 0.0000000001 
0.0000000001 0.0000000001 0.0000000001 
0.0000000001 0.0000000001 0.0000000001 
0.0000000001 0.0000000001 0.0000000001 
0.0000000001 0.0000000001 0.0000000001 
0.0000000001 0.0000000001 0.0000000001 
0.0000000001 0.0000000001 0.0000000001 
0.0000000001 0.0000000001 0.0000000001 
0.0000000001 0.0000000001 0.0000000001 
0.0000000001 0.0000000001 0.0000000001 
0.0000000001 0.0000000001 0.0000000001 
0.0000000001 0.0000000001 0.0000000001 
0.0000000001 0.0000000001 0.0000000001 
0.0000000001 0.0000000001 0.0000000001 
0.0000000001 0.0000000001 0.0000000001 
0.0000000001 0.0000000001 0.0000000001 
0.0000000001 0.0000000001 0.0000000001 
0.0000000001 0.0000000001 0.0000000001 
0.0000000001 0.0000000001 0.0000000001 
0.0000000001 0.0000000001 0.0000000001 
0.0000000001 0.0000000001 0.0000000001 
0.0000000001 0.0000000001 0.0000000001 
0.0000000001 0.0000000001 0.0000000001 
0.0000000001 0.0000000001 0.0000000001 
0.0000000001 0.0000000001 0.0000000001 
0.0000000001 0.0000000001 0.0000000001 
0.0000000001 0.0000000001 0.0000000001 
0.0000000001 0.0000000001 0.0000000001 
0.0000000001 0.0000000001 0.0000000001 
0.0000000001 0.0000000001 0.0000000001 
0.0000000001 0.0000000001 0.0000000001 
0.0000000001 0.0000000001 0.0000000001 
0.0000000001 0.0000000001 0.0000000001 
0.0000000001 0.0000000001 0.0000000001 
0.0000000001 0.0000000001 0.0000000001 
0.0000000001 0.0000000001 0.0000000001 
0.0000000001 0.0000000001 0.0000000001 
0.0000000001 0.0000000001 0.0000000001 
0.0000000001 0.0000000001 0.0000000001 
0.0000000001 0.0000000001 0.0000000001 
0.0000000001 0.0000000001 0.0000000001 
0.0000000001 0.0000000001 0.0000000001 
0.0000000001 0.0000000001 0.0000000001 
0.0000000001 0.0000000001 0.0000000001 
0.0000000001 0.0000000001 0.0000000001 
0.0000000001 0.0000000001 0.0000000001 
0.0000000001 0.0000000001 0.0000000001 
0.0000000001 0.0000000001 0.0000000001 
0.0000000001 0.0000000001 0.0000000001 
0.0000000001 0.0000000001 0.0000000001 
0.0000000001 0.0000000001 0.0000000001 
0.0000000001 0.0000000001 0.0000000001 
0.0000000001 0.0000000001 0.0000000001 
0.0000000001 0.0000000001 0.0000000001 
0.0000000001 0.0000000001 0.0000000001 
0.0000000001 0.0000000001 0.0000000001 
0.0000000001 0.0000000001 0.0000000001 
0.0000000001 0.0000000001 0.0000000001 
0.0000000001 0.0000000001 0.0000000001 
0.0000000001 0.0000000001 0.0000000001 
0.0000000001 0.0000000001 0.0000000001 
0.0000000001 0.0000000001 0.0000000001 
0.0000000001 0.0000000001 0.0000000001 
0.0000000001 0.0000000001 0.0000000001 
0.0000000001 0.0000000001 0.0000000001 
0.0000000001 0.0000000001 0.0000000001 
0.0000000001 0.0000000001 0.0000000001 
0.0000000001 0.0000000001 0.0000000001 
0.0000000001 0.0000000001 0.0000000001 
0.0000000001 0.0000000001 0.0000000001 
0.0000000001 0.0000000001 0.0000000001 
0.0000000001 0.0000000001 0.0000000001 
0.0000000001 0.0000000001 0.0000000001 
0.0000000001 0.0000000001 0.0000000001 
0.0000000001 0.0000000001 0.0000000001 
0.0000000001 0.0000000001 0.0000000001 
0.0000000001 0.0000000001 0.0000000001 
0.0000000001 0.0000000001 0.0000000001 
0.0000000001 0.0000000001 0.0000000001 
0.0000000001 0.0000000001 0.0000000001 
0.0000000001 0.0000000001 0.0000000001 
0.0000000001 0.0000000001 0.0000000001 
0.0000000001 0.0000000001 0.0000000001 
0.0000000001 0.0000000001 0.0000000001 
0.0000000001 0.0000000001 0.0000000001 
0.0000000001 0.0000000001 0.0000000001 
0.0000000001 0.0000000001 0.0000000001 
0.0000000001 0.0000000001 0.0000000001 
0.0000000001 0.0000000001 0.0000000001 
0.0000000001 0.0000000001 0.0000000001 
0.0000000001 0.0000000001 0.0000000001 
0.0000000001 0.0000000001 0.0000000001 
0.0000000001 0.0000000001 0.0000000001 
0.0000000001 0.0000000001 0.0000000001 
0.0000000001 0.0000000001 0.0000000001 
0.0000000001 0.0000000001 0.0000000001 
0.0000000001 0.0000000001 0.0000000001 
0.0000000001 0.0000000001 0.0000000001 
0.0000000001 0.0000000001 0.0000000001 
0.0000000001 0.0000000001 0.0000000001 
0.0000000001 0.0000000001 0.0000000001 
0.0000000001 0.0000000001 0.0000000001 
0.0000000001 0.0000000001 0.0000000001 
0.0000000001 0.0000000001 0.0000000001 
0.0000000001 0.0000000001 0.0000000001 
0.0000000001 0.0000000001 0.0000000001 
0.0000000001 0.0000000001 0.0000000001 
0.0000000001 0.0000000001 0.0000000001 
0.0000000001 0.0000000001 0.0000000001 
0.0000000001 0.0000000001 0.0000000001 
0.0000000001 0.0000000001 0.0000000001 
0.0000000001 0.0000000001 0.0000000001 
0.0000000001 0.0000000001 0.0000000001 
0.0000000001 0.0000000001 0.0000000001 
0.0000000001 0.0000000001 0.0000000001 
0.0000000001 0.0000000001 0.0000000001 
0.0000000001 0.0000000001 0.0000000001 
0.0000000001 0.0000000001 0.0000000001 
0.0000000001 0.0000000001 0.0000000001 
0.0000000001 0.0000000001 0.0000000001 
0.0000000001 0.0000000001 0.0000000001 
0.0000000001 0.0000000001 0.0000000001 
0.0000000001 0.0000000001 0.0000000001 
0.0000000001 0.0000000001 0.0000000001 
0.0000000001 0.0000000001 0.0000000001 
0.0000000001 0.0000000001 0.0000000001 
0.0000000001 0.0000000001 0.0000000001 
0.0000000001 0.0000000001 0.0000000001 
0.0000000001 0.0000000001 0.0000000001 
0.0000000001 0.0000000001 0.0000000001 
0.0000000001 0.0000000001 0.0000000001 
0.0000000001 0.0000000001 0.0000000001 
0.0000000001 0.0000000001 0.0000000001 
0.0000000001 0.0000000001 0.0000000001 
0.0000000001 0.0000000001 0.0000000001 
0.0000000001 0.0000000001 0.0000000001 
0.0000000001 0.0000000001 0.0000000001 
0.0000000001 0.0000000001 0.0000000001 
0.0000000001 0.0000000001 0.0000000001 
0.0000000001 0.0000000001 0.0000000001 
0.0000000001 0.0000000001 0.0000000001 
0.0000000001 0.0000000001 0.0000000001 
0.0000000001 0.0000000001 0.0000000001 
0.0000000001 0.0000000001 0.0000000001 
0.0000000001 0.0000000001 0.0000000001 
0.0000000001 0.0000000001 0.0000000001 
0.0000000001 0.0000000001 0.0000000001 
0.0000000001 0.0000000001 0.0000000001 
0.0000000001 0.0000000001 0.0000000001 
0.0000000001 0.0000000001 0.0000000001 
0.0000000001 0.0000000001 0.0000000001 
0.0000000001 0.0000000001 0.0000000001 
0.0000000001 0.0000000001 0.0000000001 
0.0000000001 0.0000000001 0.0000000001 
0.0000000001 0.0000000001 0.0000000001 
0.0000000001 0.0000000001 0.0000000001 
0.0000000001 0.0000000001 0.0000000001 
0.0000000001 0.0000000001 0.0000000001 
0.0000000001 0.0000000001 0.0000000001 
0.0000000001 0.0000000001 0.0000000001 
0.0000000001 0.0000000001 0.0000000001 
0.0000000001 0.0000000001 0.0000000001 
0.0000000001 0.0000000001 0.0000000001 
0.0000000001 0.0000000001 0.0000000001 
0.0000000001 0.0000000001 0.0000000001 
0.0000000001 0.0000000001 0.0000000001 
0.0000000001 0.0000000001 0.0000000001 
0.0000000001 0.0000000001 0.0000000001 
0.0000000001 0.0000000001 0.0000000001 
0.0000000001 0.0000000001 0.0000000001 
0.0000000001 0.0000000001 0.0000000001 
0.0000000001 0.0000000001 0.0000000001 
0.0000000001 0.0000000001 0.0000000001 
0.0000000001 0.0000000001 0.0000000001 
0.0000000001 0.0000000001 0.0000000001 
0.0000000001 0.0000000001 0.0000000001 
0.0000000001 0.0000000001 0.0000000001 
0.0000000001 0.0000000001 0.0000000001 
0.0000000001 0.0000000001 0.0000000001 
0.0000000001 0.0000000001 0.0000000001 
0.0000000001 0.0000000001 0.0000000001 
0.0000000001 0.0000000001 0.0000000001 
0.0000000001 0.0000000001 0.0000000001 
0.0000000001 0.0000000001 0.0000000001 
0.0000000001 0.0000000001 0.0000000001 
0.0000000001 0.0000000001 0.0000000001 
0.0000000001 0.0000000001 0.0000000001 
0.0000000001 0.0000000001 0.0000000001 
0.0000000001 0.0000000001 0.0000000001 
0.0000000001 0.0000000001 0.0000000001 
0.0000000001 0.0000000001 0.0000000001 
0.0000000001 0.0000000001 0.0000000001 
0.0000000001 0.0000000001 0.0000000001 
0.0000000001 0.0000000001 0.0000000001 
0.0000000001 0.0000000001 0.0000000001 
0.0000000001 0.0000000001 0.0000000001 
0.0000000001 0.0000000001 0.0000000001 
0.0000000001 0.0000000001 0.0000000001 
0.0000000001 0.0000000001 0.0000000001 
0.0000000001 0.0000000001 0.0000000001 
0.0000000001 0.0000000001 0.0000000001 
0.0000000001 0.0000000001 0.0000000001 
0.0000000001 0.0000000001 0.0000000001 
0.0000000001 0.0000000001 0.0000000001 
0.0000000001 0.0000000001 0.0000000001 
0.0000000001 0.0000000001 0.0000000001 
0.0000000001 0.0000000001 0.0000000001 
0.0000000001 0.0000000001 0.0000000001 
0.0000000001 0.0000000001 0.0000000001 
0.0000000001 0.0000000001 0.0000000001 
0.0000000001 0.0000000001 0.0000000001 
0.0000000001 0.0000000001 0.0000000001 
0.0000000001 0.0000000001 0.0000000001 
0.0000000001 0.0000000001 0.0000000001 
0.0000000001 0.0000000001 0.0000000001 
0.0000000001 0.0000000001 0.0000000001 
0.0000000001 0.0000000001 0.0000000001 
0.0000000001 0.0000000001 0.0000000001 
0.0000000001 0.0000000001 0.0000000001 
0.0000000001 0.0000000001 0.0000000001 
0.0000000001 0.0000000001 0.0000000001 
0.0000000001 0.0000000001 0.0000000001 
0.0000000001 0.0000000001 0.0000000001 
0.0000000001 0.0000000001 0.0000000001 
0.0000000001 0.0000000001 0.0000000001 
0.0000000001 0.0000000001 0.0000000001 
0.0000000001 0.0000000001 0.0000000001 
0.0000000001 0.0000000001 0.0000000001 
0.0000000001 0.0000000001 0.0000000001 
0.0000000001 0.0000000001 0.0000000001 
0.0000000001 0.0000000001 0.0000000001 
0.0000000001 0.0000000001 0.0000000001 
0.0000000001 0.0000000001 0.0000000001 
0.0000000001 0.0000000001 0.0000000001 
0.0000000001 0.0000000001 0.0000000001 
0.0000000001 0.0000000001 0.0000000001 
0.0000000001 0.0000000001 0.0000000001 
0.0000000001 0.0000000001 0.0000000001 
0.0000000001 0.0000000001 0.0000000001 
0.0000000001 0.0000000001 0.0000000001 
0.0000000001 0.0000000001 0.0000000001 
0.0000000001 0.0000000001 0.0000000001 
0.0000000001 0.0000000001 0.0000000001 
0.0000000001 0.0000000001 0.0000000001 
0.0000000001 0.0000000001 0.0000000001 
0.0000000001 0.0000000001 0.0000000001 
0.0000000001 0.0000000001 0.0000000001 
0.0000000001 0.0000000001 0.0000000001 
0.0000000001 0.0000000001 0.0000000001 
0.0000000001 0.0000000001 0.0000000001 
0.0000000001 0.0000000001 0.0000000001 
0.0000000001 0.0000000001 0.0000000001 
0.0000000001 0.0000000001 0.0000000001 
0.0000000001 0.0000000001 0.0000000001 
0.0000000001 0.0000000001 0.0000000001 
0.0000000001 0.0000000001 0.0000000001 
0.0000000001 0.0000000001 0.0000000001 
0.0000000001 0.0000000001 0.0000000001 
0.0000000001 0.0000000001 0.0000000001 
0.0000000001 0.0000000001 0.0000000001 
0.0000000001 0.0000000001 0.0000000001 
0.0000000001 0.0000000001 0.0000000001 
0.0000000001 0.0000000001 0.0000000001 
0.0000000001 0.0000000001 0.0000000001 
0.0000000001 0.0000000001 0.0000000001 
0.0000000001 0.0000000001 0.0000000001 
0.0000000001 0.0000000001 0.0000000001 
0.0000000001 0.0000000001 0.0000000001 
0.0000000001 0.0000000001 0.0000000001 
0.0000000001 0.0000000001 0.0000000001 
0.0000000001 0.0000000001 0.0000000001 
0.0000000001 0.0000000001 0.0000000001 
0.0000000001 0.0000000001 0.0000000001 
0.0000000001 0.0000000001 0.0000000001 
0.0000000001 0.0000000001 0.0000000001 
0.0000000001 0.0000000001 0.0000000001 
0.0000000001 0.0000000001 0.0000000001 
0.0000000001 0.0000000001 0.0000000001 
0.0000000001 0.0000000001 0.0000000001 
0.0000000001 0.0000000001 0.0000000001 
0.0000000001 0.0000000001 0.0000000001 
0.0000000001 0.0000000001 0.0000000001 
0.0000000001 0.0000000001 0.0000000001 
0.0000000001 0.0000000001 0.0000000001 
0.0000000001 0.0000000001 0.0000000001 
0.0000000001 0.0000000001 0.0000000001 
0.0000000001 0.0000000001 0.0000000001 
0.0000000001 0.0000000001 0.0000000001 
0.0000000001 0.0000000001 0.0000000001 
0.0000000001 0.0000000001 0.0000000001 
0.0000000001 0.0000000001 0.0000000001 
0.0000000001 0.0000000001 0.0000000001 
0.0000000001 0.0000000001 0.0000000001 
0.0000000001 0.0000000001 0.0000000001 
0.0000000001 0.0000000001 0.0000000001 
0.0000000001 0.0000000001 0.0000000001 
0.0000000001 0.0000000001 0.0000000001 
0.0000000001 0.0000000001 0.0000000001 
0.0000000001 0.0000000001 0.0000000001 
0.0000000001 0.0000000001 0.0000000001 
0.0000000001 0.0000000001 0.0000000001 
0.0000000001 0.0000000001 0.0000000001 
0.0000000001 0.0000000001 0.0000000001 
0.0000000001 0.0000000001 0.0000000001 
0.0000000001 0.0000000001 0.0000000001 
0.0000000001 0.0000000001 0.0000000001 
0.0000000001 0.0000000001 0.0000000001 
0.0000000001 0.0000000001 0.0000000001 
0.0000000001 0.0000000001 0.0000000001 
0.0000000001 0.0000000001 0.0000000001 
0.0000000001 0.0000000001 0.0000000001 
0.0000000001 0.0000000001 0.0000000001 
0.0000000001 0.0000000001 0.0000000001 
0.0000000001 0.0000000001 0.0000000001 
0.0000000001 0.0000000001 0.0000000001 
0.0000000001 0.0000000001 0.0000000001 
0.0000000001 0.0000000001 0.0000000001 
0.0000000001 0.0000000001 0.0000000001 
0.0000000001 0.0000000001 0.0000000001 
0.0000000001 0.0000000001 0.0000000001 
0.0000000001 0.0000000001 0.0000000001 
0.0000000001 0.0000000001 0.0000000001 
0.0000000001 0.0000000001 0.0000000001 
0.0000000001 0.0000000001 0.0000000001 
0.0000000001 0.0000000001 0.0000000001 
0.0000000001 0.0000000001 0.0000000001 
0.0000000001 0.0000000001 0.0000000001 
0.0000000001 0.0000000001 0.0000000001 
0.0000000001 0.0000000001 0.0000000001 
0.0000000001 0.0000000001 0.0000000001 
0.0000000001 0.0000000001 0.0000000001 
0.0000000001 0.0000000001 0.0000000001 
0.0000000001 0.0000000001 0.0000000001 
0.0000000001 0.0000000001 0.0000000001 
0.0000000001 0.0000000001 0.0000000001 
0.0000000001 0.0000000001 0.0000000001 
0.0000000001 0.0000000001 0.0000000001 
0.0000000001 0.0000000001 0.0000000001 
0.0000000001 0.0000000001 0.0000000001 
0.0000000001 0.0000000001 0.0000000001 
0.0000000001 0.0000000001 0.0000000001 
0.0000000001 0.0000000001 0.0000000001 
0.0000000001 0.0000000001 0.0000000001 
0.0000000001 0.0000000001 0.0000000001 
0.0000000001 0.0000000001 0.0000000001 
0.0000000001 0.0000000001 0.0000000001 
0.0000000001 0.0000000001 0.0000000001 
0.0000000001 0.0000000001 0.0000000001 
0.0000000001 0.0000000001 0.0000000001 
0.0000000001 0.0000000001 0.0000000001 
0.0000000001 0.0000000001 0.0000000001 
0.0000000001 0.0000000001 0.0000000001 
0.0000000001 0.0000000001 0.0000000001 
0.0000000001 0.0000000001 0.0000000001 
0.0000000001 0.0000000001 0.0000000001 
0.0000000001 0.0000000001 0.0000000001 
0.0000000001 0.0000000001 0.0000000001 
0.0000000001 0.0000000001 0.0000000001 
0.0000000001 0.0000000001 0.0000000001 
