0.0000005024 0.0000001609 0.0000007002 
0.0000005050 0.0000001641 0.0000006876 
0.0000005074 0.0000001671 0.0000006754 
0.0000005097 0.0000001700 0.0000006633 
0.0000005119 0.0000001727 0.0000006514 
0.0000005141 0.0000001754 0.0000006398 
0.0000005161 0.0000001779 0.0000006283 
0.0000005180 0.0000001803 0.0000006169 
0.0000005197 0.0000001827 0.0000006058 
0.0000005214 0.0000001849 0.0000005947 
0.0000005229 0.0000001871 0.0000005838 
0.0000005244 0.0000001893 0.0000005731 
0.0000005257 0.0000001913 0.0000005624 
0.0000005269 0.0000001933 0.0000005519 
0.0000005280 0.0000001953 0.0000005415 
0.0000005290 0.0000001971 0.0000005311 
0.0000005298 0.0000001990 0.0000005209 
0.0000005306 0.0000002007 0.0000005108 
0.0000005312 0.0000002025 0.0000005008 
0.0000005318 0.0000002041 0.0000004909 
0.0000005322 0.0000002058 0.0000004811 
0.0000005326 0.0000002073 0.0000004714 
0.0000005329 0.0000002089 0.0000004617 
0.0000005331 0.0000002103 0.0000004522 
0.0000005334 0.0000002118 0.0000004427 
0.0000005336 0.0000002132 0.0000004333 
0.0000005338 0.0000002145 0.0000004240 
0.0000005340 0.0000002158 0.0000004147 
0.0000005342 0.0000002171 0.0000004056 
0.0000005344 0.0000002183 0.0000003965 
0.0000005346 0.0000002195 0.0000003874 
0.0000005348 0.0000002207 0.0000003785 
0.0000005351 0.0000002219 0.0000003696 
0.0000005353 0.0000002230 0.0000003608 
0.0000005356 0.0000002241 0.0000003521 
0.0000005359 0.0000002251 0.0000003435 
0.0000005362 0.0000002262 0.0000003349 
0.0000005366 0.0000002271 0.0000003264 
0.0000005369 0.0000002281 0.0000003179 
0.0000005373 0.0000002290 0.0000003095 
0.0000005378 0.0000002300 0.0000003012 
0.0000005385 0.0000002309 0.0000002930 
0.0000005392 0.0000002318 0.0000002848 
0.0000005400 0.0000002326 0.0000002767 
0.0000005409 0.0000002335 0.0000002687 
0.0000005418 0.0000002344 0.0000002608 
0.0000005426 0.0000002352 0.0000002530 
0.0000005435 0.0000002360 0.0000002453 
0.0000005444 0.0000002368 0.0000002377 
0.0000005453 0.0000002376 0.0000002302 
0.0000005462 0.0000002383 0.0000002227 
0.0000005471 0.0000002390 0.0000002154 
0.0000005481 0.0000002398 0.0000002082 
0.0000005491 0.0000002405 0.0000002011 
0.0000005501 0.0000002411 0.0000001941 
0.0000005511 0.0000002418 0.0000001872 
0.0000005521 0.0000002425 0.0000001804 
0.0000005531 0.0000002431 0.0000001737 
0.0000005541 0.0000002437 0.0000001671 
0.0000005552 0.0000002443 0.0000001606 
0.0000005562 0.0000002449 0.0000001542 
0.0000005572 0.0000002455 0.0000001479 
0.0000005583 0.0000002461 0.0000001417 
0.0000005593 0.0000002467 0.0000001357 
0.0000005604 0.0000002473 0.0000001297 
0.0000005615 0.0000002479 0.0000001239 
0.0000005627 0.0000002485 0.0000001182 
0.0000005638 0.0000002490 0.0000001127 
0.0000005638 0.0000002490 0.0000001127 
0.0000005638 0.0000002490 0.0000001127 
0.0000005638 0.0000002490 0.0000001127 
0.0000005638 0.0000002490 0.0000001127 
0.0000005638 0.0000002490 0.0000001127 
0.0000005638 0.0000002490 0.0000001127 
0.0000005638 0.0000002490 0.0000001127 
0.0000005638 0.0000002490 0.0000001127 
0.0000005638 0.0000002490 0.0000001127 
0.0000005638 0.0000002490 0.0000001127 
0.0000005638 0.0000002490 0.0000001127 
0.0000005638 0.0000002490 0.0000001127 
0.0000005656 0.0000002495 0.0000001101 
0.0000005656 0.0000002495 0.0000001101 
0.0000005656 0.0000002495 0.0000001101 
0.0000005656 0.0000002495 0.0000001101 
0.0000005656 0.0000002495 0.0000001101 
0.0000005656 0.0000002495 0.0000001101 
0.0000005656 0.0000002495 0.0000001101 
0.0000005656 0.0000002495 0.0000001101 
0.0000005656 0.0000002495 0.0000001101 
0.0000005656 0.0000002495 0.0000001101 
0.0000005656 0.0000002495 0.0000001101 
0.0000005686 0.0000002505 0.0000001104 
0.0000005719 0.0000002514 0.0000001113 
0.0000005755 0.0000002521 0.0000001129 
0.0000005791 0.0000002528 0.0000001150 
0.0000005828 0.0000002534 0.0000001173 
0.0000005864 0.0000002540 0.0000001196 
0.0000005899 0.0000002545 0.0000001217 
0.0000005933 0.0000002550 0.0000001238 
0.0000005966 0.0000002555 0.0000001256 
0.0000005998 0.0000002559 0.0000001273 
0.0000006029 0.0000002564 0.0000001289 
0.0000006059 0.0000002568 0.0000001302 
0.0000006089 0.0000002572 0.0000001314 
0.0000006118 0.0000002575 0.0000001325 
0.0000006146 0.0000002578 0.0000001334 
0.0000006173 0.0000002581 0.0000001341 
0.0000006200 0.0000002584 0.0000001347 
0.0000006226 0.0000002586 0.0000001352 
0.0000006251 0.0000002589 0.0000001356 
0.0000006276 0.0000002592 0.0000001358 
0.0000006300 0.0000002594 0.0000001360 
0.0000006323 0.0000002597 0.0000001360 
0.0000006346 0.0000002600 0.0000001360 
0.0000006368 0.0000002603 0.0000001359 
0.0000006390 0.0000002605 0.0000001357 
0.0000006412 0.0000002608 0.0000001354 
0.0000006433 0.0000002612 0.0000001351 
0.0000006453 0.0000002615 0.0000001347 
0.0000006474 0.0000002618 0.0000001342 
0.0000006493 0.0000002621 0.0000001337 
0.0000006513 0.0000002625 0.0000001332 
0.0000006532 0.0000002629 0.0000001326 
0.0000006551 0.0000002632 0.0000001319 
0.0000006569 0.0000002636 0.0000001312 
0.0000006587 0.0000002640 0.0000001305 
0.0000006605 0.0000002644 0.0000001298 
0.0000006622 0.0000002648 0.0000001290 
0.0000006640 0.0000002652 0.0000001282 
0.0000006657 0.0000002656 0.0000001273 
0.0000006673 0.0000002660 0.0000001265 
0.0000006690 0.0000002664 0.0000001256 
0.0000006706 0.0000002668 0.0000001247 
0.0000006722 0.0000002672 0.0000001238 
0.0000006738 0.0000002676 0.0000001229 
0.0000006754 0.0000002681 0.0000001220 
0.0000006770 0.0000002685 0.0000001211 
0.0000006785 0.0000002689 0.0000001202 
0.0000006801 0.0000002693 0.0000001193 
0.0000006817 0.0000002698 0.0000001184 
0.0000006833 0.0000002702 0.0000001176 
0.0000006848 0.0000002706 0.0000001168 
0.0000006864 0.0000002711 0.0000001160 
0.0000006881 0.0000002715 0.0000001153 
0.0000006897 0.0000002720 0.0000001146 
0.0000006913 0.0000002725 0.0000001140 
0.0000006930 0.0000002729 0.0000001134 
0.0000006947 0.0000002734 0.0000001130 
0.0000006964 0.0000002739 0.0000001126 
0.0000006982 0.0000002744 0.0000001122 
0.0000007000 0.0000002749 0.0000001120 
0.0000007019 0.0000002754 0.0000001119 
0.0000007038 0.0000002759 0.0000001119 
0.0000007057 0.0000002765 0.0000001119 
0.0000007077 0.0000002770 0.0000001121 
0.0000007097 0.0000002776 0.0000001124 
0.0000007117 0.0000002782 0.0000001128 
0.0000007138 0.0000002788 0.0000001133 
0.0000007159 0.0000002794 0.0000001138 
0.0000007180 0.0000002800 0.0000001144 
0.0000007201 0.0000002806 0.0000001151 
0.0000007222 0.0000002812 0.0000001159 
0.0000007242 0.0000002818 0.0000001166 
0.0000007262 0.0000002824 0.0000001174 
0.0000007282 0.0000002830 0.0000001182 
0.0000007302 0.0000002836 0.0000001190 
0.0000007321 0.0000002843 0.0000001198 
0.0000007340 0.0000002849 0.0000001206 
0.0000007358 0.0000002855 0.0000001213 
0.0000007376 0.0000002861 0.0000001221 
0.0000007393 0.0000002866 0.0000001228 
0.0000007409 0.0000002872 0.0000001235 
0.0000007425 0.0000002878 0.0000001242 
0.0000007441 0.0000002884 0.0000001248 
0.0000007456 0.0000002890 0.0000001254 
0.0000007471 0.0000002895 0.0000001260 
0.0000007485 0.0000002901 0.0000001265 
0.0000007499 0.0000002907 0.0000001271 
0.0000007513 0.0000002912 0.0000001275 
0.0000007525 0.0000002917 0.0000001280 
0.0000007538 0.0000002923 0.0000001284 
0.0000007550 0.0000002928 0.0000001288 
0.0000007561 0.0000002933 0.0000001292 
0.0000007572 0.0000002938 0.0000001296 
0.0000007582 0.0000002944 0.0000001299 
0.0000007592 0.0000002949 0.0000001302 
0.0000007601 0.0000002954 0.0000001305 
0.0000007610 0.0000002959 0.0000001308 
0.0000007618 0.0000002964 0.0000001310 
0.0000007626 0.0000002969 0.0000001312 
0.0000007634 0.0000002973 0.0000001314 
0.0000007641 0.0000002978 0.0000001316 
0.0000007647 0.0000002983 0.0000001318 
0.0000007654 0.0000002988 0.0000001319 
0.0000007659 0.0000002992 0.0000001321 
0.0000007665 0.0000002997 0.0000001322 
0.0000007670 0.0000003001 0.0000001322 
0.0000007674 0.0000003006 0.0000001323 
0.0000007679 0.0000003010 0.0000001324 
0.0000007683 0.0000003015 0.0000001324 
0.0000007686 0.0000003019 0.0000001324 
0.0000007690 0.0000003024 0.0000001325 
0.0000007693 0.0000003028 0.0000001325 
0.0000007696 0.0000003032 0.0000001326 
0.0000007699 0.0000003036 0.0000001326 
0.0000007702 0.0000003040 0.0000001327 
0.0000007705 0.0000003045 0.0000001328 
0.0000007707 0.0000003049 0.0000001329 
0.0000007709 0.0000003053 0.0000001330 
0.0000007712 0.0000003056 0.0000001331 
0.0000007714 0.0000003060 0.0000001332 
0.0000007716 0.0000003064 0.0000001334 
0.0000007718 0.0000003068 0.0000001335 
0.0000007720 0.0000003071 0.0000001337 
0.0000007722 0.0000003075 0.0000001338 
0.0000007725 0.0000003078 0.0000001340 
0.0000007727 0.0000003082 0.0000001342 
0.0000007730 0.0000003085 0.0000001344 
0.0000007732 0.0000003089 0.0000001346 
0.0000007735 0.0000003092 0.0000001348 
0.0000007737 0.0000003095 0.0000001351 
0.0000007740 0.0000003099 0.0000001353 
0.0000007742 0.0000003102 0.0000001356 
0.0000007745 0.0000003105 0.0000001359 
0.0000007747 0.0000003109 0.0000001362 
0.0000007749 0.0000003112 0.0000001365 
0.0000007751 0.0000003115 0.0000001368 
0.0000007753 0.0000003118 0.0000001372 
0.0000007755 0.0000003122 0.0000001376 
0.0000007757 0.0000003125 0.0000001380 
0.0000007758 0.0000003128 0.0000001384 
0.0000007760 0.0000003131 0.0000001388 
0.0000007761 0.0000003134 0.0000001392 
0.0000007762 0.0000003138 0.0000001397 
0.0000007763 0.0000003141 0.0000001401 
0.0000007764 0.0000003144 0.0000001406 
0.0000007765 0.0000003147 0.0000001410 
0.0000007766 0.0000003150 0.0000001414 
0.0000007767 0.0000003153 0.0000001418 
0.0000007767 0.0000003155 0.0000001422 
0.0000007768 0.0000003158 0.0000001426 
0.0000007768 0.0000003161 0.0000001430 
0.0000007768 0.0000003164 0.0000001433 
0.0000007768 0.0000003166 0.0000001437 
0.0000007768 0.0000003169 0.0000001440 
0.0000007768 0.0000003171 0.0000001443 
0.0000007768 0.0000003174 0.0000001446 
0.0000007768 0.0000003176 0.0000001449 
0.0000007768 0.0000003178 0.0000001452 
0.0000007768 0.0000003181 0.0000001455 
0.0000007768 0.0000003183 0.0000001457 
0.0000007767 0.0000003185 0.0000001460 
0.0000007766 0.0000003187 0.0000001462 
0.0000007766 0.0000003189 0.0000001465 
0.0000007765 0.0000003191 0.0000001467 
0.0000007763 0.0000003193 0.0000001469 
0.0000007762 0.0000003195 0.0000001471 
0.0000007761 0.0000003196 0.0000001473 
0.0000007759 0.0000003198 0.0000001475 
0.0000007757 0.0000003200 0.0000001477 
0.0000007756 0.0000003201 0.0000001478 
0.0000007754 0.0000003203 0.0000001480 
0.0000007752 0.0000003204 0.0000001481 
0.0000007750 0.0000003205 0.0000001482 
0.0000007748 0.0000003207 0.0000001484 
0.0000007746 0.0000003208 0.0000001485 
0.0000007744 0.0000003209 0.0000001486 
0.0000007742 0.0000003210 0.0000001488 
0.0000007740 0.0000003211 0.0000001489 
0.0000007738 0.0000003212 0.0000001490 
0.0000007736 0.0000003213 0.0000001491 
0.0000007733 0.0000003214 0.0000001492 
0.0000007731 0.0000003215 0.0000001493 
0.0000007729 0.0000003215 0.0000001494 
0.0000007727 0.0000003216 0.0000001495 
0.0000007724 0.0000003216 0.0000001496 
0.0000007722 0.0000003217 0.0000001497 
0.0000007719 0.0000003217 0.0000001498 
0.0000007717 0.0000003218 0.0000001499 
0.0000007715 0.0000003218 0.0000001500 
0.0000007712 0.0000003219 0.0000001501 
0.0000007710 0.0000003219 0.0000001502 
0.0000007707 0.0000003219 0.0000001503 
0.0000007705 0.0000003219 0.0000001504 
0.0000007702 0.0000003219 0.0000001505 
0.0000007700 0.0000003220 0.0000001506 
0.0000007697 0.0000003220 0.0000001507 
0.0000007694 0.0000003220 0.0000001508 
0.0000007691 0.0000003220 0.0000001509 
0.0000007689 0.0000003220 0.0000001511 
0.0000007686 0.0000003219 0.0000001512 
0.0000007683 0.0000003219 0.0000001513 
0.0000007680 0.0000003219 0.0000001514 
0.0000007676 0.0000003219 0.0000001515 
0.0000007673 0.0000003218 0.0000001516 
0.0000007669 0.0000003218 0.0000001517 
0.0000007665 0.0000003217 0.0000001518 
0.0000007662 0.0000003217 0.0000001519 
0.0000007657 0.0000003217 0.0000001520 
0.0000007653 0.0000003216 0.0000001521 
0.0000007649 0.0000003215 0.0000001521 
0.0000007644 0.0000003215 0.0000001522 
0.0000007640 0.0000003214 0.0000001523 
0.0000007635 0.0000003214 0.0000001524 
0.0000007630 0.0000003213 0.0000001524 
0.0000007625 0.0000003212 0.0000001525 
0.0000007620 0.0000003212 0.0000001525 
0.0000007615 0.0000003211 0.0000001525 
0.0000007609 0.0000003210 0.0000001526 
0.0000007604 0.0000003209 0.0000001526 
0.0000007598 0.0000003208 0.0000001526 
0.0000007593 0.0000003207 0.0000001526 
0.0000007587 0.0000003206 0.0000001526 
0.0000007581 0.0000003205 0.0000001526 
0.0000007575 0.0000003204 0.0000001526 
0.0000007569 0.0000003203 0.0000001526 
0.0000007563 0.0000003201 0.0000001526 
0.0000007556 0.0000003200 0.0000001526 
0.0000007549 0.0000003199 0.0000001526 
0.0000007543 0.0000003197 0.0000001525 
0.0000007536 0.0000003196 0.0000001525 
0.0000007529 0.0000003194 0.0000001525 
0.0000007522 0.0000003192 0.0000001524 
0.0000007515 0.0000003190 0.0000001523 
0.0000007508 0.0000003188 0.0000001523 
0.0000007501 0.0000003186 0.0000001522 
0.0000007493 0.0000003184 0.0000001521 
0.0000007485 0.0000003182 0.0000001521 
0.0000007477 0.0000003180 0.0000001520 
0.0000007468 0.0000003178 0.0000001519 
0.0000007459 0.0000003176 0.0000001518 
0.0000007451 0.0000003173 0.0000001518 
0.0000007441 0.0000003171 0.0000001517 
0.0000007432 0.0000003169 0.0000001516 
0.0000007423 0.0000003166 0.0000001515 
0.0000007413 0.0000003164 0.0000001515 
0.0000007403 0.0000003161 0.0000001514 
0.0000007393 0.0000003159 0.0000001513 
0.0000007383 0.0000003156 0.0000001512 
0.0000007373 0.0000003154 0.0000001511 
0.0000007363 0.0000003151 0.0000001510 
0.0000007352 0.0000003148 0.0000001510 
0.0000007341 0.0000003146 0.0000001509 
0.0000007331 0.0000003143 0.0000001508 
0.0000007320 0.0000003140 0.0000001507 
0.0000007309 0.0000003138 0.0000001507 
0.0000007298 0.0000003135 0.0000001506 
0.0000007287 0.0000003132 0.0000001505 
0.0000007276 0.0000003129 0.0000001504 
0.0000007264 0.0000003127 0.0000001504 
0.0000007253 0.0000003124 0.0000001503 
0.0000007242 0.0000003121 0.0000001502 
0.0000007230 0.0000003118 0.0000001501 
0.0000007218 0.0000003115 0.0000001501 
0.0000007207 0.0000003112 0.0000001500 
0.0000007195 0.0000003109 0.0000001499 
0.0000007183 0.0000003106 0.0000001499 
0.0000007171 0.0000003103 0.0000001498 
0.0000007159 0.0000003100 0.0000001497 
0.0000007146 0.0000003097 0.0000001497 
0.0000007134 0.0000003094 0.0000001496 
0.0000007122 0.0000003091 0.0000001496 
0.0000007109 0.0000003088 0.0000001495 
0.0000007097 0.0000003085 0.0000001494 
0.0000007085 0.0000003082 0.0000001494 
0.0000007072 0.0000003079 0.0000001493 
0.0000007059 0.0000003075 0.0000001492 
0.0000007047 0.0000003072 0.0000001492 
0.0000007034 0.0000003069 0.0000001491 
0.0000007022 0.0000003065 0.0000001490 
0.0000007009 0.0000003062 0.0000001489 
0.0000006996 0.0000003058 0.0000001488 
0.0000006983 0.0000003054 0.0000001487 
0.0000006971 0.0000003050 0.0000001486 
0.0000006958 0.0000003047 0.0000001486 
0.0000006945 0.0000003043 0.0000001485 
0.0000006932 0.0000003039 0.0000001484 
0.0000006919 0.0000003034 0.0000001483 
0.0000006906 0.0000003030 0.0000001482 
0.0000006893 0.0000003026 0.0000001481 
0.0000006880 0.0000003022 0.0000001480 
0.0000006867 0.0000003017 0.0000001479 
0.0000006854 0.0000003013 0.0000001477 
0.0000006841 0.0000003009 0.0000001476 
0.0000006828 0.0000003004 0.0000001475 
0.0000006815 0.0000002999 0.0000001474 
0.0000006802 0.0000002995 0.0000001473 
0.0000006788 0.0000002990 0.0000001471 
0.0000006775 0.0000002986 0.0000001470 
0.0000006761 0.0000002981 0.0000001469 
0.0000006747 0.0000002976 0.0000001468 
0.0000006734 0.0000002971 0.0000001466 
0.0000006720 0.0000002967 0.0000001465 
0.0000006706 0.0000002961 0.0000001463 
0.0000006692 0.0000002956 0.0000001461 
0.0000006679 0.0000002951 0.0000001459 
0.0000006665 0.0000002946 0.0000001457 
0.0000006651 0.0000002940 0.0000001455 
0.0000006637 0.0000002935 0.0000001453 
0.0000006623 0.0000002929 0.0000001451 
0.0000006608 0.0000002923 0.0000001449 
0.0000006594 0.0000002918 0.0000001446 
0.0000006580 0.0000002912 0.0000001444 
0.0000006566 0.0000002906 0.0000001441 
0.0000006551 0.0000002900 0.0000001439 
0.0000006537 0.0000002894 0.0000001436 
0.0000006522 0.0000002889 0.0000001434 
0.0000006508 0.0000002883 0.0000001431 
0.0000006493 0.0000002877 0.0000001428 
0.0000006478 0.0000002870 0.0000001425 
0.0000006464 0.0000002864 0.0000001422 
0.0000006449 0.0000002858 0.0000001420 
0.0000006434 0.0000002852 0.0000001417 
0.0000006419 0.0000002846 0.0000001414 
0.0000006404 0.0000002840 0.0000001411 
0.0000006389 0.0000002834 0.0000001408 
0.0000006374 0.0000002828 0.0000001404 
0.0000006359 0.0000002821 0.0000001401 
0.0000006343 0.0000002815 0.0000001398 
0.0000006328 0.0000002809 0.0000001395 
0.0000006313 0.0000002803 0.0000001392 
0.0000006297 0.0000002797 0.0000001388 
0.0000006282 0.0000002790 0.0000001385 
0.0000006266 0.0000002784 0.0000001382 
0.0000006251 0.0000002778 0.0000001378 
0.0000006235 0.0000002772 0.0000001375 
0.0000006220 0.0000002766 0.0000001372 
0.0000006204 0.0000002759 0.0000001368 
0.0000006189 0.0000002753 0.0000001365 
0.0000006173 0.0000002747 0.0000001361 
0.0000006158 0.0000002741 0.0000001358 
0.0000006142 0.0000002734 0.0000001355 
0.0000006126 0.0000002728 0.0000001351 
0.0000006111 0.0000002722 0.0000001348 
0.0000006095 0.0000002716 0.0000001344 
0.0000006080 0.0000002710 0.0000001341 
0.0000006064 0.0000002704 0.0000001338 
0.0000006048 0.0000002697 0.0000001334 
0.0000006033 0.0000002691 0.0000001331 
0.0000006017 0.0000002685 0.0000001328 
0.0000006001 0.0000002679 0.0000001325 
0.0000005986 0.0000002673 0.0000001321 
0.0000005970 0.0000002667 0.0000001318 
0.0000005954 0.0000002661 0.0000001315 
0.0000005939 0.0000002654 0.0000001312 
0.0000005923 0.0000002648 0.0000001309 
0.0000005908 0.0000002642 0.0000001306 
0.0000005892 0.0000002636 0.0000001303 
0.0000005877 0.0000002630 0.0000001299 
0.0000005861 0.0000002623 0.0000001296 
0.0000005845 0.0000002617 0.0000001293 
0.0000005830 0.0000002611 0.0000001290 
0.0000005814 0.0000002604 0.0000001287 
0.0000005798 0.0000002598 0.0000001284 
0.0000005783 0.0000002592 0.0000001281 
0.0000005767 0.0000002585 0.0000001278 
0.0000005751 0.0000002579 0.0000001275 
0.0000005735 0.0000002573 0.0000001272 
0.0000005719 0.0000002566 0.0000001269 
0.0000005703 0.0000002560 0.0000001266 
0.0000005687 0.0000002554 0.0000001263 
0.0000005670 0.0000002547 0.0000001260 
0.0000005654 0.0000002541 0.0000001257 
0.0000005638 0.0000002534 0.0000001254 
0.0000005622 0.0000002528 0.0000001251 
0.0000005605 0.0000002522 0.0000001249 
0.0000005589 0.0000002515 0.0000001246 
0.0000005573 0.0000002509 0.0000001243 
0.0000005556 0.0000002503 0.0000001241 
0.0000005540 0.0000002496 0.0000001238 
0.0000005524 0.0000002490 0.0000001236 
0.0000005507 0.0000002483 0.0000001234 
0.0000005491 0.0000002477 0.0000001231 
0.0000005474 0.0000002471 0.0000001229 
0.0000005457 0.0000002464 0.0000001227 
0.0000005441 0.0000002458 0.0000001225 
0.0000005424 0.0000002452 0.0000001223 
0.0000005407 0.0000002446 0.0000001221 
0.0000005391 0.0000002439 0.0000001219 
0.0000005374 0.0000002433 0.0000001217 
0.0000005358 0.0000002427 0.0000001216 
0.0000005341 0.0000002421 0.0000001214 
0.0000005324 0.0000002414 0.0000001212 
0.0000005308 0.0000002408 0.0000001210 
0.0000005291 0.0000002402 0.0000001209 
0.0000005274 0.0000002396 0.0000001207 
0.0000005257 0.0000002389 0.0000001205 
0.0000005240 0.0000002383 0.0000001204 
0.0000005224 0.0000002377 0.0000001202 
0.0000005207 0.0000002371 0.0000001200 
0.0000005190 0.0000002364 0.0000001198 
0.0000005173 0.0000002358 0.0000001197 
0.0000005155 0.0000002352 0.0000001195 
0.0000005138 0.0000002345 0.0000001193 
0.0000005121 0.0000002339 0.0000001191 
0.0000005104 0.0000002333 0.0000001189 
0.0000005087 0.0000002326 0.0000001187 
0.0000005069 0.0000002320 0.0000001185 
0.0000005052 0.0000002313 0.0000001182 
0.0000005035 0.0000002307 0.0000001180 
0.0000005017 0.0000002300 0.0000001178 
0.0000005000 0.0000002293 0.0000001176 
0.0000004982 0.0000002287 0.0000001173 
0.0000004965 0.0000002280 0.0000001171 
0.0000004947 0.0000002274 0.0000001168 
0.0000004930 0.0000002267 0.0000001165 
0.0000004912 0.0000002260 0.0000001163 
0.0000004895 0.0000002253 0.0000001160 
0.0000004877 0.0000002247 0.0000001157 
0.0000004860 0.0000002240 0.0000001154 
0.0000004842 0.0000002233 0.0000001151 
0.0000004825 0.0000002226 0.0000001148 
0.0000004807 0.0000002219 0.0000001145 
0.0000004790 0.0000002213 0.0000001142 
0.0000004772 0.0000002206 0.0000001139 
0.0000004755 0.0000002199 0.0000001136 
0.0000004738 0.0000002192 0.0000001133 
0.0000004720 0.0000002185 0.0000001129 
0.0000004703 0.0000002178 0.0000001126 
0.0000004686 0.0000002171 0.0000001123 
0.0000004669 0.0000002164 0.0000001119 
0.0000004652 0.0000002157 0.0000001116 
0.0000004635 0.0000002150 0.0000001112 
0.0000004619 0.0000002144 0.0000001109 
0.0000004602 0.0000002137 0.0000001105 
0.0000004586 0.0000002130 0.0000001102 
0.0000004569 0.0000002123 0.0000001098 
0.0000004553 0.0000002116 0.0000001095 
0.0000004537 0.0000002109 0.0000001091 
0.0000004520 0.0000002102 0.0000001088 
0.0000004504 0.0000002095 0.0000001084 
0.0000004488 0.0000002088 0.0000001080 
0.0000004472 0.0000002081 0.0000001077 
0.0000004457 0.0000002074 0.0000001073 
0.0000004441 0.0000002067 0.0000001069 
0.0000004425 0.0000002060 0.0000001066 
0.0000004410 0.0000002053 0.0000001062 
0.0000004394 0.0000002046 0.0000001058 
0.0000004379 0.0000002039 0.0000001054 
0.0000004363 0.0000002032 0.0000001051 
0.0000004348 0.0000002025 0.0000001047 
0.0000004333 0.0000002018 0.0000001043 
0.0000004318 0.0000002011 0.0000001039 
0.0000004303 0.0000002003 0.0000001036 
0.0000004288 0.0000001996 0.0000001032 
0.0000004273 0.0000001989 0.0000001028 
0.0000004258 0.0000001982 0.0000001024 
0.0000004243 0.0000001975 0.0000001021 
0.0000004228 0.0000001968 0.0000001017 
0.0000004214 0.0000001961 0.0000001013 
0.0000004199 0.0000001954 0.0000001009 
0.0000004185 0.0000001947 0.0000001005 
0.0000004170 0.0000001940 0.0000001001 
0.0000004156 0.0000001932 0.0000000998 
0.0000004141 0.0000001925 0.0000000994 
0.0000004127 0.0000001918 0.0000000990 
0.0000004112 0.0000001911 0.0000000986 
0.0000004098 0.0000001904 0.0000000982 
0.0000004084 0.0000001897 0.0000000977 
0.0000004069 0.0000001889 0.0000000973 
0.0000004055 0.0000001882 0.0000000969 
0.0000004040 0.0000001875 0.0000000965 
0.0000004026 0.0000001868 0.0000000960 
0.0000004011 0.0000001860 0.0000000956 
0.0000003997 0.0000001853 0.0000000952 
0.0000003982 0.0000001846 0.0000000947 
0.0000003967 0.0000001839 0.0000000943 
0.0000003953 0.0000001832 0.0000000939 
0.0000003938 0.0000001824 0.0000000934 
0.0000003923 0.0000001817 0.0000000930 
0.0000003908 0.0000001810 0.0000000926 
0.0000003893 0.0000001803 0.0000000921 
0.0000003879 0.0000001796 0.0000000917 
0.0000003864 0.0000001789 0.0000000913 
0.0000003850 0.0000001782 0.0000000909 
0.0000003835 0.0000001775 0.0000000905 
0.0000003820 0.0000001768 0.0000000900 
0.0000003806 0.0000001761 0.0000000896 
0.0000003791 0.0000001754 0.0000000892 
0.0000003777 0.0000001748 0.0000000888 
0.0000003762 0.0000001741 0.0000000885 
0.0000003748 0.0000001734 0.0000000881 
0.0000003733 0.0000001728 0.0000000877 
0.0000003719 0.0000001721 0.0000000873 
0.0000003704 0.0000001714 0.0000000869 
0.0000003690 0.0000001708 0.0000000866 
0.0000003675 0.0000001701 0.0000000862 
0.0000003661 0.0000001695 0.0000000859 
0.0000003646 0.0000001688 0.0000000855 
0.0000003632 0.0000001682 0.0000000852 
0.0000003617 0.0000001676 0.0000000848 
0.0000003603 0.0000001669 0.0000000845 
0.0000003588 0.0000001663 0.0000000842 
0.0000003574 0.0000001657 0.0000000838 
0.0000003559 0.0000001651 0.0000000835 
0.0000003545 0.0000001645 0.0000000832 
0.0000003530 0.0000001639 0.0000000829 
0.0000003516 0.0000001633 0.0000000826 
0.0000003502 0.0000001627 0.0000000823 
0.0000003487 0.0000001621 0.0000000821 
0.0000003473 0.0000001615 0.0000000818 
0.0000003459 0.0000001609 0.0000000815 
0.0000003445 0.0000001604 0.0000000813 
0.0000003431 0.0000001598 0.0000000810 
0.0000003417 0.0000001592 0.0000000808 
0.0000003402 0.0000001586 0.0000000806 
0.0000003388 0.0000001581 0.0000000803 
0.0000003374 0.0000001575 0.0000000801 
0.0000003360 0.0000001570 0.0000000799 
0.0000003346 0.0000001564 0.0000000797 
0.0000003332 0.0000001558 0.0000000795 
0.0000003318 0.0000001553 0.0000000792 
0.0000003304 0.0000001547 0.0000000790 
0.0000003290 0.0000001542 0.0000000788 
0.0000003276 0.0000001536 0.0000000786 
0.0000003262 0.0000001531 0.0000000784 
0.0000003247 0.0000001525 0.0000000782 
0.0000003233 0.0000001520 0.0000000780 
0.0000003219 0.0000001514 0.0000000777 
0.0000003204 0.0000001508 0.0000000775 
0.0000003189 0.0000001503 0.0000000773 
0.0000003174 0.0000001497 0.0000000771 
0.0000003159 0.0000001492 0.0000000768 
0.0000003144 0.0000001486 0.0000000766 
0.0000003129 0.0000001480 0.0000000764 
0.0000003114 0.0000001475 0.0000000761 
0.0000003099 0.0000001469 0.0000000759 
0.0000003083 0.0000001463 0.0000000756 
0.0000003068 0.0000001457 0.0000000753 
0.0000003052 0.0000001452 0.0000000751 
0.0000003037 0.0000001446 0.0000000748 
0.0000003021 0.0000001440 0.0000000746 
0.0000003006 0.0000001434 0.0000000743 
0.0000002990 0.0000001429 0.0000000741 
0.0000002975 0.0000001423 0.0000000738 
0.0000002959 0.0000001417 0.0000000735 
0.0000002943 0.0000001411 0.0000000733 
0.0000002928 0.0000001406 0.0000000730 
0.0000002912 0.0000001400 0.0000000727 
0.0000002897 0.0000001394 0.0000000725 
0.0000002882 0.0000001388 0.0000000722 
0.0000002867 0.0000001383 0.0000000720 
0.0000002852 0.0000001377 0.0000000717 
0.0000002837 0.0000001371 0.0000000715 
0.0000002822 0.0000001366 0.0000000712 
0.0000002808 0.0000001360 0.0000000710 
0.0000002793 0.0000001354 0.0000000707 
0.0000002779 0.0000001349 0.0000000705 
0.0000002764 0.0000001343 0.0000000702 
0.0000002750 0.0000001337 0.0000000700 
0.0000002736 0.0000001332 0.0000000697 
0.0000002721 0.0000001326 0.0000000695 
0.0000002707 0.0000001320 0.0000000692 
0.0000002693 0.0000001315 0.0000000689 
0.0000002679 0.0000001309 0.0000000687 
0.0000002665 0.0000001303 0.0000000684 
0.0000002651 0.0000001298 0.0000000682 
0.0000002637 0.0000001292 0.0000000679 
0.0000002623 0.0000001286 0.0000000676 
0.0000002609 0.0000001280 0.0000000673 
0.0000002595 0.0000001274 0.0000000671 
0.0000002581 0.0000001269 0.0000000668 
0.0000002567 0.0000001263 0.0000000665 
0.0000002554 0.0000001257 0.0000000662 
0.0000002540 0.0000001251 0.0000000659 
0.0000002526 0.0000001245 0.0000000656 
0.0000002513 0.0000001240 0.0000000653 
0.0000002499 0.0000001234 0.0000000651 
0.0000002486 0.0000001228 0.0000000648 
0.0000002472 0.0000001222 0.0000000645 
0.0000002459 0.0000001216 0.0000000642 
0.0000002446 0.0000001211 0.0000000639 
0.0000002433 0.0000001205 0.0000000636 
0.0000002419 0.0000001199 0.0000000633 
0.0000002406 0.0000001193 0.0000000630 
0.0000002394 0.0000001187 0.0000000627 
0.0000002381 0.0000001181 0.0000000624 
0.0000002368 0.0000001175 0.0000000620 
0.0000002356 0.0000001169 0.0000000617 
0.0000002344 0.0000001164 0.0000000615 
0.0000002331 0.0000001158 0.0000000612 
0.0000002319 0.0000001152 0.0000000609 
0.0000002307 0.0000001146 0.0000000607 
0.0000002295 0.0000001140 0.0000000605 
0.0000002283 0.0000001134 0.0000000602 
0.0000002271 0.0000001128 0.0000000600 
0.0000002258 0.0000001122 0.0000000598 
0.0000002246 0.0000001115 0.0000000596 
0.0000002234 0.0000001109 0.0000000593 
0.0000002221 0.0000001103 0.0000000591 
0.0000002208 0.0000001097 0.0000000589 
0.0000002196 0.0000001091 0.0000000586 
0.0000002183 0.0000001084 0.0000000584 
0.0000002170 0.0000001078 0.0000000581 
0.0000002156 0.0000001072 0.0000000579 
0.0000002143 0.0000001065 0.0000000576 
0.0000002129 0.0000001059 0.0000000574 
0.0000002115 0.0000001053 0.0000000571 
0.0000002101 0.0000001046 0.0000000568 
0.0000002087 0.0000001040 0.0000000565 
0.0000002073 0.0000001033 0.0000000562 
0.0000002059 0.0000001027 0.0000000559 
0.0000002044 0.0000001020 0.0000000556 
0.0000002030 0.0000001014 0.0000000552 
0.0000002015 0.0000001007 0.0000000549 
0.0000002000 0.0000001000 0.0000000546 
0.0000001986 0.0000000994 0.0000000542 
0.0000001971 0.0000000987 0.0000000539 
0.0000001956 0.0000000980 0.0000000535 
0.0000001941 0.0000000974 0.0000000532 
0.0000001927 0.0000000967 0.0000000528 
0.0000001912 0.0000000960 0.0000000524 
0.0000001897 0.0000000953 0.0000000521 
0.0000001882 0.0000000947 0.0000000517 
0.0000001868 0.0000000940 0.0000000513 
0.0000001853 0.0000000933 0.0000000509 
0.0000001838 0.0000000927 0.0000000505 
0.0000001824 0.0000000920 0.0000000501 
0.0000001809 0.0000000913 0.0000000497 
0.0000001795 0.0000000907 0.0000000494 
0.0000001780 0.0000000900 0.0000000490 
0.0000001766 0.0000000894 0.0000000486 
0.0000001752 0.0000000887 0.0000000482 
0.0000001738 0.0000000881 0.0000000478 
0.0000001724 0.0000000874 0.0000000474 
0.0000001710 0.0000000868 0.0000000471 
0.0000001697 0.0000000862 0.0000000467 
0.0000001683 0.0000000856 0.0000000463 
0.0000001669 0.0000000849 0.0000000459 
0.0000001656 0.0000000843 0.0000000455 
0.0000001642 0.0000000837 0.0000000451 
0.0000001629 0.0000000831 0.0000000447 
0.0000001615 0.0000000824 0.0000000444 
0.0000001602 0.0000000818 0.0000000440 
0.0000001589 0.0000000812 0.0000000436 
0.0000001576 0.0000000806 0.0000000432 
0.0000001563 0.0000000800 0.0000000429 
0.0000001550 0.0000000794 0.0000000425 
0.0000001537 0.0000000787 0.0000000422 
0.0000001524 0.0000000781 0.0000000418 
0.0000001512 0.0000000775 0.0000000415 
0.0000001499 0.0000000769 0.0000000411 
0.0000001487 0.0000000763 0.0000000408 
0.0000001474 0.0000000756 0.0000000405 
0.0000001462 0.0000000750 0.0000000401 
0.0000001450 0.0000000744 0.0000000398 
0.0000001438 0.0000000738 0.0000000395 
0.0000001426 0.0000000732 0.0000000392 
0.0000001414 0.0000000725 0.0000000389 
0.0000001402 0.0000000719 0.0000000386 
0.0000001390 0.0000000713 0.0000000383 
0.0000001378 0.0000000707 0.0000000380 
0.0000001365 0.0000000700 0.0000000377 
0.0000001353 0.0000000694 0.0000000374 
0.0000001341 0.0000000688 0.0000000371 
0.0000001329 0.0000000681 0.0000000369 
0.0000001317 0.0000000675 0.0000000366 
0.0000001305 0.0000000668 0.0000000363 
0.0000001294 0.0000000662 0.0000000360 
0.0000001282 0.0000000656 0.0000000358 
0.0000001270 0.0000000650 0.0000000355 
0.0000001259 0.0000000644 0.0000000353 
0.0000001247 0.0000000638 0.0000000350 
0.0000001236 0.0000000632 0.0000000348 
0.0000001224 0.0000000626 0.0000000345 
0.0000001213 0.0000000620 0.0000000343 
0.0000001201 0.0000000614 0.0000000340 
0.0000001189 0.0000000609 0.0000000338 
0.0000001178 0.0000000603 0.0000000336 
0.0000001166 0.0000000598 0.0000000333 
0.0000001154 0.0000000592 0.0000000331 
0.0000001142 0.0000000587 0.0000000329 
0.0000001130 0.0000000582 0.0000000326 
0.0000001118 0.0000000576 0.0000000324 
0.0000001106 0.0000000571 0.0000000322 
0.0000001094 0.0000000566 0.0000000319 
0.0000001082 0.0000000561 0.0000000317 
0.0000001071 0.0000000556 0.0000000315 
0.0000001059 0.0000000550 0.0000000313 
0.0000001048 0.0000000545 0.0000000311 
0.0000001036 0.0000000540 0.0000000308 
0.0000001025 0.0000000535 0.0000000306 
0.0000001014 0.0000000531 0.0000000304 
0.0000001003 0.0000000526 0.0000000302 
0.0000000992 0.0000000521 0.0000000300 
0.0000000981 0.0000000516 0.0000000298 
0.0000000970 0.0000000511 0.0000000296 
0.0000000959 0.0000000506 0.0000000294 
0.0000000949 0.0000000502 0.0000000292 
0.0000000938 0.0000000497 0.0000000290 
0.0000000928 0.0000000492 0.0000000288 
0.0000000918 0.0000000488 0.0000000286 
0.0000000907 0.0000000483 0.0000000284 
0.0000000897 0.0000000478 0.0000000282 
0.0000000887 0.0000000474 0.0000000280 
0.0000000877 0.0000000469 0.0000000278 
0.0000000868 0.0000000465 0.0000000276 
0.0000000858 0.0000000460 0.0000000274 
0.0000000848 0.0000000456 0.0000000272 
0.0000000838 0.0000000451 0.0000000270 
0.0000000829 0.0000000447 0.0000000268 
0.0000000819 0.0000000442 0.0000000266 
0.0000000810 0.0000000438 0.0000000264 
0.0000000801 0.0000000433 0.0000000262 
0.0000000793 0.0000000429 0.0000000260 
0.0000000784 0.0000000424 0.0000000258 
0.0000000776 0.0000000420 0.0000000256 
0.0000000768 0.0000000415 0.0000000254 
0.0000000760 0.0000000411 0.0000000252 
0.0000000753 0.0000000406 0.0000000249 
0.0000000745 0.0000000402 0.0000000247 
0.0000000738 0.0000000397 0.0000000245 
0.0000000731 0.0000000393 0.0000000243 
0.0000000724 0.0000000389 0.0000000240 
0.0000000718 0.0000000384 0.0000000238 
0.0000000711 0.0000000380 0.0000000236 
0.0000000705 0.0000000376 0.0000000234 
0.0000000699 0.0000000372 0.0000000231 
0.0000000692 0.0000000368 0.0000000229 
0.0000000686 0.0000000364 0.0000000227 
0.0000000680 0.0000000359 0.0000000225 
0.0000000674 0.0000000355 0.0000000222 
0.0000000668 0.0000000351 0.0000000220 
0.0000000662 0.0000000347 0.0000000218 
0.0000000656 0.0000000343 0.0000000215 
0.0000000650 0.0000000339 0.0000000213 
0.0000000644 0.0000000335 0.0000000210 
0.0000000638 0.0000000331 0.0000000207 
0.0000000632 0.0000000326 0.0000000205 
0.0000000626 0.0000000322 0.0000000202 
0.0000000620 0.0000000318 0.0000000198 
0.0000000614 0.0000000314 0.0000000195 
0.0000000607 0.0000000310 0.0000000192 
0.0000000601 0.0000000306 0.0000000188 
0.0000000595 0.0000000302 0.0000000185 
0.0000000588 0.0000000297 0.0000000181 
0.0000000582 0.0000000293 0.0000000178 
0.0000000575 0.0000000289 0.0000000174 
0.0000000569 0.0000000285 0.0000000170 
0.0000000563 0.0000000281 0.0000000167 
0.0000000556 0.0000000277 0.0000000163 
0.0000000550 0.0000000273 0.0000000159 
0.0000000543 0.0000000268 0.0000000155 
0.0000000537 0.0000000264 0.0000000152 
0.0000000531 0.0000000260 0.0000000148 
0.0000000525 0.0000000256 0.0000000144 
0.0000000519 0.0000000253 0.0000000141 
0.0000000513 0.0000000249 0.0000000137 
0.0000000507 0.0000000245 0.0000000134 
0.0000000502 0.0000000241 0.0000000130 
0.0000000496 0.0000000238 0.0000000127 
0.0000000491 0.0000000234 0.0000000124 
0.0000000485 0.0000000230 0.0000000121 
0.0000000480 0.0000000227 0.0000000117 
0.0000000475 0.0000000223 0.0000000114 
0.0000000470 0.0000000220 0.0000000111 
0.0000000465 0.0000000217 0.0000000108 
0.0000000459 0.0000000213 0.0000000106 
0.0000000454 0.0000000210 0.0000000103 
0.0000000449 0.0000000207 0.0000000100 
0.0000000445 0.0000000204 0.0000000098 
0.0000000440 0.0000000201 0.0000000096 
0.0000000435 0.0000000198 0.0000000094 
0.0000000431 0.0000000195 0.0000000092 
0.0000000426 0.0000000193 0.0000000090 
0.0000000422 0.0000000190 0.0000000089 
0.0000000418 0.0000000188 0.0000000088 
0.0000000413 0.0000000185 0.0000000087 
0.0000000409 0.0000000183 0.0000000086 
0.0000000405 0.0000000181 0.0000000086 
0.0000000401 0.0000000178 0.0000000085 
0.0000000397 0.0000000176 0.0000000085 
0.0000000393 0.0000000174 0.0000000085 
0.0000000388 0.0000000171 0.0000000084 
0.0000000384 0.0000000169 0.0000000084 
0.0000000379 0.0000000167 0.0000000084 
0.0000000373 0.0000000164 0.0000000083 
0.0000000368 0.0000000162 0.0000000083 
0.0000000362 0.0000000159 0.0000000083 
0.0000000357 0.0000000157 0.0000000082 
0.0000000351 0.0000000154 0.0000000082 
0.0000000345 0.0000000152 0.0000000082 
0.0000000338 0.0000000149 0.0000000081 
0.0000000332 0.0000000147 0.0000000081 
0.0000000326 0.0000000144 0.0000000080 
0.0000000319 0.0000000142 0.0000000080 
0.0000000313 0.0000000139 0.0000000080 
0.0000000306 0.0000000137 0.0000000079 
0.0000000300 0.0000000134 0.0000000079 
0.0000000293 0.0000000132 0.0000000078 
0.0000000287 0.0000000130 0.0000000078 
0.0000000280 0.0000000127 0.0000000077 
0.0000000274 0.0000000125 0.0000000077 
0.0000000267 0.0000000123 0.0000000076 
0.0000000261 0.0000000120 0.0000000075 
0.0000000254 0.0000000118 0.0000000075 
0.0000000248 0.0000000116 0.0000000074 
0.0000000241 0.0000000113 0.0000000073 
0.0000000235 0.0000000111 0.0000000072 
0.0000000229 0.0000000109 0.0000000072 
0.0000000222 0.0000000107 0.0000000071 
0.0000000216 0.0000000105 0.0000000070 
0.0000000210 0.0000000102 0.0000000069 
0.0000000204 0.0000000100 0.0000000068 
0.0000000198 0.0000000098 0.0000000067 
0.0000000193 0.0000000096 0.0000000066 
0.0000000187 0.0000000094 0.0000000065 
0.0000000181 0.0000000092 0.0000000064 
0.0000000176 0.0000000090 0.0000000063 
0.0000000170 0.0000000088 0.0000000062 
0.0000000165 0.0000000086 0.0000000061 
0.0000000160 0.0000000084 0.0000000059 
0.0000000155 0.0000000082 0.0000000058 
0.0000000150 0.0000000080 0.0000000057 
0.0000000145 0.0000000078 0.0000000056 
0.0000000141 0.0000000076 0.0000000054 
0.0000000136 0.0000000074 0.0000000053 
0.0000000132 0.0000000072 0.0000000052 
0.0000000127 0.0000000070 0.0000000050 
0.0000000123 0.0000000068 0.0000000049 
0.0000000119 0.0000000066 0.0000000047 
0.0000000115 0.0000000065 0.0000000046 
0.0000000111 0.0000000063 0.0000000044 
0.0000000108 0.0000000061 0.0000000043 
0.0000000104 0.0000000059 0.0000000041 
0.0000000101 0.0000000057 0.0000000039 
0.0000000098 0.0000000055 0.0000000038 
0.0000000095 0.0000000053 0.0000000036 
0.0000000092 0.0000000051 0.0000000034 
0.0000000089 0.0000000049 0.0000000033 
0.0000000086 0.0000000047 0.0000000031 
0.0000000083 0.0000000045 0.0000000029 
0.0000000081 0.0000000043 0.0000000028 
0.0000000078 0.0000000041 0.0000000026 
0.0000000076 0.0000000039 0.0000000024 
0.0000000073 0.0000000038 0.0000000022 
0.0000000071 0.0000000036 0.0000000021 
0.0000000069 0.0000000034 0.0000000019 
0.0000000066 0.0000000032 0.0000000017 
0.0000000064 0.0000000030 0.0000000016 
0.0000000062 0.0000000029 0.0000000014 
0.0000000060 0.0000000027 0.0000000013 
0.0000000058 0.0000000026 0.0000000011 
0.0000000058 0.0000000026 0.0000000011 
0.0000000057 0.0000000025 0.0000000011 
0.0000000056 0.0000000024 0.0000000011 
0.0000000055 0.0000000023 0.0000000010 
0.0000000053 0.0000000023 0.0000000010 
0.0000000052 0.0000000022 0.0000000011 
0.0000000050 0.0000000021 0.0000000011 
0.0000000048 0.0000000020 0.0000000011 
0.0000000046 0.0000000020 0.0000000011 
0.0000000044 0.0000000019 0.0000000011 
0.0000000041 0.0000000018 0.0000000011 
0.0000000039 0.0000000017 0.0000000011 
0.0000000036 0.0000000016 0.0000000011 
0.0000000033 0.0000000015 0.0000000010 
0.0000000030 0.0000000014 0.0000000010 
0.0000000027 0.0000000013 0.0000000010 
0.0000000024 0.0000000012 0.0000000009 
0.0000000021 0.0000000011 0.0000000009 
0.0000000018 0.0000000010 0.0000000008 
0.0000000015 0.0000000008 0.0000000008 
0.0000000012 0.0000000007 0.0000000007 
0.0000000009 0.0000000006 0.0000000007 
0.0000000007 0.0000000005 0.0000000006 
0.0000000004 0.0000000003 0.0000000005 
0.0000000002 0.0000000002 0.0000000004 
0.0000000002 0.0000000002 0.0000000004 
0.0000000000 0.0000000001 0.0000000003 
0.0000000000 0.0000000001 0.0000000003 
0.0000000000 0.0000000001 0.0000000003 
0.0000000000 0.0000000001 0.0000000003 
0.0000000000 0.0000000001 0.0000000003 
0.0000000000 0.0000000001 0.0000000003 
0.0000000000 0.0000000001 0.0000000003 
0.0000000000 0.0000000001 0.0000000003 
0.0000000000 0.0000000001 0.0000000003 
0.0000000000 0.0000000001 0.0000000003 
0.0000000000 0.0000000001 0.0000000003 
0.0000000000 0.0000000001 0.0000000003 
0.0000000000 0.0000000001 0.0000000003 
0.0000000000 0.0000000001 0.0000000003 
0.0000000000 0.0000000001 0.0000000003 
0.0000000000 0.0000000001 0.0000000003 
0.0000000000 0.0000000001 0.0000000003 
0.0000000000 0.0000000001 0.0000000003 
0.0000000000 0.0000000001 0.0000000003 
0.0000000000 0.0000000001 0.0000000003 
0.0000000000 0.0000000001 0.0000000003 
0.0000000000 0.0000000001 0.0000000003 
0.0000000000 0.0000000001 0.0000000003 
0.0000000000 0.0000000001 0.0000000003 
0.0000000000 0.0000000001 0.0000000003 
0.0000000000 0.0000000001 0.0000000003 
0.0000000000 0.0000000001 0.0000000003 
0.0000000000 0.0000000001 0.0000000003 
0.0000000000 0.0000000001 0.0000000003 
0.0000000000 0.0000000001 0.0000000003 
0.0000000000 0.0000000001 0.0000000003 
0.0000000000 0.0000000001 0.0000000003 
0.0000000000 0.0000000001 0.0000000003 
0.0000000000 0.0000000001 0.0000000003 
0.0000000000 0.0000000001 0.0000000003 
0.0000000000 0.0000000001 0.0000000003 
0.0000000000 0.0000000001 0.0000000003 
0.0000000000 0.0000000001 0.0000000003 
0.0000000000 0.0000000001 0.0000000003 
0.0000000000 0.0000000001 0.0000000003 
0.0000000000 0.0000000001 0.0000000003 
0.0000000000 0.0000000001 0.0000000003 
0.0000000000 0.0000000001 0.0000000003 
0.0000000000 0.0000000001 0.0000000003 
0.0000000000 0.0000000001 0.0000000003 
0.0000000000 0.0000000001 0.0000000003 
0.0000000000 0.0000000001 0.0000000003 
0.0000000000 0.0000000001 0.0000000003 
0.0000000000 0.0000000001 0.0000000003 
0.0000000000 0.0000000001 0.0000000003 
0.0000000000 0.0000000001 0.0000000003 
0.0000000000 0.0000000001 0.0000000003 
0.0000000000 0.0000000001 0.0000000003 
0.0000000000 0.0000000001 0.0000000003 
0.0000000000 0.0000000001 0.0000000003 
0.0000000000 0.0000000001 0.0000000003 
0.0000000000 0.0000000001 0.0000000003 
0.0000000000 0.0000000001 0.0000000003 
0.0000000000 0.0000000001 0.0000000003 
0.0000000000 0.0000000001 0.0000000003 
0.0000000000 0.0000000001 0.0000000003 
0.0000000000 0.0000000001 0.0000000003 
0.0000000000 0.0000000001 0.0000000003 
0.0000000000 0.0000000001 0.0000000003 
0.0000000000 0.0000000001 0.0000000003 
0.0000000000 0.0000000001 0.0000000003 
0.0000000000 0.0000000001 0.0000000003 
0.0000000000 0.0000000001 0.0000000003 
0.0000000000 0.0000000001 0.0000000003 
0.0000000000 0.0000000001 0.0000000003 
0.0000000000 0.0000000001 0.0000000003 
0.0000000000 0.0000000001 0.0000000003 
0.0000000000 0.0000000001 0.0000000003 
0.0000000000 0.0000000001 0.0000000003 
0.0000000000 0.0000000001 0.0000000003 
0.0000000000 0.0000000001 0.0000000003 
0.0000000000 0.0000000001 0.0000000003 
0.0000000000 0.0000000001 0.0000000003 
0.0000000000 0.0000000001 0.0000000003 
0.0000000000 0.0000000001 0.0000000003 
0.0000000000 0.0000000001 0.0000000003 
0.0000000000 0.0000000001 0.0000000003 
0.0000000000 0.0000000001 0.0000000003 
0.0000000000 0.0000000001 0.0000000003 
0.0000000000 0.0000000001 0.0000000003 
0.0000000000 0.0000000001 0.0000000003 
0.0000000000 0.0000000001 0.0000000003 
0.0000000000 0.0000000001 0.0000000003 
0.0000000000 0.0000000001 0.0000000003 
0.0000000000 0.0000000001 0.0000000003 
0.0000000000 0.0000000001 0.0000000003 
0.0000000000 0.0000000001 0.0000000003 
0.0000000000 0.0000000001 0.0000000003 
0.0000000000 0.0000000001 0.0000000003 
0.0000000000 0.0000000001 0.0000000003 
0.0000000000 0.0000000001 0.0000000003 
0.0000000000 0.0000000001 0.0000000003 
0.0000000000 0.0000000001 0.0000000003 
0.0000000000 0.0000000001 0.0000000003 
0.0000000000 0.0000000001 0.0000000003 
0.0000000000 0.0000000001 0.0000000003 
0.0000000000 0.0000000001 0.0000000003 
0.0000000000 0.0000000001 0.0000000003 
0.0000000000 0.0000000001 0.0000000003 
0.0000000000 0.0000000001 0.0000000003 
0.0000000000 0.0000000001 0.0000000003 
0.0000000000 0.0000000001 0.0000000003 
0.0000000000 0.0000000001 0.0000000003 
0.0000000000 0.0000000001 0.0000000003 
0.0000000000 0.0000000001 0.0000000003 
0.0000000000 0.0000000001 0.0000000003 
0.0000000000 0.0000000001 0.0000000003 
0.0000000000 0.0000000001 0.0000000003 
0.0000000000 0.0000000001 0.0000000003 
0.0000000000 0.0000000001 0.0000000003 
0.0000000000 0.0000000001 0.0000000003 
0.0000000000 0.0000000001 0.0000000003 
0.0000000000 0.0000000001 0.0000000003 
0.0000000000 0.0000000001 0.0000000003 
0.0000000000 0.0000000001 0.0000000003 
0.0000000000 0.0000000001 0.0000000003 
0.0000000000 0.0000000001 0.0000000003 
0.0000000000 0.0000000001 0.0000000003 
0.0000000000 0.0000000001 0.0000000003 
0.0000000000 0.0000000001 0.0000000003 
0.0000000000 0.0000000001 0.0000000003 
0.0000000000 0.0000000001 0.0000000003 
0.0000000000 0.0000000001 0.0000000003 
0.0000000000 0.0000000001 0.0000000003 
0.0000000000 0.0000000001 0.0000000003 
0.0000000000 0.0000000001 0.0000000003 
0.0000000000 0.0000000001 0.0000000003 
0.0000000000 0.0000000001 0.0000000003 
0.0000000000 0.0000000001 0.0000000003 
0.0000000000 0.0000000001 0.0000000003 
0.0000000000 0.0000000001 0.0000000003 
0.0000000000 0.0000000001 0.0000000003 
0.0000000000 0.0000000001 0.0000000003 
0.0000000000 0.0000000001 0.0000000003 
0.0000000000 0.0000000001 0.0000000003 
0.0000000000 0.0000000001 0.0000000003 
0.0000000000 0.0000000001 0.0000000003 
0.0000000000 0.0000000001 0.0000000003 
0.0000000000 0.0000000001 0.0000000003 
0.0000000000 0.0000000001 0.0000000003 
0.0000000000 0.0000000001 0.0000000003 
0.0000000000 0.0000000001 0.0000000003 
0.0000000000 0.0000000001 0.0000000003 
0.0000000000 0.0000000001 0.0000000003 
0.0000000000 0.0000000001 0.0000000003 
0.0000000000 0.0000000001 0.0000000003 
0.0000000000 0.0000000001 0.0000000003 
0.0000000000 0.0000000001 0.0000000003 
0.0000000000 0.0000000001 0.0000000003 
0.0000000000 0.0000000001 0.0000000003 
0.0000000000 0.0000000001 0.0000000003 
0.0000000000 0.0000000001 0.0000000003 
0.0000000000 0.0000000001 0.0000000003 
0.0000000000 0.0000000001 0.0000000003 
0.0000000000 0.0000000001 0.0000000003 
0.0000000000 0.0000000001 0.0000000003 
0.0000000000 0.0000000001 0.0000000003 
0.0000000000 0.0000000001 0.0000000003 
0.0000000000 0.0000000001 0.0000000003 
0.0000000000 0.0000000001 0.0000000003 
0.0000000000 0.0000000001 0.0000000003 
0.0000000000 0.0000000001 0.0000000003 
0.0000000000 0.0000000001 0.0000000003 
0.0000000000 0.0000000001 0.0000000003 
0.0000000000 0.0000000001 0.0000000003 
0.0000000000 0.0000000001 0.0000000003 
0.0000000000 0.0000000001 0.0000000003 
0.0000000000 0.0000000001 0.0000000003 
0.0000000000 0.0000000001 0.0000000003 
0.0000000000 0.0000000001 0.0000000003 
0.0000000000 0.0000000001 0.0000000003 
0.0000000000 0.0000000001 0.0000000003 
0.0000000000 0.0000000001 0.0000000003 
0.0000000000 0.0000000001 0.0000000003 
0.0000000000 0.0000000001 0.0000000003 
0.0000000000 0.0000000001 0.0000000003 
0.0000000000 0.0000000001 0.0000000003 
0.0000000000 0.0000000001 0.0000000003 
0.0000000000 0.0000000001 0.0000000003 
0.0000000000 0.0000000001 0.0000000003 
0.0000000000 0.0000000001 0.0000000003 
0.0000000000 0.0000000001 0.0000000003 
0.0000000000 0.0000000001 0.0000000003 
0.0000000000 0.0000000001 0.0000000003 
0.0000000000 0.0000000001 0.0000000003 
0.0000000000 0.0000000001 0.0000000003 
0.0000000000 0.0000000001 0.0000000003 
0.0000000000 0.0000000001 0.0000000003 
0.0000000000 0.0000000001 0.0000000003 
0.0000000000 0.0000000001 0.0000000003 
0.0000000000 0.0000000001 0.0000000003 
0.0000000000 0.0000000001 0.0000000003 
0.0000000000 0.0000000001 0.0000000003 
0.0000000000 0.0000000001 0.0000000003 
0.0000000000 0.0000000001 0.0000000003 
0.0000000000 0.0000000001 0.0000000003 
0.0000000000 0.0000000001 0.0000000003 
0.0000000000 0.0000000001 0.0000000003 
0.0000000000 0.0000000001 0.0000000003 
0.0000000000 0.0000000001 0.0000000003 
0.0000000000 0.0000000001 0.0000000003 
0.0000000000 0.0000000001 0.0000000003 
0.0000000000 0.0000000001 0.0000000003 
0.0000000000 0.0000000001 0.0000000003 
0.0000000000 0.0000000001 0.0000000003 
0.0000000000 0.0000000001 0.0000000003 
0.0000000000 0.0000000001 0.0000000003 
0.0000000000 0.0000000001 0.0000000003 
0.0000000000 0.0000000001 0.0000000003 
0.0000000000 0.0000000001 0.0000000003 
0.0000000000 0.0000000001 0.0000000003 
0.0000000000 0.0000000001 0.0000000003 
0.0000000000 0.0000000001 0.0000000003 
0.0000000000 0.0000000001 0.0000000003 
0.0000000000 0.0000000001 0.0000000003 
0.0000000000 0.0000000001 0.0000000003 
0.0000000000 0.0000000001 0.0000000003 
0.0000000000 0.0000000001 0.0000000003 
0.0000000000 0.0000000001 0.0000000003 
0.0000000000 0.0000000001 0.0000000003 
0.0000000000 0.0000000001 0.0000000003 
0.0000000000 0.0000000001 0.0000000003 
0.0000000000 0.0000000001 0.0000000003 
0.0000000000 0.0000000001 0.0000000003 
0.0000000000 0.0000000001 0.0000000003 
0.0000000000 0.0000000001 0.0000000003 
0.0000000000 0.0000000001 0.0000000003 
0.0000000000 0.0000000001 0.0000000003 
0.0000000000 0.0000000001 0.0000000003 
0.0000000000 0.0000000001 0.0000000003 
0.0000000000 0.0000000001 0.0000000003 
0.0000000000 0.0000000001 0.0000000003 
0.0000000000 0.0000000001 0.0000000003 
0.0000000000 0.0000000001 0.0000000003 
0.0000000000 0.0000000001 0.0000000003 
0.0000000000 0.0000000001 0.0000000003 
0.0000000000 0.0000000001 0.0000000003 
0.0000000000 0.0000000001 0.0000000003 
0.0000000000 0.0000000001 0.0000000003 
0.0000000000 0.0000000001 0.0000000003 
0.0000000000 0.0000000001 0.0000000003 
0.0000000000 0.0000000001 0.0000000003 
0.0000000000 0.0000000001 0.0000000003 
0.0000000000 0.0000000001 0.0000000003 
0.0000000000 0.0000000001 0.0000000003 
0.0000000000 0.0000000001 0.0000000003 
0.0000000000 0.0000000001 0.0000000003 
0.0000000000 0.0000000001 0.0000000003 
0.0000000000 0.0000000001 0.0000000003 
0.0000000000 0.0000000001 0.0000000003 
0.0000000000 0.0000000001 0.0000000003 
0.0000000000 0.0000000001 0.0000000003 
0.0000000000 0.0000000001 0.0000000003 
0.0000000000 0.0000000001 0.0000000003 
0.0000000000 0.0000000001 0.0000000003 
0.0000000000 0.0000000001 0.0000000003 
0.0000000000 0.0000000001 0.0000000003 
0.0000000000 0.0000000001 0.0000000003 
0.0000000000 0.0000000001 0.0000000003 
0.0000000000 0.0000000001 0.0000000003 
0.0000000000 0.0000000001 0.0000000003 
0.0000000000 0.0000000001 0.0000000003 
0.0000000000 0.0000000001 0.0000000003 
0.0000000000 0.0000000001 0.0000000003 
0.0000000000 0.0000000001 0.0000000003 
0.0000000000 0.0000000001 0.0000000003 
0.0000000000 0.0000000001 0.0000000003 
0.0000000000 0.0000000001 0.0000000003 
0.0000000000 0.0000000001 0.0000000003 
0.0000000000 0.0000000001 0.0000000003 
0.0000000000 0.0000000001 0.0000000003 
0.0000000000 0.0000000001 0.0000000003 
0.0000000000 0.0000000001 0.0000000003 
0.0000000000 0.0000000001 0.0000000003 
0.0000000000 0.0000000001 0.0000000003 
0.0000000000 0.0000000001 0.0000000003 
0.0000000000 0.0000000001 0.0000000003 
0.0000000000 0.0000000001 0.0000000003 
0.0000000000 0.0000000001 0.0000000003 
0.0000000000 0.0000000001 0.0000000003 
0.0000000000 0.0000000001 0.0000000003 
0.0000000000 0.0000000001 0.0000000003 
0.0000000000 0.0000000001 0.0000000003 
0.0000000000 0.0000000001 0.0000000003 
0.0000000000 0.0000000001 0.0000000003 
0.0000000000 0.0000000001 0.0000000003 
0.0000000000 0.0000000001 0.0000000003 
0.0000000000 0.0000000001 0.0000000003 
0.0000000000 0.0000000001 0.0000000003 
0.0000000000 0.0000000001 0.0000000003 
0.0000000000 0.0000000001 0.0000000003 
0.0000000000 0.0000000001 0.0000000003 
0.0000000000 0.0000000001 0.0000000003 
0.0000000000 0.0000000001 0.0000000003 
0.0000000000 0.0000000001 0.0000000003 
0.0000000000 0.0000000001 0.0000000003 
0.0000000000 0.0000000001 0.0000000003 
0.0000000000 0.0000000001 0.0000000003 
0.0000000000 0.0000000001 0.0000000003 
0.0000000000 0.0000000001 0.0000000003 
0.0000000000 0.0000000001 0.0000000003 
0.0000000000 0.0000000001 0.0000000003 
0.0000000000 0.0000000001 0.0000000003 
0.0000000000 0.0000000001 0.0000000003 
0.0000000000 0.0000000001 0.0000000003 
0.0000000000 0.0000000001 0.0000000003 
0.0000000000 0.0000000001 0.0000000003 
0.0000000000 0.0000000001 0.0000000003 
0.0000000000 0.0000000001 0.0000000003 
0.0000000000 0.0000000001 0.0000000003 
0.0000000000 0.0000000001 0.0000000003 
0.0000000000 0.0000000001 0.0000000003 
0.0000000000 0.0000000001 0.0000000003 
0.0000000000 0.0000000001 0.0000000003 
0.0000000000 0.0000000001 0.0000000003 
0.0000000000 0.0000000001 0.0000000003 
0.0000000000 0.0000000001 0.0000000003 
0.0000000000 0.0000000001 0.0000000003 
0.0000000000 0.0000000001 0.0000000003 
0.0000000000 0.0000000001 0.0000000003 
0.0000000000 0.0000000001 0.0000000003 
0.0000000000 0.0000000001 0.0000000003 
0.0000000000 0.0000000001 0.0000000003 
0.0000000000 0.0000000001 0.0000000003 
0.0000000000 0.0000000001 0.0000000003 
0.0000000000 0.0000000001 0.0000000003 
0.0000000000 0.0000000001 0.0000000003 
0.0000000000 0.0000000001 0.0000000003 
0.0000000000 0.0000000001 0.0000000003 
0.0000000000 0.0000000001 0.0000000003 
0.0000000000 0.0000000001 0.0000000003 
0.0000000000 0.0000000001 0.0000000003 
0.0000000000 0.0000000001 0.0000000003 
0.0000000000 0.0000000001 0.0000000003 
0.0000000000 0.0000000001 0.0000000003 
0.0000000000 0.0000000001 0.0000000003 
0.0000000000 0.0000000001 0.0000000003 
0.0000000000 0.0000000001 0.0000000003 
0.0000000000 0.0000000001 0.0000000003 
0.0000000000 0.0000000001 0.0000000003 
0.0000000000 0.0000000001 0.0000000003 
0.0000000000 0.0000000001 0.0000000003 
0.0000000000 0.0000000001 0.0000000003 
0.0000000000 0.0000000001 0.0000000003 
0.0000000000 0.0000000001 0.0000000003 
0.0000000000 0.0000000001 0.0000000003 
0.0000000000 0.0000000001 0.0000000003 
0.0000000000 0.0000000001 0.0000000003 
0.0000000000 0.0000000001 0.0000000003 
0.0000000000 0.0000000001 0.0000000003 
0.0000000000 0.0000000001 0.0000000003 
0.0000000000 0.0000000001 0.0000000003 
0.0000000000 0.0000000001 0.0000000003 
0.0000000000 0.0000000001 0.0000000003 
0.0000000000 0.0000000001 0.0000000003 
0.0000000000 0.0000000001 0.0000000003 
0.0000000000 0.0000000001 0.0000000003 
0.0000000000 0.0000000001 0.0000000003 
0.0000000000 0.0000000001 0.0000000003 
0.0000000000 0.0000000001 0.0000000003 
0.0000000000 0.0000000001 0.0000000003 
0.0000000000 0.0000000001 0.0000000003 
0.0000000000 0.0000000001 0.0000000003 
0.0000000000 0.0000000001 0.0000000003 
0.0000000000 0.0000000001 0.0000000003 
0.0000000000 0.0000000001 0.0000000003 
0.0000000000 0.0000000001 0.0000000003 
0.0000000000 0.0000000001 0.0000000003 
0.0000000000 0.0000000001 0.0000000003 
0.0000000000 0.0000000001 0.0000000003 
0.0000000000 0.0000000001 0.0000000003 
0.0000000000 0.0000000001 0.0000000003 
0.0000000000 0.0000000001 0.0000000003 
0.0000000000 0.0000000001 0.0000000003 
0.0000000000 0.0000000001 0.0000000003 
0.0000000000 0.0000000001 0.0000000003 
0.0000000000 0.0000000001 0.0000000003 
0.0000000000 0.0000000001 0.0000000003 
0.0000000000 0.0000000001 0.0000000003 
0.0000000000 0.0000000001 0.0000000003 
0.0000000000 0.0000000001 0.0000000003 
0.0000000000 0.0000000001 0.0000000003 
0.0000000000 0.0000000001 0.0000000003 
0.0000000000 0.0000000001 0.0000000003 
0.0000000000 0.0000000001 0.0000000003 
0.0000000000 0.0000000001 0.0000000003 
0.0000000000 0.0000000001 0.0000000003 
0.0000000000 0.0000000001 0.0000000003 
0.0000000000 0.0000000001 0.0000000003 
0.0000000000 0.0000000001 0.0000000003 
0.0000000000 0.0000000001 0.0000000003 
0.0000000000 0.0000000001 0.0000000003 
0.0000000000 0.0000000001 0.0000000003 
0.0000000000 0.0000000001 0.0000000003 
0.0000000000 0.0000000001 0.0000000003 
0.0000000000 0.0000000001 0.0000000003 
0.0000000000 0.0000000001 0.0000000003 
0.0000000000 0.0000000001 0.0000000003 
0.0000000000 0.0000000001 0.0000000003 
0.0000000000 0.0000000001 0.0000000003 
0.0000000000 0.0000000001 0.0000000003 
0.0000000000 0.0000000001 0.0000000003 
0.0000000000 0.0000000001 0.0000000003 
0.0000000000 0.0000000001 0.0000000003 
0.0000000000 0.0000000001 0.0000000003 
0.0000000000 0.0000000001 0.0000000003 
0.0000000000 0.0000000001 0.0000000003 
0.0000000000 0.0000000001 0.0000000003 
0.0000000000 0.0000000001 0.0000000003 
0.0000000000 0.0000000001 0.0000000003 
0.0000000000 0.0000000001 0.0000000003 
0.0000000000 0.0000000001 0.0000000003 
0.0000000000 0.0000000001 0.0000000003 
0.0000000000 0.0000000001 0.0000000003 
0.0000000000 0.0000000001 0.0000000003 
0.0000000000 0.0000000001 0.0000000003 
0.0000000000 0.0000000001 0.0000000003 
0.0000000000 0.0000000001 0.0000000003 
0.0000000000 0.0000000001 0.0000000003 
0.0000000000 0.0000000001 0.0000000003 
0.0000000000 0.0000000001 0.0000000003 
0.0000000000 0.0000000001 0.0000000003 
0.0000000000 0.0000000001 0.0000000003 
0.0000000000 0.0000000001 0.0000000003 
0.0000000000 0.0000000001 0.0000000003 
0.0000000000 0.0000000001 0.0000000003 
0.0000000000 0.0000000001 0.0000000003 
0.0000000000 0.0000000001 0.0000000003 
0.0000000000 0.0000000001 0.0000000003 
0.0000000000 0.0000000001 0.0000000003 
0.0000000000 0.0000000001 0.0000000003 
0.0000000000 0.0000000001 0.0000000003 
0.0000000000 0.0000000001 0.0000000003 
0.0000000000 0.0000000001 0.0000000003 
0.0000000000 0.0000000001 0.0000000003 
0.0000000000 0.0000000001 0.0000000003 
0.0000000000 0.0000000001 0.0000000003 
0.0000000000 0.0000000001 0.0000000003 
0.0000000000 0.0000000001 0.0000000003 
0.0000000000 0.0000000001 0.0000000003 
0.0000000000 0.0000000001 0.0000000003 
0.0000000000 0.0000000001 0.0000000003 
0.0000000000 0.0000000001 0.0000000003 
0.0000000000 0.0000000001 0.0000000003 
0.0000000000 0.0000000001 0.0000000003 
0.0000000000 0.0000000001 0.0000000003 
0.0000000000 0.0000000001 0.0000000003 
0.0000000000 0.0000000001 0.0000000003 
0.0000000000 0.0000000001 0.0000000003 
0.0000000000 0.0000000001 0.0000000003 
0.0000000000 0.0000000001 0.0000000003 
0.0000000000 0.0000000001 0.0000000003 
0.0000000000 0.0000000001 0.0000000003 
0.0000000000 0.0000000001 0.0000000003 
0.0000000000 0.0000000001 0.0000000003 
0.0000000000 0.0000000001 0.0000000003 
0.0000000000 0.0000000001 0.0000000003 
0.0000000000 0.0000000001 0.0000000003 
0.0000000000 0.0000000001 0.0000000003 
0.0000000000 0.0000000001 0.0000000003 
0.0000000000 0.0000000001 0.0000000003 
0.0000000000 0.0000000001 0.0000000003 
0.0000000000 0.0000000001 0.0000000003 
0.0000000000 0.0000000001 0.0000000003 
0.0000000000 0.0000000001 0.0000000003 
0.0000000000 0.0000000001 0.0000000003 
0.0000000000 0.0000000001 0.0000000003 
0.0000000000 0.0000000001 0.0000000003 
0.0000000000 0.0000000001 0.0000000003 
0.0000000000 0.0000000001 0.0000000003 
0.0000000000 0.0000000001 0.0000000003 
0.0000000000 0.0000000001 0.0000000003 
0.0000000000 0.0000000001 0.0000000003 
0.0000000000 0.0000000001 0.0000000003 
0.0000000000 0.0000000001 0.0000000003 
0.0000000000 0.0000000001 0.0000000003 
0.0000000000 0.0000000001 0.0000000003 
0.0000000000 0.0000000001 0.0000000003 
0.0000000000 0.0000000001 0.0000000003 
0.0000000000 0.0000000001 0.0000000003 
0.0000000000 0.0000000001 0.0000000003 
0.0000000000 0.0000000001 0.0000000003 
0.0000000000 0.0000000001 0.0000000003 
0.0000000000 0.0000000001 0.0000000003 
0.0000000000 0.0000000001 0.0000000003 
0.0000000000 0.0000000001 0.0000000003 
