0.0002933609 0.0000274759 0.0001039042 
0.0002934545 0.0000277041 0.0001033242 
0.0002935488 0.0000279110 0.0001027679 
0.0002936484 0.0000280997 0.0001022266 
0.0002937557 0.0000282723 0.0001016942 
0.0002938715 0.0000284302 0.0001011668 
0.0002939964 0.0000285743 0.0001006413 
0.0002941304 0.0000287055 0.0001001159 
0.0002942735 0.0000288249 0.0000995892 
0.0002944255 0.0000289331 0.0000990602 
0.0002945862 0.0000290312 0.0000985283 
0.0002947553 0.0000291198 0.0000979931 
0.0002949326 0.0000291999 0.0000974545 
0.0002951180 0.0000292721 0.0000969123 
0.0002953111 0.0000293372 0.0000963664 
0.0002955118 0.0000293956 0.0000958168 
0.0002957198 0.0000294481 0.0000952638 
0.0002959349 0.0000294950 0.0000947072 
0.0002961568 0.0000295368 0.0000941474 
0.0002963853 0.0000295740 0.0000935843 
0.0002966201 0.0000296069 0.0000930183 
0.0002968611 0.0000296359 0.0000924495 
0.0002971081 0.0000296612 0.0000918780 
0.0002973608 0.0000296831 0.0000913040 
0.0002976192 0.0000297019 0.0000907278 
0.0002978830 0.0000297179 0.0000901496 
0.0002981521 0.0000297312 0.0000895695 
0.0002984264 0.0000297420 0.0000889877 
0.0002987056 0.0000297505 0.0000884045 
0.0002989896 0.0000297568 0.0000878201 
0.0002992782 0.0000297611 0.0000872347 
0.0002995712 0.0000297636 0.0000866484 
0.0002998685 0.0000297642 0.0000860614 
0.0003001698 0.0000297632 0.0000854740 
0.0003004750 0.0000297605 0.0000848864 
0.0003007839 0.0000297564 0.0000842986 
0.0003010963 0.0000297508 0.0000837110 
0.0003014120 0.0000297438 0.0000831236 
0.0003017308 0.0000297354 0.0000825367 
0.0003020526 0.0000297259 0.0000819503 
0.0003023772 0.0000297150 0.0000813648 
0.0003027044 0.0000297030 0.0000807801 
0.0003030340 0.0000296899 0.0000801965 
0.0003033660 0.0000296757 0.0000796140 
0.0003037001 0.0000296605 0.0000790330 
0.0003040362 0.0000296442 0.0000784533 
0.0003043742 0.0000296269 0.0000778753 
0.0003047139 0.0000296088 0.0000772990 
0.0003050551 0.0000295896 0.0000767245 
0.0003053978 0.0000295696 0.0000761520 
0.0003057417 0.0000295488 0.0000755816 
0.0003060868 0.0000295270 0.0000750133 
0.0003064329 0.0000295045 0.0000744473 
0.0003067799 0.0000294812 0.0000738836 
0.0003071276 0.0000294571 0.0000733225 
0.0003074760 0.0000294322 0.0000727639 
0.0003078249 0.0000294066 0.0000722079 
0.0003081742 0.0000293802 0.0000716547 
0.0003085239 0.0000293532 0.0000711042 
0.0003088737 0.0000293255 0.0000705567 
0.0003092236 0.0000292971 0.0000700121 
0.0003095736 0.0000292680 0.0000694704 
0.0003099234 0.0000292383 0.0000689319 
0.0003102731 0.0000292079 0.0000683964 
0.0003106225 0.0000291769 0.0000678642 
0.0003109715 0.0000291454 0.0000673352 
0.0003113199 0.0000291132 0.0000668095 
0.0003116680 0.0000290805 0.0000662869 
0.0003120155 0.0000290472 0.0000657674 
0.0003123623 0.0000290133 0.0000652516 
0.0003127085 0.0000289789 0.0000647390 
0.0003130538 0.0000289437 0.0000642300 
0.0003133985 0.0000289077 0.0000637239 
0.0003137425 0.0000288711 0.0000632208 
0.0003140859 0.0000288339 0.0000627205 
0.0003144288 0.0000287960 0.0000622223 
0.0003147713 0.0000287574 0.0000617263 
0.0003151130 0.0000287184 0.0000612328 
0.0003154539 0.0000286787 0.0000607419 
0.0003157935 0.0000286386 0.0000602541 
0.0003161319 0.0000285980 0.0000597694 
0.0003164687 0.0000285569 0.0000592878 
0.0003168041 0.0000285155 0.0000588095 
0.0003171378 0.0000284737 0.0000583343 
0.0003174700 0.0000284316 0.0000578623 
0.0003178005 0.0000283892 0.0000573936 
0.0003181294 0.0000283466 0.0000569279 
0.0003184567 0.0000283035 0.0000564654 
0.0003187825 0.0000282601 0.0000560059 
0.0003191065 0.0000282162 0.0000555496 
0.0003194289 0.0000281716 0.0000550961 
0.0003197497 0.0000281264 0.0000546458 
0.0003200688 0.0000280807 0.0000541985 
0.0003203866 0.0000280348 0.0000537534 
0.0003207030 0.0000279884 0.0000533109 
0.0003210178 0.0000279417 0.0000528711 
0.0003213309 0.0000278947 0.0000524343 
0.0003216423 0.0000278471 0.0000520003 
0.0003219519 0.0000277990 0.0000515691 
0.0003222596 0.0000277501 0.0000511409 
0.0003225655 0.0000277004 0.0000507154 
0.0003228696 0.0000276496 0.0000502927 
0.0003231722 0.0000275978 0.0000498722 
0.0003234732 0.0000275451 0.0000494542 
0.0003237723 0.0000274911 0.0000490388 
0.0003240696 0.0000274366 0.0000486253 
0.0003243653 0.0000273810 0.0000482141 
0.0003246591 0.0000273244 0.0000478053 
0.0003249511 0.0000272665 0.0000473985 
0.0003252411 0.0000272076 0.0000469943 
0.0003255290 0.0000271476 0.0000465927 
0.0003258144 0.0000270866 0.0000461941 
0.0003260976 0.0000270243 0.0000457985 
0.0003263783 0.0000269611 0.0000454056 
0.0003266568 0.0000268971 0.0000450156 
0.0003269330 0.0000268325 0.0000446282 
0.0003272067 0.0000267673 0.0000442438 
0.0003274780 0.0000267015 0.0000438622 
0.0003277466 0.0000266351 0.0000434838 
0.0003280125 0.0000265682 0.0000431089 
0.0003282756 0.0000265006 0.0000427373 
0.0003285360 0.0000264325 0.0000423689 
0.0003287935 0.0000263637 0.0000420038 
0.0003290480 0.0000262945 0.0000416424 
0.0003292995 0.0000262249 0.0000412846 
0.0003295478 0.0000261552 0.0000409304 
0.0003297933 0.0000260852 0.0000405795 
0.0003300360 0.0000260150 0.0000402318 
0.0003302759 0.0000259441 0.0000398869 
0.0003305128 0.0000258730 0.0000395451 
0.0003307467 0.0000258018 0.0000392068 
0.0003309779 0.0000257306 0.0000388717 
0.0003312062 0.0000256592 0.0000385401 
0.0003314320 0.0000255878 0.0000382117 
0.0003316554 0.0000255165 0.0000378863 
0.0003318765 0.0000254455 0.0000375637 
0.0003320957 0.0000253747 0.0000372432 
0.0003323126 0.0000253042 0.0000369248 
0.0003325274 0.0000252337 0.0000366082 
0.0003327401 0.0000251632 0.0000362931 
0.0003329506 0.0000250928 0.0000359800 
0.0003331588 0.0000250225 0.0000356691 
0.0003333647 0.0000249521 0.0000353604 
0.0003335682 0.0000248816 0.0000350539 
0.0003337694 0.0000248110 0.0000347497 
0.0003339678 0.0000247401 0.0000344483 
0.0003341637 0.0000246692 0.0000341494 
0.0003343572 0.0000245984 0.0000338531 
0.0003345483 0.0000245274 0.0000335592 
0.0003347371 0.0000244562 0.0000332676 
0.0003349236 0.0000243849 0.0000329784 
0.0003351078 0.0000243135 0.0000326916 
0.0003352896 0.0000242420 0.0000324072 
0.0003354692 0.0000241704 0.0000321254 
0.0003356466 0.0000240988 0.0000318458 
0.0003358218 0.0000240269 0.0000315684 
0.0003359949 0.0000239546 0.0000312930 
0.0003361659 0.0000238818 0.0000310196 
0.0003363347 0.0000238084 0.0000307481 
0.0003365014 0.0000237344 0.0000304786 
0.0003366660 0.0000236600 0.0000302108 
0.0003368287 0.0000235852 0.0000299445 
0.0003369895 0.0000235101 0.0000296799 
0.0003371483 0.0000234347 0.0000294168 
0.0003373053 0.0000233590 0.0000291553 
0.0003374601 0.0000232829 0.0000288956 
0.0003376196 0.0000232069 0.0000286319 
0.0003377827 0.0000231310 0.0000283659 
0.0003379471 0.0000230554 0.0000281004 
0.0003381114 0.0000229802 0.0000278369 
0.0003382747 0.0000229056 0.0000275764 
0.0003384346 0.0000228317 0.0000273203 
0.0003385913 0.0000227584 0.0000270681 
0.0003387450 0.0000226856 0.0000268191 
0.0003388961 0.0000226135 0.0000265727 
0.0003390473 0.0000225420 0.0000263264 
0.0003391981 0.0000224714 0.0000260812 
0.0003393468 0.0000224015 0.0000258385 
0.0003394929 0.0000223323 0.0000255985 
0.0003396365 0.0000222641 0.0000253610 
0.0003397779 0.0000221968 0.0000251254 
0.0003399175 0.0000221303 0.0000248908 
0.0003400560 0.0000220646 0.0000246570 
0.0003401932 0.0000219996 0.0000244240 
0.0003403292 0.0000219355 0.0000241921 
0.0003404638 0.0000218722 0.0000239612 
0.0003405971 0.0000218097 0.0000237314 
0.0003407290 0.0000217483 0.0000235028 
0.0003408596 0.0000216879 0.0000232754 
0.0003409889 0.0000216285 0.0000230492 
0.0003411167 0.0000215701 0.0000228242 
0.0003412431 0.0000215126 0.0000226004 
0.0003413681 0.0000214560 0.0000223778 
0.0003414923 0.0000213994 0.0000221558 
0.0003416151 0.0000213434 0.0000219350 
0.0003417366 0.0000212881 0.0000217154 
0.0003418567 0.0000212339 0.0000214972 
0.0003419754 0.0000211806 0.0000212802 
0.0003420928 0.0000211281 0.0000210645 
0.0003422088 0.0000210762 0.0000208499 
0.0003423234 0.0000210250 0.0000206366 
0.0003424367 0.0000209744 0.0000204243 
0.0003425485 0.0000209248 0.0000202134 
0.0003426589 0.0000208762 0.0000200035 
0.0003427679 0.0000208286 0.0000197946 
0.0003428757 0.0000207818 0.0000195865 
0.0003429823 0.0000207356 0.0000193795 
0.0003430875 0.0000206901 0.0000191733 
0.0003431914 0.0000206451 0.0000189682 
0.0003432940 0.0000206005 0.0000187641 
0.0003433954 0.0000205562 0.0000185609 
0.0003434954 0.0000205120 0.0000183585 
0.0003435942 0.0000204680 0.0000181569 
0.0003436920 0.0000204240 0.0000179558 
0.0003437887 0.0000203800 0.0000177556 
0.0003438842 0.0000203361 0.0000175562 
0.0003439785 0.0000202925 0.0000173578 
0.0003440716 0.0000202490 0.0000171603 
0.0003441636 0.0000202057 0.0000169638 
0.0003442545 0.0000201626 0.0000167682 
0.0003443442 0.0000201196 0.0000165736 
0.0003444327 0.0000200766 0.0000163801 
0.0003445201 0.0000200335 0.0000161875 
0.0003446063 0.0000199903 0.0000159961 
0.0003446913 0.0000199470 0.0000158057 
0.0003447750 0.0000199036 0.0000156166 
0.0003448573 0.0000198599 0.0000154289 
0.0003449377 0.0000198158 0.0000152434 
0.0003450167 0.0000197716 0.0000150594 
0.0003450945 0.0000197272 0.0000148766 
0.0003451712 0.0000196828 0.0000146950 
0.0003452468 0.0000196385 0.0000145145 
0.0003453213 0.0000195942 0.0000143350 
0.0003453945 0.0000195502 0.0000141568 
0.0003454666 0.0000195062 0.0000139798 
0.0003455376 0.0000194620 0.0000138039 
0.0003456075 0.0000194175 0.0000136290 
0.0003456765 0.0000193727 0.0000134552 
0.0003457444 0.0000193278 0.0000132826 
0.0003458113 0.0000192826 0.0000131112 
0.0003458770 0.0000192373 0.0000129411 
0.0003459418 0.0000191918 0.0000127723 
0.0003460056 0.0000191461 0.0000126046 
0.0003460685 0.0000191002 0.0000124379 
0.0003461305 0.0000190541 0.0000122723 
0.0003461923 0.0000190072 0.0000121072 
0.0003462533 0.0000189602 0.0000119432 
0.0003463138 0.0000189128 0.0000117803 
0.0003463736 0.0000188652 0.0000116184 
0.0003464328 0.0000188173 0.0000114574 
0.0003464914 0.0000187694 0.0000112974 
0.0003465495 0.0000187212 0.0000111383 
0.0003466072 0.0000186727 0.0000109801 
0.0003466643 0.0000186241 0.0000108228 
0.0003467207 0.0000185757 0.0000106666 
0.0003467766 0.0000185275 0.0000105114 
0.0003468319 0.0000184795 0.0000103572 
0.0003468865 0.0000184316 0.0000102040 
0.0003469405 0.0000183839 0.0000100518 
0.0003469938 0.0000183364 0.0000099007 
0.0003470464 0.0000182889 0.0000097505 
0.0003470983 0.0000182416 0.0000096014 
0.0003471495 0.0000181941 0.0000094533 
0.0003472000 0.0000181463 0.0000093063 
0.0003472496 0.0000180984 0.0000091605 
0.0003472985 0.0000180504 0.0000090158 
0.0003473460 0.0000180026 0.0000088735 
0.0003473926 0.0000179549 0.0000087328 
0.0003474385 0.0000179073 0.0000085934 
0.0003474838 0.0000178597 0.0000084550 
0.0003475284 0.0000178121 0.0000083177 
0.0003475726 0.0000177645 0.0000081813 
0.0003476161 0.0000177169 0.0000080457 
0.0003476591 0.0000176694 0.0000079111 
0.0003477017 0.0000176220 0.0000077774 
0.0003477440 0.0000175751 0.0000076445 
0.0003477859 0.0000175284 0.0000075125 
0.0003478273 0.0000174817 0.0000073812 
0.0003478683 0.0000174343 0.0000072507 
0.0003479088 0.0000173877 0.0000071207 
0.0003479487 0.0000173417 0.0000069914 
0.0003479881 0.0000172963 0.0000068626 
0.0003480268 0.0000172516 0.0000067346 
0.0003480650 0.0000172080 0.0000066071 
0.0003481025 0.0000171655 0.0000064803 
0.0003481394 0.0000171238 0.0000063542 
0.0003481756 0.0000170827 0.0000062289 
0.0003482109 0.0000170420 0.0000061046 
0.0003482453 0.0000170017 0.0000059813 
0.0003482787 0.0000169613 0.0000058591 
0.0003483112 0.0000169211 0.0000057380 
0.0003483430 0.0000168813 0.0000056178 
0.0003483740 0.0000168419 0.0000054985 
0.0003484043 0.0000168030 0.0000053801 
0.0003484339 0.0000167648 0.0000052627 
0.0003484629 0.0000167273 0.0000051460 
0.0003484915 0.0000166903 0.0000050297 
0.0003485194 0.0000166538 0.0000049141 
0.0003485464 0.0000166193 0.0000047994 
0.0003485726 0.0000165865 0.0000046854 
0.0003485979 0.0000165553 0.0000045722 
0.0003486223 0.0000165254 0.0000044599 
0.0003486458 0.0000164968 0.0000043486 
0.0003486685 0.0000164694 0.0000042382 
0.0003486902 0.0000164428 0.0000041289 
0.0003487111 0.0000164170 0.0000040208 
0.0003487312 0.0000163918 0.0000039138 
0.0003487505 0.0000163673 0.0000038079 
0.0003487689 0.0000163433 0.0000037032 
0.0003487866 0.0000163197 0.0000035994 
0.0003488035 0.0000162965 0.0000034964 
0.0003488196 0.0000162736 0.0000033943 
0.0003488349 0.0000162510 0.0000032931 
0.0003488493 0.0000162286 0.0000031928 
0.0003488630 0.0000162065 0.0000030934 
0.0003488758 0.0000161846 0.0000029948 
0.0003488877 0.0000161630 0.0000028970 
0.0003488988 0.0000161417 0.0000028001 
0.0003489091 0.0000161205 0.0000027040 
0.0003489185 0.0000160997 0.0000026088 
0.0003489271 0.0000160790 0.0000025144 
0.0003489349 0.0000160585 0.0000024207 
0.0003489420 0.0000160382 0.0000023277 
0.0003489488 0.0000160172 0.0000022351 
0.0003489549 0.0000159960 0.0000021433 
0.0003489600 0.0000159746 0.0000020523 
0.0003489641 0.0000159530 0.0000019622 
0.0003489673 0.0000159312 0.0000018729 
0.0003489696 0.0000159092 0.0000017845 
0.0003489709 0.0000158870 0.0000016967 
0.0003489714 0.0000158645 0.0000016095 
0.0003489723 0.0000158408 0.0000015217 
0.0003489730 0.0000158159 0.0000014339 
0.0003489732 0.0000157899 0.0000013462 
0.0003489728 0.0000157627 0.0000012584 
0.0003489719 0.0000157344 0.0000011705 
0.0003489703 0.0000157050 0.0000010821 
0.0003489681 0.0000156747 0.0000009928 
0.0003489651 0.0000156436 0.0000009021 
0.0003489614 0.0000156120 0.0000008091 
0.0003489570 0.0000155800 0.0000007118 
0.0003489530 0.0000155482 0.0000006040 
0.0003489530 0.0000155482 0.0000006040 
0.0003489530 0.0000155482 0.0000006040 
0.0003489530 0.0000155482 0.0000006040 
0.0003489530 0.0000155482 0.0000006040 
0.0003489530 0.0000155482 0.0000006040 
0.0003489530 0.0000155482 0.0000006040 
0.0003489530 0.0000155482 0.0000006040 
0.0003489530 0.0000155482 0.0000006040 
0.0003489530 0.0000155482 0.0000006040 
0.0003489530 0.0000155482 0.0000006040 
0.0003489530 0.0000155482 0.0000006040 
0.0003489530 0.0000155482 0.0000006040 
0.0003489530 0.0000155482 0.0000006040 
0.0003489530 0.0000155482 0.0000006040 
0.0003489530 0.0000155482 0.0000006040 
0.0003489530 0.0000155482 0.0000006040 
0.0003489530 0.0000155482 0.0000006040 
0.0003489530 0.0000155482 0.0000006040 
0.0003489530 0.0000155482 0.0000006040 
0.0003489530 0.0000155482 0.0000006040 
0.0003489530 0.0000155482 0.0000006040 
0.0003489530 0.0000155482 0.0000006040 
0.0003489530 0.0000155482 0.0000006040 
0.0003489530 0.0000155482 0.0000006040 
0.0003489530 0.0000155482 0.0000006040 
0.0003489530 0.0000155482 0.0000006040 
0.0003489530 0.0000155482 0.0000006040 
0.0003489530 0.0000155482 0.0000006040 
0.0003489530 0.0000155482 0.0000006040 
0.0003489530 0.0000155482 0.0000006040 
0.0003489530 0.0000155482 0.0000006040 
0.0003489530 0.0000155482 0.0000006040 
0.0003489530 0.0000155482 0.0000006040 
0.0003489530 0.0000155482 0.0000006040 
0.0003489530 0.0000155482 0.0000006040 
0.0003489530 0.0000155482 0.0000006040 
0.0003489530 0.0000155482 0.0000006040 
0.0003489530 0.0000155482 0.0000006040 
0.0003489530 0.0000155482 0.0000006040 
0.0003489530 0.0000155482 0.0000006040 
0.0003489530 0.0000155482 0.0000006040 
0.0003489530 0.0000155482 0.0000006040 
0.0003489530 0.0000155482 0.0000006040 
0.0003489530 0.0000155482 0.0000006040 
0.0003489530 0.0000155482 0.0000006040 
0.0003489530 0.0000155482 0.0000006040 
0.0003489530 0.0000155482 0.0000006040 
0.0003489530 0.0000155482 0.0000006040 
0.0003489530 0.0000155482 0.0000006040 
0.0003489530 0.0000155482 0.0000006040 
0.0003489530 0.0000155482 0.0000006040 
0.0003489530 0.0000155482 0.0000006040 
0.0003489530 0.0000155482 0.0000006040 
0.0003489530 0.0000155482 0.0000006040 
0.0003489530 0.0000155482 0.0000006040 
0.0003489530 0.0000155482 0.0000006040 
0.0003489530 0.0000155482 0.0000006040 
0.0003489530 0.0000155482 0.0000006040 
0.0003489530 0.0000155482 0.0000006040 
0.0003489530 0.0000155482 0.0000006040 
0.0003489530 0.0000155482 0.0000006040 
0.0003489530 0.0000155482 0.0000006040 
0.0003489530 0.0000155482 0.0000006040 
0.0003489530 0.0000155482 0.0000006040 
0.0003489530 0.0000155482 0.0000006040 
0.0003489530 0.0000155482 0.0000006040 
0.0003489530 0.0000155482 0.0000006040 
0.0003489530 0.0000155482 0.0000006040 
0.0003489530 0.0000155482 0.0000006040 
0.0003489530 0.0000155482 0.0000006040 
0.0003489530 0.0000155482 0.0000006040 
0.0003489530 0.0000155482 0.0000006040 
0.0003489530 0.0000155482 0.0000006040 
0.0003489530 0.0000155482 0.0000006040 
0.0003489530 0.0000155482 0.0000006040 
0.0003489530 0.0000155482 0.0000006040 
0.0003489530 0.0000155482 0.0000006040 
0.0003489530 0.0000155482 0.0000006040 
0.0003489530 0.0000155482 0.0000006040 
0.0003489530 0.0000155482 0.0000006040 
0.0003489530 0.0000155482 0.0000006040 
0.0003489530 0.0000155482 0.0000006040 
0.0003489530 0.0000155482 0.0000006040 
0.0003489530 0.0000155482 0.0000006040 
0.0003489530 0.0000155482 0.0000006040 
0.0003489530 0.0000155482 0.0000006040 
0.0003489530 0.0000155482 0.0000006040 
0.0003489530 0.0000155482 0.0000006040 
0.0003489530 0.0000155482 0.0000006040 
0.0003489530 0.0000155482 0.0000006040 
0.0003489530 0.0000155482 0.0000006040 
0.0003489530 0.0000155482 0.0000006040 
0.0003489530 0.0000155482 0.0000006040 
0.0003489530 0.0000155482 0.0000006040 
0.0003489530 0.0000155482 0.0000006040 
0.0003489530 0.0000155482 0.0000006040 
0.0003489530 0.0000155482 0.0000006040 
0.0003489530 0.0000155482 0.0000006040 
0.0003489530 0.0000155482 0.0000006040 
0.0003489530 0.0000155482 0.0000006040 
0.0003489530 0.0000155482 0.0000006040 
0.0003489530 0.0000155482 0.0000006040 
0.0003489530 0.0000155482 0.0000006040 
0.0003489530 0.0000155482 0.0000006040 
0.0003489530 0.0000155482 0.0000006040 
0.0003489530 0.0000155482 0.0000006040 
0.0003489530 0.0000155482 0.0000006040 
0.0003489530 0.0000155482 0.0000006040 
0.0003489530 0.0000155482 0.0000006040 
0.0003489530 0.0000155482 0.0000006040 
0.0003489530 0.0000155482 0.0000006040 
0.0003489530 0.0000155482 0.0000006040 
0.0003489530 0.0000155482 0.0000006040 
0.0003489530 0.0000155482 0.0000006040 
0.0003489530 0.0000155482 0.0000006040 
0.0003489530 0.0000155482 0.0000006040 
0.0003489530 0.0000155482 0.0000006040 
0.0003489530 0.0000155482 0.0000006040 
0.0003489530 0.0000155482 0.0000006040 
0.0003489530 0.0000155482 0.0000006040 
0.0003489530 0.0000155482 0.0000006040 
0.0003489530 0.0000155482 0.0000006040 
0.0003489530 0.0000155482 0.0000006040 
0.0003489530 0.0000155482 0.0000006040 
0.0003489530 0.0000155482 0.0000006040 
0.0003489530 0.0000155482 0.0000006040 
0.0003489530 0.0000155482 0.0000006040 
0.0003489530 0.0000155482 0.0000006040 
0.0003489530 0.0000155482 0.0000006040 
0.0003489530 0.0000155482 0.0000006040 
0.0003489530 0.0000155482 0.0000006040 
0.0003489530 0.0000155482 0.0000006040 
0.0003489530 0.0000155482 0.0000006040 
0.0003489530 0.0000155482 0.0000006040 
0.0003489530 0.0000155482 0.0000006040 
0.0003489530 0.0000155482 0.0000006040 
0.0003489530 0.0000155482 0.0000006040 
0.0003489530 0.0000155482 0.0000006040 
0.0003489530 0.0000155482 0.0000006040 
0.0003489530 0.0000155482 0.0000006040 
0.0003489530 0.0000155482 0.0000006040 
0.0003489530 0.0000155482 0.0000006040 
0.0003489530 0.0000155482 0.0000006040 
0.0003489530 0.0000155482 0.0000006040 
0.0003489530 0.0000155482 0.0000006040 
0.0003489530 0.0000155482 0.0000006040 
0.0003489530 0.0000155482 0.0000006040 
0.0003489530 0.0000155482 0.0000006040 
0.0003489530 0.0000155482 0.0000006040 
0.0003489530 0.0000155482 0.0000006040 
0.0003489530 0.0000155482 0.0000006040 
0.0003489530 0.0000155482 0.0000006040 
0.0003489530 0.0000155482 0.0000006040 
0.0003489530 0.0000155482 0.0000006040 
0.0003489530 0.0000155482 0.0000006040 
0.0003489530 0.0000155482 0.0000006040 
0.0003489530 0.0000155482 0.0000006040 
0.0003489530 0.0000155482 0.0000006040 
0.0003489530 0.0000155482 0.0000006040 
0.0003489530 0.0000155482 0.0000006040 
0.0003489530 0.0000155482 0.0000006040 
0.0003489530 0.0000155482 0.0000006040 
0.0003489530 0.0000155482 0.0000006040 
0.0003489530 0.0000155482 0.0000006040 
0.0003489530 0.0000155482 0.0000006040 
0.0003489530 0.0000155482 0.0000006040 
0.0003489530 0.0000155482 0.0000006040 
0.0003489530 0.0000155482 0.0000006040 
0.0003489530 0.0000155482 0.0000006040 
0.0003489530 0.0000155482 0.0000006040 
0.0003489530 0.0000155482 0.0000006040 
0.0003489530 0.0000155482 0.0000006040 
0.0003489530 0.0000155482 0.0000006040 
0.0003489530 0.0000155482 0.0000006040 
0.0003489530 0.0000155482 0.0000006040 
0.0003489530 0.0000155482 0.0000006040 
0.0003489530 0.0000155482 0.0000006040 
0.0003489530 0.0000155482 0.0000006040 
0.0003489530 0.0000155482 0.0000006040 
0.0003489530 0.0000155482 0.0000006040 
0.0003489530 0.0000155482 0.0000006040 
0.0003489530 0.0000155482 0.0000006040 
0.0003489530 0.0000155482 0.0000006040 
0.0003489530 0.0000155482 0.0000006040 
0.0003489530 0.0000155482 0.0000006040 
0.0003489530 0.0000155482 0.0000006040 
0.0003489530 0.0000155482 0.0000006040 
0.0003489530 0.0000155482 0.0000006040 
0.0003489530 0.0000155482 0.0000006040 
0.0003489530 0.0000155482 0.0000006040 
0.0003489530 0.0000155482 0.0000006040 
0.0003489530 0.0000155482 0.0000006040 
0.0003489530 0.0000155482 0.0000006040 
0.0003489530 0.0000155482 0.0000006040 
0.0003489530 0.0000155482 0.0000006040 
0.0003489530 0.0000155482 0.0000006040 
0.0003489530 0.0000155482 0.0000006040 
0.0003489530 0.0000155482 0.0000006040 
0.0003489530 0.0000155482 0.0000006040 
0.0003489530 0.0000155482 0.0000006040 
0.0003489530 0.0000155482 0.0000006040 
0.0003489530 0.0000155482 0.0000006040 
0.0003489530 0.0000155482 0.0000006040 
0.0003489530 0.0000155482 0.0000006040 
0.0003489530 0.0000155482 0.0000006040 
0.0003489530 0.0000155482 0.0000006040 
0.0003489530 0.0000155482 0.0000006040 
0.0003489530 0.0000155482 0.0000006040 
0.0003489530 0.0000155482 0.0000006040 
0.0003489530 0.0000155482 0.0000006040 
0.0003489530 0.0000155482 0.0000006040 
0.0003489530 0.0000155482 0.0000006040 
0.0003489530 0.0000155482 0.0000006040 
0.0003489530 0.0000155482 0.0000006040 
0.0003489530 0.0000155482 0.0000006040 
0.0003489530 0.0000155482 0.0000006040 
0.0003489530 0.0000155482 0.0000006040 
0.0003489530 0.0000155482 0.0000006040 
0.0003489530 0.0000155482 0.0000006040 
0.0003489530 0.0000155482 0.0000006040 
0.0003489530 0.0000155482 0.0000006040 
0.0003489530 0.0000155482 0.0000006040 
0.0003489530 0.0000155482 0.0000006040 
0.0003489530 0.0000155482 0.0000006040 
0.0003489530 0.0000155482 0.0000006040 
0.0003489530 0.0000155482 0.0000006040 
0.0003489530 0.0000155482 0.0000006040 
0.0003489530 0.0000155482 0.0000006040 
0.0003489530 0.0000155482 0.0000006040 
0.0003489530 0.0000155482 0.0000006040 
0.0003489530 0.0000155482 0.0000006040 
0.0003489530 0.0000155482 0.0000006040 
0.0003489530 0.0000155482 0.0000006040 
0.0003489530 0.0000155482 0.0000006040 
0.0003489530 0.0000155482 0.0000006040 
0.0003489530 0.0000155482 0.0000006040 
0.0003489530 0.0000155482 0.0000006040 
0.0003489530 0.0000155482 0.0000006040 
0.0003489530 0.0000155482 0.0000006040 
0.0003489530 0.0000155482 0.0000006040 
0.0003489530 0.0000155482 0.0000006040 
0.0003489530 0.0000155482 0.0000006040 
0.0003489530 0.0000155482 0.0000006040 
0.0003489530 0.0000155482 0.0000006040 
0.0003489530 0.0000155482 0.0000006040 
0.0003489530 0.0000155482 0.0000006040 
0.0003489530 0.0000155482 0.0000006040 
0.0003489530 0.0000155482 0.0000006040 
0.0003489530 0.0000155482 0.0000006040 
0.0003489530 0.0000155482 0.0000006040 
0.0003489530 0.0000155482 0.0000006040 
0.0003489530 0.0000155482 0.0000006040 
0.0003489530 0.0000155482 0.0000006040 
0.0003489530 0.0000155482 0.0000006040 
0.0003489530 0.0000155482 0.0000006040 
0.0003489530 0.0000155482 0.0000006040 
0.0003489530 0.0000155482 0.0000006040 
0.0003489530 0.0000155482 0.0000006040 
0.0003489530 0.0000155482 0.0000006040 
0.0003489530 0.0000155482 0.0000006040 
0.0003489530 0.0000155482 0.0000006040 
0.0003489530 0.0000155482 0.0000006040 
0.0003489530 0.0000155482 0.0000006040 
0.0003489530 0.0000155482 0.0000006040 
0.0003489530 0.0000155482 0.0000006040 
0.0003489530 0.0000155482 0.0000006040 
0.0003489530 0.0000155482 0.0000006040 
0.0003489530 0.0000155482 0.0000006040 
0.0003489530 0.0000155482 0.0000006040 
0.0003489530 0.0000155482 0.0000006040 
0.0003489530 0.0000155482 0.0000006040 
0.0003489530 0.0000155482 0.0000006040 
0.0003489530 0.0000155482 0.0000006040 
0.0003489530 0.0000155482 0.0000006040 
0.0003489530 0.0000155482 0.0000006040 
0.0003489530 0.0000155482 0.0000006040 
0.0003489530 0.0000155482 0.0000006040 
0.0003489530 0.0000155482 0.0000006040 
0.0003489530 0.0000155482 0.0000006040 
0.0003489530 0.0000155482 0.0000006040 
0.0003489530 0.0000155482 0.0000006040 
0.0003489530 0.0000155482 0.0000006040 
0.0003489530 0.0000155482 0.0000006040 
0.0003489530 0.0000155482 0.0000006040 
0.0003489530 0.0000155482 0.0000006040 
0.0003489530 0.0000155482 0.0000006040 
0.0003489530 0.0000155482 0.0000006040 
0.0003489530 0.0000155482 0.0000006040 
0.0003489530 0.0000155482 0.0000006040 
0.0003489530 0.0000155482 0.0000006040 
0.0003489530 0.0000155482 0.0000006040 
0.0003489530 0.0000155482 0.0000006040 
0.0003489530 0.0000155482 0.0000006040 
0.0003489530 0.0000155482 0.0000006040 
0.0003489530 0.0000155482 0.0000006040 
0.0003489530 0.0000155482 0.0000006040 
0.0003489530 0.0000155482 0.0000006040 
0.0003489530 0.0000155482 0.0000006040 
0.0003489530 0.0000155482 0.0000006040 
0.0003489530 0.0000155482 0.0000006040 
0.0003489530 0.0000155482 0.0000006040 
0.0003489530 0.0000155482 0.0000006040 
0.0003489530 0.0000155482 0.0000006040 
0.0003489530 0.0000155482 0.0000006040 
0.0003489530 0.0000155482 0.0000006040 
0.0003489530 0.0000155482 0.0000006040 
0.0003489530 0.0000155482 0.0000006040 
0.0003489530 0.0000155482 0.0000006040 
0.0003489530 0.0000155482 0.0000006040 
0.0003489530 0.0000155482 0.0000006040 
0.0003489530 0.0000155482 0.0000006040 
0.0003489530 0.0000155482 0.0000006040 
0.0003489530 0.0000155482 0.0000006040 
0.0003489530 0.0000155482 0.0000006040 
0.0003489530 0.0000155482 0.0000006040 
0.0003489530 0.0000155482 0.0000006040 
0.0003489530 0.0000155482 0.0000006040 
0.0003489530 0.0000155482 0.0000006040 
0.0003489530 0.0000155482 0.0000006040 
0.0003489530 0.0000155482 0.0000006040 
0.0003489530 0.0000155482 0.0000006040 
0.0003489530 0.0000155482 0.0000006040 
0.0003489530 0.0000155482 0.0000006040 
0.0003489530 0.0000155482 0.0000006040 
0.0003489530 0.0000155482 0.0000006040 
0.0003489530 0.0000155482 0.0000006040 
0.0003489530 0.0000155482 0.0000006040 
0.0003489530 0.0000155482 0.0000006040 
0.0003489530 0.0000155482 0.0000006040 
0.0003489530 0.0000155482 0.0000006040 
0.0003489530 0.0000155482 0.0000006040 
0.0003489530 0.0000155482 0.0000006040 
0.0003489530 0.0000155482 0.0000006040 
0.0003489530 0.0000155482 0.0000006040 
0.0003489530 0.0000155482 0.0000006040 
0.0003489530 0.0000155482 0.0000006040 
0.0003489530 0.0000155482 0.0000006040 
0.0003489530 0.0000155482 0.0000006040 
0.0003489530 0.0000155482 0.0000006040 
0.0003489530 0.0000155482 0.0000006040 
0.0003489530 0.0000155482 0.0000006040 
0.0003489530 0.0000155482 0.0000006040 
0.0003489530 0.0000155482 0.0000006040 
0.0003489530 0.0000155482 0.0000006040 
0.0003489530 0.0000155482 0.0000006040 
0.0003489530 0.0000155482 0.0000006040 
0.0003489530 0.0000155482 0.0000006040 
0.0003489530 0.0000155482 0.0000006040 
0.0003489530 0.0000155482 0.0000006040 
0.0003489530 0.0000155482 0.0000006040 
0.0003489530 0.0000155482 0.0000006040 
0.0003489530 0.0000155482 0.0000006040 
0.0003489530 0.0000155482 0.0000006040 
0.0003489530 0.0000155482 0.0000006040 
0.0003489530 0.0000155482 0.0000006040 
0.0003489530 0.0000155482 0.0000006040 
0.0003489530 0.0000155482 0.0000006040 
0.0003489530 0.0000155482 0.0000006040 
0.0003489530 0.0000155482 0.0000006040 
0.0003489530 0.0000155482 0.0000006040 
0.0003489530 0.0000155482 0.0000006040 
0.0003489530 0.0000155482 0.0000006040 
0.0003489530 0.0000155482 0.0000006040 
0.0003489530 0.0000155482 0.0000006040 
0.0003489530 0.0000155482 0.0000006040 
0.0003489530 0.0000155482 0.0000006040 
0.0003489530 0.0000155482 0.0000006040 
0.0003489530 0.0000155482 0.0000006040 
0.0003489530 0.0000155482 0.0000006040 
0.0003489530 0.0000155482 0.0000006040 
0.0003489530 0.0000155482 0.0000006040 
0.0003489530 0.0000155482 0.0000006040 
0.0003489530 0.0000155482 0.0000006040 
0.0003489530 0.0000155482 0.0000006040 
0.0003489530 0.0000155482 0.0000006040 
0.0003489530 0.0000155482 0.0000006040 
0.0003489530 0.0000155482 0.0000006040 
0.0003489530 0.0000155482 0.0000006040 
0.0003489530 0.0000155482 0.0000006040 
0.0003489530 0.0000155482 0.0000006040 
0.0003489530 0.0000155482 0.0000006040 
0.0003489530 0.0000155482 0.0000006040 
0.0003489530 0.0000155482 0.0000006040 
0.0003489530 0.0000155482 0.0000006040 
0.0003489530 0.0000155482 0.0000006040 
0.0003489530 0.0000155482 0.0000006040 
0.0003489530 0.0000155482 0.0000006040 
0.0003489530 0.0000155482 0.0000006040 
0.0003489530 0.0000155482 0.0000006040 
0.0003489530 0.0000155482 0.0000006040 
0.0003489530 0.0000155482 0.0000006040 
0.0003489530 0.0000155482 0.0000006040 
0.0003489530 0.0000155482 0.0000006040 
0.0003489530 0.0000155482 0.0000006040 
0.0003489530 0.0000155482 0.0000006040 
0.0003489530 0.0000155482 0.0000006040 
0.0003489530 0.0000155482 0.0000006040 
0.0003489530 0.0000155482 0.0000006040 
0.0003489530 0.0000155482 0.0000006040 
0.0003489530 0.0000155482 0.0000006040 
0.0003489530 0.0000155482 0.0000006040 
0.0003489530 0.0000155482 0.0000006040 
0.0003489530 0.0000155482 0.0000006040 
0.0003489530 0.0000155482 0.0000006040 
0.0003489530 0.0000155482 0.0000006040 
0.0003489530 0.0000155482 0.0000006040 
0.0003489530 0.0000155482 0.0000006040 
0.0003489530 0.0000155482 0.0000006040 
0.0003489530 0.0000155482 0.0000006040 
0.0003489530 0.0000155482 0.0000006040 
0.0003489530 0.0000155482 0.0000006040 
0.0003489530 0.0000155482 0.0000006040 
0.0003489530 0.0000155482 0.0000006040 
0.0003489530 0.0000155482 0.0000006040 
0.0003489530 0.0000155482 0.0000006040 
0.0003489530 0.0000155482 0.0000006040 
0.0003489530 0.0000155482 0.0000006040 
0.0003489530 0.0000155482 0.0000006040 
0.0003489530 0.0000155482 0.0000006040 
0.0003489530 0.0000155482 0.0000006040 
0.0003489530 0.0000155482 0.0000006040 
0.0003489530 0.0000155482 0.0000006040 
0.0003489530 0.0000155482 0.0000006040 
0.0003489530 0.0000155482 0.0000006040 
0.0003489530 0.0000155482 0.0000006040 
0.0003489530 0.0000155482 0.0000006040 
0.0003489530 0.0000155482 0.0000006040 
0.0003489530 0.0000155482 0.0000006040 
0.0003489530 0.0000155482 0.0000006040 
0.0003489530 0.0000155482 0.0000006040 
0.0003489530 0.0000155482 0.0000006040 
0.0003489530 0.0000155482 0.0000006040 
0.0003489530 0.0000155482 0.0000006040 
0.0003489530 0.0000155482 0.0000006040 
0.0003489530 0.0000155482 0.0000006040 
0.0003489530 0.0000155482 0.0000006040 
0.0003489530 0.0000155482 0.0000006040 
0.0003489530 0.0000155482 0.0000006040 
0.0003489530 0.0000155482 0.0000006040 
0.0003489530 0.0000155482 0.0000006040 
0.0003489530 0.0000155482 0.0000006040 
0.0003489530 0.0000155482 0.0000006040 
0.0003489530 0.0000155482 0.0000006040 
0.0003489530 0.0000155482 0.0000006040 
0.0003489530 0.0000155482 0.0000006040 
0.0003489530 0.0000155482 0.0000006040 
0.0003489530 0.0000155482 0.0000006040 
0.0003489530 0.0000155482 0.0000006040 
0.0003489530 0.0000155482 0.0000006040 
0.0003489530 0.0000155482 0.0000006040 
0.0003489530 0.0000155482 0.0000006040 
0.0003489530 0.0000155482 0.0000006040 
0.0003489530 0.0000155482 0.0000006040 
0.0003489530 0.0000155482 0.0000006040 
0.0003489530 0.0000155482 0.0000006040 
0.0003489530 0.0000155482 0.0000006040 
0.0003489530 0.0000155482 0.0000006040 
0.0003489530 0.0000155482 0.0000006040 
0.0003489530 0.0000155482 0.0000006040 
0.0003489530 0.0000155482 0.0000006040 
0.0003489530 0.0000155482 0.0000006040 
0.0003489530 0.0000155482 0.0000006040 
0.0003489530 0.0000155482 0.0000006040 
0.0003489530 0.0000155482 0.0000006040 
0.0003489530 0.0000155482 0.0000006040 
0.0003489530 0.0000155482 0.0000006040 
0.0003489530 0.0000155482 0.0000006040 
0.0003489530 0.0000155482 0.0000006040 
0.0003489530 0.0000155482 0.0000006040 
0.0003489530 0.0000155482 0.0000006040 
0.0003489530 0.0000155482 0.0000006040 
0.0003489530 0.0000155482 0.0000006040 
0.0003489530 0.0000155482 0.0000006040 
0.0003489530 0.0000155482 0.0000006040 
0.0003489530 0.0000155482 0.0000006040 
0.0003489530 0.0000155482 0.0000006040 
0.0003489530 0.0000155482 0.0000006040 
0.0003489530 0.0000155482 0.0000006040 
0.0003489530 0.0000155482 0.0000006040 
0.0003489530 0.0000155482 0.0000006040 
0.0003489530 0.0000155482 0.0000006040 
0.0003489530 0.0000155482 0.0000006040 
0.0003489530 0.0000155482 0.0000006040 
0.0003489530 0.0000155482 0.0000006040 
0.0003489530 0.0000155482 0.0000006040 
0.0003489530 0.0000155482 0.0000006040 
0.0003489530 0.0000155482 0.0000006040 
0.0003489530 0.0000155482 0.0000006040 
0.0003489530 0.0000155482 0.0000006040 
0.0003489530 0.0000155482 0.0000006040 
0.0003489530 0.0000155482 0.0000006040 
0.0003489530 0.0000155482 0.0000006040 
0.0003489530 0.0000155482 0.0000006040 
0.0003489530 0.0000155482 0.0000006040 
0.0003489530 0.0000155482 0.0000006040 
0.0003489530 0.0000155482 0.0000006040 
0.0003489530 0.0000155482 0.0000006040 
0.0003489530 0.0000155482 0.0000006040 
0.0003489530 0.0000155482 0.0000006040 
0.0003489530 0.0000155482 0.0000006040 
0.0003489530 0.0000155482 0.0000006040 
0.0003489530 0.0000155482 0.0000006040 
0.0003489530 0.0000155482 0.0000006040 
0.0003489530 0.0000155482 0.0000006040 
0.0003489530 0.0000155482 0.0000006040 
0.0003489530 0.0000155482 0.0000006040 
0.0003489530 0.0000155482 0.0000006040 
0.0003489530 0.0000155482 0.0000006040 
0.0003489530 0.0000155482 0.0000006040 
0.0003489530 0.0000155482 0.0000006040 
0.0003489530 0.0000155482 0.0000006040 
0.0003489530 0.0000155482 0.0000006040 
0.0003489530 0.0000155482 0.0000006040 
0.0003489530 0.0000155482 0.0000006040 
0.0003489530 0.0000155482 0.0000006040 
0.0003489530 0.0000155482 0.0000006040 
0.0003489530 0.0000155482 0.0000006040 
0.0003489530 0.0000155482 0.0000006040 
0.0003489530 0.0000155482 0.0000006040 
0.0003489530 0.0000155482 0.0000006040 
0.0003489530 0.0000155482 0.0000006040 
0.0003489530 0.0000155482 0.0000006040 
0.0003489530 0.0000155482 0.0000006040 
0.0003489530 0.0000155482 0.0000006040 
0.0003489530 0.0000155482 0.0000006040 
0.0003489530 0.0000155482 0.0000006040 
0.0003489530 0.0000155482 0.0000006040 
0.0003489530 0.0000155482 0.0000006040 
0.0003489530 0.0000155482 0.0000006040 
0.0003489530 0.0000155482 0.0000006040 
0.0003489530 0.0000155482 0.0000006040 
0.0003489530 0.0000155482 0.0000006040 
0.0003489530 0.0000155482 0.0000006040 
0.0003489530 0.0000155482 0.0000006040 
0.0003489530 0.0000155482 0.0000006040 
0.0003489530 0.0000155482 0.0000006040 
0.0003489530 0.0000155482 0.0000006040 
0.0003489530 0.0000155482 0.0000006040 
0.0003489530 0.0000155482 0.0000006040 
0.0003489530 0.0000155482 0.0000006040 
0.0003489530 0.0000155482 0.0000006040 
0.0003489530 0.0000155482 0.0000006040 
0.0003489530 0.0000155482 0.0000006040 
0.0003489530 0.0000155482 0.0000006040 
0.0003489530 0.0000155482 0.0000006040 
0.0003489530 0.0000155482 0.0000006040 
0.0003489530 0.0000155482 0.0000006040 
0.0003489530 0.0000155482 0.0000006040 
0.0003489530 0.0000155482 0.0000006040 
0.0003489530 0.0000155482 0.0000006040 
0.0003489530 0.0000155482 0.0000006040 
0.0003489530 0.0000155482 0.0000006040 
0.0003489530 0.0000155482 0.0000006040 
0.0003489530 0.0000155482 0.0000006040 
0.0003489530 0.0000155482 0.0000006040 
0.0003489530 0.0000155482 0.0000006040 
0.0003489530 0.0000155482 0.0000006040 
0.0003489530 0.0000155482 0.0000006040 
0.0003489530 0.0000155482 0.0000006040 
0.0003489530 0.0000155482 0.0000006040 
0.0003489530 0.0000155482 0.0000006040 
0.0003489530 0.0000155482 0.0000006040 
0.0003489530 0.0000155482 0.0000006040 
0.0003489530 0.0000155482 0.0000006040 
0.0003489530 0.0000155482 0.0000006040 
0.0003489530 0.0000155482 0.0000006040 
0.0003489530 0.0000155482 0.0000006040 
0.0003489530 0.0000155482 0.0000006040 
0.0003489530 0.0000155482 0.0000006040 
0.0003489530 0.0000155482 0.0000006040 
0.0003489530 0.0000155482 0.0000006040 
0.0003489530 0.0000155482 0.0000006040 
0.0003489530 0.0000155482 0.0000006040 
0.0003489530 0.0000155482 0.0000006040 
0.0003489530 0.0000155482 0.0000006040 
0.0003489530 0.0000155482 0.0000006040 
0.0003489530 0.0000155482 0.0000006040 
0.0003489530 0.0000155482 0.0000006040 
0.0003489530 0.0000155482 0.0000006040 
0.0003489530 0.0000155482 0.0000006040 
0.0003489530 0.0000155482 0.0000006040 
0.0003489530 0.0000155482 0.0000006040 
0.0003489530 0.0000155482 0.0000006040 
0.0003489530 0.0000155482 0.0000006040 
0.0003489530 0.0000155482 0.0000006040 
0.0003489530 0.0000155482 0.0000006040 
0.0003489530 0.0000155482 0.0000006040 
0.0003489530 0.0000155482 0.0000006040 
0.0003489530 0.0000155482 0.0000006040 
0.0003489530 0.0000155482 0.0000006040 
0.0003489530 0.0000155482 0.0000006040 
0.0003489530 0.0000155482 0.0000006040 
0.0003489530 0.0000155482 0.0000006040 
0.0003489530 0.0000155482 0.0000006040 
0.0003489530 0.0000155482 0.0000006040 
0.0003489530 0.0000155482 0.0000006040 
0.0003489530 0.0000155482 0.0000006040 
0.0003489530 0.0000155482 0.0000006040 
0.0003489530 0.0000155482 0.0000006040 
0.0003489530 0.0000155482 0.0000006040 
0.0003489530 0.0000155482 0.0000006040 
0.0003489530 0.0000155482 0.0000006040 
0.0003489530 0.0000155482 0.0000006040 
0.0003489530 0.0000155482 0.0000006040 
0.0003489530 0.0000155482 0.0000006040 
0.0003489530 0.0000155482 0.0000006040 
0.0003489530 0.0000155482 0.0000006040 
0.0003489530 0.0000155482 0.0000006040 
0.0003489530 0.0000155482 0.0000006040 
0.0003489530 0.0000155482 0.0000006040 
0.0003489530 0.0000155482 0.0000006040 
0.0003489530 0.0000155482 0.0000006040 
0.0003489530 0.0000155482 0.0000006040 
0.0003489530 0.0000155482 0.0000006040 
0.0003489530 0.0000155482 0.0000006040 
0.0003489530 0.0000155482 0.0000006040 
0.0003489530 0.0000155482 0.0000006040 
0.0003489530 0.0000155482 0.0000006040 
0.0003489530 0.0000155482 0.0000006040 
0.0003489530 0.0000155482 0.0000006040 
0.0003489530 0.0000155482 0.0000006040 
0.0003489530 0.0000155482 0.0000006040 
0.0003489530 0.0000155482 0.0000006040 
0.0003489530 0.0000155482 0.0000006040 
0.0003489530 0.0000155482 0.0000006040 
0.0003489530 0.0000155482 0.0000006040 
0.0003489530 0.0000155482 0.0000006040 
0.0003489530 0.0000155482 0.0000006040 
0.0003489530 0.0000155482 0.0000006040 
0.0003489530 0.0000155482 0.0000006040 
0.0003489530 0.0000155482 0.0000006040 
0.0003489530 0.0000155482 0.0000006040 
0.0003489530 0.0000155482 0.0000006040 
0.0003489530 0.0000155482 0.0000006040 
0.0003489530 0.0000155482 0.0000006040 
0.0003489530 0.0000155482 0.0000006040 
0.0003489530 0.0000155482 0.0000006040 
0.0003489530 0.0000155482 0.0000006040 
0.0003489530 0.0000155482 0.0000006040 
0.0003489530 0.0000155482 0.0000006040 
0.0003489530 0.0000155482 0.0000006040 
0.0003489530 0.0000155482 0.0000006040 
0.0003489530 0.0000155482 0.0000006040 
0.0003489530 0.0000155482 0.0000006040 
0.0003489530 0.0000155482 0.0000006040 
0.0003489530 0.0000155482 0.0000006040 
0.0003489530 0.0000155482 0.0000006040 
0.0003489530 0.0000155482 0.0000006040 
0.0003489530 0.0000155482 0.0000006040 
0.0003489530 0.0000155482 0.0000006040 
0.0003489530 0.0000155482 0.0000006040 
0.0003489530 0.0000155482 0.0000006040 
0.0003489530 0.0000155482 0.0000006040 
0.0003489530 0.0000155482 0.0000006040 
0.0003489530 0.0000155482 0.0000006040 
0.0003489530 0.0000155482 0.0000006040 
0.0003489530 0.0000155482 0.0000006040 
0.0003489530 0.0000155482 0.0000006040 
0.0003489530 0.0000155482 0.0000006040 
0.0003489530 0.0000155482 0.0000006040 
0.0003489530 0.0000155482 0.0000006040 
0.0003489530 0.0000155482 0.0000006040 
0.0003489530 0.0000155482 0.0000006040 
0.0003489530 0.0000155482 0.0000006040 
0.0003489530 0.0000155482 0.0000006040 
0.0003489530 0.0000155482 0.0000006040 
0.0003489530 0.0000155482 0.0000006040 
0.0003489530 0.0000155482 0.0000006040 
0.0003489530 0.0000155482 0.0000006040 
0.0003489530 0.0000155482 0.0000006040 
0.0003489530 0.0000155482 0.0000006040 
0.0003489530 0.0000155482 0.0000006040 
0.0003489530 0.0000155482 0.0000006040 
0.0003489530 0.0000155482 0.0000006040 
0.0003489530 0.0000155482 0.0000006040 
0.0003489530 0.0000155482 0.0000006040 
0.0003489530 0.0000155482 0.0000006040 
0.0003489530 0.0000155482 0.0000006040 
0.0003489530 0.0000155482 0.0000006040 
0.0003489530 0.0000155482 0.0000006040 
0.0003489530 0.0000155482 0.0000006040 
0.0003489530 0.0000155482 0.0000006040 
0.0003489530 0.0000155482 0.0000006040 
0.0003489530 0.0000155482 0.0000006040 
0.0003489530 0.0000155482 0.0000006040 
0.0003489530 0.0000155482 0.0000006040 
0.0003489530 0.0000155482 0.0000006040 
0.0003489530 0.0000155482 0.0000006040 
0.0003489530 0.0000155482 0.0000006040 
0.0003489530 0.0000155482 0.0000006040 
0.0003489530 0.0000155482 0.0000006040 
0.0003489530 0.0000155482 0.0000006040 
0.0003489530 0.0000155482 0.0000006040 
0.0003489530 0.0000155482 0.0000006040 
0.0003489530 0.0000155482 0.0000006040 
0.0003489530 0.0000155482 0.0000006040 
0.0003489530 0.0000155482 0.0000006040 
0.0003489530 0.0000155482 0.0000006040 
0.0003489530 0.0000155482 0.0000006040 
0.0003489530 0.0000155482 0.0000006040 
0.0003489530 0.0000155482 0.0000006040 
0.0003489530 0.0000155482 0.0000006040 
0.0003489530 0.0000155482 0.0000006040 
0.0003489530 0.0000155482 0.0000006040 
0.0003489530 0.0000155482 0.0000006040 
0.0003489530 0.0000155482 0.0000006040 
0.0003489530 0.0000155482 0.0000006040 
0.0003489530 0.0000155482 0.0000006040 
0.0003489530 0.0000155482 0.0000006040 
0.0003489530 0.0000155482 0.0000006040 
0.0003489530 0.0000155482 0.0000006040 
0.0003489530 0.0000155482 0.0000006040 
0.0003489530 0.0000155482 0.0000006040 
0.0003489530 0.0000155482 0.0000006040 
0.0003489530 0.0000155482 0.0000006040 
0.0003489530 0.0000155482 0.0000006040 
0.0003489530 0.0000155482 0.0000006040 
0.0003489530 0.0000155482 0.0000006040 
0.0003489530 0.0000155482 0.0000006040 
0.0003489530 0.0000155482 0.0000006040 
0.0003489530 0.0000155482 0.0000006040 
0.0003489530 0.0000155482 0.0000006040 
0.0003489530 0.0000155482 0.0000006040 
0.0003489530 0.0000155482 0.0000006040 
0.0003489530 0.0000155482 0.0000006040 
0.0003489530 0.0000155482 0.0000006040 
0.0003489530 0.0000155482 0.0000006040 
0.0003489530 0.0000155482 0.0000006040 
0.0003489530 0.0000155482 0.0000006040 
0.0003489530 0.0000155482 0.0000006040 
0.0003489530 0.0000155482 0.0000006040 
0.0003489530 0.0000155482 0.0000006040 
0.0003489530 0.0000155482 0.0000006040 
0.0003489530 0.0000155482 0.0000006040 
0.0003489530 0.0000155482 0.0000006040 
0.0003489530 0.0000155482 0.0000006040 
0.0003489530 0.0000155482 0.0000006040 
0.0003489530 0.0000155482 0.0000006040 
0.0003489530 0.0000155482 0.0000006040 
0.0003489530 0.0000155482 0.0000006040 
0.0003489530 0.0000155482 0.0000006040 
0.0003489530 0.0000155482 0.0000006040 
0.0003489530 0.0000155482 0.0000006040 
0.0003489530 0.0000155482 0.0000006040 
0.0003489530 0.0000155482 0.0000006040 
0.0003489530 0.0000155482 0.0000006040 
0.0003489530 0.0000155482 0.0000006040 
0.0003489530 0.0000155482 0.0000006040 
0.0003489530 0.0000155482 0.0000006040 
0.0003489530 0.0000155482 0.0000006040 
0.0003489530 0.0000155482 0.0000006040 
0.0003489530 0.0000155482 0.0000006040 
0.0003489530 0.0000155482 0.0000006040 
0.0003489530 0.0000155482 0.0000006040 
0.0003489530 0.0000155482 0.0000006040 
0.0003489530 0.0000155482 0.0000006040 
0.0003489530 0.0000155482 0.0000006040 
0.0003489530 0.0000155482 0.0000006040 
0.0003489530 0.0000155482 0.0000006040 
0.0003489530 0.0000155482 0.0000006040 
0.0003489530 0.0000155482 0.0000006040 
0.0003489530 0.0000155482 0.0000006040 
0.0003489530 0.0000155482 0.0000006040 
0.0003489530 0.0000155482 0.0000006040 
0.0003489530 0.0000155482 0.0000006040 
0.0003489530 0.0000155482 0.0000006040 
0.0003489530 0.0000155482 0.0000006040 
0.0003489530 0.0000155482 0.0000006040 
0.0003489530 0.0000155482 0.0000006040 
0.0003489530 0.0000155482 0.0000006040 
0.0003489530 0.0000155482 0.0000006040 
0.0003489530 0.0000155482 0.0000006040 
0.0003489530 0.0000155482 0.0000006040 
0.0003489530 0.0000155482 0.0000006040 
0.0003489530 0.0000155482 0.0000006040 
0.0003489530 0.0000155482 0.0000006040 
0.0003489530 0.0000155482 0.0000006040 
0.0003489530 0.0000155482 0.0000006040 
0.0003489530 0.0000155482 0.0000006040 
0.0003489530 0.0000155482 0.0000006040 
0.0003489530 0.0000155482 0.0000006040 
0.0003489530 0.0000155482 0.0000006040 
0.0003489530 0.0000155482 0.0000006040 
0.0003489530 0.0000155482 0.0000006040 
0.0003489530 0.0000155482 0.0000006040 
0.0003489530 0.0000155482 0.0000006040 
0.0003489530 0.0000155482 0.0000006040 
0.0003489530 0.0000155482 0.0000006040 
0.0003489530 0.0000155482 0.0000006040 
0.0003489530 0.0000155482 0.0000006040 
0.0003489530 0.0000155482 0.0000006040 
0.0003489530 0.0000155482 0.0000006040 
0.0003489530 0.0000155482 0.0000006040 
0.0003489530 0.0000155482 0.0000006040 
0.0003489530 0.0000155482 0.0000006040 
0.0003489530 0.0000155482 0.0000006040 
0.0003489530 0.0000155482 0.0000006040 
0.0003489530 0.0000155482 0.0000006040 
0.0003489530 0.0000155482 0.0000006040 
0.0003489530 0.0000155482 0.0000006040 
0.0003489530 0.0000155482 0.0000006040 
0.0003489530 0.0000155482 0.0000006040 
0.0003489530 0.0000155482 0.0000006040 
0.0003489530 0.0000155482 0.0000006040 
0.0003489530 0.0000155482 0.0000006040 
0.0003489530 0.0000155482 0.0000006040 
0.0003489530 0.0000155482 0.0000006040 
0.0003489530 0.0000155482 0.0000006040 
0.0003489530 0.0000155482 0.0000006040 
0.0003489530 0.0000155482 0.0000006040 
0.0003489530 0.0000155482 0.0000006040 
0.0003489530 0.0000155482 0.0000006040 
0.0003489530 0.0000155482 0.0000006040 
0.0003489530 0.0000155482 0.0000006040 
0.0003489530 0.0000155482 0.0000006040 
0.0003489530 0.0000155482 0.0000006040 
0.0003489530 0.0000155482 0.0000006040 
0.0003489530 0.0000155482 0.0000006040 
0.0003489530 0.0000155482 0.0000006040 
0.0003489530 0.0000155482 0.0000006040 
0.0003489530 0.0000155482 0.0000006040 
0.0003489530 0.0000155482 0.0000006040 
0.0003489530 0.0000155482 0.0000006040 
0.0003489530 0.0000155482 0.0000006040 
0.0003489530 0.0000155482 0.0000006040 
0.0003489530 0.0000155482 0.0000006040 
0.0003489530 0.0000155482 0.0000006040 
0.0003489530 0.0000155482 0.0000006040 
0.0003489530 0.0000155482 0.0000006040 
0.0003489530 0.0000155482 0.0000006040 
0.0003489530 0.0000155482 0.0000006040 
0.0003489530 0.0000155482 0.0000006040 
0.0003489530 0.0000155482 0.0000006040 
0.0003489530 0.0000155482 0.0000006040 
0.0003489530 0.0000155482 0.0000006040 
0.0003489530 0.0000155482 0.0000006040 
0.0003489530 0.0000155482 0.0000006040 
0.0003489530 0.0000155482 0.0000006040 
0.0003489530 0.0000155482 0.0000006040 
0.0003489530 0.0000155482 0.0000006040 
0.0003489530 0.0000155482 0.0000006040 
0.0003489530 0.0000155482 0.0000006040 
0.0003489530 0.0000155482 0.0000006040 
0.0003489530 0.0000155482 0.0000006040 
0.0003489530 0.0000155482 0.0000006040 
0.0003489530 0.0000155482 0.0000006040 
0.0003489530 0.0000155482 0.0000006040 
0.0003489530 0.0000155482 0.0000006040 
0.0003489530 0.0000155482 0.0000006040 
0.0003489530 0.0000155482 0.0000006040 
0.0003489530 0.0000155482 0.0000006040 
0.0003489530 0.0000155482 0.0000006040 
0.0003489530 0.0000155482 0.0000006040 
0.0003489530 0.0000155482 0.0000006040 
0.0003489530 0.0000155482 0.0000006040 
0.0003489530 0.0000155482 0.0000006040 
0.0003489530 0.0000155482 0.0000006040 
0.0003489530 0.0000155482 0.0000006040 
0.0003489530 0.0000155482 0.0000006040 
0.0003489530 0.0000155482 0.0000006040 
0.0003489530 0.0000155482 0.0000006040 
0.0003489530 0.0000155482 0.0000006040 
0.0003489530 0.0000155482 0.0000006040 
0.0003489530 0.0000155482 0.0000006040 
0.0003489530 0.0000155482 0.0000006040 
0.0003489530 0.0000155482 0.0000006040 
0.0003489530 0.0000155482 0.0000006040 
0.0003489530 0.0000155482 0.0000006040 
0.0003489530 0.0000155482 0.0000006040 
0.0003489530 0.0000155482 0.0000006040 
0.0003489530 0.0000155482 0.0000006040 
0.0003489530 0.0000155482 0.0000006040 
0.0003489530 0.0000155482 0.0000006040 
0.0003489530 0.0000155482 0.0000006040 
0.0003489530 0.0000155482 0.0000006040 
0.0003489530 0.0000155482 0.0000006040 
0.0003489530 0.0000155482 0.0000006040 
0.0003489530 0.0000155482 0.0000006040 
0.0003489530 0.0000155482 0.0000006040 
0.0003489530 0.0000155482 0.0000006040 
0.0003489530 0.0000155482 0.0000006040 
0.0003489530 0.0000155482 0.0000006040 
0.0003489530 0.0000155482 0.0000006040 
0.0003489530 0.0000155482 0.0000006040 
0.0003489530 0.0000155482 0.0000006040 
0.0003489530 0.0000155482 0.0000006040 
0.0003489530 0.0000155482 0.0000006040 
0.0003489530 0.0000155482 0.0000006040 
0.0003489530 0.0000155482 0.0000006040 
0.0003489530 0.0000155482 0.0000006040 
0.0003489530 0.0000155482 0.0000006040 
0.0003489530 0.0000155482 0.0000006040 
0.0003489530 0.0000155482 0.0000006040 
0.0003489530 0.0000155482 0.0000006040 
0.0003489530 0.0000155482 0.0000006040 
0.0003489530 0.0000155482 0.0000006040 
0.0003489530 0.0000155482 0.0000006040 
0.0003489530 0.0000155482 0.0000006040 
0.0003489530 0.0000155482 0.0000006040 
0.0003489530 0.0000155482 0.0000006040 
0.0003489530 0.0000155482 0.0000006040 
0.0003489530 0.0000155482 0.0000006040 
0.0003489530 0.0000155482 0.0000006040 
0.0003489530 0.0000155482 0.0000006040 
0.0003489530 0.0000155482 0.0000006040 
0.0003489530 0.0000155482 0.0000006040 
0.0003489530 0.0000155482 0.0000006040 
0.0003489530 0.0000155482 0.0000006040 
0.0003489530 0.0000155482 0.0000006040 
0.0003489530 0.0000155482 0.0000006040 
0.0003489530 0.0000155482 0.0000006040 
0.0003489530 0.0000155482 0.0000006040 
0.0003489530 0.0000155482 0.0000006040 
0.0003489530 0.0000155482 0.0000006040 
0.0003489530 0.0000155482 0.0000006040 
0.0003489530 0.0000155482 0.0000006040 
0.0003489530 0.0000155482 0.0000006040 
0.0003489530 0.0000155482 0.0000006040 
0.0003489530 0.0000155482 0.0000006040 
0.0003489530 0.0000155482 0.0000006040 
0.0003489530 0.0000155482 0.0000006040 
0.0003489530 0.0000155482 0.0000006040 
0.0003489530 0.0000155482 0.0000006040 
0.0003489530 0.0000155482 0.0000006040 
0.0003489530 0.0000155482 0.0000006040 
0.0003489530 0.0000155482 0.0000006040 
0.0003489530 0.0000155482 0.0000006040 
0.0003489530 0.0000155482 0.0000006040 
0.0003489530 0.0000155482 0.0000006040 
0.0003489530 0.0000155482 0.0000006040 
0.0003489530 0.0000155482 0.0000006040 
0.0003489530 0.0000155482 0.0000006040 
0.0003489530 0.0000155482 0.0000006040 
0.0003489530 0.0000155482 0.0000006040 
0.0003489530 0.0000155482 0.0000006040 
0.0003489530 0.0000155482 0.0000006040 
0.0003489530 0.0000155482 0.0000006040 
0.0003489530 0.0000155482 0.0000006040 
0.0003489530 0.0000155482 0.0000006040 
0.0003489530 0.0000155482 0.0000006040 
0.0003489530 0.0000155482 0.0000006040 
0.0003489530 0.0000155482 0.0000006040 
0.0003489530 0.0000155482 0.0000006040 
0.0003489530 0.0000155482 0.0000006040 
0.0003489530 0.0000155482 0.0000006040 
0.0003489530 0.0000155482 0.0000006040 
0.0003489530 0.0000155482 0.0000006040 
0.0003489530 0.0000155482 0.0000006040 
0.0003489530 0.0000155482 0.0000006040 
0.0003489530 0.0000155482 0.0000006040 
0.0003489530 0.0000155482 0.0000006040 
0.0003489530 0.0000155482 0.0000006040 
0.0003489530 0.0000155482 0.0000006040 
0.0003489530 0.0000155482 0.0000006040 
0.0003489530 0.0000155482 0.0000006040 
0.0003489530 0.0000155482 0.0000006040 
0.0003489530 0.0000155482 0.0000006040 
0.0003489530 0.0000155482 0.0000006040 
0.0003489530 0.0000155482 0.0000006040 
0.0003489530 0.0000155482 0.0000006040 
0.0003489530 0.0000155482 0.0000006040 
0.0003489530 0.0000155482 0.0000006040 
0.0003489530 0.0000155482 0.0000006040 
0.0003489530 0.0000155482 0.0000006040 
0.0003489530 0.0000155482 0.0000006040 
0.0003489530 0.0000155482 0.0000006040 
0.0003489530 0.0000155482 0.0000006040 
0.0003489530 0.0000155482 0.0000006040 
0.0003489530 0.0000155482 0.0000006040 
0.0003489530 0.0000155482 0.0000006040 
0.0003489530 0.0000155482 0.0000006040 
0.0003489530 0.0000155482 0.0000006040 
0.0003489530 0.0000155482 0.0000006040 
0.0003489530 0.0000155482 0.0000006040 
0.0003489530 0.0000155482 0.0000006040 
0.0003489530 0.0000155482 0.0000006040 
0.0003489530 0.0000155482 0.0000006040 
0.0003489530 0.0000155482 0.0000006040 
0.0003489530 0.0000155482 0.0000006040 
0.0003489530 0.0000155482 0.0000006040 
0.0003489530 0.0000155482 0.0000006040 
0.0003489530 0.0000155482 0.0000006040 
0.0003489530 0.0000155482 0.0000006040 
0.0003489530 0.0000155482 0.0000006040 
0.0003489530 0.0000155482 0.0000006040 
0.0003489530 0.0000155482 0.0000006040 
0.0003489530 0.0000155482 0.0000006040 
0.0003489530 0.0000155482 0.0000006040 
0.0003489530 0.0000155482 0.0000006040 
0.0003489530 0.0000155482 0.0000006040 
0.0003489530 0.0000155482 0.0000006040 
0.0003489530 0.0000155482 0.0000006040 
0.0003489530 0.0000155482 0.0000006040 
0.0003489530 0.0000155482 0.0000006040 
0.0003489530 0.0000155482 0.0000006040 
0.0003489530 0.0000155482 0.0000006040 
0.0003489530 0.0000155482 0.0000006040 
0.0003489530 0.0000155482 0.0000006040 
0.0003489530 0.0000155482 0.0000006040 
0.0003489530 0.0000155482 0.0000006040 
0.0003489530 0.0000155482 0.0000006040 
0.0003489530 0.0000155482 0.0000006040 
0.0003489530 0.0000155482 0.0000006040 
0.0003489530 0.0000155482 0.0000006040 
0.0003489530 0.0000155482 0.0000006040 
0.0003489530 0.0000155482 0.0000006040 
0.0003489530 0.0000155482 0.0000006040 
0.0003489530 0.0000155482 0.0000006040 
0.0003489530 0.0000155482 0.0000006040 
0.0003489530 0.0000155482 0.0000006040 
0.0003489530 0.0000155482 0.0000006040 
0.0003489530 0.0000155482 0.0000006040 
0.0003489530 0.0000155482 0.0000006040 
0.0003489530 0.0000155482 0.0000006040 
0.0003489530 0.0000155482 0.0000006040 
0.0003489530 0.0000155482 0.0000006040 
0.0003489530 0.0000155482 0.0000006040 
0.0003489530 0.0000155482 0.0000006040 
0.0003489530 0.0000155482 0.0000006040 
0.0003489530 0.0000155482 0.0000006040 
0.0003489530 0.0000155482 0.0000006040 
0.0003489530 0.0000155482 0.0000006040 
0.0003489530 0.0000155482 0.0000006040 
0.0003489530 0.0000155482 0.0000006040 
0.0003489530 0.0000155482 0.0000006040 
0.0003489530 0.0000155482 0.0000006040 
0.0003489530 0.0000155482 0.0000006040 
0.0003489530 0.0000155482 0.0000006040 
0.0003489530 0.0000155482 0.0000006040 
0.0003489530 0.0000155482 0.0000006040 
0.0003489530 0.0000155482 0.0000006040 
0.0003489530 0.0000155482 0.0000006040 
0.0003489530 0.0000155482 0.0000006040 
0.0003489530 0.0000155482 0.0000006040 
0.0003489530 0.0000155482 0.0000006040 
0.0003489530 0.0000155482 0.0000006040 
0.0003489530 0.0000155482 0.0000006040 
0.0003489530 0.0000155482 0.0000006040 
0.0003489530 0.0000155482 0.0000006040 
0.0003489530 0.0000155482 0.0000006040 
0.0003489530 0.0000155482 0.0000006040 
0.0003489530 0.0000155482 0.0000006040 
0.0003489530 0.0000155482 0.0000006040 
0.0003489530 0.0000155482 0.0000006040 
0.0003489530 0.0000155482 0.0000006040 
0.0003489530 0.0000155482 0.0000006040 
0.0003489530 0.0000155482 0.0000006040 
0.0003489530 0.0000155482 0.0000006040 
0.0003489530 0.0000155482 0.0000006040 
0.0003489530 0.0000155482 0.0000006040 
0.0003489530 0.0000155482 0.0000006040 
0.0003489530 0.0000155482 0.0000006040 
0.0003489530 0.0000155482 0.0000006040 
0.0003489530 0.0000155482 0.0000006040 
0.0003489530 0.0000155482 0.0000006040 
0.0003489530 0.0000155482 0.0000006040 
0.0003489530 0.0000155482 0.0000006040 
0.0003489530 0.0000155482 0.0000006040 
0.0003489530 0.0000155482 0.0000006040 
0.0003489530 0.0000155482 0.0000006040 
0.0003489530 0.0000155482 0.0000006040 
0.0003489530 0.0000155482 0.0000006040 
0.0003489530 0.0000155482 0.0000006040 
0.0003489530 0.0000155482 0.0000006040 
0.0003489530 0.0000155482 0.0000006040 
0.0003489530 0.0000155482 0.0000006040 
0.0003489530 0.0000155482 0.0000006040 
0.0003489530 0.0000155482 0.0000006040 
0.0003489530 0.0000155482 0.0000006040 
0.0003489530 0.0000155482 0.0000006040 
0.0003489530 0.0000155482 0.0000006040 
0.0003489530 0.0000155482 0.0000006040 
0.0003489530 0.0000155482 0.0000006040 
0.0003489530 0.0000155482 0.0000006040 
0.0003489530 0.0000155482 0.0000006040 
0.0003489530 0.0000155482 0.0000006040 
0.0003489530 0.0000155482 0.0000006040 
0.0003489530 0.0000155482 0.0000006040 
0.0003489530 0.0000155482 0.0000006040 
0.0003489530 0.0000155482 0.0000006040 
0.0003489530 0.0000155482 0.0000006040 
0.0003489530 0.0000155482 0.0000006040 
0.0003489530 0.0000155482 0.0000006040 
0.0003489530 0.0000155482 0.0000006040 
0.0003489530 0.0000155482 0.0000006040 
0.0003489530 0.0000155482 0.0000006040 
0.0003489530 0.0000155482 0.0000006040 
0.0003489530 0.0000155482 0.0000006040 
0.0003489530 0.0000155482 0.0000006040 
0.0003489530 0.0000155482 0.0000006040 
0.0003489530 0.0000155482 0.0000006040 
0.0003489530 0.0000155482 0.0000006040 
0.0003489530 0.0000155482 0.0000006040 
0.0003489530 0.0000155482 0.0000006040 
0.0003489530 0.0000155482 0.0000006040 
0.0003489530 0.0000155482 0.0000006040 
0.0003489530 0.0000155482 0.0000006040 
0.0003489530 0.0000155482 0.0000006040 
0.0003489530 0.0000155482 0.0000006040 
0.0003489530 0.0000155482 0.0000006040 
0.0003489530 0.0000155482 0.0000006040 
0.0003489530 0.0000155482 0.0000006040 
0.0003489530 0.0000155482 0.0000006040 
0.0003489530 0.0000155482 0.0000006040 
0.0003489530 0.0000155482 0.0000006040 
0.0003489530 0.0000155482 0.0000006040 
0.0003489530 0.0000155482 0.0000006040 
0.0003489530 0.0000155482 0.0000006040 
0.0003489530 0.0000155482 0.0000006040 
0.0003489530 0.0000155482 0.0000006040 
0.0003489530 0.0000155482 0.0000006040 
0.0003489530 0.0000155482 0.0000006040 
0.0003489530 0.0000155482 0.0000006040 
0.0003489530 0.0000155482 0.0000006040 
0.0003489530 0.0000155482 0.0000006040 
0.0003489530 0.0000155482 0.0000006040 
0.0003489530 0.0000155482 0.0000006040 
0.0003489530 0.0000155482 0.0000006040 
