0.0002685919 0.0000510428 0.0001478141 
0.0002686877 0.0000512606 0.0001472033 
0.0002687847 0.0000514596 0.0001466181 
0.0002688875 0.0000516423 0.0001460489 
0.0002689985 0.0000518104 0.0001454896 
0.0002691187 0.0000519646 0.0001449356 
0.0002692484 0.0000521058 0.0001443840 
0.0002693877 0.0000522348 0.0001438325 
0.0002695365 0.0000523522 0.0001432797 
0.0002696945 0.0000524590 0.0001427247 
0.0002698615 0.0000525558 0.0001421667 
0.0002700374 0.0000526435 0.0001416054 
0.0002702218 0.0000527228 0.0001410404 
0.0002704144 0.0000527943 0.0001404716 
0.0002706151 0.0000528588 0.0001398990 
0.0002708237 0.0000529168 0.0001393226 
0.0002710398 0.0000529688 0.0001387423 
0.0002712632 0.0000530153 0.0001381584 
0.0002714936 0.0000530569 0.0001375709 
0.0002717308 0.0000530937 0.0001369800 
0.0002719746 0.0000531264 0.0001363858 
0.0002722247 0.0000531550 0.0001357885 
0.0002724809 0.0000531801 0.0001351883 
0.0002727431 0.0000532017 0.0001345854 
0.0002730111 0.0000532203 0.0001339800 
0.0002732847 0.0000532360 0.0001333722 
0.0002735637 0.0000532490 0.0001327623 
0.0002738481 0.0000532595 0.0001321505 
0.0002741376 0.0000532677 0.0001315369 
0.0002744320 0.0000532738 0.0001309218 
0.0002747312 0.0000532778 0.0001303054 
0.0002750349 0.0000532799 0.0001296878 
0.0002753431 0.0000532802 0.0001290693 
0.0002756555 0.0000532788 0.0001284500 
0.0002759719 0.0000532758 0.0001278301 
0.0002762921 0.0000532713 0.0001272098 
0.0002766160 0.0000532653 0.0001265893 
0.0002769434 0.0000532579 0.0001259688 
0.0002772741 0.0000532492 0.0001253484 
0.0002776078 0.0000532391 0.0001247282 
0.0002779445 0.0000532279 0.0001241085 
0.0002782840 0.0000532154 0.0001234894 
0.0002786261 0.0000532018 0.0001228711 
0.0002789707 0.0000531871 0.0001222536 
0.0002793175 0.0000531713 0.0001216371 
0.0002796666 0.0000531545 0.0001210218 
0.0002800176 0.0000531367 0.0001204077 
0.0002803704 0.0000531180 0.0001197950 
0.0002807250 0.0000530983 0.0001191838 
0.0002810812 0.0000530777 0.0001185743 
0.0002814387 0.0000530562 0.0001179665 
0.0002817976 0.0000530338 0.0001173606 
0.0002821576 0.0000530107 0.0001167566 
0.0002825187 0.0000529867 0.0001161546 
0.0002828807 0.0000529619 0.0001155548 
0.0002832434 0.0000529364 0.0001149573 
0.0002836068 0.0000529100 0.0001143620 
0.0002839708 0.0000528830 0.0001137692 
0.0002843352 0.0000528552 0.0001131789 
0.0002847000 0.0000528268 0.0001125911 
0.0002850650 0.0000527976 0.0001120060 
0.0002854302 0.0000527678 0.0001114235 
0.0002857953 0.0000527373 0.0001108438 
0.0002861605 0.0000527062 0.0001102669 
0.0002865254 0.0000526744 0.0001096929 
0.0002868900 0.0000526420 0.0001091219 
0.0002872543 0.0000526091 0.0001085539 
0.0002876181 0.0000525755 0.0001079888 
0.0002879816 0.0000525414 0.0001074266 
0.0002883445 0.0000525067 0.0001068677 
0.0002887067 0.0000524715 0.0001063119 
0.0002890682 0.0000524354 0.0001057594 
0.0002894293 0.0000523986 0.0001052095 
0.0002897898 0.0000523610 0.0001046623 
0.0002901496 0.0000523230 0.0001041177 
0.0002905092 0.0000522842 0.0001035749 
0.0002908683 0.0000522447 0.0001030341 
0.0002912269 0.0000522047 0.0001024954 
0.0002915846 0.0000521642 0.0001019591 
0.0002919412 0.0000521231 0.0001014257 
0.0002922966 0.0000520816 0.0001008951 
0.0002926507 0.0000520395 0.0001003674 
0.0002930033 0.0000519971 0.0000998425 
0.0002933543 0.0000519544 0.0000993207 
0.0002937039 0.0000519114 0.0000988017 
0.0002940519 0.0000518681 0.0000982857 
0.0002943985 0.0000518245 0.0000977726 
0.0002947435 0.0000517806 0.0000972623 
0.0002950871 0.0000517362 0.0000967549 
0.0002954291 0.0000516914 0.0000962503 
0.0002957695 0.0000516459 0.0000957484 
0.0002961084 0.0000515998 0.0000952493 
0.0002964457 0.0000515532 0.0000947531 
0.0002967818 0.0000515064 0.0000942589 
0.0002971166 0.0000514592 0.0000937671 
0.0002974498 0.0000514116 0.0000932780 
0.0002977814 0.0000513637 0.0000927916 
0.0002981113 0.0000513152 0.0000923077 
0.0002984396 0.0000512662 0.0000918265 
0.0002987660 0.0000512165 0.0000913480 
0.0002990907 0.0000511660 0.0000908720 
0.0002994136 0.0000511144 0.0000903987 
0.0002997352 0.0000510618 0.0000899273 
0.0003000552 0.0000510083 0.0000894582 
0.0003003733 0.0000509535 0.0000889915 
0.0003006898 0.0000508982 0.0000885265 
0.0003010047 0.0000508418 0.0000880634 
0.0003013178 0.0000507843 0.0000876026 
0.0003016292 0.0000507257 0.0000871438 
0.0003019387 0.0000506660 0.0000866871 
0.0003022460 0.0000506052 0.0000862330 
0.0003025510 0.0000505434 0.0000857817 
0.0003028538 0.0000504803 0.0000853331 
0.0003031542 0.0000504163 0.0000848871 
0.0003034525 0.0000503515 0.0000844437 
0.0003037485 0.0000502861 0.0000840027 
0.0003040421 0.0000502200 0.0000835644 
0.0003043334 0.0000501533 0.0000831289 
0.0003046221 0.0000500860 0.0000826963 
0.0003049081 0.0000500182 0.0000822670 
0.0003051914 0.0000499498 0.0000818407 
0.0003054720 0.0000498809 0.0000814176 
0.0003057498 0.0000498112 0.0000809977 
0.0003060247 0.0000497410 0.0000805812 
0.0003062966 0.0000496706 0.0000801681 
0.0003065654 0.0000496000 0.0000797585 
0.0003068314 0.0000495292 0.0000793521 
0.0003070947 0.0000494581 0.0000789487 
0.0003073553 0.0000493863 0.0000785479 
0.0003076129 0.0000493144 0.0000781502 
0.0003078675 0.0000492425 0.0000777559 
0.0003081194 0.0000491704 0.0000773646 
0.0003083685 0.0000490982 0.0000769769 
0.0003086151 0.0000490260 0.0000765922 
0.0003088593 0.0000489538 0.0000762104 
0.0003091013 0.0000488821 0.0000758313 
0.0003093413 0.0000488105 0.0000754542 
0.0003095791 0.0000487392 0.0000750792 
0.0003098149 0.0000486680 0.0000747058 
0.0003100487 0.0000485968 0.0000743339 
0.0003102803 0.0000485258 0.0000739638 
0.0003105096 0.0000484548 0.0000735959 
0.0003107367 0.0000483838 0.0000732302 
0.0003109616 0.0000483127 0.0000728666 
0.0003111841 0.0000482414 0.0000725051 
0.0003114039 0.0000481700 0.0000721464 
0.0003116212 0.0000480986 0.0000717902 
0.0003118362 0.0000480272 0.0000714364 
0.0003120489 0.0000479556 0.0000710849 
0.0003122593 0.0000478840 0.0000707356 
0.0003124675 0.0000478121 0.0000703886 
0.0003126735 0.0000477402 0.0000700440 
0.0003128772 0.0000476683 0.0000697017 
0.0003130787 0.0000475963 0.0000693618 
0.0003132781 0.0000475242 0.0000690241 
0.0003134754 0.0000474518 0.0000686884 
0.0003136707 0.0000473790 0.0000683546 
0.0003138640 0.0000473058 0.0000680226 
0.0003140552 0.0000472320 0.0000676926 
0.0003142443 0.0000471576 0.0000673643 
0.0003144315 0.0000470828 0.0000670376 
0.0003146169 0.0000470077 0.0000667124 
0.0003148004 0.0000469322 0.0000663886 
0.0003149822 0.0000468564 0.0000660662 
0.0003151621 0.0000467803 0.0000657452 
0.0003153400 0.0000467039 0.0000654259 
0.0003155226 0.0000466274 0.0000651025 
0.0003157089 0.0000465510 0.0000647768 
0.0003158966 0.0000464749 0.0000644512 
0.0003160843 0.0000463992 0.0000641276 
0.0003162712 0.0000463241 0.0000638067 
0.0003164548 0.0000462496 0.0000634899 
0.0003166354 0.0000461756 0.0000631768 
0.0003168132 0.0000461022 0.0000628666 
0.0003169885 0.0000460294 0.0000625587 
0.0003171640 0.0000459572 0.0000622508 
0.0003173394 0.0000458858 0.0000619437 
0.0003175127 0.0000458152 0.0000616389 
0.0003176837 0.0000457452 0.0000613366 
0.0003178522 0.0000456761 0.0000610367 
0.0003180187 0.0000456080 0.0000607383 
0.0003181837 0.0000455407 0.0000604408 
0.0003183476 0.0000454741 0.0000601439 
0.0003185105 0.0000454083 0.0000598477 
0.0003186722 0.0000453433 0.0000595523 
0.0003188328 0.0000452791 0.0000592577 
0.0003189922 0.0000452157 0.0000589641 
0.0003191504 0.0000451534 0.0000586714 
0.0003193076 0.0000450921 0.0000583796 
0.0003194636 0.0000450318 0.0000580889 
0.0003196183 0.0000449725 0.0000577990 
0.0003197719 0.0000449141 0.0000575102 
0.0003199242 0.0000448565 0.0000572222 
0.0003200760 0.0000447990 0.0000569346 
0.0003202267 0.0000447421 0.0000566479 
0.0003203762 0.0000446859 0.0000563622 
0.0003205246 0.0000446309 0.0000560775 
0.0003206718 0.0000445766 0.0000557938 
0.0003208179 0.0000445232 0.0000555112 
0.0003209628 0.0000444704 0.0000552294 
0.0003211066 0.0000444183 0.0000549484 
0.0003212494 0.0000443669 0.0000546683 
0.0003213908 0.0000443164 0.0000543892 
0.0003215312 0.0000442670 0.0000541108 
0.0003216704 0.0000442186 0.0000538330 
0.0003218087 0.0000441710 0.0000535558 
0.0003219460 0.0000441241 0.0000532791 
0.0003220822 0.0000440779 0.0000530032 
0.0003222175 0.0000440322 0.0000527279 
0.0003223516 0.0000439870 0.0000524532 
0.0003224847 0.0000439420 0.0000521792 
0.0003226168 0.0000438972 0.0000519057 
0.0003227479 0.0000438527 0.0000516328 
0.0003228783 0.0000438081 0.0000513600 
0.0003230077 0.0000437636 0.0000510877 
0.0003231363 0.0000437193 0.0000508159 
0.0003232640 0.0000436751 0.0000505447 
0.0003233908 0.0000436311 0.0000502740 
0.0003235167 0.0000435873 0.0000500040 
0.0003236418 0.0000435435 0.0000497344 
0.0003237661 0.0000434998 0.0000494656 
0.0003238894 0.0000434561 0.0000491974 
0.0003240119 0.0000434122 0.0000489298 
0.0003241335 0.0000433682 0.0000486630 
0.0003242543 0.0000433240 0.0000483969 
0.0003243741 0.0000432797 0.0000481316 
0.0003244927 0.0000432351 0.0000478674 
0.0003246098 0.0000431900 0.0000476048 
0.0003247259 0.0000431447 0.0000473434 
0.0003248410 0.0000430993 0.0000470828 
0.0003249553 0.0000430537 0.0000468230 
0.0003250689 0.0000430082 0.0000465639 
0.0003251816 0.0000429626 0.0000463056 
0.0003252934 0.0000429172 0.0000460481 
0.0003254042 0.0000428718 0.0000457915 
0.0003255143 0.0000428261 0.0000455355 
0.0003256237 0.0000427800 0.0000452802 
0.0003257323 0.0000427336 0.0000450257 
0.0003258402 0.0000426869 0.0000447720 
0.0003259474 0.0000426400 0.0000445191 
0.0003260538 0.0000425929 0.0000442671 
0.0003261594 0.0000425455 0.0000440159 
0.0003262645 0.0000424979 0.0000437655 
0.0003263689 0.0000424501 0.0000435158 
0.0003264728 0.0000424020 0.0000432667 
0.0003265768 0.0000423529 0.0000430177 
0.0003266803 0.0000423038 0.0000427695 
0.0003267835 0.0000422543 0.0000425219 
0.0003268864 0.0000422044 0.0000422748 
0.0003269891 0.0000421543 0.0000420283 
0.0003270914 0.0000421042 0.0000417824 
0.0003271937 0.0000420538 0.0000415368 
0.0003272959 0.0000420030 0.0000412917 
0.0003273979 0.0000419521 0.0000410471 
0.0003274995 0.0000419012 0.0000408032 
0.0003276008 0.0000418505 0.0000405598 
0.0003277019 0.0000417999 0.0000403170 
0.0003278027 0.0000417494 0.0000400748 
0.0003279032 0.0000416990 0.0000398332 
0.0003280034 0.0000416486 0.0000395921 
0.0003281032 0.0000415983 0.0000393516 
0.0003282028 0.0000415480 0.0000391116 
0.0003283020 0.0000414975 0.0000388723 
0.0003284007 0.0000414468 0.0000386337 
0.0003284991 0.0000413959 0.0000383957 
0.0003285971 0.0000413448 0.0000381584 
0.0003286941 0.0000412939 0.0000379230 
0.0003287906 0.0000412431 0.0000376886 
0.0003288867 0.0000411923 0.0000374551 
0.0003289825 0.0000411415 0.0000372222 
0.0003290781 0.0000410907 0.0000369899 
0.0003291734 0.0000410400 0.0000367581 
0.0003292685 0.0000409892 0.0000365269 
0.0003293634 0.0000409385 0.0000362961 
0.0003294582 0.0000408879 0.0000360658 
0.0003295530 0.0000408377 0.0000358360 
0.0003296478 0.0000407878 0.0000356066 
0.0003297423 0.0000407378 0.0000353776 
0.0003298369 0.0000406872 0.0000351490 
0.0003299314 0.0000406371 0.0000349206 
0.0003300256 0.0000405875 0.0000346924 
0.0003301196 0.0000405384 0.0000344644 
0.0003302134 0.0000404899 0.0000342367 
0.0003303070 0.0000404425 0.0000340092 
0.0003304004 0.0000403960 0.0000337819 
0.0003304936 0.0000403502 0.0000335550 
0.0003305865 0.0000403051 0.0000333285 
0.0003306788 0.0000402603 0.0000331026 
0.0003307708 0.0000402158 0.0000328773 
0.0003308621 0.0000401714 0.0000326527 
0.0003309529 0.0000401271 0.0000324287 
0.0003310434 0.0000400831 0.0000322051 
0.0003311335 0.0000400395 0.0000319821 
0.0003312233 0.0000399963 0.0000317594 
0.0003313128 0.0000399537 0.0000315373 
0.0003314022 0.0000399118 0.0000313153 
0.0003314915 0.0000398703 0.0000310933 
0.0003315807 0.0000398292 0.0000308714 
0.0003316694 0.0000397899 0.0000306498 
0.0003317577 0.0000397523 0.0000304286 
0.0003318455 0.0000397162 0.0000302076 
0.0003319329 0.0000396812 0.0000299870 
0.0003320198 0.0000396475 0.0000297669 
0.0003321063 0.0000396149 0.0000295473 
0.0003321924 0.0000395830 0.0000293285 
0.0003322780 0.0000395518 0.0000291103 
0.0003323633 0.0000395210 0.0000288928 
0.0003324483 0.0000394908 0.0000286761 
0.0003325328 0.0000394612 0.0000284602 
0.0003326171 0.0000394318 0.0000282448 
0.0003327010 0.0000394027 0.0000280299 
0.0003327846 0.0000393738 0.0000278155 
0.0003328678 0.0000393452 0.0000276018 
0.0003329506 0.0000393167 0.0000273887 
0.0003330330 0.0000392883 0.0000271762 
0.0003331151 0.0000392601 0.0000269644 
0.0003331967 0.0000392321 0.0000267532 
0.0003332780 0.0000392042 0.0000265426 
0.0003333588 0.0000391765 0.0000263328 
0.0003334392 0.0000391489 0.0000261237 
0.0003335192 0.0000391215 0.0000259153 
0.0003335989 0.0000390941 0.0000257076 
0.0003336782 0.0000390668 0.0000255005 
0.0003337577 0.0000390387 0.0000252937 
0.0003338368 0.0000390103 0.0000250877 
0.0003339155 0.0000389816 0.0000248827 
0.0003339936 0.0000389528 0.0000246786 
0.0003340713 0.0000389237 0.0000244754 
0.0003341485 0.0000388945 0.0000242732 
0.0003342253 0.0000388650 0.0000240719 
0.0003343018 0.0000388353 0.0000238714 
0.0003343789 0.0000388044 0.0000236710 
0.0003344564 0.0000387725 0.0000234711 
0.0003345337 0.0000387395 0.0000232721 
0.0003346108 0.0000387055 0.0000230738 
0.0003346880 0.0000386704 0.0000228764 
0.0003347651 0.0000386344 0.0000226798 
0.0003348422 0.0000385975 0.0000224840 
0.0003349193 0.0000385597 0.0000222892 
0.0003349962 0.0000385213 0.0000220952 
0.0003350731 0.0000384822 0.0000219023 
0.0003351494 0.0000384424 0.0000217107 
0.0003352255 0.0000384021 0.0000215203 
0.0003353013 0.0000383612 0.0000213309 
0.0003353771 0.0000383198 0.0000211425 
0.0003354527 0.0000382781 0.0000209551 
0.0003355282 0.0000382360 0.0000207685 
0.0003356036 0.0000381936 0.0000205829 
0.0003356794 0.0000381513 0.0000203979 
0.0003357554 0.0000381094 0.0000202135 
0.0003358317 0.0000380678 0.0000200299 
0.0003359082 0.0000380258 0.0000198466 
0.0003359848 0.0000379832 0.0000196641 
0.0003360615 0.0000379397 0.0000194825 
0.0003361381 0.0000378953 0.0000193020 
0.0003362147 0.0000378501 0.0000191225 
0.0003362914 0.0000378039 0.0000189440 
0.0003363679 0.0000377569 0.0000187665 
0.0003364445 0.0000377090 0.0000185902 
0.0003365211 0.0000376603 0.0000184148 
0.0003365978 0.0000376109 0.0000182406 
0.0003366747 0.0000375608 0.0000180674 
0.0003367518 0.0000375101 0.0000178952 
0.0003368292 0.0000374587 0.0000177240 
0.0003369069 0.0000374067 0.0000175537 
0.0003369850 0.0000373542 0.0000173843 
0.0003370633 0.0000373012 0.0000172159 
0.0003371418 0.0000372479 0.0000170486 
0.0003372205 0.0000371945 0.0000168823 
0.0003372997 0.0000371405 0.0000167168 
0.0003373792 0.0000370861 0.0000165522 
0.0003374590 0.0000370314 0.0000163888 
0.0003375391 0.0000369762 0.0000162264 
0.0003376195 0.0000369207 0.0000160651 
0.0003377001 0.0000368650 0.0000159051 
0.0003377806 0.0000368093 0.0000157466 
0.0003378613 0.0000367535 0.0000155891 
0.0003379422 0.0000366975 0.0000154328 
0.0003380233 0.0000366414 0.0000152777 
0.0003381044 0.0000365855 0.0000151239 
0.0003381867 0.0000365310 0.0000149711 
0.0003382710 0.0000364788 0.0000148191 
0.0003383572 0.0000364296 0.0000146681 
0.0003384455 0.0000363832 0.0000145179 
0.0003385356 0.0000363400 0.0000143687 
0.0003386268 0.0000363000 0.0000142207 
0.0003387188 0.0000362633 0.0000140747 
0.0003388112 0.0000362286 0.0000139295 
0.0003389041 0.0000361974 0.0000137863 
0.0003389970 0.0000361689 0.0000136451 
0.0003390899 0.0000361426 0.0000135058 
0.0003391828 0.0000361179 0.0000133678 
0.0003392757 0.0000360945 0.0000132310 
0.0003393686 0.0000360722 0.0000130951 
0.0003394619 0.0000360506 0.0000129598 
0.0003395555 0.0000360296 0.0000128249 
0.0003396495 0.0000360088 0.0000126905 
0.0003397440 0.0000359881 0.0000125566 
0.0003398387 0.0000359672 0.0000124232 
0.0003399338 0.0000359459 0.0000122903 
0.0003400292 0.0000359245 0.0000121580 
0.0003401248 0.0000359029 0.0000120264 
0.0003402206 0.0000358812 0.0000118954 
0.0003403166 0.0000358594 0.0000117651 
0.0003404128 0.0000358374 0.0000116355 
0.0003405091 0.0000358152 0.0000115067 
0.0003406054 0.0000357929 0.0000113787 
0.0003407024 0.0000357700 0.0000112508 
0.0003408003 0.0000357467 0.0000111231 
0.0003408988 0.0000357229 0.0000109955 
0.0003409978 0.0000356987 0.0000108682 
0.0003410969 0.0000356740 0.0000107413 
0.0003411961 0.0000356490 0.0000106149 
0.0003412951 0.0000356236 0.0000104891 
0.0003413938 0.0000355980 0.0000103640 
0.0003414921 0.0000355721 0.0000102396 
0.0003415899 0.0000355460 0.0000101160 
0.0003416871 0.0000355198 0.0000099933 
0.0003417835 0.0000354935 0.0000098715 
0.0003418793 0.0000354671 0.0000097507 
0.0003419742 0.0000354407 0.0000096310 
0.0003420683 0.0000354143 0.0000095124 
0.0003421615 0.0000353878 0.0000093949 
0.0003422539 0.0000353612 0.0000092786 
0.0003423453 0.0000353345 0.0000091634 
0.0003424358 0.0000353077 0.0000090494 
0.0003425254 0.0000352809 0.0000089366 
0.0003426140 0.0000352541 0.0000088251 
0.0003427016 0.0000352272 0.0000087149 
0.0003427883 0.0000352002 0.0000086060 
0.0003428739 0.0000351733 0.0000084985 
0.0003429585 0.0000351463 0.0000083923 
0.0003430420 0.0000351193 0.0000082875 
0.0003431246 0.0000350924 0.0000081840 
0.0003432062 0.0000350654 0.0000080820 
0.0003432867 0.0000350385 0.0000079812 
0.0003433663 0.0000350116 0.0000078818 
0.0003434449 0.0000349847 0.0000077838 
0.0003435225 0.0000349580 0.0000076871 
0.0003435993 0.0000349314 0.0000075916 
0.0003436755 0.0000349052 0.0000074970 
0.0003437511 0.0000348794 0.0000074034 
0.0003438259 0.0000348537 0.0000073107 
0.0003438999 0.0000348282 0.0000072191 
0.0003439730 0.0000348028 0.0000071287 
0.0003440452 0.0000347776 0.0000070393 
0.0003441162 0.0000347521 0.0000069511 
0.0003441863 0.0000347268 0.0000068641 
0.0003442555 0.0000347016 0.0000067782 
0.0003443237 0.0000346767 0.0000066935 
0.0003443911 0.0000346519 0.0000066098 
0.0003444572 0.0000346274 0.0000065276 
0.0003445221 0.0000346030 0.0000064466 
0.0003445856 0.0000345788 0.0000063670 
0.0003446478 0.0000345548 0.0000062886 
0.0003447089 0.0000345311 0.0000062113 
0.0003447692 0.0000345076 0.0000061348 
0.0003448288 0.0000344842 0.0000060591 
0.0003448879 0.0000344609 0.0000059841 
0.0003449466 0.0000344375 0.0000059097 
0.0003450052 0.0000344142 0.0000058357 
0.0003450638 0.0000343908 0.0000057621 
0.0003451226 0.0000343674 0.0000056887 
0.0003451817 0.0000343440 0.0000056155 
0.0003452413 0.0000343207 0.0000055425 
0.0003453013 0.0000342973 0.0000054697 
0.0003453616 0.0000342740 0.0000053973 
0.0003454221 0.0000342509 0.0000053253 
0.0003454826 0.0000342277 0.0000052538 
0.0003455431 0.0000342047 0.0000051829 
0.0003456035 0.0000341817 0.0000051126 
0.0003456637 0.0000341588 0.0000050430 
0.0003457236 0.0000341359 0.0000049740 
0.0003457833 0.0000341131 0.0000049059 
0.0003458425 0.0000340904 0.0000048384 
0.0003459012 0.0000340678 0.0000047718 
0.0003459595 0.0000340453 0.0000047059 
0.0003460172 0.0000340228 0.0000046409 
0.0003460744 0.0000340004 0.0000045766 
0.0003461309 0.0000339780 0.0000045132 
0.0003461868 0.0000339557 0.0000044505 
0.0003462420 0.0000339335 0.0000043886 
0.0003462964 0.0000339115 0.0000043276 
0.0003463501 0.0000338897 0.0000042673 
0.0003464032 0.0000338674 0.0000042077 
0.0003464555 0.0000338448 0.0000041489 
0.0003465070 0.0000338213 0.0000040909 
0.0003465576 0.0000337974 0.0000040339 
0.0003466073 0.0000337736 0.0000039776 
0.0003466561 0.0000337497 0.0000039221 
0.0003467040 0.0000337260 0.0000038675 
0.0003467510 0.0000337023 0.0000038135 
0.0003467969 0.0000336788 0.0000037604 
0.0003468419 0.0000336555 0.0000037079 
0.0003468859 0.0000336321 0.0000036562 
0.0003469289 0.0000336086 0.0000036052 
0.0003469709 0.0000335851 0.0000035550 
0.0003470119 0.0000335615 0.0000035054 
0.0003470519 0.0000335378 0.0000034564 
0.0003470907 0.0000335139 0.0000034082 
0.0003471284 0.0000334897 0.0000033606 
0.0003471649 0.0000334652 0.0000033139 
0.0003472000 0.0000334405 0.0000032679 
0.0003472336 0.0000334157 0.0000032226 
0.0003472646 0.0000333909 0.0000031780 
0.0003472646 0.0000333909 0.0000031780 
0.0003472646 0.0000333909 0.0000031780 
0.0003472646 0.0000333909 0.0000031780 
0.0003472646 0.0000333909 0.0000031780 
0.0003472646 0.0000333909 0.0000031780 
0.0003472646 0.0000333909 0.0000031780 
0.0003472646 0.0000333909 0.0000031780 
0.0003472646 0.0000333909 0.0000031780 
0.0003472646 0.0000333909 0.0000031780 
0.0003472646 0.0000333909 0.0000031780 
0.0003472646 0.0000333909 0.0000031780 
0.0003472646 0.0000333909 0.0000031780 
0.0003472646 0.0000333909 0.0000031780 
0.0003472646 0.0000333909 0.0000031780 
0.0003472646 0.0000333909 0.0000031780 
0.0003472646 0.0000333909 0.0000031780 
0.0003472646 0.0000333909 0.0000031780 
0.0003472646 0.0000333909 0.0000031780 
0.0003472646 0.0000333909 0.0000031780 
0.0003472646 0.0000333909 0.0000031780 
0.0003472646 0.0000333909 0.0000031780 
0.0003472646 0.0000333909 0.0000031780 
0.0003472646 0.0000333909 0.0000031780 
0.0003472646 0.0000333909 0.0000031780 
0.0003472646 0.0000333909 0.0000031780 
0.0003472646 0.0000333909 0.0000031780 
0.0003472646 0.0000333909 0.0000031780 
0.0003472646 0.0000333909 0.0000031780 
0.0003472646 0.0000333909 0.0000031780 
0.0003472646 0.0000333909 0.0000031780 
0.0003472646 0.0000333909 0.0000031780 
0.0003472646 0.0000333909 0.0000031780 
0.0003472646 0.0000333909 0.0000031780 
0.0003472646 0.0000333909 0.0000031780 
0.0003472646 0.0000333909 0.0000031780 
0.0003472646 0.0000333909 0.0000031780 
0.0003472646 0.0000333909 0.0000031780 
0.0003472646 0.0000333909 0.0000031780 
0.0003472646 0.0000333909 0.0000031780 
0.0003472646 0.0000333909 0.0000031780 
0.0003472646 0.0000333909 0.0000031780 
0.0003472646 0.0000333909 0.0000031780 
0.0003472646 0.0000333909 0.0000031780 
0.0003472646 0.0000333909 0.0000031780 
0.0003472646 0.0000333909 0.0000031780 
0.0003472646 0.0000333909 0.0000031780 
0.0003472646 0.0000333909 0.0000031780 
0.0003472646 0.0000333909 0.0000031780 
0.0003472646 0.0000333909 0.0000031780 
0.0003472646 0.0000333909 0.0000031780 
0.0003472646 0.0000333909 0.0000031780 
0.0003472646 0.0000333909 0.0000031780 
0.0003472646 0.0000333909 0.0000031780 
0.0003472646 0.0000333909 0.0000031780 
0.0003472646 0.0000333909 0.0000031780 
0.0003472646 0.0000333909 0.0000031780 
0.0003472646 0.0000333909 0.0000031780 
0.0003472646 0.0000333909 0.0000031780 
0.0003472646 0.0000333909 0.0000031780 
0.0003472646 0.0000333909 0.0000031780 
0.0003472646 0.0000333909 0.0000031780 
0.0003472646 0.0000333909 0.0000031780 
0.0003472646 0.0000333909 0.0000031780 
0.0003472646 0.0000333909 0.0000031780 
0.0003472646 0.0000333909 0.0000031780 
0.0003472646 0.0000333909 0.0000031780 
0.0003472646 0.0000333909 0.0000031780 
0.0003472646 0.0000333909 0.0000031780 
0.0003472646 0.0000333909 0.0000031780 
0.0003472646 0.0000333909 0.0000031780 
0.0003472646 0.0000333909 0.0000031780 
0.0003472646 0.0000333909 0.0000031780 
0.0003472646 0.0000333909 0.0000031780 
0.0003472646 0.0000333909 0.0000031780 
0.0003472646 0.0000333909 0.0000031780 
0.0003472646 0.0000333909 0.0000031780 
0.0003472646 0.0000333909 0.0000031780 
0.0003472646 0.0000333909 0.0000031780 
0.0003472646 0.0000333909 0.0000031780 
0.0003472646 0.0000333909 0.0000031780 
0.0003472646 0.0000333909 0.0000031780 
0.0003472646 0.0000333909 0.0000031780 
0.0003472646 0.0000333909 0.0000031780 
0.0003472646 0.0000333909 0.0000031780 
0.0003472646 0.0000333909 0.0000031780 
0.0003472646 0.0000333909 0.0000031780 
0.0003472646 0.0000333909 0.0000031780 
0.0003472646 0.0000333909 0.0000031780 
0.0003472646 0.0000333909 0.0000031780 
0.0003472646 0.0000333909 0.0000031780 
0.0003472646 0.0000333909 0.0000031780 
0.0003472646 0.0000333909 0.0000031780 
0.0003472646 0.0000333909 0.0000031780 
0.0003472646 0.0000333909 0.0000031780 
0.0003472646 0.0000333909 0.0000031780 
0.0003472646 0.0000333909 0.0000031780 
0.0003472646 0.0000333909 0.0000031780 
0.0003472646 0.0000333909 0.0000031780 
0.0003472646 0.0000333909 0.0000031780 
0.0003472646 0.0000333909 0.0000031780 
0.0003472646 0.0000333909 0.0000031780 
0.0003472646 0.0000333909 0.0000031780 
0.0003472646 0.0000333909 0.0000031780 
0.0003472646 0.0000333909 0.0000031780 
0.0003472646 0.0000333909 0.0000031780 
0.0003472646 0.0000333909 0.0000031780 
0.0003472646 0.0000333909 0.0000031780 
0.0003472646 0.0000333909 0.0000031780 
0.0003472646 0.0000333909 0.0000031780 
0.0003472646 0.0000333909 0.0000031780 
0.0003472646 0.0000333909 0.0000031780 
0.0003472646 0.0000333909 0.0000031780 
0.0003472646 0.0000333909 0.0000031780 
0.0003472646 0.0000333909 0.0000031780 
0.0003472646 0.0000333909 0.0000031780 
0.0003472646 0.0000333909 0.0000031780 
0.0003472646 0.0000333909 0.0000031780 
0.0003472646 0.0000333909 0.0000031780 
0.0003472646 0.0000333909 0.0000031780 
0.0003472646 0.0000333909 0.0000031780 
0.0003472646 0.0000333909 0.0000031780 
0.0003472646 0.0000333909 0.0000031780 
0.0003472646 0.0000333909 0.0000031780 
0.0003472646 0.0000333909 0.0000031780 
0.0003472646 0.0000333909 0.0000031780 
0.0003472646 0.0000333909 0.0000031780 
0.0003472646 0.0000333909 0.0000031780 
0.0003472646 0.0000333909 0.0000031780 
0.0003472646 0.0000333909 0.0000031780 
0.0003472646 0.0000333909 0.0000031780 
0.0003472646 0.0000333909 0.0000031780 
0.0003472646 0.0000333909 0.0000031780 
0.0003472646 0.0000333909 0.0000031780 
0.0003472646 0.0000333909 0.0000031780 
0.0003472646 0.0000333909 0.0000031780 
0.0003472646 0.0000333909 0.0000031780 
0.0003472646 0.0000333909 0.0000031780 
0.0003472646 0.0000333909 0.0000031780 
0.0003472646 0.0000333909 0.0000031780 
0.0003472646 0.0000333909 0.0000031780 
0.0003472646 0.0000333909 0.0000031780 
0.0003472646 0.0000333909 0.0000031780 
0.0003472646 0.0000333909 0.0000031780 
0.0003472646 0.0000333909 0.0000031780 
0.0003472646 0.0000333909 0.0000031780 
0.0003472646 0.0000333909 0.0000031780 
0.0003472646 0.0000333909 0.0000031780 
0.0003472646 0.0000333909 0.0000031780 
0.0003472646 0.0000333909 0.0000031780 
0.0003472646 0.0000333909 0.0000031780 
0.0003472646 0.0000333909 0.0000031780 
0.0003472646 0.0000333909 0.0000031780 
0.0003472646 0.0000333909 0.0000031780 
0.0003472646 0.0000333909 0.0000031780 
0.0003472646 0.0000333909 0.0000031780 
0.0003472646 0.0000333909 0.0000031780 
0.0003472646 0.0000333909 0.0000031780 
0.0003472646 0.0000333909 0.0000031780 
0.0003472646 0.0000333909 0.0000031780 
0.0003472646 0.0000333909 0.0000031780 
0.0003472646 0.0000333909 0.0000031780 
0.0003472646 0.0000333909 0.0000031780 
0.0003472646 0.0000333909 0.0000031780 
0.0003472646 0.0000333909 0.0000031780 
0.0003472646 0.0000333909 0.0000031780 
0.0003472646 0.0000333909 0.0000031780 
0.0003472646 0.0000333909 0.0000031780 
0.0003472646 0.0000333909 0.0000031780 
0.0003472646 0.0000333909 0.0000031780 
0.0003472646 0.0000333909 0.0000031780 
0.0003472646 0.0000333909 0.0000031780 
0.0003472646 0.0000333909 0.0000031780 
0.0003472646 0.0000333909 0.0000031780 
0.0003472646 0.0000333909 0.0000031780 
0.0003472646 0.0000333909 0.0000031780 
0.0003472646 0.0000333909 0.0000031780 
0.0003472646 0.0000333909 0.0000031780 
0.0003472646 0.0000333909 0.0000031780 
0.0003472646 0.0000333909 0.0000031780 
0.0003472646 0.0000333909 0.0000031780 
0.0003472646 0.0000333909 0.0000031780 
0.0003472646 0.0000333909 0.0000031780 
0.0003472646 0.0000333909 0.0000031780 
0.0003472646 0.0000333909 0.0000031780 
0.0003472646 0.0000333909 0.0000031780 
0.0003472646 0.0000333909 0.0000031780 
0.0003472646 0.0000333909 0.0000031780 
0.0003472646 0.0000333909 0.0000031780 
0.0003472646 0.0000333909 0.0000031780 
0.0003472646 0.0000333909 0.0000031780 
0.0003472646 0.0000333909 0.0000031780 
0.0003472646 0.0000333909 0.0000031780 
0.0003472646 0.0000333909 0.0000031780 
0.0003472646 0.0000333909 0.0000031780 
0.0003472646 0.0000333909 0.0000031780 
0.0003472646 0.0000333909 0.0000031780 
0.0003472646 0.0000333909 0.0000031780 
0.0003472646 0.0000333909 0.0000031780 
0.0003472646 0.0000333909 0.0000031780 
0.0003472646 0.0000333909 0.0000031780 
0.0003472646 0.0000333909 0.0000031780 
0.0003472646 0.0000333909 0.0000031780 
0.0003472646 0.0000333909 0.0000031780 
0.0003472646 0.0000333909 0.0000031780 
0.0003472646 0.0000333909 0.0000031780 
0.0003472646 0.0000333909 0.0000031780 
0.0003472646 0.0000333909 0.0000031780 
0.0003472646 0.0000333909 0.0000031780 
0.0003472646 0.0000333909 0.0000031780 
0.0003472646 0.0000333909 0.0000031780 
0.0003472646 0.0000333909 0.0000031780 
0.0003472646 0.0000333909 0.0000031780 
0.0003472646 0.0000333909 0.0000031780 
0.0003472646 0.0000333909 0.0000031780 
0.0003472646 0.0000333909 0.0000031780 
0.0003472646 0.0000333909 0.0000031780 
0.0003472646 0.0000333909 0.0000031780 
0.0003472646 0.0000333909 0.0000031780 
0.0003472646 0.0000333909 0.0000031780 
0.0003472646 0.0000333909 0.0000031780 
0.0003472646 0.0000333909 0.0000031780 
0.0003472646 0.0000333909 0.0000031780 
0.0003472646 0.0000333909 0.0000031780 
0.0003472646 0.0000333909 0.0000031780 
0.0003472646 0.0000333909 0.0000031780 
0.0003472646 0.0000333909 0.0000031780 
0.0003472646 0.0000333909 0.0000031780 
0.0003472646 0.0000333909 0.0000031780 
0.0003472646 0.0000333909 0.0000031780 
0.0003472646 0.0000333909 0.0000031780 
0.0003472646 0.0000333909 0.0000031780 
0.0003472646 0.0000333909 0.0000031780 
0.0003472646 0.0000333909 0.0000031780 
0.0003472646 0.0000333909 0.0000031780 
0.0003472646 0.0000333909 0.0000031780 
0.0003472646 0.0000333909 0.0000031780 
0.0003472646 0.0000333909 0.0000031780 
0.0003472646 0.0000333909 0.0000031780 
0.0003472646 0.0000333909 0.0000031780 
0.0003472646 0.0000333909 0.0000031780 
0.0003472646 0.0000333909 0.0000031780 
0.0003472646 0.0000333909 0.0000031780 
0.0003472646 0.0000333909 0.0000031780 
0.0003472646 0.0000333909 0.0000031780 
0.0003472646 0.0000333909 0.0000031780 
0.0003472646 0.0000333909 0.0000031780 
0.0003472646 0.0000333909 0.0000031780 
0.0003472646 0.0000333909 0.0000031780 
0.0003472646 0.0000333909 0.0000031780 
0.0003472646 0.0000333909 0.0000031780 
0.0003472646 0.0000333909 0.0000031780 
0.0003472646 0.0000333909 0.0000031780 
0.0003472646 0.0000333909 0.0000031780 
0.0003472646 0.0000333909 0.0000031780 
0.0003472646 0.0000333909 0.0000031780 
0.0003472646 0.0000333909 0.0000031780 
0.0003472646 0.0000333909 0.0000031780 
0.0003472646 0.0000333909 0.0000031780 
0.0003472646 0.0000333909 0.0000031780 
0.0003472646 0.0000333909 0.0000031780 
0.0003472646 0.0000333909 0.0000031780 
0.0003472646 0.0000333909 0.0000031780 
0.0003472646 0.0000333909 0.0000031780 
0.0003472646 0.0000333909 0.0000031780 
0.0003472646 0.0000333909 0.0000031780 
0.0003472646 0.0000333909 0.0000031780 
0.0003472646 0.0000333909 0.0000031780 
0.0003472646 0.0000333909 0.0000031780 
0.0003472646 0.0000333909 0.0000031780 
0.0003472646 0.0000333909 0.0000031780 
0.0003472646 0.0000333909 0.0000031780 
0.0003472646 0.0000333909 0.0000031780 
0.0003472646 0.0000333909 0.0000031780 
0.0003472646 0.0000333909 0.0000031780 
0.0003472646 0.0000333909 0.0000031780 
0.0003472646 0.0000333909 0.0000031780 
0.0003472646 0.0000333909 0.0000031780 
0.0003472646 0.0000333909 0.0000031780 
0.0003472646 0.0000333909 0.0000031780 
0.0003472646 0.0000333909 0.0000031780 
0.0003472646 0.0000333909 0.0000031780 
0.0003472646 0.0000333909 0.0000031780 
0.0003472646 0.0000333909 0.0000031780 
0.0003472646 0.0000333909 0.0000031780 
0.0003472646 0.0000333909 0.0000031780 
0.0003472646 0.0000333909 0.0000031780 
0.0003472646 0.0000333909 0.0000031780 
0.0003472646 0.0000333909 0.0000031780 
0.0003472646 0.0000333909 0.0000031780 
0.0003472646 0.0000333909 0.0000031780 
0.0003472646 0.0000333909 0.0000031780 
0.0003472646 0.0000333909 0.0000031780 
0.0003472646 0.0000333909 0.0000031780 
0.0003472646 0.0000333909 0.0000031780 
0.0003472646 0.0000333909 0.0000031780 
0.0003472646 0.0000333909 0.0000031780 
0.0003472646 0.0000333909 0.0000031780 
0.0003472646 0.0000333909 0.0000031780 
0.0003472646 0.0000333909 0.0000031780 
0.0003472646 0.0000333909 0.0000031780 
0.0003472646 0.0000333909 0.0000031780 
0.0003472646 0.0000333909 0.0000031780 
0.0003472646 0.0000333909 0.0000031780 
0.0003472646 0.0000333909 0.0000031780 
0.0003472646 0.0000333909 0.0000031780 
0.0003472646 0.0000333909 0.0000031780 
0.0003472646 0.0000333909 0.0000031780 
0.0003472646 0.0000333909 0.0000031780 
0.0003472646 0.0000333909 0.0000031780 
0.0003472646 0.0000333909 0.0000031780 
0.0003472646 0.0000333909 0.0000031780 
0.0003472646 0.0000333909 0.0000031780 
0.0003472646 0.0000333909 0.0000031780 
0.0003472646 0.0000333909 0.0000031780 
0.0003472646 0.0000333909 0.0000031780 
0.0003472646 0.0000333909 0.0000031780 
0.0003472107 0.0000333274 0.0000031994 
0.0003471563 0.0000332640 0.0000032217 
0.0003471024 0.0000331996 0.0000032446 
0.0003470506 0.0000331342 0.0000032669 
0.0003470010 0.0000330676 0.0000032884 
0.0003469535 0.0000330000 0.0000033091 
0.0003469077 0.0000329315 0.0000033291 
0.0003468635 0.0000328624 0.0000033487 
0.0003468207 0.0000327928 0.0000033680 
0.0003467791 0.0000327229 0.0000033870 
0.0003467386 0.0000326528 0.0000034058 
0.0003466991 0.0000325828 0.0000034245 
0.0003466605 0.0000325129 0.0000034431 
0.0003466226 0.0000324432 0.0000034616 
0.0003465854 0.0000323738 0.0000034800 
0.0003465490 0.0000323047 0.0000034984 
0.0003465131 0.0000322359 0.0000035166 
0.0003464779 0.0000321675 0.0000035347 
0.0003464433 0.0000320995 0.0000035525 
0.0003464094 0.0000320319 0.0000035701 
0.0003463760 0.0000319648 0.0000035875 
0.0003463431 0.0000318981 0.0000036046 
0.0003463108 0.0000318321 0.0000036214 
0.0003462789 0.0000317665 0.0000036381 
0.0003462473 0.0000317015 0.0000036545 
0.0003462163 0.0000316369 0.0000036706 
0.0003461853 0.0000315729 0.0000036867 
0.0003461544 0.0000315097 0.0000037027 
0.0003461235 0.0000314471 0.0000037187 
0.0003460926 0.0000313852 0.0000037346 
0.0003460616 0.0000313240 0.0000037504 
0.0003460306 0.0000312634 0.0000037661 
0.0003459995 0.0000312034 0.0000037817 
0.0003459683 0.0000311441 0.0000037971 
0.0003459371 0.0000310854 0.0000038124 
0.0003459058 0.0000310273 0.0000038274 
0.0003458745 0.0000309699 0.0000038422 
0.0003458432 0.0000309130 0.0000038569 
0.0003458117 0.0000308566 0.0000038713 
0.0003457802 0.0000308009 0.0000038855 
0.0003457485 0.0000307457 0.0000038995 
0.0003457168 0.0000306910 0.0000039133 
0.0003456849 0.0000306368 0.0000039269 
0.0003456528 0.0000305832 0.0000039404 
0.0003456206 0.0000305300 0.0000039537 
0.0003455883 0.0000304774 0.0000039667 
0.0003455557 0.0000304252 0.0000039796 
0.0003455230 0.0000303735 0.0000039923 
0.0003454901 0.0000303222 0.0000040049 
0.0003454570 0.0000302714 0.0000040172 
0.0003454236 0.0000302208 0.0000040293 
0.0003453899 0.0000301706 0.0000040412 
0.0003453561 0.0000301209 0.0000040529 
0.0003453221 0.0000300715 0.0000040643 
0.0003452880 0.0000300227 0.0000040756 
0.0003452536 0.0000299743 0.0000040867 
0.0003452192 0.0000299263 0.0000040976 
0.0003451845 0.0000298788 0.0000041084 
0.0003451497 0.0000298318 0.0000041189 
0.0003451148 0.0000297852 0.0000041293 
0.0003450797 0.0000297392 0.0000041394 
0.0003450445 0.0000296935 0.0000041494 
0.0003450092 0.0000296483 0.0000041592 
0.0003449738 0.0000296035 0.0000041687 
0.0003449382 0.0000295592 0.0000041781 
0.0003449026 0.0000295152 0.0000041873 
0.0003448668 0.0000294717 0.0000041963 
0.0003448310 0.0000294287 0.0000042052 
0.0003447951 0.0000293860 0.0000042138 
0.0003447590 0.0000293438 0.0000042223 
0.0003447230 0.0000293021 0.0000042306 
0.0003446868 0.0000292607 0.0000042387 
0.0003446505 0.0000292198 0.0000042467 
0.0003446142 0.0000291794 0.0000042544 
0.0003445778 0.0000291393 0.0000042620 
0.0003445413 0.0000290997 0.0000042695 
0.0003445047 0.0000290605 0.0000042767 
0.0003444681 0.0000290218 0.0000042838 
0.0003444315 0.0000289835 0.0000042907 
0.0003443949 0.0000289456 0.0000042974 
0.0003443583 0.0000289082 0.0000043040 
0.0003443218 0.0000288712 0.0000043103 
0.0003442853 0.0000288347 0.0000043165 
0.0003442489 0.0000287987 0.0000043225 
0.0003442126 0.0000287631 0.0000043283 
0.0003441764 0.0000287280 0.0000043339 
0.0003441404 0.0000286932 0.0000043394 
0.0003441045 0.0000286591 0.0000043446 
0.0003440688 0.0000286254 0.0000043496 
0.0003440333 0.0000285923 0.0000043544 
0.0003439978 0.0000285596 0.0000043590 
0.0003439623 0.0000285271 0.0000043635 
0.0003439267 0.0000284947 0.0000043678 
0.0003438910 0.0000284626 0.0000043721 
0.0003438553 0.0000284306 0.0000043763 
0.0003438195 0.0000283987 0.0000043803 
0.0003437837 0.0000283670 0.0000043842 
0.0003437479 0.0000283354 0.0000043880 
0.0003437121 0.0000283040 0.0000043916 
0.0003436764 0.0000282727 0.0000043951 
0.0003436408 0.0000282416 0.0000043984 
0.0003436054 0.0000282107 0.0000044014 
0.0003435703 0.0000281799 0.0000044041 
0.0003435357 0.0000281495 0.0000044065 
0.0003435016 0.0000281195 0.0000044085 
0.0003434680 0.0000280898 0.0000044101 
0.0003434349 0.0000280603 0.0000044114 
0.0003434024 0.0000280312 0.0000044123 
0.0003433705 0.0000280024 0.0000044129 
0.0003433391 0.0000279739 0.0000044133 
0.0003433082 0.0000279458 0.0000044134 
0.0003432780 0.0000279181 0.0000044133 
0.0003432493 0.0000278924 0.0000044127 
0.0003432217 0.0000278679 0.0000044118 
0.0003431939 0.0000278429 0.0000044110 
0.0003431661 0.0000278178 0.0000044102 
0.0003431385 0.0000277929 0.0000044095 
0.0003431110 0.0000277680 0.0000044087 
0.0003430836 0.0000277431 0.0000044079 
0.0003430563 0.0000277182 0.0000044072 
0.0003430291 0.0000276934 0.0000044065 
0.0003430020 0.0000276685 0.0000044059 
0.0003429750 0.0000276437 0.0000044053 
0.0003429480 0.0000276189 0.0000044048 
0.0003429211 0.0000275942 0.0000044043 
0.0003428943 0.0000275694 0.0000044039 
0.0003428675 0.0000275447 0.0000044035 
0.0003428407 0.0000275200 0.0000044032 
0.0003428141 0.0000274954 0.0000044030 
0.0003427874 0.0000274707 0.0000044028 
0.0003427608 0.0000274460 0.0000044026 
0.0003427342 0.0000274214 0.0000044026 
0.0003427077 0.0000273967 0.0000044026 
0.0003426812 0.0000273721 0.0000044026 
0.0003426548 0.0000273474 0.0000044026 
0.0003426285 0.0000273228 0.0000044027 
0.0003426023 0.0000272981 0.0000044027 
0.0003425762 0.0000272735 0.0000044027 
0.0003425503 0.0000272488 0.0000044027 
0.0003425246 0.0000272242 0.0000044026 
0.0003424990 0.0000271995 0.0000044026 
0.0003424736 0.0000271750 0.0000044025 
0.0003424484 0.0000271505 0.0000044023 
0.0003424233 0.0000271260 0.0000044022 
0.0003423983 0.0000271016 0.0000044021 
0.0003423735 0.0000270772 0.0000044021 
0.0003423488 0.0000270529 0.0000044020 
0.0003423242 0.0000270286 0.0000044020 
0.0003422996 0.0000270044 0.0000044020 
0.0003422753 0.0000269802 0.0000044020 
0.0003422510 0.0000269560 0.0000044021 
0.0003422269 0.0000269319 0.0000044021 
0.0003422029 0.0000269077 0.0000044021 
0.0003421791 0.0000268836 0.0000044021 
0.0003421555 0.0000268594 0.0000044021 
0.0003421320 0.0000268353 0.0000044020 
0.0003421087 0.0000268111 0.0000044020 
0.0003420855 0.0000267868 0.0000044019 
0.0003420624 0.0000267626 0.0000044019 
0.0003420395 0.0000267385 0.0000044019 
0.0003420168 0.0000267143 0.0000044019 
0.0003419941 0.0000266903 0.0000044020 
0.0003419716 0.0000266662 0.0000044021 
0.0003419493 0.0000266422 0.0000044022 
0.0003419270 0.0000266183 0.0000044023 
0.0003419050 0.0000265943 0.0000044025 
0.0003418830 0.0000265704 0.0000044026 
0.0003418613 0.0000265465 0.0000044028 
0.0003418396 0.0000265227 0.0000044030 
0.0003418181 0.0000264988 0.0000044032 
0.0003417968 0.0000264750 0.0000044035 
0.0003417756 0.0000264513 0.0000044037 
0.0003417545 0.0000264276 0.0000044040 
0.0003417336 0.0000264039 0.0000044044 
0.0003417127 0.0000263803 0.0000044048 
0.0003416920 0.0000263568 0.0000044052 
0.0003416714 0.0000263334 0.0000044057 
0.0003416509 0.0000263100 0.0000044063 
0.0003416304 0.0000262866 0.0000044069 
0.0003416101 0.0000262632 0.0000044075 
0.0003415899 0.0000262396 0.0000044082 
0.0003415698 0.0000262161 0.0000044089 
0.0003415499 0.0000261924 0.0000044096 
0.0003415300 0.0000261687 0.0000044104 
0.0003415103 0.0000261447 0.0000044112 
0.0003414907 0.0000261206 0.0000044121 
0.0003414712 0.0000260963 0.0000044130 
0.0003414519 0.0000260719 0.0000044139 
0.0003414327 0.0000260475 0.0000044149 
0.0003414137 0.0000260231 0.0000044158 
0.0003413949 0.0000259987 0.0000044168 
0.0003413763 0.0000259743 0.0000044178 
0.0003413578 0.0000259500 0.0000044189 
0.0003413395 0.0000259258 0.0000044199 
0.0003413214 0.0000259015 0.0000044210 
0.0003413035 0.0000258773 0.0000044220 
0.0003412857 0.0000258531 0.0000044231 
0.0003412681 0.0000258290 0.0000044242 
0.0003412506 0.0000258048 0.0000044253 
0.0003412333 0.0000257807 0.0000044265 
0.0003412161 0.0000257566 0.0000044276 
0.0003411991 0.0000257326 0.0000044288 
0.0003411822 0.0000257085 0.0000044300 
0.0003411654 0.0000256844 0.0000044313 
0.0003411487 0.0000256604 0.0000044325 
0.0003411322 0.0000256364 0.0000044338 
0.0003411158 0.0000256123 0.0000044352 
0.0003410995 0.0000255883 0.0000044365 
0.0003410833 0.0000255643 0.0000044379 
0.0003410672 0.0000255403 0.0000044393 
0.0003410513 0.0000255163 0.0000044407 
0.0003410355 0.0000254923 0.0000044421 
0.0003410198 0.0000254684 0.0000044435 
0.0003410043 0.0000254445 0.0000044449 
0.0003409889 0.0000254206 0.0000044463 
0.0003409737 0.0000253968 0.0000044476 
0.0003409588 0.0000253730 0.0000044489 
0.0003409440 0.0000253492 0.0000044502 
0.0003409295 0.0000253254 0.0000044514 
0.0003409152 0.0000253017 0.0000044526 
0.0003409011 0.0000252780 0.0000044538 
0.0003408872 0.0000252543 0.0000044550 
0.0003408736 0.0000252306 0.0000044561 
0.0003408601 0.0000252070 0.0000044573 
0.0003408468 0.0000251834 0.0000044584 
0.0003408337 0.0000251598 0.0000044595 
0.0003408214 0.0000251368 0.0000044607 
0.0003408098 0.0000251146 0.0000044620 
0.0003407985 0.0000250930 0.0000044636 
0.0003407874 0.0000250720 0.0000044656 
0.0003407761 0.0000250513 0.0000044681 
0.0003407644 0.0000250308 0.0000044711 
0.0003407522 0.0000250104 0.0000044746 
0.0003407394 0.0000249906 0.0000044787 
0.0003407260 0.0000249714 0.0000044832 
0.0003407120 0.0000249528 0.0000044882 
0.0003406975 0.0000249347 0.0000044935 
0.0003406826 0.0000249172 0.0000044991 
0.0003406672 0.0000249001 0.0000045051 
0.0003406513 0.0000248833 0.0000045114 
0.0003406347 0.0000248669 0.0000045180 
0.0003406177 0.0000248507 0.0000045250 
0.0003406000 0.0000248347 0.0000045323 
0.0003405819 0.0000248189 0.0000045399 
0.0003405633 0.0000248032 0.0000045478 
0.0003405442 0.0000247876 0.0000045560 
0.0003405247 0.0000247720 0.0000045645 
0.0003405048 0.0000247565 0.0000045733 
0.0003404846 0.0000247410 0.0000045823 
0.0003404640 0.0000247255 0.0000045915 
0.0003404431 0.0000247101 0.0000046009 
0.0003404219 0.0000246946 0.0000046106 
0.0003404004 0.0000246791 0.0000046205 
0.0003403787 0.0000246636 0.0000046305 
0.0003403568 0.0000246480 0.0000046408 
0.0003403346 0.0000246324 0.0000046513 
0.0003403122 0.0000246167 0.0000046619 
0.0003402896 0.0000246009 0.0000046727 
0.0003402669 0.0000245850 0.0000046837 
0.0003402440 0.0000245691 0.0000046948 
0.0003402208 0.0000245529 0.0000047062 
0.0003401973 0.0000245365 0.0000047178 
0.0003401737 0.0000245199 0.0000047297 
0.0003401500 0.0000245031 0.0000047417 
0.0003401261 0.0000244861 0.0000047539 
0.0003401022 0.0000244691 0.0000047662 
0.0003400782 0.0000244519 0.0000047787 
0.0003400543 0.0000244346 0.0000047912 
0.0003400302 0.0000244172 0.0000048039 
0.0003400062 0.0000243998 0.0000048166 
0.0003399821 0.0000243823 0.0000048295 
0.0003399581 0.0000243647 0.0000048425 
0.0003399340 0.0000243471 0.0000048555 
0.0003399099 0.0000243294 0.0000048687 
0.0003398858 0.0000243116 0.0000048819 
0.0003398616 0.0000242938 0.0000048953 
0.0003398374 0.0000242759 0.0000049087 
0.0003398133 0.0000242580 0.0000049222 
0.0003397891 0.0000242400 0.0000049359 
0.0003397649 0.0000242219 0.0000049495 
0.0003397408 0.0000242037 0.0000049633 
0.0003397168 0.0000241855 0.0000049771 
0.0003396928 0.0000241671 0.0000049908 
0.0003396690 0.0000241487 0.0000050046 
0.0003396454 0.0000241301 0.0000050184 
0.0003396219 0.0000241115 0.0000050322 
0.0003395985 0.0000240928 0.0000050460 
0.0003395753 0.0000240741 0.0000050598 
0.0003395523 0.0000240553 0.0000050736 
0.0003395293 0.0000240367 0.0000050875 
0.0003395064 0.0000240181 0.0000051015 
0.0003394836 0.0000239995 0.0000051155 
0.0003394609 0.0000239808 0.0000051296 
0.0003394383 0.0000239621 0.0000051437 
0.0003394157 0.0000239434 0.0000051579 
0.0003393932 0.0000239247 0.0000051722 
0.0003393709 0.0000239060 0.0000051865 
0.0003393486 0.0000238872 0.0000052009 
0.0003393263 0.0000238684 0.0000052154 
0.0003393042 0.0000238496 0.0000052299 
0.0003392821 0.0000238307 0.0000052445 
0.0003392601 0.0000238119 0.0000052592 
0.0003392381 0.0000237930 0.0000052739 
0.0003392163 0.0000237741 0.0000052887 
0.0003391945 0.0000237552 0.0000053036 
0.0003391727 0.0000237362 0.0000053185 
0.0003391511 0.0000237172 0.0000053335 
0.0003391296 0.0000236981 0.0000053485 
0.0003391081 0.0000236790 0.0000053636 
0.0003390867 0.0000236599 0.0000053786 
0.0003390654 0.0000236408 0.0000053938 
0.0003390442 0.0000236217 0.0000054089 
0.0003390231 0.0000236026 0.0000054241 
0.0003390020 0.0000235836 0.0000054393 
0.0003389811 0.0000235646 0.0000054545 
0.0003389602 0.0000235457 0.0000054697 
0.0003389394 0.0000235267 0.0000054849 
0.0003389188 0.0000235078 0.0000055001 
0.0003388982 0.0000234889 0.0000055153 
0.0003388778 0.0000234700 0.0000055306 
0.0003388574 0.0000234512 0.0000055458 
0.0003388372 0.0000234323 0.0000055610 
0.0003388170 0.0000234135 0.0000055762 
0.0003387969 0.0000233946 0.0000055914 
0.0003387770 0.0000233758 0.0000056067 
0.0003387571 0.0000233570 0.0000056219 
0.0003387374 0.0000233382 0.0000056371 
0.0003387177 0.0000233194 0.0000056523 
0.0003386982 0.0000233005 0.0000056675 
0.0003386788 0.0000232817 0.0000056827 
0.0003386595 0.0000232628 0.0000056978 
0.0003386404 0.0000232440 0.0000057128 
0.0003386214 0.0000232251 0.0000057279 
0.0003386026 0.0000232061 0.0000057428 
0.0003385839 0.0000231872 0.0000057577 
0.0003385654 0.0000231683 0.0000057725 
0.0003385471 0.0000231493 0.0000057873 
0.0003385289 0.0000231303 0.0000058021 
0.0003385109 0.0000231114 0.0000058168 
0.0003384931 0.0000230924 0.0000058314 
0.0003384753 0.0000230734 0.0000058460 
0.0003384578 0.0000230543 0.0000058606 
0.0003384403 0.0000230353 0.0000058751 
0.0003384230 0.0000230162 0.0000058896 
0.0003384058 0.0000229972 0.0000059040 
0.0003383888 0.0000229781 0.0000059184 
0.0003383719 0.0000229590 0.0000059328 
0.0003383551 0.0000229398 0.0000059472 
0.0003383385 0.0000229207 0.0000059615 
0.0003383219 0.0000229015 0.0000059758 
0.0003383055 0.0000228823 0.0000059900 
0.0003382893 0.0000228630 0.0000060042 
0.0003382731 0.0000228438 0.0000060184 
0.0003382571 0.0000228245 0.0000060325 
0.0003382413 0.0000228052 0.0000060466 
0.0003382256 0.0000227859 0.0000060606 
0.0003382100 0.0000227666 0.0000060746 
0.0003381946 0.0000227472 0.0000060884 
0.0003381795 0.0000227277 0.0000061022 
0.0003381645 0.0000227083 0.0000061159 
0.0003381497 0.0000226888 0.0000061294 
0.0003381351 0.0000226693 0.0000061429 
0.0003381207 0.0000226498 0.0000061562 
0.0003381066 0.0000226302 0.0000061695 
0.0003380926 0.0000226106 0.0000061827 
0.0003380788 0.0000225910 0.0000061958 
0.0003380652 0.0000225714 0.0000062088 
0.0003380517 0.0000225518 0.0000062217 
0.0003380385 0.0000225322 0.0000062346 
0.0003380254 0.0000225125 0.0000062475 
0.0003380124 0.0000224928 0.0000062602 
0.0003379996 0.0000224731 0.0000062729 
0.0003379870 0.0000224534 0.0000062856 
0.0003379745 0.0000224336 0.0000062982 
0.0003379622 0.0000224139 0.0000063108 
0.0003379499 0.0000223941 0.0000063233 
0.0003379379 0.0000223743 0.0000063358 
0.0003379259 0.0000223544 0.0000063483 
0.0003379141 0.0000223345 0.0000063608 
0.0003379023 0.0000223146 0.0000063732 
0.0003379023 0.0000223146 0.0000063732 
0.0003379023 0.0000223146 0.0000063732 
0.0003379023 0.0000223146 0.0000063732 
0.0003379023 0.0000223146 0.0000063732 
0.0003379023 0.0000223146 0.0000063732 
0.0003379023 0.0000223146 0.0000063732 
0.0003379023 0.0000223146 0.0000063732 
0.0003379023 0.0000223146 0.0000063732 
0.0003379023 0.0000223146 0.0000063732 
0.0003379023 0.0000223146 0.0000063732 
0.0003379023 0.0000223146 0.0000063732 
0.0003379023 0.0000223146 0.0000063732 
0.0003379023 0.0000223146 0.0000063732 
0.0003379023 0.0000223146 0.0000063732 
0.0003379023 0.0000223146 0.0000063732 
0.0003379023 0.0000223146 0.0000063732 
0.0003379023 0.0000223146 0.0000063732 
0.0003379023 0.0000223146 0.0000063732 
0.0003379023 0.0000223146 0.0000063732 
0.0003379023 0.0000223146 0.0000063732 
0.0003379023 0.0000223146 0.0000063732 
0.0003379023 0.0000223146 0.0000063732 
0.0003379023 0.0000223146 0.0000063732 
0.0003379023 0.0000223146 0.0000063732 
0.0003379023 0.0000223146 0.0000063732 
0.0003379023 0.0000223146 0.0000063732 
0.0003379023 0.0000223146 0.0000063732 
0.0003379023 0.0000223146 0.0000063732 
0.0003379023 0.0000223146 0.0000063732 
0.0003379023 0.0000223146 0.0000063732 
0.0003379023 0.0000223146 0.0000063732 
0.0003379023 0.0000223146 0.0000063732 
0.0003379023 0.0000223146 0.0000063732 
0.0003379023 0.0000223146 0.0000063732 
0.0003379023 0.0000223146 0.0000063732 
0.0003379023 0.0000223146 0.0000063732 
0.0003379023 0.0000223146 0.0000063732 
0.0003379023 0.0000223146 0.0000063732 
0.0003379023 0.0000223146 0.0000063732 
0.0003379023 0.0000223146 0.0000063732 
0.0003379023 0.0000223146 0.0000063732 
0.0003379023 0.0000223146 0.0000063732 
0.0003379023 0.0000223146 0.0000063732 
0.0003379023 0.0000223146 0.0000063732 
0.0003379023 0.0000223146 0.0000063732 
0.0003379023 0.0000223146 0.0000063732 
0.0003379023 0.0000223146 0.0000063732 
0.0003379023 0.0000223146 0.0000063732 
0.0003379023 0.0000223146 0.0000063732 
0.0003379023 0.0000223146 0.0000063732 
0.0003379023 0.0000223146 0.0000063732 
0.0003379023 0.0000223146 0.0000063732 
0.0003379023 0.0000223146 0.0000063732 
0.0003379023 0.0000223146 0.0000063732 
0.0003379023 0.0000223146 0.0000063732 
0.0003379023 0.0000223146 0.0000063732 
0.0003379023 0.0000223146 0.0000063732 
0.0003379023 0.0000223146 0.0000063732 
0.0003379023 0.0000223146 0.0000063732 
0.0003379023 0.0000223146 0.0000063732 
0.0003379023 0.0000223146 0.0000063732 
0.0003379023 0.0000223146 0.0000063732 
0.0003379023 0.0000223146 0.0000063732 
0.0003379023 0.0000223146 0.0000063732 
0.0003379023 0.0000223146 0.0000063732 
0.0003379023 0.0000223146 0.0000063732 
0.0003379023 0.0000223146 0.0000063732 
0.0003379023 0.0000223146 0.0000063732 
0.0003379023 0.0000223146 0.0000063732 
0.0003379023 0.0000223146 0.0000063732 
0.0003379023 0.0000223146 0.0000063732 
0.0003379023 0.0000223146 0.0000063732 
0.0003379023 0.0000223146 0.0000063732 
0.0003379023 0.0000223146 0.0000063732 
0.0003379023 0.0000223146 0.0000063732 
0.0003379023 0.0000223146 0.0000063732 
0.0003379023 0.0000223146 0.0000063732 
0.0003379023 0.0000223146 0.0000063732 
0.0003379023 0.0000223146 0.0000063732 
0.0003379023 0.0000223146 0.0000063732 
0.0003379023 0.0000223146 0.0000063732 
0.0003379023 0.0000223146 0.0000063732 
0.0003379023 0.0000223146 0.0000063732 
0.0003379023 0.0000223146 0.0000063732 
0.0003379023 0.0000223146 0.0000063732 
0.0003379023 0.0000223146 0.0000063732 
0.0003379023 0.0000223146 0.0000063732 
0.0003379023 0.0000223146 0.0000063732 
0.0003379023 0.0000223146 0.0000063732 
0.0003379023 0.0000223146 0.0000063732 
0.0003379023 0.0000223146 0.0000063732 
0.0003379023 0.0000223146 0.0000063732 
0.0003379023 0.0000223146 0.0000063732 
0.0003379023 0.0000223146 0.0000063732 
0.0003379023 0.0000223146 0.0000063732 
0.0003379023 0.0000223146 0.0000063732 
0.0003379023 0.0000223146 0.0000063732 
0.0003379023 0.0000223146 0.0000063732 
0.0003379023 0.0000223146 0.0000063732 
0.0003379023 0.0000223146 0.0000063732 
0.0003379023 0.0000223146 0.0000063732 
0.0003379023 0.0000223146 0.0000063732 
0.0003379023 0.0000223146 0.0000063732 
0.0003379023 0.0000223146 0.0000063732 
0.0003379023 0.0000223146 0.0000063732 
0.0003379023 0.0000223146 0.0000063732 
0.0003379023 0.0000223146 0.0000063732 
0.0003379023 0.0000223146 0.0000063732 
0.0003379023 0.0000223146 0.0000063732 
0.0003379023 0.0000223146 0.0000063732 
0.0003379023 0.0000223146 0.0000063732 
0.0003379023 0.0000223146 0.0000063732 
0.0003379023 0.0000223146 0.0000063732 
0.0003379023 0.0000223146 0.0000063732 
0.0003379023 0.0000223146 0.0000063732 
0.0003379023 0.0000223146 0.0000063732 
0.0003379023 0.0000223146 0.0000063732 
0.0003379023 0.0000223146 0.0000063732 
0.0003379023 0.0000223146 0.0000063732 
0.0003379023 0.0000223146 0.0000063732 
0.0003379023 0.0000223146 0.0000063732 
0.0003379023 0.0000223146 0.0000063732 
0.0003379023 0.0000223146 0.0000063732 
0.0003379023 0.0000223146 0.0000063732 
0.0003379023 0.0000223146 0.0000063732 
0.0003379023 0.0000223146 0.0000063732 
0.0003379023 0.0000223146 0.0000063732 
0.0003379023 0.0000223146 0.0000063732 
0.0003379023 0.0000223146 0.0000063732 
0.0003379023 0.0000223146 0.0000063732 
0.0003379023 0.0000223146 0.0000063732 
0.0003379023 0.0000223146 0.0000063732 
0.0003379023 0.0000223146 0.0000063732 
0.0003379023 0.0000223146 0.0000063732 
0.0003379023 0.0000223146 0.0000063732 
0.0003379023 0.0000223146 0.0000063732 
0.0003379023 0.0000223146 0.0000063732 
0.0003379023 0.0000223146 0.0000063732 
0.0003379023 0.0000223146 0.0000063732 
0.0003379023 0.0000223146 0.0000063732 
0.0003379023 0.0000223146 0.0000063732 
0.0003379023 0.0000223146 0.0000063732 
0.0003379023 0.0000223146 0.0000063732 
0.0003379023 0.0000223146 0.0000063732 
0.0003379023 0.0000223146 0.0000063732 
0.0003379023 0.0000223146 0.0000063732 
0.0003379023 0.0000223146 0.0000063732 
0.0003379023 0.0000223146 0.0000063732 
0.0003379023 0.0000223146 0.0000063732 
0.0003379023 0.0000223146 0.0000063732 
0.0003379023 0.0000223146 0.0000063732 
0.0003379023 0.0000223146 0.0000063732 
0.0003379023 0.0000223146 0.0000063732 
0.0003379023 0.0000223146 0.0000063732 
0.0003379023 0.0000223146 0.0000063732 
0.0003379023 0.0000223146 0.0000063732 
0.0003379023 0.0000223146 0.0000063732 
0.0003379023 0.0000223146 0.0000063732 
0.0003379023 0.0000223146 0.0000063732 
0.0003379023 0.0000223146 0.0000063732 
0.0003379023 0.0000223146 0.0000063732 
0.0003379023 0.0000223146 0.0000063732 
0.0003379023 0.0000223146 0.0000063732 
0.0003379023 0.0000223146 0.0000063732 
0.0003379023 0.0000223146 0.0000063732 
0.0003379023 0.0000223146 0.0000063732 
0.0003379023 0.0000223146 0.0000063732 
0.0003379023 0.0000223146 0.0000063732 
0.0003379023 0.0000223146 0.0000063732 
0.0003379023 0.0000223146 0.0000063732 
0.0003379023 0.0000223146 0.0000063732 
0.0003379023 0.0000223146 0.0000063732 
0.0003379023 0.0000223146 0.0000063732 
0.0003379023 0.0000223146 0.0000063732 
0.0003379023 0.0000223146 0.0000063732 
0.0003379023 0.0000223146 0.0000063732 
0.0003379023 0.0000223146 0.0000063732 
0.0003379023 0.0000223146 0.0000063732 
0.0003379023 0.0000223146 0.0000063732 
0.0003379023 0.0000223146 0.0000063732 
0.0003379023 0.0000223146 0.0000063732 
0.0003379023 0.0000223146 0.0000063732 
0.0003379023 0.0000223146 0.0000063732 
0.0003379023 0.0000223146 0.0000063732 
0.0003379023 0.0000223146 0.0000063732 
0.0003379023 0.0000223146 0.0000063732 
0.0003379023 0.0000223146 0.0000063732 
0.0003379023 0.0000223146 0.0000063732 
0.0003379023 0.0000223146 0.0000063732 
0.0003379023 0.0000223146 0.0000063732 
0.0003379023 0.0000223146 0.0000063732 
0.0003379023 0.0000223146 0.0000063732 
0.0003379023 0.0000223146 0.0000063732 
0.0003379023 0.0000223146 0.0000063732 
0.0003379023 0.0000223146 0.0000063732 
0.0003379023 0.0000223146 0.0000063732 
0.0003379023 0.0000223146 0.0000063732 
0.0003379023 0.0000223146 0.0000063732 
0.0003379023 0.0000223146 0.0000063732 
0.0003379023 0.0000223146 0.0000063732 
0.0003379023 0.0000223146 0.0000063732 
0.0003379023 0.0000223146 0.0000063732 
0.0003379023 0.0000223146 0.0000063732 
0.0003379023 0.0000223146 0.0000063732 
0.0003379023 0.0000223146 0.0000063732 
0.0003379023 0.0000223146 0.0000063732 
0.0003379023 0.0000223146 0.0000063732 
0.0003379023 0.0000223146 0.0000063732 
0.0003379023 0.0000223146 0.0000063732 
0.0003379023 0.0000223146 0.0000063732 
0.0003379023 0.0000223146 0.0000063732 
0.0003379023 0.0000223146 0.0000063732 
0.0003379023 0.0000223146 0.0000063732 
0.0003379023 0.0000223146 0.0000063732 
0.0003379023 0.0000223146 0.0000063732 
0.0003379023 0.0000223146 0.0000063732 
0.0003379023 0.0000223146 0.0000063732 
0.0003379023 0.0000223146 0.0000063732 
0.0003379023 0.0000223146 0.0000063732 
0.0003379023 0.0000223146 0.0000063732 
0.0003379023 0.0000223146 0.0000063732 
0.0003379023 0.0000223146 0.0000063732 
0.0003379023 0.0000223146 0.0000063732 
0.0003379023 0.0000223146 0.0000063732 
0.0003379023 0.0000223146 0.0000063732 
0.0003379023 0.0000223146 0.0000063732 
0.0003379023 0.0000223146 0.0000063732 
0.0003379023 0.0000223146 0.0000063732 
0.0003379023 0.0000223146 0.0000063732 
0.0003379023 0.0000223146 0.0000063732 
0.0003379023 0.0000223146 0.0000063732 
0.0003379023 0.0000223146 0.0000063732 
0.0003379023 0.0000223146 0.0000063732 
0.0003379023 0.0000223146 0.0000063732 
0.0003379023 0.0000223146 0.0000063732 
0.0003379023 0.0000223146 0.0000063732 
0.0003379023 0.0000223146 0.0000063732 
0.0003379023 0.0000223146 0.0000063732 
0.0003379023 0.0000223146 0.0000063732 
0.0003379023 0.0000223146 0.0000063732 
0.0003379023 0.0000223146 0.0000063732 
0.0003379023 0.0000223146 0.0000063732 
0.0003379023 0.0000223146 0.0000063732 
0.0003379023 0.0000223146 0.0000063732 
0.0003379023 0.0000223146 0.0000063732 
0.0003379023 0.0000223146 0.0000063732 
0.0003379023 0.0000223146 0.0000063732 
0.0003379023 0.0000223146 0.0000063732 
0.0003379023 0.0000223146 0.0000063732 
0.0003379023 0.0000223146 0.0000063732 
0.0003379023 0.0000223146 0.0000063732 
0.0003379023 0.0000223146 0.0000063732 
0.0003379023 0.0000223146 0.0000063732 
0.0003379023 0.0000223146 0.0000063732 
0.0003379023 0.0000223146 0.0000063732 
0.0003379023 0.0000223146 0.0000063732 
0.0003379023 0.0000223146 0.0000063732 
0.0003379023 0.0000223146 0.0000063732 
0.0003379023 0.0000223146 0.0000063732 
