0.0000439662 0.0000770081 0.0003516235 
0.0000443267 0.0000771490 0.0003508981 
0.0000446788 0.0000772826 0.0003502026 
0.0000450285 0.0000774092 0.0003495262 
0.0000453790 0.0000775287 0.0003488615 
0.0000457323 0.0000776406 0.0003482038 
0.0000460894 0.0000777448 0.0003475496 
0.0000464510 0.0000778413 0.0003468967 
0.0000468176 0.0000779302 0.0003462434 
0.0000471893 0.0000780116 0.0003455887 
0.0000475664 0.0000780860 0.0003449317 
0.0000479489 0.0000781537 0.0003442721 
0.0000483368 0.0000782152 0.0003436093 
0.0000487301 0.0000782708 0.0003429434 
0.0000491288 0.0000783210 0.0003422740 
0.0000495329 0.0000783662 0.0003416013 
0.0000499422 0.0000784067 0.0003409252 
0.0000503567 0.0000784429 0.0003402458 
0.0000507761 0.0000784751 0.0003395632 
0.0000512004 0.0000785035 0.0003388775 
0.0000516293 0.0000785284 0.0003381890 
0.0000520627 0.0000785501 0.0003374977 
0.0000525005 0.0000785688 0.0003368039 
0.0000529426 0.0000785847 0.0003361077 
0.0000533888 0.0000785980 0.0003354092 
0.0000538391 0.0000786088 0.0003347087 
0.0000542932 0.0000786174 0.0003340063 
0.0000547512 0.0000786239 0.0003333023 
0.0000552128 0.0000786283 0.0003325967 
0.0000556780 0.0000786309 0.0003318897 
0.0000561466 0.0000786317 0.0003311816 
0.0000566185 0.0000786309 0.0003304724 
0.0000570935 0.0000786284 0.0003297624 
0.0000575715 0.0000786245 0.0003290517 
0.0000580524 0.0000786191 0.0003283405 
0.0000585359 0.0000786124 0.0003276289 
0.0000590220 0.0000786043 0.0003269171 
0.0000595104 0.0000785950 0.0003262053 
0.0000600010 0.0000785845 0.0003254936 
0.0000604938 0.0000785727 0.0003247821 
0.0000609884 0.0000785599 0.0003240711 
0.0000614848 0.0000785460 0.0003233606 
0.0000619828 0.0000785310 0.0003226508 
0.0000624824 0.0000785150 0.0003219417 
0.0000629833 0.0000784980 0.0003212336 
0.0000634855 0.0000784801 0.0003205265 
0.0000639887 0.0000784613 0.0003198206 
0.0000644930 0.0000784415 0.0003191159 
0.0000649981 0.0000784209 0.0003184126 
0.0000655039 0.0000783994 0.0003177108 
0.0000660103 0.0000783771 0.0003170105 
0.0000665172 0.0000783540 0.0003163120 
0.0000670244 0.0000783302 0.0003156152 
0.0000675319 0.0000783055 0.0003149203 
0.0000680395 0.0000782801 0.0003142274 
0.0000685472 0.0000782540 0.0003135365 
0.0000690548 0.0000782272 0.0003128478 
0.0000695621 0.0000781996 0.0003121612 
0.0000700692 0.0000781714 0.0003114770 
0.0000705759 0.0000781425 0.0003107951 
0.0000710821 0.0000781130 0.0003101157 
0.0000715878 0.0000780828 0.0003094388 
0.0000720928 0.0000780520 0.0003087644 
0.0000725970 0.0000780206 0.0003080927 
0.0000731003 0.0000779885 0.0003074237 
0.0000736026 0.0000779560 0.0003067575 
0.0000741038 0.0000779228 0.0003060942 
0.0000746039 0.0000778891 0.0003054336 
0.0000751029 0.0000778549 0.0003047758 
0.0000756006 0.0000778201 0.0003041211 
0.0000760971 0.0000777848 0.0003034694 
0.0000765920 0.0000777487 0.0003028209 
0.0000770858 0.0000777118 0.0003021751 
0.0000775783 0.0000776743 0.0003015319 
0.0000780697 0.0000776363 0.0003008910 
0.0000785602 0.0000775975 0.0003002516 
0.0000790497 0.0000775581 0.0002996139 
0.0000795381 0.0000775181 0.0002989782 
0.0000800250 0.0000774775 0.0002983446 
0.0000805103 0.0000774365 0.0002977135 
0.0000809937 0.0000773949 0.0002970851 
0.0000814752 0.0000773529 0.0002964593 
0.0000819546 0.0000773105 0.0002958363 
0.0000824319 0.0000772678 0.0002952162 
0.0000829070 0.0000772248 0.0002945988 
0.0000833800 0.0000771816 0.0002939843 
0.0000838510 0.0000771381 0.0002933725 
0.0000843198 0.0000770943 0.0002927635 
0.0000847866 0.0000770500 0.0002921573 
0.0000852513 0.0000770053 0.0002915538 
0.0000857138 0.0000769600 0.0002909530 
0.0000861743 0.0000769142 0.0002903551 
0.0000866326 0.0000768679 0.0002897599 
0.0000870893 0.0000768214 0.0002891667 
0.0000875441 0.0000767746 0.0002885759 
0.0000879969 0.0000767274 0.0002879877 
0.0000884475 0.0000766798 0.0002874021 
0.0000888959 0.0000766318 0.0002868190 
0.0000893422 0.0000765832 0.0002862385 
0.0000897861 0.0000765339 0.0002856606 
0.0000902278 0.0000764839 0.0002850852 
0.0000906672 0.0000764327 0.0002845123 
0.0000911048 0.0000763806 0.0002839413 
0.0000915402 0.0000763274 0.0002833725 
0.0000919733 0.0000762731 0.0002828060 
0.0000924044 0.0000762182 0.0002822411 
0.0000928334 0.0000761623 0.0002816781 
0.0000932601 0.0000761053 0.0002811172 
0.0000936847 0.0000760471 0.0002805581 
0.0000941068 0.0000759878 0.0002800013 
0.0000945263 0.0000759274 0.0002794468 
0.0000949430 0.0000758658 0.0002788950 
0.0000953570 0.0000758031 0.0002783459 
0.0000957683 0.0000757393 0.0002777992 
0.0000961768 0.0000756746 0.0002772549 
0.0000965827 0.0000756093 0.0002767131 
0.0000969857 0.0000755432 0.0002761738 
0.0000973859 0.0000754765 0.0002756371 
0.0000977830 0.0000754092 0.0002751034 
0.0000981770 0.0000753412 0.0002745728 
0.0000985678 0.0000752726 0.0002740451 
0.0000989554 0.0000752033 0.0002735204 
0.0000993397 0.0000751333 0.0002729989 
0.0000997207 0.0000750627 0.0002724807 
0.0001000981 0.0000749918 0.0002719661 
0.0001004719 0.0000749207 0.0002714548 
0.0001008425 0.0000748493 0.0002709467 
0.0001012099 0.0000747776 0.0002704416 
0.0001015740 0.0000747053 0.0002699392 
0.0001019347 0.0000746327 0.0002694399 
0.0001022921 0.0000745600 0.0002689440 
0.0001026462 0.0000744871 0.0002684511 
0.0001029972 0.0000744141 0.0002679616 
0.0001033451 0.0000743410 0.0002674751 
0.0001036901 0.0000742679 0.0002669915 
0.0001040325 0.0000741953 0.0002665108 
0.0001043724 0.0000741227 0.0002660321 
0.0001047095 0.0000740505 0.0002655557 
0.0001050440 0.0000739784 0.0002650812 
0.0001053761 0.0000739063 0.0002646083 
0.0001057055 0.0000738343 0.0002641374 
0.0001060321 0.0000737623 0.0002636688 
0.0001063560 0.0000736903 0.0002632026 
0.0001066772 0.0000736181 0.0002627385 
0.0001069956 0.0000735457 0.0002622767 
0.0001073109 0.0000734732 0.0002618177 
0.0001076233 0.0000734007 0.0002613613 
0.0001079329 0.0000733280 0.0002609073 
0.0001082399 0.0000732552 0.0002604557 
0.0001085441 0.0000731822 0.0002600065 
0.0001088456 0.0000731091 0.0002595596 
0.0001091445 0.0000730358 0.0002591152 
0.0001094406 0.0000729624 0.0002586734 
0.0001097342 0.0000728890 0.0002582340 
0.0001100252 0.0000728154 0.0002577969 
0.0001103137 0.0000727415 0.0002573619 
0.0001105997 0.0000726670 0.0002569290 
0.0001108833 0.0000725921 0.0002564980 
0.0001111644 0.0000725166 0.0002560691 
0.0001114430 0.0000724406 0.0002556420 
0.0001117194 0.0000723642 0.0002552165 
0.0001119936 0.0000722874 0.0002547925 
0.0001122655 0.0000722102 0.0002543700 
0.0001125352 0.0000721327 0.0002539490 
0.0001128028 0.0000720548 0.0002535295 
0.0001130679 0.0000719763 0.0002531118 
0.0001133369 0.0000718977 0.0002526904 
0.0001136089 0.0000718191 0.0002522668 
0.0001138819 0.0000717406 0.0002518435 
0.0001141545 0.0000716624 0.0002514220 
0.0001144258 0.0000715848 0.0002510030 
0.0001146937 0.0000715076 0.0002505879 
0.0001149584 0.0000714309 0.0002501762 
0.0001152200 0.0000713547 0.0002497673 
0.0001154789 0.0000712789 0.0002493605 
0.0001157376 0.0000712038 0.0002489537 
0.0001159957 0.0000711294 0.0002485477 
0.0001162516 0.0000710557 0.0002481439 
0.0001165049 0.0000709826 0.0002477424 
0.0001167555 0.0000709104 0.0002473432 
0.0001170039 0.0000708391 0.0002469454 
0.0001172504 0.0000707687 0.0002465485 
0.0001174956 0.0000706989 0.0002461522 
0.0001177394 0.0000706300 0.0002457564 
0.0001179819 0.0000705619 0.0002453614 
0.0001182229 0.0000704945 0.0002449671 
0.0001184626 0.0000704281 0.0002445736 
0.0001187009 0.0000703627 0.0002441810 
0.0001189379 0.0000702983 0.0002437891 
0.0001191735 0.0000702351 0.0002433981 
0.0001194078 0.0000701729 0.0002430078 
0.0001196406 0.0000701117 0.0002426184 
0.0001198721 0.0000700513 0.0002422297 
0.0001201028 0.0000699911 0.0002418412 
0.0001203323 0.0000699315 0.0002414534 
0.0001205604 0.0000698728 0.0002410665 
0.0001207872 0.0000698153 0.0002406805 
0.0001210128 0.0000697587 0.0002402953 
0.0001212369 0.0000697029 0.0002399109 
0.0001214598 0.0000696478 0.0002395273 
0.0001216814 0.0000695935 0.0002391443 
0.0001219018 0.0000695398 0.0002387619 
0.0001221208 0.0000694872 0.0002383803 
0.0001223384 0.0000694358 0.0002379992 
0.0001225549 0.0000693855 0.0002376185 
0.0001227703 0.0000693361 0.0002372382 
0.0001229845 0.0000692876 0.0002368582 
0.0001231976 0.0000692397 0.0002364787 
0.0001234094 0.0000691924 0.0002360997 
0.0001236201 0.0000691456 0.0002357211 
0.0001238296 0.0000690991 0.0002353430 
0.0001240380 0.0000690529 0.0002349652 
0.0001242450 0.0000690071 0.0002345880 
0.0001244512 0.0000689614 0.0002342107 
0.0001246563 0.0000689157 0.0002338337 
0.0001248604 0.0000688703 0.0002334570 
0.0001250635 0.0000688250 0.0002330807 
0.0001252656 0.0000687799 0.0002327047 
0.0001254667 0.0000687349 0.0002323291 
0.0001256669 0.0000686899 0.0002319537 
0.0001258661 0.0000686448 0.0002315788 
0.0001260643 0.0000685995 0.0002312044 
0.0001262615 0.0000685541 0.0002308304 
0.0001264578 0.0000685085 0.0002304568 
0.0001266531 0.0000684627 0.0002300837 
0.0001268474 0.0000684167 0.0002297112 
0.0001270405 0.0000683704 0.0002293395 
0.0001272320 0.0000683236 0.0002289691 
0.0001274224 0.0000682765 0.0002285996 
0.0001276118 0.0000682292 0.0002282307 
0.0001278004 0.0000681817 0.0002278623 
0.0001279881 0.0000681341 0.0002274944 
0.0001281749 0.0000680865 0.0002271270 
0.0001283607 0.0000680389 0.0002267603 
0.0001285455 0.0000679913 0.0002263942 
0.0001287294 0.0000679433 0.0002260285 
0.0001289125 0.0000678949 0.0002256632 
0.0001290949 0.0000678460 0.0002252985 
0.0001292765 0.0000677968 0.0002249343 
0.0001294572 0.0000677473 0.0002245707 
0.0001296371 0.0000676975 0.0002242077 
0.0001298163 0.0000676474 0.0002238453 
0.0001299947 0.0000675970 0.0002234834 
0.0001301725 0.0000675463 0.0002231220 
0.0001303497 0.0000674952 0.0002227608 
0.0001305269 0.0000674431 0.0002223995 
0.0001307036 0.0000673908 0.0002220387 
0.0001308799 0.0000673382 0.0002216783 
0.0001310559 0.0000672852 0.0002213182 
0.0001312316 0.0000672320 0.0002209582 
0.0001314070 0.0000671789 0.0002205985 
0.0001315823 0.0000671255 0.0002202389 
0.0001317575 0.0000670719 0.0002198793 
0.0001319324 0.0000670180 0.0002195201 
0.0001321069 0.0000669641 0.0002191612 
0.0001322811 0.0000669103 0.0002188025 
0.0001324551 0.0000668566 0.0002184440 
0.0001326287 0.0000668030 0.0002180858 
0.0001328021 0.0000667494 0.0002177278 
0.0001329752 0.0000666958 0.0002173700 
0.0001331480 0.0000666423 0.0002170125 
0.0001333205 0.0000665889 0.0002166552 
0.0001334926 0.0000665352 0.0002162982 
0.0001336643 0.0000664814 0.0002159416 
0.0001338357 0.0000664273 0.0002155852 
0.0001340066 0.0000663732 0.0002152293 
0.0001341766 0.0000663193 0.0002148748 
0.0001343461 0.0000662654 0.0002145211 
0.0001345152 0.0000662116 0.0002141678 
0.0001346840 0.0000661579 0.0002138149 
0.0001348525 0.0000661044 0.0002134623 
0.0001350208 0.0000660510 0.0002131099 
0.0001351889 0.0000659978 0.0002127578 
0.0001353567 0.0000659446 0.0002124059 
0.0001355245 0.0000658917 0.0002120541 
0.0001356923 0.0000658395 0.0002117026 
0.0001358600 0.0000657875 0.0002113512 
0.0001360276 0.0000657357 0.0002110000 
0.0001361953 0.0000656832 0.0002106487 
0.0001363629 0.0000656314 0.0002102975 
0.0001365304 0.0000655800 0.0002099460 
0.0001366977 0.0000655292 0.0002095945 
0.0001368649 0.0000654790 0.0002092429 
0.0001370320 0.0000654299 0.0002088911 
0.0001371990 0.0000653818 0.0002085393 
0.0001373658 0.0000653344 0.0002081875 
0.0001375324 0.0000652877 0.0002078357 
0.0001376986 0.0000652416 0.0002074843 
0.0001378644 0.0000651960 0.0002071331 
0.0001380299 0.0000651506 0.0002067822 
0.0001381950 0.0000651055 0.0002064314 
0.0001383599 0.0000650610 0.0002060807 
0.0001385245 0.0000650170 0.0002057300 
0.0001386891 0.0000649736 0.0002053793 
0.0001388534 0.0000649310 0.0002050286 
0.0001390179 0.0000648894 0.0002046776 
0.0001391825 0.0000648483 0.0002043257 
0.0001393471 0.0000648078 0.0002039734 
0.0001395115 0.0000647692 0.0002036208 
0.0001396757 0.0000647324 0.0002032679 
0.0001398396 0.0000646972 0.0002029146 
0.0001400032 0.0000646634 0.0002025613 
0.0001401666 0.0000646309 0.0002022078 
0.0001403297 0.0000645996 0.0002018543 
0.0001404926 0.0000645693 0.0002015009 
0.0001406553 0.0000645397 0.0002011477 
0.0001408178 0.0000645107 0.0002007946 
0.0001409801 0.0000644825 0.0002004418 
0.0001411421 0.0000644550 0.0002000893 
0.0001413041 0.0000644279 0.0001997367 
0.0001414659 0.0000644013 0.0001993843 
0.0001416276 0.0000643751 0.0001990320 
0.0001417890 0.0000643491 0.0001986799 
0.0001419501 0.0000643235 0.0001983280 
0.0001421110 0.0000642982 0.0001979763 
0.0001422717 0.0000642731 0.0001976249 
0.0001424320 0.0000642482 0.0001972737 
0.0001425921 0.0000642236 0.0001969229 
0.0001427519 0.0000641992 0.0001965723 
0.0001429115 0.0000641750 0.0001962221 
0.0001430707 0.0000641510 0.0001958721 
0.0001432297 0.0000641271 0.0001955224 
0.0001433886 0.0000641033 0.0001951730 
0.0001435474 0.0000640784 0.0001948236 
0.0001437058 0.0000640531 0.0001944746 
0.0001438638 0.0000640275 0.0001941261 
0.0001440214 0.0000640018 0.0001937782 
0.0001441786 0.0000639759 0.0001934309 
0.0001443354 0.0000639497 0.0001930842 
0.0001444919 0.0000639234 0.0001927380 
0.0001446481 0.0000638968 0.0001923922 
0.0001448049 0.0000638691 0.0001920463 
0.0001449621 0.0000638403 0.0001917005 
0.0001451188 0.0000638105 0.0001913552 
0.0001452754 0.0000637798 0.0001910106 
0.0001454318 0.0000637480 0.0001906664 
0.0001455883 0.0000637153 0.0001903227 
0.0001457447 0.0000636817 0.0001899796 
0.0001459011 0.0000636474 0.0001896370 
0.0001460574 0.0000636124 0.0001892950 
0.0001462136 0.0000635768 0.0001889537 
0.0001463692 0.0000635404 0.0001886137 
0.0001465245 0.0000635034 0.0001882747 
0.0001466795 0.0000634658 0.0001879365 
0.0001468344 0.0000634278 0.0001875991 
0.0001469893 0.0000633893 0.0001872623 
0.0001471441 0.0000633505 0.0001869261 
0.0001472990 0.0000633114 0.0001865905 
0.0001474542 0.0000632723 0.0001862553 
0.0001476100 0.0000632339 0.0001859203 
0.0001477662 0.0000631960 0.0001855857 
0.0001479229 0.0000631577 0.0001852511 
0.0001480798 0.0000631189 0.0001849168 
0.0001482372 0.0000630790 0.0001845832 
0.0001483948 0.0000630381 0.0001842502 
0.0001485526 0.0000629962 0.0001839179 
0.0001487107 0.0000629532 0.0001835862 
0.0001488690 0.0000629093 0.0001832552 
0.0001490276 0.0000628643 0.0001829249 
0.0001491864 0.0000628183 0.0001825953 
0.0001493456 0.0000627714 0.0001822663 
0.0001495054 0.0000627237 0.0001819380 
0.0001496656 0.0000626753 0.0001816103 
0.0001498265 0.0000626262 0.0001812831 
0.0001499880 0.0000625765 0.0001809565 
0.0001501502 0.0000625262 0.0001806302 
0.0001503131 0.0000624755 0.0001803045 
0.0001504763 0.0000624245 0.0001799796 
0.0001506400 0.0000623733 0.0001796554 
0.0001508046 0.0000623216 0.0001793315 
0.0001509699 0.0000622694 0.0001790081 
0.0001511357 0.0000622168 0.0001786855 
0.0001513022 0.0000621637 0.0001783636 
0.0001514692 0.0000621103 0.0001780426 
0.0001516367 0.0000620565 0.0001777224 
0.0001518042 0.0000620029 0.0001774036 
0.0001519722 0.0000619490 0.0001770855 
0.0001521407 0.0000618949 0.0001767682 
0.0001523095 0.0000618407 0.0001764519 
0.0001524785 0.0000617867 0.0001761368 
0.0001526492 0.0000617345 0.0001758225 
0.0001528220 0.0000616849 0.0001755088 
0.0001529971 0.0000616381 0.0001751958 
0.0001531745 0.0000615939 0.0001748833 
0.0001533537 0.0000615527 0.0001745714 
0.0001535343 0.0000615145 0.0001742604 
0.0001537157 0.0000614791 0.0001739511 
0.0001538978 0.0000614457 0.0001736421 
0.0001540806 0.0000614154 0.0001733347 
0.0001542636 0.0000613875 0.0001730287 
0.0001544470 0.0000613614 0.0001727238 
0.0001546306 0.0000613366 0.0001724194 
0.0001548147 0.0000613128 0.0001721152 
0.0001549990 0.0000612902 0.0001718114 
0.0001551839 0.0000612681 0.0001715074 
0.0001553694 0.0000612463 0.0001712035 
0.0001555555 0.0000612247 0.0001708998 
0.0001557420 0.0000612031 0.0001705967 
0.0001559288 0.0000611812 0.0001702943 
0.0001561160 0.0000611588 0.0001699927 
0.0001563032 0.0000611361 0.0001696921 
0.0001564906 0.0000611131 0.0001693927 
0.0001566780 0.0000610898 0.0001690944 
0.0001568655 0.0000610662 0.0001687974 
0.0001570530 0.0000610422 0.0001685016 
0.0001572403 0.0000610178 0.0001682071 
0.0001574275 0.0000609929 0.0001679140 
0.0001576151 0.0000609674 0.0001676217 
0.0001578030 0.0000609413 0.0001673301 
0.0001579912 0.0000609145 0.0001670393 
0.0001581794 0.0000608870 0.0001667492 
0.0001583676 0.0000608589 0.0001664600 
0.0001585556 0.0000608302 0.0001661716 
0.0001587432 0.0000608010 0.0001658842 
0.0001589303 0.0000607712 0.0001655977 
0.0001591169 0.0000607411 0.0001653123 
0.0001593029 0.0000607105 0.0001650278 
0.0001594881 0.0000606797 0.0001647445 
0.0001596725 0.0000606485 0.0001644623 
0.0001598561 0.0000606171 0.0001641812 
0.0001600387 0.0000605855 0.0001639013 
0.0001602205 0.0000605537 0.0001636226 
0.0001604013 0.0000605217 0.0001633452 
0.0001605811 0.0000604895 0.0001630689 
0.0001607599 0.0000604571 0.0001627940 
0.0001609378 0.0000604245 0.0001625202 
0.0001611146 0.0000603918 0.0001622478 
0.0001612904 0.0000603590 0.0001619767 
0.0001614652 0.0000603260 0.0001617069 
0.0001616389 0.0000602929 0.0001614384 
0.0001618116 0.0000602597 0.0001611713 
0.0001619832 0.0000602264 0.0001609055 
0.0001621538 0.0000601931 0.0001606411 
0.0001623233 0.0000601596 0.0001603780 
0.0001624919 0.0000601260 0.0001601163 
0.0001626594 0.0000600923 0.0001598559 
0.0001628259 0.0000600586 0.0001595968 
0.0001629915 0.0000600247 0.0001593391 
0.0001631561 0.0000599908 0.0001590826 
0.0001633198 0.0000599569 0.0001588274 
0.0001634828 0.0000599232 0.0001585731 
0.0001636451 0.0000598895 0.0001583198 
0.0001638066 0.0000598560 0.0001580675 
0.0001639672 0.0000598223 0.0001578163 
0.0001641269 0.0000597887 0.0001575661 
0.0001642858 0.0000597551 0.0001573171 
0.0001644436 0.0000597213 0.0001570691 
0.0001646006 0.0000596876 0.0001568223 
0.0001647568 0.0000596540 0.0001565765 
0.0001649122 0.0000596205 0.0001563318 
0.0001650668 0.0000595872 0.0001560882 
0.0001652205 0.0000595539 0.0001558458 
0.0001653729 0.0000595206 0.0001556046 
0.0001655237 0.0000594876 0.0001553650 
0.0001656730 0.0000594546 0.0001551268 
0.0001658213 0.0000594218 0.0001548897 
0.0001659688 0.0000593889 0.0001546535 
0.0001661157 0.0000593558 0.0001544181 
0.0001662622 0.0000593226 0.0001541834 
0.0001664085 0.0000592892 0.0001539492 
0.0001665549 0.0000592555 0.0001537155 
0.0001667014 0.0000592217 0.0001534820 
0.0001668482 0.0000591877 0.0001532488 
0.0001669956 0.0000591536 0.0001530158 
0.0001671435 0.0000591194 0.0001527829 
0.0001672919 0.0000590851 0.0001525503 
0.0001674409 0.0000590507 0.0001523179 
0.0001675901 0.0000590163 0.0001520859 
0.0001677396 0.0000589820 0.0001518543 
0.0001678893 0.0000589476 0.0001516233 
0.0001680391 0.0000589132 0.0001513928 
0.0001681889 0.0000588788 0.0001511629 
0.0001683387 0.0000588445 0.0001509337 
0.0001684884 0.0000588101 0.0001507051 
0.0001686379 0.0000587759 0.0001504773 
0.0001687873 0.0000587416 0.0001502502 
0.0001689364 0.0000587074 0.0001500238 
0.0001690852 0.0000586733 0.0001497982 
0.0001692338 0.0000586392 0.0001495733 
0.0001693820 0.0000586052 0.0001493492 
0.0001695299 0.0000585712 0.0001491259 
0.0001696773 0.0000585373 0.0001489033 
0.0001698243 0.0000585039 0.0001486816 
0.0001699708 0.0000584707 0.0001484606 
0.0001701169 0.0000584373 0.0001482404 
0.0001702625 0.0000584036 0.0001480208 
0.0001704077 0.0000583694 0.0001478022 
0.0001705522 0.0000583353 0.0001475844 
0.0001706961 0.0000583013 0.0001473675 
0.0001708395 0.0000582676 0.0001471513 
0.0001709823 0.0000582341 0.0001469358 
0.0001711245 0.0000582010 0.0001467211 
0.0001712662 0.0000581682 0.0001465071 
0.0001714072 0.0000581357 0.0001462939 
0.0001715477 0.0000581032 0.0001460814 
0.0001716876 0.0000580709 0.0001458696 
0.0001718271 0.0000580385 0.0001456585 
0.0001719659 0.0000580063 0.0001454481 
0.0001721042 0.0000579740 0.0001452384 
0.0001722420 0.0000579416 0.0001450294 
0.0001723791 0.0000579091 0.0001448213 
0.0001725155 0.0000578764 0.0001446140 
0.0001726514 0.0000578436 0.0001444075 
0.0001727867 0.0000578107 0.0001442017 
0.0001729216 0.0000577779 0.0001439964 
0.0001730559 0.0000577452 0.0001437916 
0.0001731898 0.0000577125 0.0001435875 
0.0001733232 0.0000576798 0.0001433840 
0.0001734560 0.0000576471 0.0001431811 
0.0001735883 0.0000576144 0.0001429788 
0.0001737200 0.0000575817 0.0001427772 
0.0001738511 0.0000575491 0.0001425762 
0.0001739817 0.0000575163 0.0001423758 
0.0001741117 0.0000574836 0.0001421761 
0.0001742411 0.0000574508 0.0001419770 
0.0001743700 0.0000574181 0.0001417786 
0.0001744983 0.0000573853 0.0001415808 
0.0001746259 0.0000573525 0.0001413836 
0.0001747530 0.0000573196 0.0001411870 
0.0001748795 0.0000572868 0.0001409910 
0.0001750055 0.0000572539 0.0001407957 
0.0001751308 0.0000572210 0.0001406010 
0.0001752555 0.0000571880 0.0001404068 
0.0001753797 0.0000571552 0.0001402132 
0.0001755034 0.0000571223 0.0001400202 
0.0001756266 0.0000570896 0.0001398278 
0.0001757493 0.0000570570 0.0001396358 
0.0001758714 0.0000570244 0.0001394445 
0.0001759928 0.0000569918 0.0001392538 
0.0001761137 0.0000569592 0.0001390636 
0.0001762341 0.0000569266 0.0001388739 
0.0001763542 0.0000568943 0.0001386846 
0.0001764740 0.0000568621 0.0001384957 
0.0001765936 0.0000568300 0.0001383071 
0.0001767130 0.0000567982 0.0001381190 
0.0001768322 0.0000567666 0.0001379312 
0.0001769512 0.0000567352 0.0001377438 
0.0001770700 0.0000567040 0.0001375568 
0.0001771885 0.0000566730 0.0001373703 
0.0001773068 0.0000566423 0.0001371843 
0.0001774249 0.0000566118 0.0001369988 
0.0001775426 0.0000565815 0.0001368138 
0.0001776600 0.0000565514 0.0001366294 
0.0001777770 0.0000565215 0.0001364455 
0.0001778937 0.0000564917 0.0001362622 
0.0001780099 0.0000564621 0.0001360793 
0.0001781258 0.0000564325 0.0001358970 
0.0001782413 0.0000564032 0.0001357153 
0.0001783564 0.0000563741 0.0001355341 
0.0001784712 0.0000563451 0.0001353534 
0.0001785855 0.0000563162 0.0001351733 
0.0001786993 0.0000562875 0.0001349937 
0.0001788127 0.0000562588 0.0001348147 
0.0001789256 0.0000562303 0.0001346363 
0.0001790380 0.0000562018 0.0001344584 
0.0001791499 0.0000561734 0.0001342810 
0.0001792613 0.0000561452 0.0001341042 
0.0001793722 0.0000561170 0.0001339279 
0.0001794826 0.0000560890 0.0001337522 
0.0001795927 0.0000560611 0.0001335769 
0.0001797026 0.0000560337 0.0001334019 
0.0001798132 0.0000560077 0.0001332267 
0.0001799242 0.0000559829 0.0001330516 
0.0001800355 0.0000559591 0.0001328766 
0.0001801470 0.0000559364 0.0001327016 
0.0001802586 0.0000559148 0.0001325267 
0.0001803702 0.0000558938 0.0001323521 
0.0001804817 0.0000558734 0.0001321776 
0.0001805930 0.0000558534 0.0001320034 
0.0001807040 0.0000558336 0.0001318294 
0.0001808148 0.0000558140 0.0001316556 
0.0001809252 0.0000557947 0.0001314821 
0.0001810354 0.0000557755 0.0001313088 
0.0001811452 0.0000557565 0.0001311357 
0.0001812548 0.0000557378 0.0001309629 
0.0001813640 0.0000557192 0.0001307904 
0.0001814729 0.0000557009 0.0001306181 
0.0001815815 0.0000556828 0.0001304461 
0.0001816897 0.0000556649 0.0001302745 
0.0001817975 0.0000556473 0.0001301032 
0.0001819049 0.0000556299 0.0001299323 
0.0001820119 0.0000556127 0.0001297618 
0.0001821184 0.0000555957 0.0001295918 
0.0001822244 0.0000555789 0.0001294222 
0.0001823297 0.0000555621 0.0001292531 
0.0001824343 0.0000555455 0.0001290846 
0.0001825384 0.0000555289 0.0001289167 
0.0001826419 0.0000555123 0.0001287492 
0.0001827448 0.0000554958 0.0001285824 
0.0001828472 0.0000554793 0.0001284161 
0.0001829491 0.0000554628 0.0001282503 
0.0001830506 0.0000554462 0.0001280851 
0.0001831519 0.0000554298 0.0001279203 
0.0001832530 0.0000554137 0.0001277560 
0.0001833539 0.0000553979 0.0001275921 
0.0001834545 0.0000553820 0.0001274287 
0.0001835548 0.0000553662 0.0001272659 
0.0001836547 0.0000553505 0.0001271036 
0.0001837543 0.0000553348 0.0001269418 
0.0001838536 0.0000553193 0.0001267804 
0.0001839526 0.0000553038 0.0001266194 
0.0001840513 0.0000552885 0.0001264590 
0.0001841497 0.0000552732 0.0001262989 
0.0001842478 0.0000552580 0.0001261394 
0.0001843456 0.0000552429 0.0001259803 
0.0001844430 0.0000552278 0.0001258216 
0.0001845402 0.0000552127 0.0001256634 
0.0001846370 0.0000551975 0.0001255058 
0.0001847335 0.0000551822 0.0001253486 
0.0001848296 0.0000551669 0.0001251919 
0.0001849251 0.0000551512 0.0001250358 
0.0001850203 0.0000551357 0.0001248799 
0.0001851152 0.0000551202 0.0001247244 
0.0001852100 0.0000551048 0.0001245694 
0.0001853046 0.0000550894 0.0001244147 
0.0001853991 0.0000550740 0.0001242604 
0.0001854933 0.0000550583 0.0001241065 
0.0001855872 0.0000550424 0.0001239531 
0.0001856808 0.0000550263 0.0001238001 
0.0001857741 0.0000550095 0.0001236477 
0.0001858671 0.0000549922 0.0001234959 
0.0001859597 0.0000549744 0.0001233447 
0.0001860521 0.0000549562 0.0001231939 
0.0001861446 0.0000549379 0.0001230431 
0.0001862372 0.0000549195 0.0001228924 
0.0001863300 0.0000549008 0.0001227417 
0.0001864229 0.0000548819 0.0001225911 
0.0001865158 0.0000548625 0.0001224408 
0.0001866086 0.0000548427 0.0001222909 
0.0001867013 0.0000548226 0.0001221412 
0.0001867937 0.0000548024 0.0001219918 
0.0001868852 0.0000547814 0.0001218431 
0.0001869765 0.0000547605 0.0001216949 
0.0001870678 0.0000547395 0.0001215470 
0.0001871593 0.0000547185 0.0001213992 
0.0001872507 0.0000546972 0.0001212519 
0.0001873422 0.0000546758 0.0001211050 
0.0001874335 0.0000546542 0.0001209585 
0.0001875249 0.0000546327 0.0001208123 
0.0001876160 0.0000546110 0.0001206667 
0.0001877070 0.0000545893 0.0001205216 
0.0001877977 0.0000545675 0.0001203770 
0.0001878881 0.0000545457 0.0001202330 
0.0001879783 0.0000545239 0.0001200896 
0.0001880681 0.0000545020 0.0001199468 
0.0001881574 0.0000544799 0.0001198046 
0.0001882464 0.0000544577 0.0001196631 
0.0001883349 0.0000544354 0.0001195223 
0.0001884230 0.0000544129 0.0001193820 
0.0001885106 0.0000543903 0.0001192424 
0.0001885977 0.0000543675 0.0001191034 
0.0001886844 0.0000543445 0.0001189651 
0.0001887706 0.0000543214 0.0001188273 
0.0001888563 0.0000542979 0.0001186902 
0.0001889416 0.0000542740 0.0001185536 
0.0001890263 0.0000542498 0.0001184175 
0.0001891106 0.0000542250 0.0001182820 
0.0001891945 0.0000541999 0.0001181469 
0.0001892780 0.0000541744 0.0001180124 
0.0001893611 0.0000541486 0.0001178783 
0.0001894439 0.0000541225 0.0001177447 
0.0001895262 0.0000540961 0.0001176116 
0.0001896082 0.0000540695 0.0001174790 
0.0001896896 0.0000540424 0.0001173470 
0.0001897704 0.0000540148 0.0001172155 
0.0001898505 0.0000539866 0.0001170847 
0.0001899301 0.0000539580 0.0001169544 
0.0001900091 0.0000539288 0.0001168247 
0.0001900875 0.0000538991 0.0001166957 
0.0001901654 0.0000538689 0.0001165671 
0.0001902428 0.0000538383 0.0001164392 
0.0001903196 0.0000538072 0.0001163118 
0.0001903960 0.0000537756 0.0001161850 
0.0001904720 0.0000537434 0.0001160586 
0.0001905475 0.0000537106 0.0001159328 
0.0001906224 0.0000536771 0.0001158076 
0.0001906967 0.0000536430 0.0001156829 
0.0001907706 0.0000536080 0.0001155587 
0.0001908438 0.0000535724 0.0001154351 
0.0001909166 0.0000535361 0.0001153119 
0.0001909889 0.0000534993 0.0001151893 
0.0001910608 0.0000534619 0.0001150671 
0.0001911322 0.0000534242 0.0001149454 
0.0001912030 0.0000533858 0.0001148242 
0.0001912734 0.0000533471 0.0001147034 
0.0001913434 0.0000533080 0.0001145831 
0.0001914130 0.0000532686 0.0001144631 
0.0001914821 0.0000532288 0.0001143436 
0.0001915508 0.0000531887 0.0001142246 
0.0001916190 0.0000531483 0.0001141060 
0.0001916867 0.0000531076 0.0001139878 
0.0001917541 0.0000530665 0.0001138701 
0.0001918209 0.0000530251 0.0001137529 
0.0001918872 0.0000529832 0.0001136360 
0.0001919532 0.0000529409 0.0001135196 
0.0001920190 0.0000528983 0.0001134036 
0.0001920845 0.0000528553 0.0001132880 
0.0001921499 0.0000528120 0.0001131726 
0.0001922157 0.0000527688 0.0001130573 
0.0001922813 0.0000527250 0.0001129422 
0.0001923465 0.0000526807 0.0001128275 
0.0001924115 0.0000526358 0.0001127130 
0.0001924765 0.0000525905 0.0001125988 
0.0001925413 0.0000525449 0.0001124848 
0.0001926060 0.0000524989 0.0001123711 
0.0001926706 0.0000524526 0.0001122577 
0.0001927351 0.0000524061 0.0001121446 
0.0001927997 0.0000523597 0.0001120317 
0.0001928642 0.0000523133 0.0001119190 
0.0001929287 0.0000522669 0.0001118066 
0.0001929933 0.0000522207 0.0001116945 
0.0001930578 0.0000521745 0.0001115826 
0.0001931224 0.0000521283 0.0001114710 
0.0001931868 0.0000520820 0.0001113597 
0.0001932510 0.0000520356 0.0001112488 
0.0001933150 0.0000519889 0.0001111382 
0.0001933786 0.0000519419 0.0001110282 
0.0001934419 0.0000518946 0.0001109185 
0.0001935048 0.0000518470 0.0001108094 
0.0001935673 0.0000517991 0.0001107007 
0.0001936296 0.0000517510 0.0001105925 
0.0001936915 0.0000517028 0.0001104848 
0.0001937530 0.0000516543 0.0001103775 
0.0001938142 0.0000516057 0.0001102708 
0.0001938752 0.0000515571 0.0001101645 
0.0001939358 0.0000515084 0.0001100586 
0.0001939962 0.0000514596 0.0001099532 
0.0001940566 0.0000514111 0.0001098480 
0.0001941169 0.0000513626 0.0001097432 
0.0001941770 0.0000513139 0.0001096386 
0.0001942370 0.0000512650 0.0001095344 
0.0001942968 0.0000512156 0.0001094305 
0.0001943563 0.0000511661 0.0001093270 
0.0001944156 0.0000511162 0.0001092240 
0.0001944745 0.0000510661 0.0001091213 
0.0001945332 0.0000510156 0.0001090191 
0.0001945915 0.0000509648 0.0001089174 
0.0001946495 0.0000509137 0.0001088161 
0.0001947071 0.0000508623 0.0001087154 
0.0001947642 0.0000508107 0.0001086152 
0.0001948210 0.0000507589 0.0001085156 
0.0001948773 0.0000507069 0.0001084165 
0.0001949332 0.0000506546 0.0001083180 
0.0001949886 0.0000506022 0.0001082200 
0.0001950435 0.0000505496 0.0001081225 
0.0001950980 0.0000504968 0.0001080256 
0.0001951521 0.0000504439 0.0001079292 
0.0001952058 0.0000503909 0.0001078332 
0.0001952590 0.0000503379 0.0001077377 
0.0001953117 0.0000502848 0.0001076428 
0.0001953641 0.0000502316 0.0001075483 
0.0001954161 0.0000501784 0.0001074543 
0.0001954678 0.0000501251 0.0001073607 
0.0001955198 0.0000500730 0.0001072670 
0.0001955704 0.0000500193 0.0001071744 
0.0001956200 0.0000499644 0.0001070827 
0.0001956687 0.0000499086 0.0001069919 
0.0001957168 0.0000498521 0.0001069017 
0.0001957643 0.0000497952 0.0001068123 
0.0001958113 0.0000497379 0.0001067236 
0.0001958578 0.0000496804 0.0001066354 
0.0001959038 0.0000496227 0.0001065479 
0.0001959491 0.0000495648 0.0001064610 
0.0001959937 0.0000495067 0.0001063747 
0.0001960379 0.0000494485 0.0001062889 
0.0001960816 0.0000493903 0.0001062035 
0.0001961251 0.0000493320 0.0001061184 
0.0001961681 0.0000492736 0.0001060338 
0.0001962109 0.0000492152 0.0001059496 
0.0001962535 0.0000491566 0.0001058658 
0.0001962959 0.0000490980 0.0001057824 
0.0001963381 0.0000490392 0.0001056993 
0.0001963801 0.0000489803 0.0001056165 
0.0001964219 0.0000489214 0.0001055340 
0.0001964635 0.0000488623 0.0001054519 
0.0001965050 0.0000488032 0.0001053700 
0.0001965461 0.0000487438 0.0001052885 
0.0001965869 0.0000486843 0.0001052074 
0.0001966272 0.0000486246 0.0001051267 
0.0001966670 0.0000485647 0.0001050464 
0.0001967063 0.0000485045 0.0001049665 
0.0001967452 0.0000484442 0.0001048870 
0.0001967838 0.0000483837 0.0001048079 
0.0001968221 0.0000483231 0.0001047291 
0.0001968602 0.0000482625 0.0001046505 
0.0001968980 0.0000482017 0.0001045723 
0.0001969356 0.0000481409 0.0001044944 
0.0001969729 0.0000480800 0.0001044168 
0.0001970100 0.0000480192 0.0001043394 
0.0001970469 0.0000479583 0.0001042624 
0.0001970835 0.0000478975 0.0001041856 
0.0001971198 0.0000478366 0.0001041092 
0.0001971559 0.0000477758 0.0001040330 
0.0001971918 0.0000477150 0.0001039571 
0.0001972273 0.0000476542 0.0001038816 
0.0001972625 0.0000475935 0.0001038064 
0.0001972975 0.0000475327 0.0001037314 
0.0001973321 0.0000474721 0.0001036568 
0.0001973665 0.0000474115 0.0001035826 
0.0001974006 0.0000473509 0.0001035086 
0.0001974345 0.0000472904 0.0001034349 
0.0001974683 0.0000472300 0.0001033614 
0.0001975018 0.0000471696 0.0001032883 
0.0001975351 0.0000471093 0.0001032156 
0.0001975683 0.0000470490 0.0001031432 
0.0001976013 0.0000469887 0.0001030712 
0.0001976342 0.0000469283 0.0001029997 
0.0001976670 0.0000468678 0.0001029286 
0.0001976997 0.0000468071 0.0001028582 
0.0001977323 0.0000467463 0.0001027883 
0.0001977647 0.0000466852 0.0001027192 
0.0001977970 0.0000466239 0.0001026508 
0.0001978291 0.0000465623 0.0001025832 
0.0001978609 0.0000465004 0.0001025164 
0.0001978924 0.0000464382 0.0001024505 
0.0001979237 0.0000463755 0.0001023856 
0.0001979546 0.0000463124 0.0001023216 
0.0001979852 0.0000462490 0.0001022586 
0.0001980154 0.0000461852 0.0001021964 
0.0001980454 0.0000461210 0.0001021351 
0.0001980751 0.0000460567 0.0001020746 
0.0001981045 0.0000459921 0.0001020149 
0.0001981336 0.0000459273 0.0001019559 
0.0001981625 0.0000458623 0.0001018979 
0.0001981911 0.0000457971 0.0001018405 
0.0001982193 0.0000457316 0.0001017837 
0.0001982473 0.0000456660 0.0001017275 
0.0001982750 0.0000456004 0.0001016718 
0.0001983023 0.0000455348 0.0001016166 
0.0001983293 0.0000454694 0.0001015620 
0.0001983560 0.0000454040 0.0001015079 
0.0001983823 0.0000453387 0.0001014543 
0.0001984083 0.0000452737 0.0001014012 
0.0001984340 0.0000452089 0.0001013485 
0.0001984593 0.0000451443 0.0001012963 
0.0001984842 0.0000450799 0.0001012444 
0.0001985088 0.0000450158 0.0001011929 
0.0001985331 0.0000449519 0.0001011416 
0.0001985572 0.0000448883 0.0001010906 
0.0001985809 0.0000448250 0.0001010397 
0.0001986045 0.0000447621 0.0001009890 
0.0001986277 0.0000446995 0.0001009384 
0.0001986508 0.0000446372 0.0001008879 
0.0001986736 0.0000445754 0.0001008374 
0.0001986962 0.0000445140 0.0001007871 
0.0001987186 0.0000444531 0.0001007368 
0.0001987408 0.0000443925 0.0001006865 
0.0001987627 0.0000443324 0.0001006364 
0.0001987842 0.0000442729 0.0001005864 
0.0001988054 0.0000442139 0.0001005366 
0.0001988261 0.0000441555 0.0001004869 
0.0001988466 0.0000440976 0.0001004374 
0.0001988667 0.0000440402 0.0001003879 
0.0001988864 0.0000439833 0.0001003385 
0.0001989059 0.0000439269 0.0001002891 
0.0001989250 0.0000438710 0.0001002397 
0.0001989439 0.0000438157 0.0001001904 
0.0001989624 0.0000437609 0.0001001410 
0.0001989807 0.0000437065 0.0001000916 
0.0001989987 0.0000436527 0.0001000422 
0.0001990164 0.0000435993 0.0000999928 
0.0001990339 0.0000435464 0.0000999434 
0.0001990510 0.0000434940 0.0000998940 
0.0001990679 0.0000434420 0.0000998446 
0.0001990844 0.0000433905 0.0000997951 
0.0001991007 0.0000433394 0.0000997456 
0.0001991167 0.0000432887 0.0000996962 
0.0001991324 0.0000432384 0.0000996467 
0.0001991479 0.0000431886 0.0000995972 
0.0001991630 0.0000431391 0.0000995476 
0.0001991779 0.0000430900 0.0000994981 
0.0001991923 0.0000430412 0.0000994485 
0.0001992065 0.0000429927 0.0000993988 
0.0001992204 0.0000429446 0.0000993492 
0.0001992341 0.0000428969 0.0000992995 
0.0001992475 0.0000428496 0.0000992497 
0.0001992606 0.0000428026 0.0000991999 
0.0001992735 0.0000427561 0.0000991501 
0.0001992862 0.0000427100 0.0000991003 
0.0001992987 0.0000426643 0.0000990504 
0.0001993110 0.0000426190 0.0000990005 
0.0001993231 0.0000425741 0.0000989506 
0.0001993350 0.0000425296 0.0000989006 
0.0001993468 0.0000424855 0.0000988506 
0.0001993584 0.0000424417 0.0000988005 
0.0001993698 0.0000423983 0.0000987503 
0.0001993811 0.0000423553 0.0000987002 
0.0001993922 0.0000423127 0.0000986500 
0.0001994031 0.0000422706 0.0000985997 
0.0001994140 0.0000422288 0.0000985495 
0.0001994246 0.0000421874 0.0000984992 
0.0001994351 0.0000421464 0.0000984488 
0.0001994455 0.0000421058 0.0000983984 
0.0001994558 0.0000420656 0.0000983480 
0.0001994660 0.0000420259 0.0000982976 
0.0001994760 0.0000419865 0.0000982470 
0.0001994859 0.0000419475 0.0000981965 
0.0001994958 0.0000419089 0.0000981459 
0.0001995056 0.0000418707 0.0000980953 
0.0001995153 0.0000418329 0.0000980446 
0.0001995250 0.0000417955 0.0000979938 
0.0001995347 0.0000417585 0.0000979430 
0.0001995444 0.0000417220 0.0000978922 
0.0001995542 0.0000416859 0.0000978412 
0.0001995640 0.0000416502 0.0000977902 
0.0001995739 0.0000416150 0.0000977391 
0.0001995840 0.0000415801 0.0000976880 
0.0001995941 0.0000415458 0.0000976368 
0.0001996044 0.0000415119 0.0000975854 
0.0001996149 0.0000414785 0.0000975340 
0.0001996255 0.0000414456 0.0000974825 
0.0001996361 0.0000414131 0.0000974309 
0.0001996466 0.0000413807 0.0000973792 
0.0001996570 0.0000413485 0.0000973276 
0.0001996673 0.0000413164 0.0000972760 
0.0001996775 0.0000412843 0.0000972245 
0.0001996877 0.0000412524 0.0000971729 
0.0001996977 0.0000412205 0.0000971214 
0.0001997077 0.0000411887 0.0000970698 
0.0001997177 0.0000411571 0.0000970182 
0.0001997278 0.0000411255 0.0000969666 
0.0001997378 0.0000410941 0.0000969149 
0.0001997479 0.0000410629 0.0000968632 
0.0001997582 0.0000410318 0.0000968113 
0.0001997689 0.0000410013 0.0000967591 
0.0001997800 0.0000409711 0.0000967068 
0.0001997914 0.0000409412 0.0000966543 
0.0001998033 0.0000409117 0.0000966016 
0.0001998155 0.0000408827 0.0000965487 
0.0001998282 0.0000408539 0.0000964956 
0.0001998413 0.0000408256 0.0000964424 
0.0001998548 0.0000407977 0.0000963891 
0.0001998688 0.0000407703 0.0000963356 
0.0001998843 0.0000407447 0.0000962818 
0.0001999007 0.0000407202 0.0000962279 
0.0001999169 0.0000406953 0.0000961741 
0.0001999330 0.0000406704 0.0000961203 
0.0001999493 0.0000406457 0.0000960667 
0.0001999656 0.0000406209 0.0000960132 
0.0001999821 0.0000405962 0.0000959598 
0.0001999986 0.0000405714 0.0000959066 
0.0002000153 0.0000405465 0.0000958534 
0.0002000320 0.0000405215 0.0000958004 
0.0002000487 0.0000404964 0.0000957475 
0.0002000656 0.0000404713 0.0000956947 
0.0002000825 0.0000404460 0.0000956421 
0.0002000994 0.0000404207 0.0000955896 
0.0002001164 0.0000403953 0.0000955372 
0.0002001334 0.0000403699 0.0000954850 
0.0002001505 0.0000403444 0.0000954330 
0.0002001676 0.0000403188 0.0000953811 
0.0002001847 0.0000402932 0.0000953293 
0.0002002019 0.0000402675 0.0000952776 
0.0002002190 0.0000402417 0.0000952261 
0.0002002362 0.0000402159 0.0000951747 
0.0002002534 0.0000401900 0.0000951235 
0.0002002707 0.0000401642 0.0000950723 
0.0002002880 0.0000401383 0.0000950213 
0.0002003055 0.0000401124 0.0000949703 
0.0002003230 0.0000400866 0.0000949193 
0.0002003405 0.0000400607 0.0000948685 
0.0002003582 0.0000400350 0.0000948177 
0.0002003760 0.0000400092 0.0000947670 
0.0002003938 0.0000399836 0.0000947164 
0.0002004118 0.0000399580 0.0000946658 
0.0002004298 0.0000399324 0.0000946154 
0.0002004479 0.0000399069 0.0000945650 
0.0002004661 0.0000398814 0.0000945148 
0.0002004844 0.0000398559 0.0000944647 
0.0002005027 0.0000398305 0.0000944146 
0.0002005211 0.0000398050 0.0000943647 
0.0002005395 0.0000397797 0.0000943149 
0.0002005581 0.0000397543 0.0000942651 
0.0002005767 0.0000397289 0.0000942155 
0.0002005954 0.0000397036 0.0000941659 
0.0002006142 0.0000396783 0.0000941164 
0.0002006330 0.0000396531 0.0000940670 
0.0002006520 0.0000396278 0.0000940177 
0.0002006710 0.0000396026 0.0000939684 
0.0002006901 0.0000395773 0.0000939193 
0.0002007092 0.0000395522 0.0000938702 
0.0002007285 0.0000395270 0.0000938213 
0.0002007478 0.0000395019 0.0000937724 
0.0002007673 0.0000394768 0.0000937237 
0.0002007868 0.0000394517 0.0000936751 
0.0002008063 0.0000394266 0.0000936266 
0.0002008260 0.0000394016 0.0000935782 
0.0002008457 0.0000393766 0.0000935299 
0.0002008655 0.0000393515 0.0000934817 
0.0002008854 0.0000393266 0.0000934336 
0.0002009054 0.0000393016 0.0000933856 
0.0002009255 0.0000392766 0.0000933377 
0.0002009456 0.0000392517 0.0000932899 
0.0002009658 0.0000392268 0.0000932422 
0.0002009861 0.0000392019 0.0000931947 
0.0002010065 0.0000391770 0.0000931473 
0.0002010269 0.0000391523 0.0000930999 
0.0002010474 0.0000391275 0.0000930528 
0.0002010679 0.0000391028 0.0000930057 
0.0002010884 0.0000390780 0.0000929588 
0.0002011090 0.0000390531 0.0000929120 
0.0002011297 0.0000390282 0.0000928653 
0.0002011504 0.0000390031 0.0000928188 
0.0002011711 0.0000389780 0.0000927723 
0.0002011919 0.0000389528 0.0000927260 
0.0002012127 0.0000389275 0.0000926798 
0.0002012336 0.0000389021 0.0000926338 
0.0002012545 0.0000388766 0.0000925879 
0.0002012755 0.0000388511 0.0000925420 
0.0002012966 0.0000388255 0.0000924963 
0.0002013178 0.0000388000 0.0000924507 
0.0002013391 0.0000387745 0.0000924052 
0.0002013605 0.0000387491 0.0000923598 
0.0002013820 0.0000387237 0.0000923144 
0.0002014036 0.0000386983 0.0000922692 
0.0002014254 0.0000386730 0.0000922241 
0.0002014472 0.0000386477 0.0000921791 
0.0002014691 0.0000386224 0.0000921341 
0.0002014911 0.0000385971 0.0000920893 
0.0002015132 0.0000385719 0.0000920445 
0.0002015354 0.0000385467 0.0000919999 
0.0002015577 0.0000385214 0.0000919553 
0.0002015800 0.0000384962 0.0000919109 
0.0002016024 0.0000384710 0.0000918665 
0.0002016249 0.0000384458 0.0000918223 
0.0002016475 0.0000384206 0.0000917781 
0.0002016701 0.0000383954 0.0000917341 
0.0002016928 0.0000383701 0.0000916901 
0.0002017155 0.0000383449 0.0000916463 
0.0002017384 0.0000383196 0.0000916026 
0.0002017613 0.0000382943 0.0000915589 
0.0002017842 0.0000382690 0.0000915154 
0.0002018072 0.0000382438 0.0000914719 
0.0002018302 0.0000382186 0.0000914285 
0.0002018534 0.0000381934 0.0000913852 
0.0002018766 0.0000381683 0.0000913420 
0.0002018999 0.0000381432 0.0000912988 
0.0002019233 0.0000381181 0.0000912557 
0.0002019469 0.0000380931 0.0000912126 
0.0002019705 0.0000380682 0.0000911696 
0.0002019943 0.0000380433 0.0000911267 
0.0002020183 0.0000380184 0.0000910838 
0.0002020423 0.0000379936 0.0000910409 
0.0002020665 0.0000379688 0.0000909982 
0.0002020908 0.0000379441 0.0000909555 
0.0002021152 0.0000379194 0.0000909128 
0.0002021397 0.0000378946 0.0000908702 
0.0002021650 0.0000378706 0.0000908278 
0.0002021912 0.0000378475 0.0000907855 
0.0002022179 0.0000378251 0.0000907436 
0.0002022447 0.0000378035 0.0000907021 
0.0002022714 0.0000377823 0.0000906612 
0.0002022977 0.0000377616 0.0000906208 
0.0002023236 0.0000377412 0.0000905809 
0.0002023487 0.0000377215 0.0000905418 
0.0002023732 0.0000377023 0.0000905032 
0.0002023971 0.0000376838 0.0000904650 
0.0002024206 0.0000376661 0.0000904273 
0.0002024435 0.0000376489 0.0000903900 
0.0002024660 0.0000376322 0.0000903531 
0.0002024877 0.0000376158 0.0000903166 
0.0002025089 0.0000375998 0.0000902806 
0.0002025293 0.0000375841 0.0000902451 
0.0002025492 0.0000375686 0.0000902099 
0.0002025684 0.0000375532 0.0000901752 
0.0002025870 0.0000375379 0.0000901409 
0.0002026051 0.0000375227 0.0000901070 
0.0002026226 0.0000375076 0.0000900734 
0.0002026397 0.0000374925 0.0000900403 
0.0002026563 0.0000374774 0.0000900075 
0.0002026724 0.0000374623 0.0000899750 
0.0002026882 0.0000374472 0.0000899429 
0.0002027035 0.0000374322 0.0000899111 
0.0002027185 0.0000374171 0.0000898796 
0.0002027331 0.0000374020 0.0000898484 
0.0002027474 0.0000373869 0.0000898176 
0.0002027613 0.0000373717 0.0000897870 
0.0002027750 0.0000373565 0.0000897567 
0.0002027883 0.0000373411 0.0000897267 
0.0002028014 0.0000373257 0.0000896970 
0.0002028143 0.0000373102 0.0000896675 
0.0002028268 0.0000372945 0.0000896384 
0.0002028389 0.0000372786 0.0000896096 
0.0002028507 0.0000372625 0.0000895812 
0.0002028623 0.0000372462 0.0000895530 
0.0002028737 0.0000372298 0.0000895252 
0.0002028848 0.0000372133 0.0000894975 
0.0002028959 0.0000371966 0.0000894701 
0.0002029067 0.0000371800 0.0000894430 
0.0002029175 0.0000371632 0.0000894160 
0.0002029281 0.0000371464 0.0000893892 
0.0002029386 0.0000371295 0.0000893627 
0.0002029490 0.0000371125 0.0000893363 
0.0002029593 0.0000370955 0.0000893101 
0.0002029695 0.0000370785 0.0000892841 
0.0002029795 0.0000370614 0.0000892583 
0.0002029895 0.0000370442 0.0000892327 
0.0002029993 0.0000370269 0.0000892073 
0.0002030091 0.0000370096 0.0000891821 
0.0002030187 0.0000369923 0.0000891571 
0.0002030283 0.0000369748 0.0000891322 
0.0002030378 0.0000369573 0.0000891076 
0.0002030472 0.0000369397 0.0000890830 
0.0002030567 0.0000369221 0.0000890586 
0.0002030661 0.0000369044 0.0000890344 
0.0002030755 0.0000368867 0.0000890103 
0.0002030849 0.0000368690 0.0000889862 
0.0002030943 0.0000368513 0.0000889623 
0.0002031038 0.0000368336 0.0000889386 
0.0002031133 0.0000368159 0.0000889149 
0.0002031227 0.0000367984 0.0000888914 
0.0002031321 0.0000367809 0.0000888681 
0.0002031415 0.0000367635 0.0000888449 
0.0002031509 0.0000367460 0.0000888219 
0.0002031603 0.0000367285 0.0000887991 
0.0002031697 0.0000367110 0.0000887764 
0.0002031790 0.0000366934 0.0000887539 
0.0002031884 0.0000366759 0.0000887315 
0.0002031977 0.0000366583 0.0000887093 
0.0002032070 0.0000366406 0.0000886873 
0.0002032163 0.0000366229 0.0000886654 
0.0002032255 0.0000366052 0.0000886438 
0.0002032348 0.0000365874 0.0000886222 
0.0002032440 0.0000365695 0.0000886009 
0.0002032533 0.0000365516 0.0000885797 
0.0002032625 0.0000365337 0.0000885586 
0.0002032717 0.0000365157 0.0000885377 
0.0002032810 0.0000364977 0.0000885170 
0.0002032902 0.0000364795 0.0000884964 
0.0002032994 0.0000364614 0.0000884760 
0.0002033086 0.0000364432 0.0000884556 
0.0002033179 0.0000364250 0.0000884354 
0.0002033271 0.0000364068 0.0000884153 
0.0002033363 0.0000363886 0.0000883954 
0.0002033455 0.0000363704 0.0000883756 
0.0002033547 0.0000363522 0.0000883558 
0.0002033639 0.0000363340 0.0000883362 
0.0002033732 0.0000363158 0.0000883167 
0.0002033824 0.0000362976 0.0000882972 
0.0002033917 0.0000362795 0.0000882779 
0.0002034010 0.0000362613 0.0000882586 
0.0002034103 0.0000362431 0.0000882395 
0.0002034197 0.0000362248 0.0000882204 
0.0002034290 0.0000362066 0.0000882014 
0.0002034384 0.0000361884 0.0000881825 
0.0002034478 0.0000361701 0.0000881636 
0.0002034572 0.0000361519 0.0000881449 
0.0002034666 0.0000361336 0.0000881262 
0.0002034760 0.0000361153 0.0000881076 
0.0002034855 0.0000360970 0.0000880890 
0.0002034950 0.0000360786 0.0000880705 
0.0002035045 0.0000360602 0.0000880520 
0.0002035141 0.0000360418 0.0000880336 
0.0002035238 0.0000360234 0.0000880151 
0.0002035335 0.0000360050 0.0000879967 
0.0002035433 0.0000359866 0.0000879783 
0.0002035531 0.0000359681 0.0000879600 
0.0002035631 0.0000359497 0.0000879416 
0.0002035731 0.0000359313 0.0000879233 
0.0002035831 0.0000359128 0.0000879050 
0.0002035932 0.0000358943 0.0000878867 
0.0002036034 0.0000358759 0.0000878684 
0.0002036137 0.0000358574 0.0000878502 
0.0002036240 0.0000358388 0.0000878319 
0.0002036344 0.0000358203 0.0000878138 
0.0002036448 0.0000358017 0.0000877956 
0.0002036552 0.0000357831 0.0000877775 
0.0002036658 0.0000357645 0.0000877594 
0.0002036764 0.0000357458 0.0000877413 
0.0002036870 0.0000357271 0.0000877233 
0.0002036977 0.0000357083 0.0000877053 
0.0002037084 0.0000356896 0.0000876873 
0.0002037192 0.0000356707 0.0000876693 
0.0002037301 0.0000356519 0.0000876514 
0.0002037410 0.0000356330 0.0000876334 
0.0002037520 0.0000356141 0.0000876155 
0.0002037631 0.0000355952 0.0000875976 
0.0002037742 0.0000355762 0.0000875797 
0.0002037854 0.0000355572 0.0000875618 
0.0002037968 0.0000355382 0.0000875439 
0.0002038082 0.0000355191 0.0000875259 
0.0002038198 0.0000355001 0.0000875079 
0.0002038314 0.0000354811 0.0000874899 
0.0002038432 0.0000354620 0.0000874718 
0.0002038551 0.0000354430 0.0000874536 
0.0002038672 0.0000354240 0.0000874355 
0.0002038793 0.0000354049 0.0000874173 
0.0002038915 0.0000353859 0.0000873991 
0.0002039039 0.0000353669 0.0000873809 
0.0002039163 0.0000353479 0.0000873626 
0.0002039288 0.0000353288 0.0000873444 
0.0002039414 0.0000353097 0.0000873261 
0.0002039541 0.0000352907 0.0000873079 
0.0002039669 0.0000352716 0.0000872897 
0.0002039798 0.0000352525 0.0000872714 
0.0002039927 0.0000352333 0.0000872532 
0.0002040057 0.0000352142 0.0000872350 
0.0002040187 0.0000351950 0.0000872168 
0.0002040319 0.0000351757 0.0000871987 
0.0002040450 0.0000351564 0.0000871805 
0.0002040583 0.0000351371 0.0000871624 
0.0002040583 0.0000351371 0.0000871624 
0.0002040583 0.0000351371 0.0000871624 
0.0002040583 0.0000351371 0.0000871624 
0.0002040583 0.0000351371 0.0000871624 
0.0002040583 0.0000351371 0.0000871624 
0.0002040583 0.0000351371 0.0000871624 
0.0002040583 0.0000351371 0.0000871624 
0.0002040583 0.0000351371 0.0000871624 
0.0002040583 0.0000351371 0.0000871624 
0.0002040583 0.0000351371 0.0000871624 
0.0002040583 0.0000351371 0.0000871624 
0.0002040583 0.0000351371 0.0000871624 
0.0002040583 0.0000351371 0.0000871624 
0.0002040583 0.0000351371 0.0000871624 
0.0002040583 0.0000351371 0.0000871624 
0.0002040583 0.0000351371 0.0000871624 
0.0002040583 0.0000351371 0.0000871624 
0.0002040583 0.0000351371 0.0000871624 
0.0002040583 0.0000351371 0.0000871624 
0.0002040583 0.0000351371 0.0000871624 
0.0002040583 0.0000351371 0.0000871624 
0.0002040583 0.0000351371 0.0000871624 
0.0002040583 0.0000351371 0.0000871624 
0.0002040583 0.0000351371 0.0000871624 
0.0002040583 0.0000351371 0.0000871624 
0.0002040583 0.0000351371 0.0000871624 
0.0002040583 0.0000351371 0.0000871624 
0.0002040583 0.0000351371 0.0000871624 
0.0002040583 0.0000351371 0.0000871624 
0.0002040583 0.0000351371 0.0000871624 
0.0002040583 0.0000351371 0.0000871624 
0.0002040583 0.0000351371 0.0000871624 
0.0002040583 0.0000351371 0.0000871624 
0.0002040583 0.0000351371 0.0000871624 
0.0002040583 0.0000351371 0.0000871624 
0.0002040583 0.0000351371 0.0000871624 
0.0002040583 0.0000351371 0.0000871624 
0.0002040583 0.0000351371 0.0000871624 
0.0002040583 0.0000351371 0.0000871624 
0.0002040583 0.0000351371 0.0000871624 
0.0002040583 0.0000351371 0.0000871624 
0.0002040583 0.0000351371 0.0000871624 
0.0002040583 0.0000351371 0.0000871624 
0.0002040583 0.0000351371 0.0000871624 
0.0002040583 0.0000351371 0.0000871624 
0.0002040583 0.0000351371 0.0000871624 
0.0002040583 0.0000351371 0.0000871624 
0.0002040583 0.0000351371 0.0000871624 
0.0002040583 0.0000351371 0.0000871624 
0.0002040583 0.0000351371 0.0000871624 
0.0002040583 0.0000351371 0.0000871624 
0.0002040583 0.0000351371 0.0000871624 
0.0002040583 0.0000351371 0.0000871624 
0.0002040583 0.0000351371 0.0000871624 
0.0002040583 0.0000351371 0.0000871624 
0.0002040583 0.0000351371 0.0000871624 
0.0002040583 0.0000351371 0.0000871624 
0.0002040583 0.0000351371 0.0000871624 
0.0002040583 0.0000351371 0.0000871624 
0.0002040583 0.0000351371 0.0000871624 
0.0002040583 0.0000351371 0.0000871624 
0.0002040583 0.0000351371 0.0000871624 
0.0002040583 0.0000351371 0.0000871624 
0.0002040583 0.0000351371 0.0000871624 
0.0002040583 0.0000351371 0.0000871624 
0.0002040583 0.0000351371 0.0000871624 
0.0002040583 0.0000351371 0.0000871624 
0.0002040583 0.0000351371 0.0000871624 
0.0002040583 0.0000351371 0.0000871624 
0.0002040583 0.0000351371 0.0000871624 
0.0002040583 0.0000351371 0.0000871624 
0.0002040583 0.0000351371 0.0000871624 
0.0002040583 0.0000351371 0.0000871624 
0.0002040583 0.0000351371 0.0000871624 
0.0002040583 0.0000351371 0.0000871624 
0.0002040583 0.0000351371 0.0000871624 
0.0002040583 0.0000351371 0.0000871624 
0.0002040583 0.0000351371 0.0000871624 
0.0002040583 0.0000351371 0.0000871624 
0.0002040583 0.0000351371 0.0000871624 
0.0002040583 0.0000351371 0.0000871624 
0.0002040583 0.0000351371 0.0000871624 
0.0002040583 0.0000351371 0.0000871624 
0.0002040583 0.0000351371 0.0000871624 
0.0002040583 0.0000351371 0.0000871624 
0.0002040583 0.0000351371 0.0000871624 
0.0002040583 0.0000351371 0.0000871624 
0.0002040583 0.0000351371 0.0000871624 
0.0002040583 0.0000351371 0.0000871624 
0.0002040583 0.0000351371 0.0000871624 
0.0002040583 0.0000351371 0.0000871624 
0.0002040583 0.0000351371 0.0000871624 
0.0002040583 0.0000351371 0.0000871624 
0.0002040583 0.0000351371 0.0000871624 
0.0002040583 0.0000351371 0.0000871624 
0.0002040583 0.0000351371 0.0000871624 
0.0002040583 0.0000351371 0.0000871624 
0.0002040583 0.0000351371 0.0000871624 
0.0002040583 0.0000351371 0.0000871624 
0.0002040583 0.0000351371 0.0000871624 
0.0002040583 0.0000351371 0.0000871624 
0.0002040583 0.0000351371 0.0000871624 
0.0002040583 0.0000351371 0.0000871624 
0.0002040583 0.0000351371 0.0000871624 
0.0002040583 0.0000351371 0.0000871624 
0.0002040583 0.0000351371 0.0000871624 
0.0002040583 0.0000351371 0.0000871624 
0.0002040583 0.0000351371 0.0000871624 
0.0002040583 0.0000351371 0.0000871624 
0.0002040583 0.0000351371 0.0000871624 
0.0002040583 0.0000351371 0.0000871624 
0.0002040583 0.0000351371 0.0000871624 
0.0002040583 0.0000351371 0.0000871624 
0.0002040583 0.0000351371 0.0000871624 
0.0002040583 0.0000351371 0.0000871624 
0.0002040583 0.0000351371 0.0000871624 
0.0002040583 0.0000351371 0.0000871624 
0.0002040583 0.0000351371 0.0000871624 
0.0002040583 0.0000351371 0.0000871624 
0.0002040583 0.0000351371 0.0000871624 
0.0002040583 0.0000351371 0.0000871624 
0.0002040583 0.0000351371 0.0000871624 
0.0002040583 0.0000351371 0.0000871624 
0.0002040583 0.0000351371 0.0000871624 
0.0002040583 0.0000351371 0.0000871624 
0.0002040583 0.0000351371 0.0000871624 
0.0002040583 0.0000351371 0.0000871624 
0.0002040583 0.0000351371 0.0000871624 
0.0002040583 0.0000351371 0.0000871624 
0.0002040583 0.0000351371 0.0000871624 
0.0002040583 0.0000351371 0.0000871624 
0.0002040583 0.0000351371 0.0000871624 
0.0002040583 0.0000351371 0.0000871624 
0.0002040583 0.0000351371 0.0000871624 
0.0002040583 0.0000351371 0.0000871624 
0.0002040583 0.0000351371 0.0000871624 
0.0002040583 0.0000351371 0.0000871624 
0.0002040583 0.0000351371 0.0000871624 
0.0002040583 0.0000351371 0.0000871624 
0.0002040583 0.0000351371 0.0000871624 
0.0002040583 0.0000351371 0.0000871624 
0.0002040583 0.0000351371 0.0000871624 
0.0002040583 0.0000351371 0.0000871624 
0.0002040583 0.0000351371 0.0000871624 
0.0002040583 0.0000351371 0.0000871624 
0.0002040583 0.0000351371 0.0000871624 
0.0002040583 0.0000351371 0.0000871624 
0.0002040583 0.0000351371 0.0000871624 
0.0002040583 0.0000351371 0.0000871624 
0.0002040583 0.0000351371 0.0000871624 
0.0002040583 0.0000351371 0.0000871624 
0.0002040583 0.0000351371 0.0000871624 
0.0002040583 0.0000351371 0.0000871624 
0.0002040583 0.0000351371 0.0000871624 
0.0002040583 0.0000351371 0.0000871624 
0.0002040583 0.0000351371 0.0000871624 
0.0002040583 0.0000351371 0.0000871624 
0.0002040583 0.0000351371 0.0000871624 
0.0002040583 0.0000351371 0.0000871624 
0.0002040583 0.0000351371 0.0000871624 
0.0002040583 0.0000351371 0.0000871624 
0.0002040583 0.0000351371 0.0000871624 
0.0002040583 0.0000351371 0.0000871624 
0.0002040583 0.0000351371 0.0000871624 
0.0002040583 0.0000351371 0.0000871624 
0.0002040583 0.0000351371 0.0000871624 
0.0002040583 0.0000351371 0.0000871624 
0.0002040583 0.0000351371 0.0000871624 
0.0002040583 0.0000351371 0.0000871624 
0.0002040583 0.0000351371 0.0000871624 
0.0002040583 0.0000351371 0.0000871624 
0.0002040583 0.0000351371 0.0000871624 
0.0002040583 0.0000351371 0.0000871624 
0.0002040583 0.0000351371 0.0000871624 
0.0002040583 0.0000351371 0.0000871624 
0.0002040583 0.0000351371 0.0000871624 
0.0002040583 0.0000351371 0.0000871624 
0.0002040583 0.0000351371 0.0000871624 
0.0002040583 0.0000351371 0.0000871624 
0.0002040583 0.0000351371 0.0000871624 
0.0002040583 0.0000351371 0.0000871624 
0.0002040583 0.0000351371 0.0000871624 
0.0002040583 0.0000351371 0.0000871624 
0.0002040583 0.0000351371 0.0000871624 
0.0002040583 0.0000351371 0.0000871624 
0.0002040583 0.0000351371 0.0000871624 
0.0002040583 0.0000351371 0.0000871624 
0.0002040583 0.0000351371 0.0000871624 
0.0002040583 0.0000351371 0.0000871624 
0.0002040583 0.0000351371 0.0000871624 
0.0002040583 0.0000351371 0.0000871624 
0.0002040583 0.0000351371 0.0000871624 
0.0002040583 0.0000351371 0.0000871624 
0.0002040583 0.0000351371 0.0000871624 
0.0002040583 0.0000351371 0.0000871624 
0.0002040583 0.0000351371 0.0000871624 
0.0002040583 0.0000351371 0.0000871624 
0.0002040583 0.0000351371 0.0000871624 
0.0002040583 0.0000351371 0.0000871624 
0.0002040583 0.0000351371 0.0000871624 
0.0002040583 0.0000351371 0.0000871624 
0.0002040583 0.0000351371 0.0000871624 
0.0002040583 0.0000351371 0.0000871624 
0.0002040583 0.0000351371 0.0000871624 
0.0002040583 0.0000351371 0.0000871624 
0.0002040583 0.0000351371 0.0000871624 
0.0002040583 0.0000351371 0.0000871624 
0.0002040583 0.0000351371 0.0000871624 
0.0002040583 0.0000351371 0.0000871624 
0.0002040583 0.0000351371 0.0000871624 
0.0002040583 0.0000351371 0.0000871624 
0.0002040583 0.0000351371 0.0000871624 
0.0002040583 0.0000351371 0.0000871624 
0.0002040583 0.0000351371 0.0000871624 
0.0002040583 0.0000351371 0.0000871624 
0.0002040583 0.0000351371 0.0000871624 
0.0002040583 0.0000351371 0.0000871624 
0.0002040583 0.0000351371 0.0000871624 
0.0002040583 0.0000351371 0.0000871624 
0.0002040583 0.0000351371 0.0000871624 
0.0002040583 0.0000351371 0.0000871624 
0.0002040583 0.0000351371 0.0000871624 
0.0002040583 0.0000351371 0.0000871624 
0.0002040583 0.0000351371 0.0000871624 
0.0002040583 0.0000351371 0.0000871624 
0.0002040583 0.0000351371 0.0000871624 
0.0002040583 0.0000351371 0.0000871624 
0.0002040583 0.0000351371 0.0000871624 
0.0002040583 0.0000351371 0.0000871624 
0.0002040583 0.0000351371 0.0000871624 
0.0002040583 0.0000351371 0.0000871624 
0.0002040583 0.0000351371 0.0000871624 
0.0002040583 0.0000351371 0.0000871624 
0.0002040583 0.0000351371 0.0000871624 
0.0002040583 0.0000351371 0.0000871624 
0.0002040583 0.0000351371 0.0000871624 
0.0002040583 0.0000351371 0.0000871624 
0.0002040583 0.0000351371 0.0000871624 
0.0002040583 0.0000351371 0.0000871624 
0.0002040583 0.0000351371 0.0000871624 
0.0002040583 0.0000351371 0.0000871624 
0.0002040583 0.0000351371 0.0000871624 
0.0002040583 0.0000351371 0.0000871624 
0.0002040583 0.0000351371 0.0000871624 
0.0002040583 0.0000351371 0.0000871624 
0.0002040583 0.0000351371 0.0000871624 
0.0002040583 0.0000351371 0.0000871624 
0.0002040583 0.0000351371 0.0000871624 
0.0002040583 0.0000351371 0.0000871624 
0.0002040583 0.0000351371 0.0000871624 
0.0002040583 0.0000351371 0.0000871624 
0.0002040583 0.0000351371 0.0000871624 
0.0002040583 0.0000351371 0.0000871624 
0.0002040583 0.0000351371 0.0000871624 
0.0002040583 0.0000351371 0.0000871624 
0.0002040583 0.0000351371 0.0000871624 
0.0002040583 0.0000351371 0.0000871624 
0.0002040583 0.0000351371 0.0000871624 
0.0002040583 0.0000351371 0.0000871624 
