0.0001464462 0.0001033388 0.0002114440 
0.0001466163 0.0001035172 0.0002108097 
0.0001467851 0.0001036824 0.0002102022 
0.0001469575 0.0001038359 0.0002096118 
0.0001471361 0.0001039782 0.0002090316 
0.0001473223 0.0001041097 0.0002084573 
0.0001475166 0.0001042306 0.0002078856 
0.0001477194 0.0001043414 0.0002073144 
0.0001479307 0.0001044425 0.0002067420 
0.0001481504 0.0001045344 0.0002061674 
0.0001483785 0.0001046178 0.0002055900 
0.0001486148 0.0001046932 0.0002050092 
0.0001488590 0.0001047611 0.0002044248 
0.0001491111 0.0001048223 0.0002038366 
0.0001493709 0.0001048772 0.0002032446 
0.0001496381 0.0001049262 0.0002026487 
0.0001499125 0.0001049700 0.0002020490 
0.0001501940 0.0001050089 0.0002014455 
0.0001504823 0.0001050432 0.0002008384 
0.0001507771 0.0001050734 0.0002002279 
0.0001510782 0.0001050997 0.0001996140 
0.0001513855 0.0001051224 0.0001989970 
0.0001516987 0.0001051418 0.0001983770 
0.0001520176 0.0001051581 0.0001977542 
0.0001523422 0.0001051716 0.0001971287 
0.0001526723 0.0001051825 0.0001965009 
0.0001530076 0.0001051909 0.0001958708 
0.0001533481 0.0001051970 0.0001952386 
0.0001536935 0.0001052010 0.0001946046 
0.0001540438 0.0001052030 0.0001939690 
0.0001543987 0.0001052031 0.0001933319 
0.0001547581 0.0001052015 0.0001926935 
0.0001551217 0.0001051982 0.0001920541 
0.0001554895 0.0001051933 0.0001914138 
0.0001558612 0.0001051869 0.0001907727 
0.0001562366 0.0001051791 0.0001901311 
0.0001566156 0.0001051699 0.0001894892 
0.0001569980 0.0001051594 0.0001888470 
0.0001573835 0.0001051477 0.0001882048 
0.0001577721 0.0001051347 0.0001875628 
0.0001581636 0.0001051206 0.0001869211 
0.0001585578 0.0001051054 0.0001862798 
0.0001589545 0.0001050891 0.0001856391 
0.0001593535 0.0001050717 0.0001849991 
0.0001597549 0.0001050534 0.0001843600 
0.0001601582 0.0001050341 0.0001837219 
0.0001605635 0.0001050138 0.0001830849 
0.0001609706 0.0001049927 0.0001824491 
0.0001613794 0.0001049706 0.0001818148 
0.0001617896 0.0001049477 0.0001811819 
0.0001622012 0.0001049240 0.0001805506 
0.0001626140 0.0001048995 0.0001799210 
0.0001630278 0.0001048741 0.0001792932 
0.0001634427 0.0001048480 0.0001786674 
0.0001638584 0.0001048212 0.0001780435 
0.0001642747 0.0001047936 0.0001774218 
0.0001646917 0.0001047653 0.0001768023 
0.0001651092 0.0001047364 0.0001761850 
0.0001655270 0.0001047067 0.0001755701 
0.0001659450 0.0001046764 0.0001749577 
0.0001663632 0.0001046454 0.0001743477 
0.0001667815 0.0001046138 0.0001737404 
0.0001671997 0.0001045815 0.0001731357 
0.0001676178 0.0001045487 0.0001725336 
0.0001680356 0.0001045152 0.0001719344 
0.0001684530 0.0001044812 0.0001713382 
0.0001688698 0.0001044467 0.0001707448 
0.0001692862 0.0001044116 0.0001701542 
0.0001697021 0.0001043759 0.0001695664 
0.0001701172 0.0001043398 0.0001689819 
0.0001705317 0.0001043030 0.0001684003 
0.0001709453 0.0001042656 0.0001678220 
0.0001713583 0.0001042274 0.0001672462 
0.0001717706 0.0001041885 0.0001666731 
0.0001721823 0.0001041491 0.0001661023 
0.0001725936 0.0001041090 0.0001655332 
0.0001730044 0.0001040683 0.0001649660 
0.0001734145 0.0001040271 0.0001644008 
0.0001738237 0.0001039853 0.0001638379 
0.0001742316 0.0001039430 0.0001632777 
0.0001746382 0.0001039003 0.0001627202 
0.0001750434 0.0001038572 0.0001621656 
0.0001754469 0.0001038137 0.0001616137 
0.0001758488 0.0001037699 0.0001610647 
0.0001762491 0.0001037258 0.0001605186 
0.0001766477 0.0001036815 0.0001599754 
0.0001770447 0.0001036369 0.0001594350 
0.0001774401 0.0001035920 0.0001588973 
0.0001778338 0.0001035467 0.0001583625 
0.0001782258 0.0001035009 0.0001578305 
0.0001786161 0.0001034545 0.0001573013 
0.0001790047 0.0001034075 0.0001567748 
0.0001793917 0.0001033602 0.0001562512 
0.0001797773 0.0001033125 0.0001557296 
0.0001801614 0.0001032646 0.0001552105 
0.0001805438 0.0001032163 0.0001546939 
0.0001809245 0.0001031677 0.0001541801 
0.0001813034 0.0001031186 0.0001536688 
0.0001816805 0.0001030689 0.0001531601 
0.0001820556 0.0001030186 0.0001526540 
0.0001824289 0.0001029675 0.0001521504 
0.0001828003 0.0001029153 0.0001516494 
0.0001831703 0.0001028622 0.0001511504 
0.0001835384 0.0001028082 0.0001506536 
0.0001839046 0.0001027529 0.0001501591 
0.0001842691 0.0001026972 0.0001496664 
0.0001846319 0.0001026405 0.0001491755 
0.0001849927 0.0001025827 0.0001486869 
0.0001853517 0.0001025238 0.0001482001 
0.0001857086 0.0001024638 0.0001477156 
0.0001860633 0.0001024028 0.0001472336 
0.0001864155 0.0001023408 0.0001467543 
0.0001867653 0.0001022775 0.0001462777 
0.0001871127 0.0001022132 0.0001458037 
0.0001874577 0.0001021482 0.0001453322 
0.0001878004 0.0001020825 0.0001448632 
0.0001881405 0.0001020162 0.0001443969 
0.0001884782 0.0001019493 0.0001439332 
0.0001888131 0.0001018818 0.0001434726 
0.0001891451 0.0001018137 0.0001430152 
0.0001894743 0.0001017451 0.0001425608 
0.0001898006 0.0001016759 0.0001421096 
0.0001901240 0.0001016060 0.0001416615 
0.0001904443 0.0001015356 0.0001412169 
0.0001907615 0.0001014650 0.0001407758 
0.0001910754 0.0001013941 0.0001403381 
0.0001913864 0.0001013230 0.0001399036 
0.0001916945 0.0001012517 0.0001394721 
0.0001919998 0.0001011796 0.0001390434 
0.0001923019 0.0001011075 0.0001386177 
0.0001926009 0.0001010352 0.0001381955 
0.0001928970 0.0001009628 0.0001377763 
0.0001931902 0.0001008903 0.0001373607 
0.0001934807 0.0001008178 0.0001369481 
0.0001937686 0.0001007454 0.0001365384 
0.0001940542 0.0001006734 0.0001361315 
0.0001943377 0.0001006016 0.0001357266 
0.0001946187 0.0001005300 0.0001353240 
0.0001948975 0.0001004586 0.0001349230 
0.0001951741 0.0001003873 0.0001345236 
0.0001954485 0.0001003161 0.0001341262 
0.0001957204 0.0001002449 0.0001337310 
0.0001959898 0.0001001738 0.0001333381 
0.0001962569 0.0001001026 0.0001329473 
0.0001965214 0.0001000312 0.0001325587 
0.0001967831 0.0000999597 0.0001321730 
0.0001970422 0.0000998882 0.0001317898 
0.0001972988 0.0000998167 0.0001314091 
0.0001975529 0.0000997451 0.0001310307 
0.0001978047 0.0000996734 0.0001306546 
0.0001980540 0.0000996015 0.0001302809 
0.0001983010 0.0000995296 0.0001299095 
0.0001985455 0.0000994576 0.0001295407 
0.0001987877 0.0000993856 0.0001291742 
0.0001990276 0.0000993136 0.0001288100 
0.0001992653 0.0000992412 0.0001284479 
0.0001995008 0.0000991685 0.0001280877 
0.0001997342 0.0000990952 0.0001277294 
0.0001999653 0.0000990215 0.0001273731 
0.0002001942 0.0000989472 0.0001270186 
0.0002004211 0.0000988725 0.0001266656 
0.0002006460 0.0000987976 0.0001263141 
0.0002008690 0.0000987223 0.0001259641 
0.0002010901 0.0000986466 0.0001256155 
0.0002013092 0.0000985707 0.0001252683 
0.0002015261 0.0000984944 0.0001249229 
0.0002017476 0.0000984181 0.0001245734 
0.0002019725 0.0000983419 0.0001242217 
0.0002021987 0.0000982659 0.0001238702 
0.0002024248 0.0000981903 0.0001235206 
0.0002026498 0.0000981153 0.0001231735 
0.0002028716 0.0000980408 0.0001228305 
0.0002030903 0.0000979669 0.0001224911 
0.0002033061 0.0000978935 0.0001221545 
0.0002035194 0.0000978206 0.0001218202 
0.0002037328 0.0000977484 0.0001214858 
0.0002039458 0.0000976770 0.0001211522 
0.0002041568 0.0000976063 0.0001208209 
0.0002043653 0.0000975362 0.0001204920 
0.0002045713 0.0000974671 0.0001201654 
0.0002047753 0.0000973988 0.0001198404 
0.0002049776 0.0000973314 0.0001195162 
0.0002051787 0.0000972647 0.0001191925 
0.0002053786 0.0000971988 0.0001188695 
0.0002055773 0.0000971336 0.0001185473 
0.0002057748 0.0000970693 0.0001182259 
0.0002059710 0.0000970058 0.0001179054 
0.0002061661 0.0000969434 0.0001175858 
0.0002063598 0.0000968819 0.0001172670 
0.0002065524 0.0000968215 0.0001169492 
0.0002067437 0.0000967621 0.0001166322 
0.0002069337 0.0000967035 0.0001163162 
0.0002071224 0.0000966458 0.0001160010 
0.0002073105 0.0000965882 0.0001156860 
0.0002074975 0.0000965312 0.0001153719 
0.0002076832 0.0000964749 0.0001150586 
0.0002078677 0.0000964196 0.0001147464 
0.0002080510 0.0000963652 0.0001144350 
0.0002082331 0.0000963116 0.0001141245 
0.0002084140 0.0000962586 0.0001138149 
0.0002085938 0.0000962062 0.0001135060 
0.0002087724 0.0000961545 0.0001131978 
0.0002089497 0.0000961038 0.0001128905 
0.0002091259 0.0000960542 0.0001125838 
0.0002093009 0.0000960056 0.0001122776 
0.0002094750 0.0000959578 0.0001119719 
0.0002096480 0.0000959108 0.0001116668 
0.0002098199 0.0000958645 0.0001113622 
0.0002099908 0.0000958186 0.0001110581 
0.0002101606 0.0000957733 0.0001107547 
0.0002103293 0.0000957282 0.0001104517 
0.0002104970 0.0000956833 0.0001101492 
0.0002106636 0.0000956387 0.0001098472 
0.0002108295 0.0000955942 0.0001095452 
0.0002109944 0.0000955497 0.0001092435 
0.0002111585 0.0000955053 0.0001089423 
0.0002113216 0.0000954611 0.0001086416 
0.0002114838 0.0000954171 0.0001083413 
0.0002116452 0.0000953732 0.0001080414 
0.0002118057 0.0000953293 0.0001077420 
0.0002119654 0.0000952854 0.0001074432 
0.0002121241 0.0000952413 0.0001071448 
0.0002122820 0.0000951971 0.0001068471 
0.0002124389 0.0000951527 0.0001065499 
0.0002125950 0.0000951082 0.0001062533 
0.0002127502 0.0000950634 0.0001059574 
0.0002129042 0.0000950184 0.0001056625 
0.0002130567 0.0000949730 0.0001053690 
0.0002132082 0.0000949272 0.0001050765 
0.0002133588 0.0000948812 0.0001047848 
0.0002135085 0.0000948352 0.0001044937 
0.0002136575 0.0000947891 0.0001042032 
0.0002138058 0.0000947429 0.0001039133 
0.0002139530 0.0000946969 0.0001036242 
0.0002140994 0.0000946509 0.0001033358 
0.0002142450 0.0000946045 0.0001030479 
0.0002143899 0.0000945578 0.0001027606 
0.0002145341 0.0000945107 0.0001024739 
0.0002146775 0.0000944634 0.0001021879 
0.0002148203 0.0000944158 0.0001019026 
0.0002149624 0.0000943680 0.0001016180 
0.0002151037 0.0000943199 0.0001013341 
0.0002152444 0.0000942716 0.0001010509 
0.0002153846 0.0000942231 0.0001007682 
0.0002155242 0.0000941743 0.0001004859 
0.0002156640 0.0000941246 0.0001002036 
0.0002158033 0.0000940748 0.0000999219 
0.0002159423 0.0000940246 0.0000996407 
0.0002160811 0.0000939741 0.0000993599 
0.0002162197 0.0000939234 0.0000990794 
0.0002163580 0.0000938727 0.0000987994 
0.0002164963 0.0000938216 0.0000985196 
0.0002166346 0.0000937703 0.0000982401 
0.0002167726 0.0000937187 0.0000979609 
0.0002169104 0.0000936672 0.0000976823 
0.0002170480 0.0000936159 0.0000974040 
0.0002171853 0.0000935646 0.0000971261 
0.0002173224 0.0000935135 0.0000968486 
0.0002174593 0.0000934623 0.0000965715 
0.0002175960 0.0000934113 0.0000962948 
0.0002177324 0.0000933603 0.0000960185 
0.0002178685 0.0000933093 0.0000957426 
0.0002180043 0.0000932581 0.0000954671 
0.0002181399 0.0000932067 0.0000951921 
0.0002182751 0.0000931552 0.0000949175 
0.0002184099 0.0000931035 0.0000946435 
0.0002185439 0.0000930519 0.0000943711 
0.0002186774 0.0000930005 0.0000940995 
0.0002188106 0.0000929490 0.0000938286 
0.0002189436 0.0000928976 0.0000935581 
0.0002190764 0.0000928463 0.0000932881 
0.0002192089 0.0000927951 0.0000930184 
0.0002193414 0.0000927438 0.0000927490 
0.0002194737 0.0000926927 0.0000924800 
0.0002196059 0.0000926417 0.0000922112 
0.0002197382 0.0000925912 0.0000919428 
0.0002198705 0.0000925409 0.0000916747 
0.0002200028 0.0000924907 0.0000914067 
0.0002201351 0.0000924399 0.0000911389 
0.0002202674 0.0000923895 0.0000908712 
0.0002203996 0.0000923396 0.0000906035 
0.0002205317 0.0000922903 0.0000903358 
0.0002206636 0.0000922415 0.0000900681 
0.0002207955 0.0000921937 0.0000898005 
0.0002209272 0.0000921468 0.0000895330 
0.0002210588 0.0000921006 0.0000892656 
0.0002211902 0.0000920551 0.0000889984 
0.0002213212 0.0000920099 0.0000887316 
0.0002214518 0.0000919651 0.0000884653 
0.0002215821 0.0000919205 0.0000881993 
0.0002217120 0.0000918760 0.0000879337 
0.0002218416 0.0000918319 0.0000876684 
0.0002219710 0.0000917882 0.0000874033 
0.0002221002 0.0000917450 0.0000871384 
0.0002222292 0.0000917024 0.0000868737 
0.0002223582 0.0000916606 0.0000866089 
0.0002224874 0.0000916192 0.0000863438 
0.0002226164 0.0000915783 0.0000860785 
0.0002227452 0.0000915392 0.0000858133 
0.0002228737 0.0000915018 0.0000855481 
0.0002230018 0.0000914660 0.0000852828 
0.0002231296 0.0000914313 0.0000850178 
0.0002232572 0.0000913979 0.0000847530 
0.0002233843 0.0000913656 0.0000844884 
0.0002235112 0.0000913341 0.0000842242 
0.0002236379 0.0000913033 0.0000839604 
0.0002237643 0.0000912730 0.0000836971 
0.0002238905 0.0000912433 0.0000834343 
0.0002240164 0.0000912142 0.0000831719 
0.0002241422 0.0000911855 0.0000829098 
0.0002242678 0.0000911571 0.0000826480 
0.0002243932 0.0000911289 0.0000823866 
0.0002245183 0.0000911009 0.0000821254 
0.0002246432 0.0000910732 0.0000818647 
0.0002247678 0.0000910456 0.0000816044 
0.0002248921 0.0000910183 0.0000813445 
0.0002250162 0.0000909911 0.0000810850 
0.0002251401 0.0000909640 0.0000808260 
0.0002252636 0.0000909372 0.0000805674 
0.0002253868 0.0000909105 0.0000803093 
0.0002255098 0.0000908839 0.0000800518 
0.0002256325 0.0000908574 0.0000797946 
0.0002257551 0.0000908309 0.0000795378 
0.0002258778 0.0000908035 0.0000792812 
0.0002260002 0.0000907756 0.0000790252 
0.0002261223 0.0000907475 0.0000787698 
0.0002262440 0.0000907192 0.0000785152 
0.0002263653 0.0000906907 0.0000782613 
0.0002264863 0.0000906619 0.0000780081 
0.0002266070 0.0000906329 0.0000777555 
0.0002267275 0.0000906036 0.0000775036 
0.0002268487 0.0000905732 0.0000772515 
0.0002269704 0.0000905418 0.0000769997 
0.0002270919 0.0000905093 0.0000767485 
0.0002272135 0.0000904759 0.0000764980 
0.0002273351 0.0000904414 0.0000762480 
0.0002274568 0.0000904059 0.0000759986 
0.0002275786 0.0000903696 0.0000757498 
0.0002277004 0.0000903326 0.0000755017 
0.0002278223 0.0000902948 0.0000752542 
0.0002279441 0.0000902564 0.0000750076 
0.0002280656 0.0000902173 0.0000747621 
0.0002281869 0.0000901777 0.0000745175 
0.0002283081 0.0000901374 0.0000742738 
0.0002284293 0.0000900968 0.0000740309 
0.0002285506 0.0000900557 0.0000737886 
0.0002286718 0.0000900143 0.0000735470 
0.0002287932 0.0000899727 0.0000733061 
0.0002289150 0.0000899310 0.0000730656 
0.0002290372 0.0000898899 0.0000728255 
0.0002291598 0.0000898491 0.0000725859 
0.0002292829 0.0000898079 0.0000723465 
0.0002294061 0.0000897663 0.0000721075 
0.0002295294 0.0000897241 0.0000718692 
0.0002296528 0.0000896813 0.0000716317 
0.0002297763 0.0000896376 0.0000713949 
0.0002299000 0.0000895930 0.0000711589 
0.0002300238 0.0000895476 0.0000709238 
0.0002301477 0.0000895013 0.0000706894 
0.0002302719 0.0000894542 0.0000704559 
0.0002303964 0.0000894062 0.0000702232 
0.0002305213 0.0000893576 0.0000699913 
0.0002306466 0.0000893082 0.0000697601 
0.0002307725 0.0000892582 0.0000695297 
0.0002308988 0.0000892075 0.0000692999 
0.0002310257 0.0000891563 0.0000690708 
0.0002311531 0.0000891045 0.0000688424 
0.0002312809 0.0000890525 0.0000686149 
0.0002314090 0.0000890001 0.0000683881 
0.0002315379 0.0000889473 0.0000681619 
0.0002316673 0.0000888939 0.0000679364 
0.0002317971 0.0000888402 0.0000677117 
0.0002319275 0.0000887859 0.0000674879 
0.0002320584 0.0000887313 0.0000672650 
0.0002321896 0.0000886764 0.0000670431 
0.0002323209 0.0000886215 0.0000668225 
0.0002324527 0.0000885663 0.0000666027 
0.0002325848 0.0000885109 0.0000663838 
0.0002327172 0.0000884555 0.0000661659 
0.0002328498 0.0000884001 0.0000659492 
0.0002329830 0.0000883444 0.0000657331 
0.0002331179 0.0000882908 0.0000655178 
0.0002332549 0.0000882402 0.0000653035 
0.0002333942 0.0000881924 0.0000650898 
0.0002335353 0.0000881479 0.0000648768 
0.0002336778 0.0000881065 0.0000646648 
0.0002338214 0.0000880690 0.0000644548 
0.0002339654 0.0000880329 0.0000642451 
0.0002341103 0.0000880007 0.0000640372 
0.0002342557 0.0000879714 0.0000638311 
0.0002344013 0.0000879445 0.0000636264 
0.0002345471 0.0000879191 0.0000634227 
0.0002346932 0.0000878949 0.0000632197 
0.0002348396 0.0000878720 0.0000630173 
0.0002349865 0.0000878497 0.0000628151 
0.0002351338 0.0000878279 0.0000626131 
0.0002352817 0.0000878063 0.0000624113 
0.0002354301 0.0000877849 0.0000622098 
0.0002355788 0.0000877632 0.0000620087 
0.0002357280 0.0000877411 0.0000618081 
0.0002358774 0.0000877188 0.0000616080 
0.0002360271 0.0000876962 0.0000614085 
0.0002361771 0.0000876735 0.0000612096 
0.0002363273 0.0000876504 0.0000610113 
0.0002364777 0.0000876271 0.0000608136 
0.0002366282 0.0000876034 0.0000606167 
0.0002367788 0.0000875794 0.0000604205 
0.0002369300 0.0000875549 0.0000602245 
0.0002370818 0.0000875297 0.0000600287 
0.0002372342 0.0000875040 0.0000598331 
0.0002373870 0.0000874777 0.0000596377 
0.0002375400 0.0000874508 0.0000594426 
0.0002376929 0.0000874234 0.0000592479 
0.0002378458 0.0000873956 0.0000590537 
0.0002379984 0.0000873673 0.0000588600 
0.0002381507 0.0000873387 0.0000586670 
0.0002383025 0.0000873097 0.0000584746 
0.0002384538 0.0000872806 0.0000582829 
0.0002386046 0.0000872512 0.0000580920 
0.0002387547 0.0000872216 0.0000579019 
0.0002389042 0.0000871919 0.0000577128 
0.0002390529 0.0000871620 0.0000575245 
0.0002392010 0.0000871320 0.0000573371 
0.0002393483 0.0000871018 0.0000571507 
0.0002394948 0.0000870714 0.0000569653 
0.0002396407 0.0000870409 0.0000567809 
0.0002397858 0.0000870102 0.0000565975 
0.0002399300 0.0000869794 0.0000564151 
0.0002400735 0.0000869485 0.0000562339 
0.0002402163 0.0000869175 0.0000560538 
0.0002403582 0.0000868863 0.0000558748 
0.0002404993 0.0000868551 0.0000556969 
0.0002406396 0.0000868238 0.0000555201 
0.0002407792 0.0000867924 0.0000553445 
0.0002409180 0.0000867609 0.0000551701 
0.0002410560 0.0000867293 0.0000549968 
0.0002411934 0.0000866977 0.0000548246 
0.0002413299 0.0000866660 0.0000546535 
0.0002414658 0.0000866342 0.0000544835 
0.0002416010 0.0000866024 0.0000543147 
0.0002417358 0.0000865708 0.0000541465 
0.0002418700 0.0000865390 0.0000539791 
0.0002420036 0.0000865073 0.0000538125 
0.0002421366 0.0000864755 0.0000536469 
0.0002422690 0.0000864437 0.0000534821 
0.0002424007 0.0000864119 0.0000533183 
0.0002425317 0.0000863799 0.0000531554 
0.0002426620 0.0000863480 0.0000529936 
0.0002427918 0.0000863163 0.0000528326 
0.0002429209 0.0000862847 0.0000526726 
0.0002430496 0.0000862532 0.0000525136 
0.0002431774 0.0000862218 0.0000523557 
0.0002433043 0.0000861905 0.0000521989 
0.0002434301 0.0000861593 0.0000520433 
0.0002435550 0.0000861282 0.0000518887 
0.0002436791 0.0000860973 0.0000517350 
0.0002438027 0.0000860664 0.0000515821 
0.0002439259 0.0000860356 0.0000514298 
0.0002440490 0.0000860047 0.0000512780 
0.0002441720 0.0000859738 0.0000511267 
0.0002442951 0.0000859427 0.0000509757 
0.0002444186 0.0000859116 0.0000508250 
0.0002445425 0.0000858804 0.0000506744 
0.0002446669 0.0000858491 0.0000505240 
0.0002447921 0.0000858179 0.0000503738 
0.0002449178 0.0000857866 0.0000502237 
0.0002450442 0.0000857553 0.0000500739 
0.0002451708 0.0000857241 0.0000499245 
0.0002452979 0.0000856929 0.0000497756 
0.0002454252 0.0000856618 0.0000496271 
0.0002455527 0.0000856307 0.0000494791 
0.0002456803 0.0000855996 0.0000493317 
0.0002458080 0.0000855686 0.0000491849 
0.0002459357 0.0000855376 0.0000490387 
0.0002460635 0.0000855067 0.0000488932 
0.0002461911 0.0000854758 0.0000487483 
0.0002463187 0.0000854450 0.0000486041 
0.0002464461 0.0000854143 0.0000484605 
0.0002465734 0.0000853836 0.0000483176 
0.0002467005 0.0000853530 0.0000481754 
0.0002468274 0.0000853225 0.0000480338 
0.0002469541 0.0000852920 0.0000478929 
0.0002470805 0.0000852620 0.0000477527 
0.0002472066 0.0000852321 0.0000476131 
0.0002473325 0.0000852020 0.0000474742 
0.0002474582 0.0000851717 0.0000473358 
0.0002475834 0.0000851409 0.0000471982 
0.0002477083 0.0000851101 0.0000470614 
0.0002478329 0.0000850795 0.0000469252 
0.0002479570 0.0000850491 0.0000467897 
0.0002480807 0.0000850190 0.0000466548 
0.0002482041 0.0000849892 0.0000465206 
0.0002483270 0.0000849596 0.0000463869 
0.0002484496 0.0000849304 0.0000462540 
0.0002485717 0.0000849014 0.0000461216 
0.0002486934 0.0000848725 0.0000459899 
0.0002488148 0.0000848437 0.0000458588 
0.0002489358 0.0000848150 0.0000457282 
0.0002490563 0.0000847864 0.0000455983 
0.0002491765 0.0000847578 0.0000454690 
0.0002492962 0.0000847291 0.0000453404 
0.0002494153 0.0000847003 0.0000452126 
0.0002495341 0.0000846716 0.0000450853 
0.0002496525 0.0000846428 0.0000449586 
0.0002497705 0.0000846141 0.0000448324 
0.0002498883 0.0000845855 0.0000447067 
0.0002500056 0.0000845570 0.0000445814 
0.0002501226 0.0000845285 0.0000444567 
0.0002502391 0.0000845000 0.0000443325 
0.0002503553 0.0000844716 0.0000442089 
0.0002504710 0.0000844431 0.0000440858 
0.0002505862 0.0000844147 0.0000439633 
0.0002507010 0.0000843863 0.0000438413 
0.0002508153 0.0000843579 0.0000437199 
0.0002509292 0.0000843294 0.0000435990 
0.0002510426 0.0000843010 0.0000434787 
0.0002511555 0.0000842725 0.0000433589 
0.0002512680 0.0000842441 0.0000432397 
0.0002513800 0.0000842157 0.0000431210 
0.0002514914 0.0000841873 0.0000430028 
0.0002516024 0.0000841588 0.0000428852 
0.0002517129 0.0000841303 0.0000427681 
0.0002518230 0.0000841018 0.0000426515 
0.0002519325 0.0000840734 0.0000425354 
0.0002520417 0.0000840450 0.0000424198 
0.0002521504 0.0000840168 0.0000423047 
0.0002522588 0.0000839888 0.0000421901 
0.0002523666 0.0000839607 0.0000420760 
0.0002524737 0.0000839325 0.0000419624 
0.0002525803 0.0000839043 0.0000418493 
0.0002526865 0.0000838763 0.0000417367 
0.0002527925 0.0000838484 0.0000416244 
0.0002528983 0.0000838207 0.0000415125 
0.0002530038 0.0000837932 0.0000414008 
0.0002531093 0.0000837659 0.0000412896 
0.0002532146 0.0000837389 0.0000411786 
0.0002533197 0.0000837121 0.0000410681 
0.0002534247 0.0000836855 0.0000409579 
0.0002535294 0.0000836592 0.0000408482 
0.0002536340 0.0000836331 0.0000407390 
0.0002537383 0.0000836072 0.0000406303 
0.0002538423 0.0000835816 0.0000405220 
0.0002539461 0.0000835561 0.0000404143 
0.0002540496 0.0000835309 0.0000403070 
0.0002541528 0.0000835059 0.0000402003 
0.0002542555 0.0000834809 0.0000400940 
0.0002543580 0.0000834562 0.0000399883 
0.0002544601 0.0000834316 0.0000398830 
0.0002545620 0.0000834073 0.0000397782 
0.0002546635 0.0000833831 0.0000396740 
0.0002547646 0.0000833591 0.0000395702 
0.0002548653 0.0000833353 0.0000394669 
0.0002549657 0.0000833115 0.0000393641 
0.0002550655 0.0000832879 0.0000392618 
0.0002551650 0.0000832645 0.0000391600 
0.0002552641 0.0000832412 0.0000390587 
0.0002553627 0.0000832180 0.0000389578 
0.0002554608 0.0000831949 0.0000388574 
0.0002555586 0.0000831720 0.0000387575 
0.0002556558 0.0000831492 0.0000386580 
0.0002557531 0.0000831269 0.0000385588 
0.0002558512 0.0000831063 0.0000384593 
0.0002559499 0.0000830871 0.0000383597 
0.0002560491 0.0000830691 0.0000382600 
0.0002561487 0.0000830524 0.0000381603 
0.0002562485 0.0000830369 0.0000380607 
0.0002563483 0.0000830221 0.0000379613 
0.0002564481 0.0000830079 0.0000378619 
0.0002565477 0.0000829941 0.0000377627 
0.0002566472 0.0000829806 0.0000376638 
0.0002567464 0.0000829674 0.0000375650 
0.0002568454 0.0000829544 0.0000374664 
0.0002569441 0.0000829416 0.0000373680 
0.0002570425 0.0000829290 0.0000372697 
0.0002571407 0.0000829166 0.0000371717 
0.0002572385 0.0000829044 0.0000370740 
0.0002573361 0.0000828924 0.0000369765 
0.0002574333 0.0000828808 0.0000368793 
0.0002575301 0.0000828693 0.0000367824 
0.0002576265 0.0000828581 0.0000366859 
0.0002577226 0.0000828471 0.0000365898 
0.0002578182 0.0000828363 0.0000364941 
0.0002579133 0.0000828257 0.0000363989 
0.0002580080 0.0000828152 0.0000363041 
0.0002581020 0.0000828047 0.0000362099 
0.0002581953 0.0000827942 0.0000361163 
0.0002582881 0.0000827838 0.0000360232 
0.0002583803 0.0000827733 0.0000359306 
0.0002584720 0.0000827629 0.0000358386 
0.0002585632 0.0000827524 0.0000357472 
0.0002586539 0.0000827418 0.0000356563 
0.0002587441 0.0000827312 0.0000355660 
0.0002588344 0.0000827207 0.0000354761 
0.0002589246 0.0000827106 0.0000353866 
0.0002590148 0.0000827007 0.0000352975 
0.0002591048 0.0000826910 0.0000352090 
0.0002591946 0.0000826813 0.0000351210 
0.0002592841 0.0000826717 0.0000350334 
0.0002593735 0.0000826623 0.0000349462 
0.0002594625 0.0000826530 0.0000348595 
0.0002595514 0.0000826439 0.0000347732 
0.0002596400 0.0000826350 0.0000346873 
0.0002597283 0.0000826261 0.0000346018 
0.0002598163 0.0000826174 0.0000345168 
0.0002599040 0.0000826088 0.0000344322 
0.0002599915 0.0000826003 0.0000343479 
0.0002600787 0.0000825919 0.0000342641 
0.0002601655 0.0000825835 0.0000341808 
0.0002602521 0.0000825750 0.0000340979 
0.0002603382 0.0000825664 0.0000340155 
0.0002604236 0.0000825574 0.0000339337 
0.0002605085 0.0000825484 0.0000338521 
0.0002605933 0.0000825394 0.0000337710 
0.0002606779 0.0000825304 0.0000336902 
0.0002607623 0.0000825215 0.0000336099 
0.0002608466 0.0000825124 0.0000335300 
0.0002609306 0.0000825031 0.0000334505 
0.0002610144 0.0000824937 0.0000333715 
0.0002610980 0.0000824839 0.0000332929 
0.0002611812 0.0000824737 0.0000332149 
0.0002612642 0.0000824631 0.0000331374 
0.0002613469 0.0000824522 0.0000330605 
0.0002614295 0.0000824409 0.0000329839 
0.0002615120 0.0000824295 0.0000329074 
0.0002615946 0.0000824180 0.0000328310 
0.0002616772 0.0000824061 0.0000327548 
0.0002617599 0.0000823939 0.0000326787 
0.0002618426 0.0000823812 0.0000326029 
0.0002619251 0.0000823682 0.0000325274 
0.0002620075 0.0000823548 0.0000324523 
0.0002620894 0.0000823412 0.0000323776 
0.0002621703 0.0000823266 0.0000323036 
0.0002622510 0.0000823121 0.0000322300 
0.0002623319 0.0000822974 0.0000321568 
0.0002624128 0.0000822827 0.0000320837 
0.0002624938 0.0000822677 0.0000320110 
0.0002625747 0.0000822526 0.0000319388 
0.0002626556 0.0000822374 0.0000318668 
0.0002627365 0.0000822221 0.0000317953 
0.0002628172 0.0000822067 0.0000317241 
0.0002628978 0.0000821912 0.0000316534 
0.0002629781 0.0000821756 0.0000315832 
0.0002630583 0.0000821600 0.0000315134 
0.0002631381 0.0000821445 0.0000314441 
0.0002632177 0.0000821288 0.0000313753 
0.0002632970 0.0000821130 0.0000313070 
0.0002633759 0.0000820972 0.0000312392 
0.0002634544 0.0000820812 0.0000311719 
0.0002635326 0.0000820651 0.0000311051 
0.0002636103 0.0000820489 0.0000310389 
0.0002636877 0.0000820325 0.0000309731 
0.0002637648 0.0000820161 0.0000309077 
0.0002638415 0.0000819995 0.0000308427 
0.0002639177 0.0000819826 0.0000307783 
0.0002639936 0.0000819653 0.0000307143 
0.0002640690 0.0000819477 0.0000306507 
0.0002641440 0.0000819295 0.0000305874 
0.0002642186 0.0000819110 0.0000305246 
0.0002642928 0.0000818921 0.0000304621 
0.0002643667 0.0000818729 0.0000304000 
0.0002644402 0.0000818533 0.0000303383 
0.0002645133 0.0000818335 0.0000302770 
0.0002645860 0.0000818134 0.0000302161 
0.0002646584 0.0000817929 0.0000301555 
0.0002647303 0.0000817721 0.0000300954 
0.0002648018 0.0000817509 0.0000300356 
0.0002648728 0.0000817293 0.0000299763 
0.0002649433 0.0000817071 0.0000299174 
0.0002650134 0.0000816846 0.0000298589 
0.0002650829 0.0000816615 0.0000298008 
0.0002651518 0.0000816378 0.0000297432 
0.0002652202 0.0000816137 0.0000296861 
0.0002652882 0.0000815890 0.0000296293 
0.0002653558 0.0000815639 0.0000295729 
0.0002654230 0.0000815382 0.0000295169 
0.0002654899 0.0000815119 0.0000294612 
0.0002655563 0.0000814850 0.0000294059 
0.0002656222 0.0000814575 0.0000293510 
0.0002656877 0.0000814293 0.0000292964 
0.0002657528 0.0000814005 0.0000292422 
0.0002658174 0.0000813712 0.0000291883 
0.0002658816 0.0000813413 0.0000291348 
0.0002659454 0.0000813109 0.0000290816 
0.0002660085 0.0000812799 0.0000290289 
0.0002660713 0.0000812485 0.0000289764 
0.0002661339 0.0000812169 0.0000289242 
0.0002661960 0.0000811849 0.0000288722 
0.0002662578 0.0000811527 0.0000288206 
0.0002663192 0.0000811202 0.0000287693 
0.0002663802 0.0000810874 0.0000287183 
0.0002664407 0.0000810543 0.0000286677 
0.0002665009 0.0000810210 0.0000286173 
0.0002665605 0.0000809873 0.0000285673 
0.0002666197 0.0000809533 0.0000285176 
0.0002666785 0.0000809188 0.0000284682 
0.0002667369 0.0000808841 0.0000284192 
0.0002667951 0.0000808490 0.0000283704 
0.0002668531 0.0000808137 0.0000283218 
0.0002669114 0.0000807783 0.0000282733 
0.0002669692 0.0000807424 0.0000282249 
0.0002670267 0.0000807059 0.0000281769 
0.0002670839 0.0000806689 0.0000281290 
0.0002671409 0.0000806315 0.0000280813 
0.0002671976 0.0000805936 0.0000280339 
0.0002672542 0.0000805553 0.0000279866 
0.0002673105 0.0000805166 0.0000279397 
0.0002673667 0.0000804776 0.0000278929 
0.0002674226 0.0000804383 0.0000278465 
0.0002674784 0.0000803987 0.0000278003 
0.0002675340 0.0000803590 0.0000277543 
0.0002675896 0.0000803192 0.0000277086 
0.0002676450 0.0000802794 0.0000276631 
0.0002677003 0.0000802394 0.0000276178 
0.0002677555 0.0000801991 0.0000275727 
0.0002678103 0.0000801586 0.0000275279 
0.0002678648 0.0000801178 0.0000274835 
0.0002679190 0.0000800766 0.0000274393 
0.0002679728 0.0000800351 0.0000273955 
0.0002680262 0.0000799931 0.0000273520 
0.0002680792 0.0000799508 0.0000273088 
0.0002681319 0.0000799082 0.0000272660 
0.0002681843 0.0000798653 0.0000272235 
0.0002682363 0.0000798222 0.0000271813 
0.0002682881 0.0000797789 0.0000271394 
0.0002683395 0.0000797355 0.0000270978 
0.0002683906 0.0000796919 0.0000270565 
0.0002684415 0.0000796482 0.0000270155 
0.0002684923 0.0000796046 0.0000269746 
0.0002685429 0.0000795608 0.0000269339 
0.0002685933 0.0000795168 0.0000268934 
0.0002686434 0.0000794723 0.0000268531 
0.0002686934 0.0000794274 0.0000268130 
0.0002687430 0.0000793822 0.0000267731 
0.0002687924 0.0000793366 0.0000267335 
0.0002688415 0.0000792907 0.0000266942 
0.0002688903 0.0000792444 0.0000266552 
0.0002689388 0.0000791978 0.0000266165 
0.0002689870 0.0000791509 0.0000265781 
0.0002690349 0.0000791038 0.0000265400 
0.0002690824 0.0000790564 0.0000265023 
0.0002691296 0.0000790088 0.0000264649 
0.0002691765 0.0000789610 0.0000264278 
0.0002692230 0.0000789131 0.0000263910 
0.0002692691 0.0000788650 0.0000263546 
0.0002693149 0.0000788167 0.0000263185 
0.0002693604 0.0000787684 0.0000262827 
0.0002694055 0.0000787200 0.0000262471 
0.0002694503 0.0000786715 0.0000262119 
0.0002694946 0.0000786230 0.0000261769 
0.0002695386 0.0000785745 0.0000261422 
0.0002695822 0.0000785259 0.0000261078 
0.0002696256 0.0000784773 0.0000260736 
0.0002696687 0.0000784287 0.0000260397 
0.0002697131 0.0000783828 0.0000260050 
0.0002697548 0.0000783337 0.0000259717 
0.0002697953 0.0000782828 0.0000259393 
0.0002698349 0.0000782307 0.0000259076 
0.0002698738 0.0000781777 0.0000258764 
0.0002699123 0.0000781241 0.0000258458 
0.0002699503 0.0000780701 0.0000258156 
0.0002699880 0.0000780157 0.0000257858 
0.0002700252 0.0000779610 0.0000257564 
0.0002700620 0.0000779060 0.0000257274 
0.0002700982 0.0000778508 0.0000256987 
0.0002701340 0.0000777954 0.0000256703 
0.0002701696 0.0000777400 0.0000256421 
0.0002702049 0.0000776844 0.0000256140 
0.0002702400 0.0000776287 0.0000255862 
0.0002702749 0.0000775729 0.0000255585 
0.0002703095 0.0000775169 0.0000255310 
0.0002703440 0.0000774609 0.0000255036 
0.0002703784 0.0000774047 0.0000254763 
0.0002704126 0.0000773483 0.0000254492 
0.0002704466 0.0000772919 0.0000254222 
0.0002704806 0.0000772354 0.0000253952 
0.0002705143 0.0000771787 0.0000253684 
0.0002705477 0.0000771218 0.0000253417 
0.0002705808 0.0000770648 0.0000253152 
0.0002706136 0.0000770075 0.0000252888 
0.0002706460 0.0000769501 0.0000252627 
0.0002706779 0.0000768925 0.0000252368 
0.0002707096 0.0000768348 0.0000252110 
0.0002707410 0.0000767769 0.0000251854 
0.0002707721 0.0000767190 0.0000251599 
0.0002708031 0.0000766609 0.0000251346 
0.0002708338 0.0000766028 0.0000251093 
0.0002708644 0.0000765447 0.0000250842 
0.0002708947 0.0000764866 0.0000250592 
0.0002709248 0.0000764285 0.0000250342 
0.0002709547 0.0000763704 0.0000250095 
0.0002709844 0.0000763123 0.0000249848 
0.0002710139 0.0000762543 0.0000249603 
0.0002710432 0.0000761963 0.0000249358 
0.0002710722 0.0000761384 0.0000249116 
0.0002711010 0.0000760805 0.0000248874 
0.0002711296 0.0000760227 0.0000248634 
0.0002711578 0.0000759649 0.0000248396 
0.0002711859 0.0000759072 0.0000248159 
0.0002712138 0.0000758496 0.0000247923 
0.0002712414 0.0000757921 0.0000247689 
0.0002712689 0.0000757346 0.0000247456 
0.0002712963 0.0000756772 0.0000247224 
0.0002713234 0.0000756199 0.0000246994 
0.0002713504 0.0000755626 0.0000246766 
0.0002713773 0.0000755054 0.0000246541 
0.0002714039 0.0000754481 0.0000246318 
0.0002714304 0.0000753907 0.0000246100 
0.0002714568 0.0000753332 0.0000245887 
0.0002714829 0.0000752754 0.0000245680 
0.0002715089 0.0000752174 0.0000245480 
0.0002715346 0.0000751590 0.0000245287 
0.0002715599 0.0000751003 0.0000245103 
0.0002715849 0.0000750412 0.0000244927 
0.0002716095 0.0000749817 0.0000244760 
0.0002716337 0.0000749217 0.0000244602 
0.0002716574 0.0000748612 0.0000244456 
0.0002716806 0.0000748002 0.0000244319 
0.0002717033 0.0000747388 0.0000244191 
0.0002717256 0.0000746770 0.0000244073 
0.0002717474 0.0000746147 0.0000243964 
0.0002717687 0.0000745520 0.0000243863 
0.0002717895 0.0000744890 0.0000243770 
0.0002718098 0.0000744258 0.0000243685 
0.0002718298 0.0000743623 0.0000243610 
0.0002718493 0.0000742985 0.0000243541 
0.0002718683 0.0000742343 0.0000243478 
0.0002718868 0.0000741700 0.0000243420 
0.0002719049 0.0000741054 0.0000243368 
0.0002719226 0.0000740408 0.0000243320 
0.0002719397 0.0000739762 0.0000243278 
0.0002719564 0.0000739115 0.0000243240 
0.0002719725 0.0000738468 0.0000243206 
0.0002719882 0.0000737822 0.0000243176 
0.0002720034 0.0000737176 0.0000243151 
0.0002720181 0.0000736531 0.0000243129 
0.0002720323 0.0000735887 0.0000243109 
0.0002720460 0.0000735244 0.0000243092 
0.0002720593 0.0000734603 0.0000243077 
0.0002720721 0.0000733964 0.0000243064 
0.0002720846 0.0000733327 0.0000243051 
0.0002720966 0.0000732692 0.0000243039 
0.0002721082 0.0000732059 0.0000243027 
0.0002721194 0.0000731429 0.0000243015 
0.0002721303 0.0000730803 0.0000243003 
0.0002721408 0.0000730180 0.0000242991 
0.0002721510 0.0000729561 0.0000242979 
0.0002721610 0.0000728943 0.0000242966 
0.0002721704 0.0000728332 0.0000242954 
0.0002721792 0.0000727727 0.0000242942 
0.0002721875 0.0000727128 0.0000242931 
0.0002721954 0.0000726534 0.0000242921 
0.0002722028 0.0000725946 0.0000242910 
0.0002722098 0.0000725363 0.0000242899 
0.0002722164 0.0000724785 0.0000242887 
0.0002722225 0.0000724214 0.0000242874 
0.0002722283 0.0000723648 0.0000242860 
0.0002722337 0.0000723088 0.0000242845 
0.0002722388 0.0000722534 0.0000242829 
0.0002722435 0.0000721984 0.0000242811 
0.0002722479 0.0000721440 0.0000242792 
0.0002722520 0.0000720901 0.0000242771 
0.0002722557 0.0000720368 0.0000242749 
0.0002722591 0.0000719839 0.0000242725 
0.0002722622 0.0000719315 0.0000242700 
0.0002722650 0.0000718796 0.0000242674 
0.0002722675 0.0000718282 0.0000242646 
0.0002722697 0.0000717772 0.0000242616 
0.0002722716 0.0000717267 0.0000242586 
0.0002722731 0.0000716767 0.0000242553 
0.0002722744 0.0000716270 0.0000242519 
0.0002722754 0.0000715778 0.0000242484 
0.0002722760 0.0000715288 0.0000242446 
0.0002722762 0.0000714801 0.0000242407 
0.0002722762 0.0000714317 0.0000242366 
0.0002722759 0.0000713838 0.0000242323 
0.0002722754 0.0000713364 0.0000242279 
0.0002722746 0.0000712893 0.0000242233 
0.0002722736 0.0000712428 0.0000242186 
0.0002722723 0.0000711966 0.0000242138 
0.0002722709 0.0000711509 0.0000242088 
0.0002722692 0.0000711057 0.0000242036 
0.0002722673 0.0000710610 0.0000241983 
0.0002722653 0.0000710166 0.0000241929 
0.0002722631 0.0000709727 0.0000241873 
0.0002722607 0.0000709293 0.0000241816 
0.0002722582 0.0000708863 0.0000241757 
0.0002722555 0.0000708437 0.0000241697 
0.0002722527 0.0000708015 0.0000241636 
0.0002722498 0.0000707597 0.0000241573 
0.0002722469 0.0000707184 0.0000241508 
0.0002722438 0.0000706774 0.0000241443 
0.0002722406 0.0000706369 0.0000241376 
0.0002722373 0.0000705969 0.0000241308 
0.0002722339 0.0000705573 0.0000241239 
0.0002722304 0.0000705181 0.0000241168 
0.0002722268 0.0000704793 0.0000241097 
0.0002722231 0.0000704410 0.0000241024 
0.0002722193 0.0000704031 0.0000240950 
0.0002722154 0.0000703656 0.0000240874 
0.0002722115 0.0000703286 0.0000240798 
0.0002722075 0.0000702921 0.0000240720 
0.0002722035 0.0000702560 0.0000240641 
0.0002721995 0.0000702204 0.0000240561 
0.0002721956 0.0000701853 0.0000240479 
0.0002721917 0.0000701506 0.0000240396 
0.0002721879 0.0000701164 0.0000240311 
0.0002721841 0.0000700827 0.0000240226 
0.0002721805 0.0000700495 0.0000240139 
0.0002721770 0.0000700168 0.0000240050 
0.0002721736 0.0000699846 0.0000239960 
0.0002721703 0.0000699529 0.0000239869 
0.0002721670 0.0000699215 0.0000239777 
0.0002721635 0.0000698903 0.0000239683 
0.0002721600 0.0000698593 0.0000239590 
0.0002721563 0.0000698285 0.0000239495 
0.0002721526 0.0000697979 0.0000239401 
0.0002721487 0.0000697674 0.0000239305 
0.0002721449 0.0000697372 0.0000239209 
0.0002721409 0.0000697070 0.0000239112 
0.0002721370 0.0000696771 0.0000239014 
0.0002721330 0.0000696474 0.0000238915 
0.0002721291 0.0000696178 0.0000238814 
0.0002721252 0.0000695884 0.0000238713 
0.0002721215 0.0000695593 0.0000238609 
0.0002721182 0.0000695307 0.0000238502 
0.0002721152 0.0000695025 0.0000238393 
0.0002721126 0.0000694747 0.0000238281 
0.0002721104 0.0000694473 0.0000238167 
0.0002721086 0.0000694202 0.0000238051 
0.0002721072 0.0000693936 0.0000237933 
0.0002721062 0.0000693674 0.0000237813 
0.0002721055 0.0000693416 0.0000237691 
0.0002721053 0.0000693163 0.0000237568 
0.0002721064 0.0000692928 0.0000237441 
0.0002721085 0.0000692704 0.0000237312 
0.0002721103 0.0000692478 0.0000237184 
0.0002721122 0.0000692252 0.0000237057 
0.0002721141 0.0000692029 0.0000236930 
0.0002721161 0.0000691808 0.0000236803 
0.0002721182 0.0000691588 0.0000236677 
0.0002721203 0.0000691369 0.0000236552 
0.0002721226 0.0000691150 0.0000236427 
0.0002721248 0.0000690933 0.0000236303 
0.0002721272 0.0000690716 0.0000236179 
0.0002721295 0.0000690499 0.0000236056 
0.0002721320 0.0000690283 0.0000235934 
0.0002721345 0.0000690067 0.0000235813 
0.0002721370 0.0000689852 0.0000235692 
0.0002721396 0.0000689637 0.0000235572 
0.0002721422 0.0000689422 0.0000235452 
0.0002721449 0.0000689207 0.0000235333 
0.0002721476 0.0000688993 0.0000235215 
0.0002721503 0.0000688778 0.0000235098 
0.0002721530 0.0000688564 0.0000234981 
0.0002721558 0.0000688350 0.0000234865 
0.0002721586 0.0000688135 0.0000234750 
0.0002721615 0.0000687921 0.0000234635 
0.0002721645 0.0000687708 0.0000234520 
0.0002721675 0.0000687494 0.0000234405 
0.0002721706 0.0000687281 0.0000234291 
0.0002721738 0.0000687068 0.0000234176 
0.0002721770 0.0000686856 0.0000234063 
0.0002721804 0.0000686644 0.0000233949 
0.0002721838 0.0000686434 0.0000233836 
0.0002721873 0.0000686223 0.0000233723 
0.0002721909 0.0000686014 0.0000233610 
0.0002721946 0.0000685805 0.0000233498 
0.0002721984 0.0000685597 0.0000233387 
0.0002722022 0.0000685389 0.0000233276 
0.0002722061 0.0000685182 0.0000233166 
0.0002722101 0.0000684976 0.0000233056 
0.0002722142 0.0000684770 0.0000232947 
0.0002722183 0.0000684564 0.0000232838 
0.0002722225 0.0000684359 0.0000232730 
0.0002722268 0.0000684154 0.0000232621 
0.0002722311 0.0000683949 0.0000232513 
0.0002722356 0.0000683745 0.0000232406 
0.0002722401 0.0000683541 0.0000232299 
0.0002722446 0.0000683337 0.0000232192 
0.0002722493 0.0000683133 0.0000232086 
0.0002722540 0.0000682930 0.0000231980 
0.0002722588 0.0000682728 0.0000231875 
0.0002722637 0.0000682526 0.0000231771 
0.0002722687 0.0000682324 0.0000231667 
0.0002722737 0.0000682123 0.0000231564 
0.0002722789 0.0000681923 0.0000231461 
0.0002722841 0.0000681723 0.0000231358 
0.0002722894 0.0000681523 0.0000231257 
0.0002722948 0.0000681323 0.0000231155 
0.0002723003 0.0000681125 0.0000231055 
0.0002723058 0.0000680926 0.0000230955 
0.0002723114 0.0000680728 0.0000230855 
0.0002723171 0.0000680531 0.0000230756 
0.0002723229 0.0000680334 0.0000230657 
0.0002723288 0.0000680138 0.0000230559 
0.0002723348 0.0000679943 0.0000230462 
0.0002723408 0.0000679748 0.0000230366 
0.0002723469 0.0000679555 0.0000230270 
0.0002723530 0.0000679362 0.0000230175 
0.0002723592 0.0000679168 0.0000230080 
0.0002723655 0.0000678974 0.0000229986 
0.0002723719 0.0000678780 0.0000229893 
0.0002723783 0.0000678585 0.0000229801 
0.0002723848 0.0000678389 0.0000229708 
0.0002723914 0.0000678193 0.0000229617 
0.0002723980 0.0000677996 0.0000229526 
0.0002724047 0.0000677797 0.0000229437 
0.0002724114 0.0000677597 0.0000229348 
0.0002724182 0.0000677397 0.0000229259 
0.0002724250 0.0000677197 0.0000229171 
0.0002724320 0.0000676997 0.0000229084 
0.0002724391 0.0000676798 0.0000228997 
0.0002724462 0.0000676598 0.0000228911 
0.0002724535 0.0000676400 0.0000228825 
0.0002724609 0.0000676201 0.0000228740 
0.0002724683 0.0000676003 0.0000228655 
0.0002724759 0.0000675805 0.0000228571 
0.0002724836 0.0000675608 0.0000228487 
0.0002724913 0.0000675411 0.0000228404 
0.0002724991 0.0000675214 0.0000228322 
0.0002725070 0.0000675018 0.0000228240 
0.0002725150 0.0000674821 0.0000228158 
0.0002725231 0.0000674625 0.0000228077 
0.0002725312 0.0000674430 0.0000227996 
0.0002725395 0.0000674234 0.0000227916 
0.0002725478 0.0000674039 0.0000227837 
0.0002725561 0.0000673844 0.0000227758 
0.0002725646 0.0000673649 0.0000227679 
0.0002725731 0.0000673455 0.0000227601 
0.0002725817 0.0000673260 0.0000227524 
0.0002725903 0.0000673066 0.0000227447 
0.0002725990 0.0000672872 0.0000227370 
0.0002726077 0.0000672679 0.0000227294 
0.0002726165 0.0000672487 0.0000227218 
0.0002726254 0.0000672296 0.0000227143 
0.0002726343 0.0000672105 0.0000227067 
0.0002726433 0.0000671914 0.0000226993 
0.0002726524 0.0000671725 0.0000226918 
0.0002726616 0.0000671535 0.0000226844 
0.0002726709 0.0000671347 0.0000226770 
0.0002726803 0.0000671159 0.0000226696 
0.0002726898 0.0000670971 0.0000226622 
0.0002726995 0.0000670785 0.0000226549 
0.0002727092 0.0000670598 0.0000226476 
0.0002727190 0.0000670413 0.0000226403 
0.0002727290 0.0000670227 0.0000226331 
0.0002727390 0.0000670042 0.0000226259 
0.0002727490 0.0000669857 0.0000226187 
0.0002727595 0.0000669677 0.0000226117 
0.0002727706 0.0000669505 0.0000226049 
0.0002727819 0.0000669339 0.0000225984 
0.0002727931 0.0000669177 0.0000225924 
0.0002728041 0.0000669019 0.0000225868 
0.0002728147 0.0000668862 0.0000225818 
0.0002728247 0.0000668712 0.0000225772 
0.0002728341 0.0000668567 0.0000225732 
0.0002728430 0.0000668428 0.0000225696 
0.0002728515 0.0000668295 0.0000225663 
0.0002728594 0.0000668166 0.0000225634 
0.0002728669 0.0000668041 0.0000225609 
0.0002728738 0.0000667920 0.0000225587 
0.0002728801 0.0000667802 0.0000225569 
0.0002728858 0.0000667686 0.0000225555 
0.0002728909 0.0000667573 0.0000225544 
0.0002728955 0.0000667462 0.0000225537 
0.0002728996 0.0000667352 0.0000225533 
0.0002729032 0.0000667243 0.0000225532 
0.0002729063 0.0000667135 0.0000225534 
0.0002729091 0.0000667028 0.0000225539 
0.0002729114 0.0000666922 0.0000225546 
0.0002729133 0.0000666817 0.0000225557 
0.0002729148 0.0000666711 0.0000225570 
0.0002729160 0.0000666607 0.0000225586 
0.0002729169 0.0000666502 0.0000225604 
0.0002729175 0.0000666398 0.0000225624 
0.0002729177 0.0000666294 0.0000225647 
0.0002729177 0.0000666190 0.0000225673 
0.0002729174 0.0000666085 0.0000225700 
0.0002729168 0.0000665979 0.0000225730 
0.0002729160 0.0000665874 0.0000225761 
0.0002729150 0.0000665768 0.0000225795 
0.0002729136 0.0000665661 0.0000225831 
0.0002729119 0.0000665552 0.0000225871 
0.0002729099 0.0000665442 0.0000225913 
0.0002729077 0.0000665330 0.0000225957 
0.0002729053 0.0000665218 0.0000226003 
0.0002729028 0.0000665105 0.0000226051 
0.0002729000 0.0000664991 0.0000226101 
0.0002728972 0.0000664877 0.0000226152 
0.0002728942 0.0000664762 0.0000226205 
0.0002728912 0.0000664647 0.0000226260 
0.0002728880 0.0000664532 0.0000226316 
0.0002728847 0.0000664417 0.0000226373 
0.0002728813 0.0000664301 0.0000226431 
0.0002728778 0.0000664185 0.0000226491 
0.0002728742 0.0000664069 0.0000226552 
0.0002728705 0.0000663952 0.0000226615 
0.0002728667 0.0000663835 0.0000226678 
0.0002728629 0.0000663718 0.0000226743 
0.0002728590 0.0000663600 0.0000226809 
0.0002728550 0.0000663482 0.0000226876 
0.0002728509 0.0000663364 0.0000226944 
0.0002728468 0.0000663245 0.0000227013 
0.0002728427 0.0000663125 0.0000227083 
0.0002728386 0.0000663005 0.0000227154 
0.0002728344 0.0000662885 0.0000227225 
0.0002728303 0.0000662765 0.0000227297 
0.0002728261 0.0000662644 0.0000227369 
0.0002728220 0.0000662523 0.0000227443 
0.0002728179 0.0000662402 0.0000227517 
0.0002728137 0.0000662283 0.0000227592 
0.0002728096 0.0000662165 0.0000227668 
0.0002728054 0.0000662047 0.0000227745 
0.0002728013 0.0000661929 0.0000227823 
0.0002727972 0.0000661810 0.0000227901 
0.0002727930 0.0000661692 0.0000227981 
0.0002727889 0.0000661573 0.0000228061 
0.0002727848 0.0000661454 0.0000228142 
0.0002727807 0.0000661335 0.0000228224 
0.0002727767 0.0000661215 0.0000228306 
0.0002727727 0.0000661096 0.0000228389 
0.0002727687 0.0000660976 0.0000228473 
0.0002727647 0.0000660856 0.0000228558 
0.0002727608 0.0000660736 0.0000228643 
0.0002727569 0.0000660616 0.0000228729 
0.0002727531 0.0000660496 0.0000228816 
0.0002727492 0.0000660375 0.0000228903 
0.0002727455 0.0000660253 0.0000228990 
0.0002727418 0.0000660131 0.0000229078 
0.0002727382 0.0000660009 0.0000229167 
0.0002727346 0.0000659886 0.0000229256 
0.0002727310 0.0000659764 0.0000229345 
0.0002727275 0.0000659642 0.0000229435 
0.0002727241 0.0000659520 0.0000229525 
0.0002727207 0.0000659399 0.0000229616 
0.0002727173 0.0000659278 0.0000229706 
0.0002727140 0.0000659157 0.0000229797 
0.0002727108 0.0000659037 0.0000229888 
0.0002727076 0.0000658916 0.0000229980 
0.0002727045 0.0000658797 0.0000230071 
0.0002727014 0.0000658677 0.0000230162 
0.0002726984 0.0000658558 0.0000230254 
0.0002726955 0.0000658439 0.0000230346 
0.0002726926 0.0000658320 0.0000230438 
0.0002726898 0.0000658201 0.0000230530 
0.0002726870 0.0000658083 0.0000230622 
0.0002726843 0.0000657964 0.0000230714 
0.0002726816 0.0000657846 0.0000230806 
0.0002726790 0.0000657727 0.0000230898 
0.0002726765 0.0000657609 0.0000230990 
0.0002726740 0.0000657491 0.0000231082 
0.0002726717 0.0000657372 0.0000231173 
0.0002726694 0.0000657254 0.0000231265 
0.0002726672 0.0000657136 0.0000231356 
0.0002726651 0.0000657017 0.0000231447 
0.0002726631 0.0000656899 0.0000231537 
0.0002726613 0.0000656780 0.0000231627 
0.0002726595 0.0000656662 0.0000231717 
0.0002726578 0.0000656544 0.0000231807 
0.0002726562 0.0000656425 0.0000231896 
0.0002726547 0.0000656307 0.0000231985 
0.0002726533 0.0000656189 0.0000232073 
0.0002726520 0.0000656070 0.0000232162 
0.0002726509 0.0000655952 0.0000232250 
0.0002726498 0.0000655833 0.0000232338 
0.0002726488 0.0000655714 0.0000232425 
0.0002726478 0.0000655595 0.0000232513 
0.0002726470 0.0000655477 0.0000232600 
0.0002726463 0.0000655357 0.0000232687 
0.0002726457 0.0000655238 0.0000232774 
0.0002726451 0.0000655119 0.0000232860 
0.0002726447 0.0000654999 0.0000232947 
0.0002726443 0.0000654879 0.0000233032 
0.0002726441 0.0000654759 0.0000233118 
0.0002726440 0.0000654639 0.0000233203 
0.0002726439 0.0000654519 0.0000233288 
0.0002726440 0.0000654398 0.0000233373 
0.0002726441 0.0000654277 0.0000233457 
0.0002726444 0.0000654156 0.0000233540 
0.0002726449 0.0000654035 0.0000233623 
0.0002726454 0.0000653914 0.0000233705 
0.0002726461 0.0000653793 0.0000233787 
0.0002726469 0.0000653671 0.0000233867 
0.0002726479 0.0000653550 0.0000233947 
0.0002726490 0.0000653428 0.0000234027 
0.0002726502 0.0000653307 0.0000234105 
0.0002726515 0.0000653185 0.0000234184 
0.0002726530 0.0000653064 0.0000234261 
0.0002726546 0.0000652942 0.0000234338 
0.0002726563 0.0000652821 0.0000234415 
0.0002726581 0.0000652699 0.0000234491 
0.0002726601 0.0000652578 0.0000234567 
0.0002726621 0.0000652456 0.0000234643 
0.0002726642 0.0000652334 0.0000234718 
0.0002726665 0.0000652212 0.0000234792 
0.0002726688 0.0000652090 0.0000234867 
0.0002726713 0.0000651968 0.0000234941 
0.0002726738 0.0000651845 0.0000235015 
0.0002726764 0.0000651722 0.0000235089 
0.0002726792 0.0000651599 0.0000235162 
0.0002726820 0.0000651476 0.0000235235 
0.0002726820 0.0000651476 0.0000235235 
0.0002726820 0.0000651476 0.0000235235 
0.0002726820 0.0000651476 0.0000235235 
0.0002726820 0.0000651476 0.0000235235 
0.0002726820 0.0000651476 0.0000235235 
0.0002726820 0.0000651476 0.0000235235 
0.0002726820 0.0000651476 0.0000235235 
0.0002726820 0.0000651476 0.0000235235 
0.0002726820 0.0000651476 0.0000235235 
0.0002726820 0.0000651476 0.0000235235 
0.0002726820 0.0000651476 0.0000235235 
0.0002726820 0.0000651476 0.0000235235 
0.0002726820 0.0000651476 0.0000235235 
0.0002726820 0.0000651476 0.0000235235 
0.0002726820 0.0000651476 0.0000235235 
0.0002726820 0.0000651476 0.0000235235 
0.0002726820 0.0000651476 0.0000235235 
0.0002726820 0.0000651476 0.0000235235 
0.0002726820 0.0000651476 0.0000235235 
0.0002726820 0.0000651476 0.0000235235 
0.0002726820 0.0000651476 0.0000235235 
0.0002726820 0.0000651476 0.0000235235 
0.0002726820 0.0000651476 0.0000235235 
0.0002726820 0.0000651476 0.0000235235 
0.0002726820 0.0000651476 0.0000235235 
0.0002726820 0.0000651476 0.0000235235 
0.0002726820 0.0000651476 0.0000235235 
0.0002726820 0.0000651476 0.0000235235 
0.0002726820 0.0000651476 0.0000235235 
0.0002726820 0.0000651476 0.0000235235 
0.0002726820 0.0000651476 0.0000235235 
0.0002726820 0.0000651476 0.0000235235 
0.0002726820 0.0000651476 0.0000235235 
0.0002726820 0.0000651476 0.0000235235 
0.0002726820 0.0000651476 0.0000235235 
0.0002726820 0.0000651476 0.0000235235 
0.0002726820 0.0000651476 0.0000235235 
0.0002726820 0.0000651476 0.0000235235 
0.0002726820 0.0000651476 0.0000235235 
0.0002726820 0.0000651476 0.0000235235 
0.0002726820 0.0000651476 0.0000235235 
0.0002726820 0.0000651476 0.0000235235 
0.0002726820 0.0000651476 0.0000235235 
0.0002726820 0.0000651476 0.0000235235 
0.0002726820 0.0000651476 0.0000235235 
0.0002726820 0.0000651476 0.0000235235 
0.0002726820 0.0000651476 0.0000235235 
0.0002726820 0.0000651476 0.0000235235 
0.0002726820 0.0000651476 0.0000235235 
0.0002726820 0.0000651476 0.0000235235 
0.0002726820 0.0000651476 0.0000235235 
0.0002726820 0.0000651476 0.0000235235 
0.0002726820 0.0000651476 0.0000235235 
0.0002726820 0.0000651476 0.0000235235 
0.0002726820 0.0000651476 0.0000235235 
0.0002726820 0.0000651476 0.0000235235 
0.0002726820 0.0000651476 0.0000235235 
0.0002726820 0.0000651476 0.0000235235 
0.0002726820 0.0000651476 0.0000235235 
0.0002726820 0.0000651476 0.0000235235 
0.0002726820 0.0000651476 0.0000235235 
0.0002726820 0.0000651476 0.0000235235 
0.0002726820 0.0000651476 0.0000235235 
0.0002726820 0.0000651476 0.0000235235 
0.0002726820 0.0000651476 0.0000235235 
0.0002726820 0.0000651476 0.0000235235 
0.0002726820 0.0000651476 0.0000235235 
0.0002726820 0.0000651476 0.0000235235 
0.0002726820 0.0000651476 0.0000235235 
0.0002726820 0.0000651476 0.0000235235 
0.0002726820 0.0000651476 0.0000235235 
0.0002726820 0.0000651476 0.0000235235 
0.0002726820 0.0000651476 0.0000235235 
0.0002726820 0.0000651476 0.0000235235 
0.0002726820 0.0000651476 0.0000235235 
0.0002726820 0.0000651476 0.0000235235 
0.0002726820 0.0000651476 0.0000235235 
0.0002726820 0.0000651476 0.0000235235 
0.0002726820 0.0000651476 0.0000235235 
0.0002726820 0.0000651476 0.0000235235 
0.0002726820 0.0000651476 0.0000235235 
0.0002726820 0.0000651476 0.0000235235 
0.0002726820 0.0000651476 0.0000235235 
0.0002726820 0.0000651476 0.0000235235 
0.0002726820 0.0000651476 0.0000235235 
0.0002726820 0.0000651476 0.0000235235 
0.0002726820 0.0000651476 0.0000235235 
0.0002726820 0.0000651476 0.0000235235 
0.0002726820 0.0000651476 0.0000235235 
0.0002726820 0.0000651476 0.0000235235 
0.0002726820 0.0000651476 0.0000235235 
0.0002726820 0.0000651476 0.0000235235 
0.0002726820 0.0000651476 0.0000235235 
0.0002726820 0.0000651476 0.0000235235 
0.0002726820 0.0000651476 0.0000235235 
0.0002726820 0.0000651476 0.0000235235 
0.0002726820 0.0000651476 0.0000235235 
0.0002726820 0.0000651476 0.0000235235 
0.0002726820 0.0000651476 0.0000235235 
0.0002726820 0.0000651476 0.0000235235 
0.0002726820 0.0000651476 0.0000235235 
0.0002726820 0.0000651476 0.0000235235 
0.0002726820 0.0000651476 0.0000235235 
0.0002726820 0.0000651476 0.0000235235 
0.0002726820 0.0000651476 0.0000235235 
0.0002726820 0.0000651476 0.0000235235 
0.0002726820 0.0000651476 0.0000235235 
0.0002726820 0.0000651476 0.0000235235 
0.0002726820 0.0000651476 0.0000235235 
0.0002726820 0.0000651476 0.0000235235 
0.0002726820 0.0000651476 0.0000235235 
0.0002726820 0.0000651476 0.0000235235 
0.0002726820 0.0000651476 0.0000235235 
0.0002726820 0.0000651476 0.0000235235 
0.0002726820 0.0000651476 0.0000235235 
0.0002726820 0.0000651476 0.0000235235 
0.0002726820 0.0000651476 0.0000235235 
0.0002726820 0.0000651476 0.0000235235 
0.0002726820 0.0000651476 0.0000235235 
0.0002726820 0.0000651476 0.0000235235 
0.0002726820 0.0000651476 0.0000235235 
0.0002726820 0.0000651476 0.0000235235 
0.0002726820 0.0000651476 0.0000235235 
0.0002726820 0.0000651476 0.0000235235 
0.0002726820 0.0000651476 0.0000235235 
0.0002726820 0.0000651476 0.0000235235 
0.0002726820 0.0000651476 0.0000235235 
0.0002726820 0.0000651476 0.0000235235 
0.0002726820 0.0000651476 0.0000235235 
0.0002726820 0.0000651476 0.0000235235 
0.0002726820 0.0000651476 0.0000235235 
0.0002726820 0.0000651476 0.0000235235 
0.0002726820 0.0000651476 0.0000235235 
0.0002726820 0.0000651476 0.0000235235 
0.0002726820 0.0000651476 0.0000235235 
0.0002726820 0.0000651476 0.0000235235 
0.0002726820 0.0000651476 0.0000235235 
0.0002726820 0.0000651476 0.0000235235 
0.0002726820 0.0000651476 0.0000235235 
0.0002726820 0.0000651476 0.0000235235 
0.0002726820 0.0000651476 0.0000235235 
0.0002726820 0.0000651476 0.0000235235 
0.0002726820 0.0000651476 0.0000235235 
0.0002726820 0.0000651476 0.0000235235 
0.0002726820 0.0000651476 0.0000235235 
0.0002726820 0.0000651476 0.0000235235 
0.0002726820 0.0000651476 0.0000235235 
0.0002726820 0.0000651476 0.0000235235 
0.0002726820 0.0000651476 0.0000235235 
0.0002726820 0.0000651476 0.0000235235 
0.0002726820 0.0000651476 0.0000235235 
0.0002726820 0.0000651476 0.0000235235 
0.0002726820 0.0000651476 0.0000235235 
0.0002726820 0.0000651476 0.0000235235 
0.0002726820 0.0000651476 0.0000235235 
0.0002726820 0.0000651476 0.0000235235 
0.0002726820 0.0000651476 0.0000235235 
0.0002726820 0.0000651476 0.0000235235 
0.0002726820 0.0000651476 0.0000235235 
0.0002726820 0.0000651476 0.0000235235 
0.0002726820 0.0000651476 0.0000235235 
0.0002726820 0.0000651476 0.0000235235 
0.0002726820 0.0000651476 0.0000235235 
0.0002726820 0.0000651476 0.0000235235 
0.0002726820 0.0000651476 0.0000235235 
0.0002726820 0.0000651476 0.0000235235 
0.0002726820 0.0000651476 0.0000235235 
0.0002726820 0.0000651476 0.0000235235 
0.0002726820 0.0000651476 0.0000235235 
0.0002726820 0.0000651476 0.0000235235 
0.0002726820 0.0000651476 0.0000235235 
0.0002726820 0.0000651476 0.0000235235 
0.0002726820 0.0000651476 0.0000235235 
0.0002726820 0.0000651476 0.0000235235 
0.0002726820 0.0000651476 0.0000235235 
0.0002726820 0.0000651476 0.0000235235 
0.0002726820 0.0000651476 0.0000235235 
0.0002726820 0.0000651476 0.0000235235 
0.0002726820 0.0000651476 0.0000235235 
0.0002726820 0.0000651476 0.0000235235 
0.0002726820 0.0000651476 0.0000235235 
0.0002726820 0.0000651476 0.0000235235 
0.0002726820 0.0000651476 0.0000235235 
0.0002726820 0.0000651476 0.0000235235 
0.0002726820 0.0000651476 0.0000235235 
0.0002726820 0.0000651476 0.0000235235 
0.0002726820 0.0000651476 0.0000235235 
0.0002726820 0.0000651476 0.0000235235 
0.0002726820 0.0000651476 0.0000235235 
0.0002726820 0.0000651476 0.0000235235 
0.0002726820 0.0000651476 0.0000235235 
0.0002726820 0.0000651476 0.0000235235 
0.0002726820 0.0000651476 0.0000235235 
0.0002726820 0.0000651476 0.0000235235 
0.0002726820 0.0000651476 0.0000235235 
0.0002726820 0.0000651476 0.0000235235 
0.0002726820 0.0000651476 0.0000235235 
0.0002726820 0.0000651476 0.0000235235 
0.0002726820 0.0000651476 0.0000235235 
0.0002726820 0.0000651476 0.0000235235 
0.0002726820 0.0000651476 0.0000235235 
0.0002726820 0.0000651476 0.0000235235 
0.0002726820 0.0000651476 0.0000235235 
0.0002726820 0.0000651476 0.0000235235 
0.0002726820 0.0000651476 0.0000235235 
0.0002726820 0.0000651476 0.0000235235 
0.0002726820 0.0000651476 0.0000235235 
0.0002726820 0.0000651476 0.0000235235 
0.0002726820 0.0000651476 0.0000235235 
0.0002726820 0.0000651476 0.0000235235 
0.0002726820 0.0000651476 0.0000235235 
0.0002726820 0.0000651476 0.0000235235 
0.0002726820 0.0000651476 0.0000235235 
0.0002726820 0.0000651476 0.0000235235 
0.0002726820 0.0000651476 0.0000235235 
0.0002726820 0.0000651476 0.0000235235 
0.0002726820 0.0000651476 0.0000235235 
0.0002726820 0.0000651476 0.0000235235 
0.0002726820 0.0000651476 0.0000235235 
0.0002726820 0.0000651476 0.0000235235 
0.0002726820 0.0000651476 0.0000235235 
0.0002726820 0.0000651476 0.0000235235 
0.0002726820 0.0000651476 0.0000235235 
0.0002726820 0.0000651476 0.0000235235 
0.0002726820 0.0000651476 0.0000235235 
0.0002726820 0.0000651476 0.0000235235 
0.0002726820 0.0000651476 0.0000235235 
0.0002726820 0.0000651476 0.0000235235 
0.0002726820 0.0000651476 0.0000235235 
0.0002726820 0.0000651476 0.0000235235 
0.0002726820 0.0000651476 0.0000235235 
0.0002726820 0.0000651476 0.0000235235 
0.0002726820 0.0000651476 0.0000235235 
0.0002726820 0.0000651476 0.0000235235 
0.0002726820 0.0000651476 0.0000235235 
0.0002726820 0.0000651476 0.0000235235 
0.0002726820 0.0000651476 0.0000235235 
0.0002726820 0.0000651476 0.0000235235 
0.0002726820 0.0000651476 0.0000235235 
0.0002726820 0.0000651476 0.0000235235 
0.0002726820 0.0000651476 0.0000235235 
0.0002726820 0.0000651476 0.0000235235 
0.0002726820 0.0000651476 0.0000235235 
0.0002726820 0.0000651476 0.0000235235 
0.0002726820 0.0000651476 0.0000235235 
0.0002726820 0.0000651476 0.0000235235 
0.0002726820 0.0000651476 0.0000235235 
0.0002726820 0.0000651476 0.0000235235 
0.0002726820 0.0000651476 0.0000235235 
0.0002726820 0.0000651476 0.0000235235 
0.0002726820 0.0000651476 0.0000235235 
0.0002726820 0.0000651476 0.0000235235 
0.0002726820 0.0000651476 0.0000235235 
0.0002726820 0.0000651476 0.0000235235 
0.0002726820 0.0000651476 0.0000235235 
0.0002726820 0.0000651476 0.0000235235 
0.0002726820 0.0000651476 0.0000235235 
0.0002726820 0.0000651476 0.0000235235 
0.0002726820 0.0000651476 0.0000235235 
