0.0002786163 -0.0000026944 0.0002864352 
0.0002786869 -0.0000024636 0.0002857674 
0.0002787606 -0.0000022513 0.0002851280 
0.0002788423 -0.0000020554 0.0002845064 
0.0002789339 -0.0000018745 0.0002838956 
0.0002790364 -0.0000017078 0.0002832908 
0.0002791499 -0.0000015547 0.0002826885 
0.0002792743 -0.0000014143 0.0002820864 
0.0002794095 -0.0000012859 0.0002814829 
0.0002795549 -0.0000011688 0.0002808769 
0.0002797103 -0.0000010622 0.0002802676 
0.0002798754 -0.0000009652 0.0002796545 
0.0002800498 -0.0000008771 0.0002790373 
0.0002802332 -0.0000007972 0.0002784158 
0.0002804253 -0.0000007249 0.0002777899 
0.0002806258 -0.0000006594 0.0002771596 
0.0002808346 -0.0000006002 0.0002765249 
0.0002810511 -0.0000005468 0.0002758860 
0.0002812753 -0.0000004988 0.0002752428 
0.0002815067 -0.0000004557 0.0002745956 
0.0002817451 -0.0000004172 0.0002739445 
0.0002819904 -0.0000003829 0.0002732897 
0.0002822422 -0.0000003525 0.0002726313 
0.0002825005 -0.0000003256 0.0002719695 
0.0002827649 -0.0000003021 0.0002713046 
0.0002830354 -0.0000002817 0.0002706367 
0.0002833118 -0.0000002641 0.0002699660 
0.0002835939 -0.0000002492 0.0002692928 
0.0002838815 -0.0000002368 0.0002686171 
0.0002841745 -0.0000002267 0.0002679393 
0.0002844726 -0.0000002188 0.0002672595 
0.0002847757 -0.0000002129 0.0002665779 
0.0002850835 -0.0000002090 0.0002658947 
0.0002853960 -0.0000002069 0.0002652102 
0.0002857128 -0.0000002065 0.0002645244 
0.0002860339 -0.0000002078 0.0002638376 
0.0002863589 -0.0000002106 0.0002631500 
0.0002866878 -0.0000002150 0.0002624617 
0.0002870202 -0.0000002208 0.0002617729 
0.0002873562 -0.0000002280 0.0002610838 
0.0002876954 -0.0000002365 0.0002603945 
0.0002880377 -0.0000002463 0.0002597052 
0.0002883829 -0.0000002574 0.0002590160 
0.0002887309 -0.0000002696 0.0002583271 
0.0002890816 -0.0000002830 0.0002576386 
0.0002894347 -0.0000002975 0.0002569506 
0.0002897901 -0.0000003130 0.0002562633 
0.0002901476 -0.0000003296 0.0002555768 
0.0002905071 -0.0000003472 0.0002548912 
0.0002908686 -0.0000003658 0.0002542067 
0.0002912317 -0.0000003853 0.0002535232 
0.0002915964 -0.0000004058 0.0002528411 
0.0002919625 -0.0000004272 0.0002521603 
0.0002923299 -0.0000004494 0.0002514810 
0.0002926985 -0.0000004725 0.0002508033 
0.0002930681 -0.0000004964 0.0002501272 
0.0002934387 -0.0000005211 0.0002494529 
0.0002938101 -0.0000005467 0.0002487805 
0.0002941821 -0.0000005730 0.0002481099 
0.0002945548 -0.0000006001 0.0002474414 
0.0002949279 -0.0000006279 0.0002467750 
0.0002953014 -0.0000006564 0.0002461107 
0.0002956751 -0.0000006857 0.0002454487 
0.0002960490 -0.0000007156 0.0002447890 
0.0002964229 -0.0000007462 0.0002441317 
0.0002967966 -0.0000007775 0.0002434770 
0.0002971700 -0.0000008094 0.0002428248 
0.0002975433 -0.0000008419 0.0002421751 
0.0002979162 -0.0000008751 0.0002415279 
0.0002982887 -0.0000009088 0.0002408837 
0.0002986606 -0.0000009431 0.0002402422 
0.0002990319 -0.0000009783 0.0002396037 
0.0002994029 -0.0000010144 0.0002389674 
0.0002997735 -0.0000010513 0.0002383334 
0.0003001434 -0.0000010887 0.0002377016 
0.0003005132 -0.0000011269 0.0002370714 
0.0003008826 -0.0000011658 0.0002364428 
0.0003012515 -0.0000012052 0.0002358159 
0.0003016198 -0.0000012453 0.0002351910 
0.0003019870 -0.0000012859 0.0002345687 
0.0003023530 -0.0000013270 0.0002339490 
0.0003027178 -0.0000013687 0.0002333318 
0.0003030813 -0.0000014108 0.0002327171 
0.0003034433 -0.0000014532 0.0002321052 
0.0003038040 -0.0000014959 0.0002314957 
0.0003041632 -0.0000015388 0.0002308890 
0.0003045210 -0.0000015821 0.0002302848 
0.0003048775 -0.0000016258 0.0002296831 
0.0003052326 -0.0000016699 0.0002290838 
0.0003055863 -0.0000017145 0.0002284871 
0.0003059385 -0.0000017599 0.0002278928 
0.0003062894 -0.0000018058 0.0002273010 
0.0003066387 -0.0000018522 0.0002267118 
0.0003069870 -0.0000018989 0.0002261243 
0.0003073340 -0.0000019461 0.0002255390 
0.0003076795 -0.0000019936 0.0002249562 
0.0003080234 -0.0000020416 0.0002243758 
0.0003083658 -0.0000020900 0.0002237978 
0.0003087064 -0.0000021391 0.0002232222 
0.0003090453 -0.0000021888 0.0002226491 
0.0003093825 -0.0000022393 0.0002220783 
0.0003097181 -0.0000022910 0.0002215099 
0.0003100523 -0.0000023436 0.0002209431 
0.0003103850 -0.0000023973 0.0002203784 
0.0003107159 -0.0000024523 0.0002198157 
0.0003110452 -0.0000025079 0.0002192546 
0.0003113730 -0.0000025647 0.0002186952 
0.0003116990 -0.0000026225 0.0002181378 
0.0003120233 -0.0000026816 0.0002175821 
0.0003123457 -0.0000027418 0.0002170285 
0.0003126659 -0.0000028031 0.0002164772 
0.0003129838 -0.0000028656 0.0002159286 
0.0003132994 -0.0000029293 0.0002153824 
0.0003136127 -0.0000029940 0.0002148387 
0.0003139239 -0.0000030595 0.0002142973 
0.0003142328 -0.0000031258 0.0002137582 
0.0003145394 -0.0000031927 0.0002132215 
0.0003148437 -0.0000032603 0.0002126873 
0.0003151454 -0.0000033285 0.0002121560 
0.0003154442 -0.0000033972 0.0002116279 
0.0003157404 -0.0000034665 0.0002111027 
0.0003160338 -0.0000035365 0.0002105805 
0.0003163244 -0.0000036072 0.0002100614 
0.0003166122 -0.0000036784 0.0002095456 
0.0003168969 -0.0000037498 0.0002090331 
0.0003171785 -0.0000038214 0.0002085239 
0.0003174573 -0.0000038932 0.0002080178 
0.0003177334 -0.0000039652 0.0002075145 
0.0003180068 -0.0000040378 0.0002070139 
0.0003182770 -0.0000041105 0.0002065163 
0.0003185442 -0.0000041834 0.0002060221 
0.0003188085 -0.0000042563 0.0002055311 
0.0003190698 -0.0000043294 0.0002050439 
0.0003193284 -0.0000044026 0.0002045597 
0.0003195847 -0.0000044757 0.0002040784 
0.0003198388 -0.0000045483 0.0002035999 
0.0003200909 -0.0000046208 0.0002031233 
0.0003203408 -0.0000046929 0.0002026489 
0.0003205885 -0.0000047648 0.0002021762 
0.0003208342 -0.0000048367 0.0002017050 
0.0003210779 -0.0000049085 0.0002012356 
0.0003213192 -0.0000049802 0.0002007684 
0.0003215583 -0.0000050518 0.0002003033 
0.0003217951 -0.0000051235 0.0001998404 
0.0003220295 -0.0000051953 0.0001993797 
0.0003222611 -0.0000052673 0.0001989218 
0.0003224902 -0.0000053392 0.0001984666 
0.0003227168 -0.0000054112 0.0001980138 
0.0003229411 -0.0000054832 0.0001975632 
0.0003231632 -0.0000055554 0.0001971150 
0.0003233829 -0.0000056276 0.0001966690 
0.0003236004 -0.0000056999 0.0001962254 
0.0003238156 -0.0000057722 0.0001957843 
0.0003240286 -0.0000058445 0.0001953456 
0.0003242394 -0.0000059169 0.0001949090 
0.0003244482 -0.0000059896 0.0001944745 
0.0003246549 -0.0000060627 0.0001940419 
0.0003248596 -0.0000061363 0.0001936111 
0.0003250622 -0.0000062105 0.0001931822 
0.0003252627 -0.0000062853 0.0001927550 
0.0003254614 -0.0000063604 0.0001923294 
0.0003256581 -0.0000064359 0.0001919052 
0.0003258531 -0.0000065117 0.0001914823 
0.0003260462 -0.0000065877 0.0001910609 
0.0003262375 -0.0000066641 0.0001906408 
0.0003264267 -0.0000067409 0.0001902225 
0.0003266204 -0.0000068178 0.0001898001 
0.0003268177 -0.0000068946 0.0001893754 
0.0003270165 -0.0000069710 0.0001889507 
0.0003272152 -0.0000070471 0.0001885279 
0.0003274130 -0.0000071226 0.0001881075 
0.0003276078 -0.0000071974 0.0001876911 
0.0003277995 -0.0000072717 0.0001872782 
0.0003279885 -0.0000073455 0.0001868680 
0.0003281752 -0.0000074186 0.0001864599 
0.0003283620 -0.0000074910 0.0001860517 
0.0003285486 -0.0000075626 0.0001856442 
0.0003287333 -0.0000076335 0.0001852389 
0.0003289156 -0.0000077036 0.0001848359 
0.0003290956 -0.0000077727 0.0001844351 
0.0003292736 -0.0000078408 0.0001840359 
0.0003294502 -0.0000079080 0.0001836374 
0.0003296257 -0.0000079743 0.0001832394 
0.0003298002 -0.0000080398 0.0001828420 
0.0003299736 -0.0000081044 0.0001824452 
0.0003301460 -0.0000081681 0.0001820491 
0.0003303172 -0.0000082309 0.0001816538 
0.0003304875 -0.0000082925 0.0001812593 
0.0003306567 -0.0000083531 0.0001808656 
0.0003308249 -0.0000084124 0.0001804726 
0.0003309921 -0.0000084707 0.0001800805 
0.0003311581 -0.0000085279 0.0001796891 
0.0003313230 -0.0000085842 0.0001792985 
0.0003314875 -0.0000086403 0.0001789081 
0.0003316510 -0.0000086956 0.0001785184 
0.0003318133 -0.0000087501 0.0001781295 
0.0003319747 -0.0000088033 0.0001777415 
0.0003321351 -0.0000088554 0.0001773544 
0.0003322943 -0.0000089067 0.0001769682 
0.0003324526 -0.0000089572 0.0001765827 
0.0003326098 -0.0000090069 0.0001761979 
0.0003327660 -0.0000090559 0.0001758137 
0.0003329211 -0.0000091037 0.0001754302 
0.0003330751 -0.0000091503 0.0001750473 
0.0003332282 -0.0000091957 0.0001746648 
0.0003333804 -0.0000092401 0.0001742826 
0.0003335318 -0.0000092837 0.0001739009 
0.0003336822 -0.0000093265 0.0001735195 
0.0003338316 -0.0000093688 0.0001731387 
0.0003339801 -0.0000094105 0.0001727582 
0.0003341277 -0.0000094519 0.0001723781 
0.0003342744 -0.0000094929 0.0001719985 
0.0003344201 -0.0000095336 0.0001716193 
0.0003345651 -0.0000095741 0.0001712400 
0.0003347093 -0.0000096146 0.0001708610 
0.0003348528 -0.0000096548 0.0001704822 
0.0003349954 -0.0000096948 0.0001701038 
0.0003351373 -0.0000097345 0.0001697257 
0.0003352785 -0.0000097741 0.0001693479 
0.0003354189 -0.0000098137 0.0001689703 
0.0003355586 -0.0000098532 0.0001685932 
0.0003356975 -0.0000098929 0.0001682164 
0.0003358356 -0.0000099326 0.0001678401 
0.0003359730 -0.0000099725 0.0001674642 
0.0003361097 -0.0000100126 0.0001670887 
0.0003362455 -0.0000100528 0.0001667138 
0.0003363802 -0.0000100932 0.0001663398 
0.0003365133 -0.0000101342 0.0001659674 
0.0003366454 -0.0000101755 0.0001655960 
0.0003367766 -0.0000102170 0.0001652252 
0.0003369072 -0.0000102586 0.0001648550 
0.0003370370 -0.0000103002 0.0001644852 
0.0003371662 -0.0000103419 0.0001641160 
0.0003372945 -0.0000103834 0.0001637474 
0.0003374220 -0.0000104248 0.0001633793 
0.0003375488 -0.0000104667 0.0001630117 
0.0003376750 -0.0000105089 0.0001626445 
0.0003378006 -0.0000105515 0.0001622779 
0.0003379255 -0.0000105944 0.0001619118 
0.0003380498 -0.0000106376 0.0001615463 
0.0003381734 -0.0000106810 0.0001611814 
0.0003382963 -0.0000107246 0.0001608172 
0.0003384187 -0.0000107685 0.0001604534 
0.0003385405 -0.0000108127 0.0001600902 
0.0003386619 -0.0000108572 0.0001597273 
0.0003387834 -0.0000109026 0.0001593642 
0.0003389045 -0.0000109481 0.0001590018 
0.0003390253 -0.0000109939 0.0001586397 
0.0003391460 -0.0000110401 0.0001582779 
0.0003392666 -0.0000110863 0.0001579163 
0.0003393869 -0.0000111325 0.0001575549 
0.0003395073 -0.0000111788 0.0001571936 
0.0003396278 -0.0000112254 0.0001568325 
0.0003397481 -0.0000112721 0.0001564716 
0.0003398682 -0.0000113187 0.0001561110 
0.0003399881 -0.0000113652 0.0001557507 
0.0003401079 -0.0000114116 0.0001553907 
0.0003402275 -0.0000114578 0.0001550309 
0.0003403470 -0.0000115039 0.0001546713 
0.0003404663 -0.0000115498 0.0001543120 
0.0003405854 -0.0000115957 0.0001539530 
0.0003407043 -0.0000116415 0.0001535942 
0.0003408230 -0.0000116874 0.0001532357 
0.0003409414 -0.0000117335 0.0001528776 
0.0003410596 -0.0000117796 0.0001525198 
0.0003411775 -0.0000118259 0.0001521625 
0.0003412945 -0.0000118718 0.0001518069 
0.0003414110 -0.0000119176 0.0001514523 
0.0003415272 -0.0000119633 0.0001510982 
0.0003416433 -0.0000120088 0.0001507445 
0.0003417593 -0.0000120542 0.0001503912 
0.0003418752 -0.0000120994 0.0001500381 
0.0003419910 -0.0000121445 0.0001496853 
0.0003421068 -0.0000121894 0.0001493326 
0.0003422226 -0.0000122340 0.0001489802 
0.0003423386 -0.0000122781 0.0001486281 
0.0003424547 -0.0000123218 0.0001482761 
0.0003425708 -0.0000123654 0.0001479243 
0.0003426871 -0.0000124096 0.0001475725 
0.0003428034 -0.0000124531 0.0001472207 
0.0003429197 -0.0000124961 0.0001468689 
0.0003430360 -0.0000125386 0.0001465169 
0.0003431522 -0.0000125804 0.0001461650 
0.0003432684 -0.0000126210 0.0001458129 
0.0003433846 -0.0000126606 0.0001454608 
0.0003435008 -0.0000126995 0.0001451088 
0.0003436169 -0.0000127376 0.0001447568 
0.0003437326 -0.0000127752 0.0001444053 
0.0003438481 -0.0000128123 0.0001440540 
0.0003439633 -0.0000128492 0.0001437031 
0.0003440782 -0.0000128858 0.0001433525 
0.0003441929 -0.0000129220 0.0001430020 
0.0003443075 -0.0000129576 0.0001426516 
0.0003444220 -0.0000129926 0.0001423012 
0.0003445365 -0.0000130268 0.0001419510 
0.0003446511 -0.0000130601 0.0001416005 
0.0003447660 -0.0000130929 0.0001412492 
0.0003448811 -0.0000131252 0.0001408975 
0.0003449960 -0.0000131555 0.0001405456 
0.0003451109 -0.0000131842 0.0001401933 
0.0003452256 -0.0000132112 0.0001398408 
0.0003453402 -0.0000132370 0.0001394883 
0.0003454547 -0.0000132615 0.0001391356 
0.0003455691 -0.0000132848 0.0001387830 
0.0003456833 -0.0000133072 0.0001384306 
0.0003457976 -0.0000133290 0.0001380783 
0.0003459118 -0.0000133502 0.0001377262 
0.0003460259 -0.0000133708 0.0001373745 
0.0003461399 -0.0000133906 0.0001370232 
0.0003462541 -0.0000134101 0.0001366719 
0.0003463682 -0.0000134293 0.0001363207 
0.0003464822 -0.0000134482 0.0001359698 
0.0003465962 -0.0000134668 0.0001356191 
0.0003467101 -0.0000134852 0.0001352687 
0.0003468239 -0.0000135035 0.0001349186 
0.0003469376 -0.0000135216 0.0001345688 
0.0003470512 -0.0000135395 0.0001342193 
0.0003471646 -0.0000135572 0.0001338702 
0.0003472779 -0.0000135748 0.0001335215 
0.0003473911 -0.0000135922 0.0001331732 
0.0003475041 -0.0000136096 0.0001328252 
0.0003476171 -0.0000136268 0.0001324775 
0.0003477300 -0.0000136440 0.0001321302 
0.0003478432 -0.0000136622 0.0001317829 
0.0003479561 -0.0000136808 0.0001314361 
0.0003480688 -0.0000136997 0.0001310898 
0.0003481812 -0.0000137189 0.0001307442 
0.0003482934 -0.0000137382 0.0001303992 
0.0003484053 -0.0000137578 0.0001300548 
0.0003485170 -0.0000137776 0.0001297109 
0.0003486286 -0.0000137977 0.0001293677 
0.0003487411 -0.0000138190 0.0001290242 
0.0003488539 -0.0000138414 0.0001286808 
0.0003489664 -0.0000138648 0.0001283382 
0.0003490789 -0.0000138892 0.0001279962 
0.0003491914 -0.0000139147 0.0001276547 
0.0003493041 -0.0000139413 0.0001273137 
0.0003494169 -0.0000139688 0.0001269732 
0.0003495297 -0.0000139971 0.0001266334 
0.0003496427 -0.0000140261 0.0001262942 
0.0003497556 -0.0000140559 0.0001259557 
0.0003498681 -0.0000140865 0.0001256185 
0.0003499803 -0.0000141177 0.0001252824 
0.0003500924 -0.0000141496 0.0001249471 
0.0003502046 -0.0000141820 0.0001246126 
0.0003503168 -0.0000142148 0.0001242788 
0.0003504291 -0.0000142480 0.0001239457 
0.0003505416 -0.0000142816 0.0001236131 
0.0003506545 -0.0000143151 0.0001232810 
0.0003507681 -0.0000143479 0.0001229491 
0.0003508822 -0.0000143803 0.0001226176 
0.0003509970 -0.0000144132 0.0001222860 
0.0003511122 -0.0000144466 0.0001219549 
0.0003512280 -0.0000144814 0.0001216244 
0.0003513442 -0.0000145173 0.0001212946 
0.0003514607 -0.0000145543 0.0001209655 
0.0003515776 -0.0000145924 0.0001206371 
0.0003516948 -0.0000146316 0.0001203095 
0.0003518123 -0.0000146718 0.0001199825 
0.0003519303 -0.0000147131 0.0001196562 
0.0003520487 -0.0000147553 0.0001193306 
0.0003521677 -0.0000147983 0.0001190057 
0.0003522874 -0.0000148420 0.0001186814 
0.0003524079 -0.0000148864 0.0001183576 
0.0003525291 -0.0000149315 0.0001180343 
0.0003526511 -0.0000149773 0.0001177115 
0.0003527739 -0.0000150235 0.0001173891 
0.0003528972 -0.0000150700 0.0001170676 
0.0003530212 -0.0000151167 0.0001167467 
0.0003531461 -0.0000151640 0.0001164261 
0.0003532719 -0.0000152119 0.0001161061 
0.0003533983 -0.0000152602 0.0001157868 
0.0003535256 -0.0000153090 0.0001154683 
0.0003536534 -0.0000153582 0.0001151506 
0.0003537818 -0.0000154077 0.0001148339 
0.0003539104 -0.0000154572 0.0001145185 
0.0003540396 -0.0000155069 0.0001142039 
0.0003541694 -0.0000155569 0.0001138902 
0.0003542996 -0.0000156069 0.0001135774 
0.0003544300 -0.0000156569 0.0001132659 
0.0003545628 -0.0000157042 0.0001129551 
0.0003546979 -0.0000157488 0.0001126450 
0.0003548356 -0.0000157903 0.0001123356 
0.0003549758 -0.0000158290 0.0001120265 
0.0003551181 -0.0000158646 0.0001117181 
0.0003552618 -0.0000158971 0.0001114106 
0.0003554065 -0.0000159268 0.0001111048 
0.0003555520 -0.0000159542 0.0001107993 
0.0003556983 -0.0000159787 0.0001104954 
0.0003558449 -0.0000160009 0.0001101930 
0.0003559918 -0.0000160212 0.0001098917 
0.0003561392 -0.0000160402 0.0001095908 
0.0003562871 -0.0000160581 0.0001092902 
0.0003564353 -0.0000160749 0.0001089899 
0.0003565844 -0.0000160911 0.0001086894 
0.0003567343 -0.0000161070 0.0001083889 
0.0003568848 -0.0000161228 0.0001080887 
0.0003570360 -0.0000161385 0.0001077889 
0.0003571877 -0.0000161546 0.0001074897 
0.0003573398 -0.0000161712 0.0001071915 
0.0003574923 -0.0000161880 0.0001068942 
0.0003576450 -0.0000162052 0.0001065981 
0.0003577978 -0.0000162227 0.0001063033 
0.0003579509 -0.0000162405 0.0001060097 
0.0003581040 -0.0000162587 0.0001057176 
0.0003582571 -0.0000162773 0.0001054268 
0.0003584102 -0.0000162964 0.0001051374 
0.0003585637 -0.0000163161 0.0001048491 
0.0003587176 -0.0000163365 0.0001045616 
0.0003588719 -0.0000163576 0.0001042749 
0.0003590265 -0.0000163793 0.0001039891 
0.0003591810 -0.0000164016 0.0001037042 
0.0003593355 -0.0000164246 0.0001034202 
0.0003594897 -0.0000164480 0.0001031372 
0.0003596437 -0.0000164720 0.0001028552 
0.0003597972 -0.0000164963 0.0001025742 
0.0003599502 -0.0000165211 0.0001022943 
0.0003601026 -0.0000165461 0.0001020156 
0.0003602543 -0.0000165715 0.0001017379 
0.0003604054 -0.0000165970 0.0001014615 
0.0003605557 -0.0000166228 0.0001011862 
0.0003607052 -0.0000166487 0.0001009122 
0.0003608539 -0.0000166749 0.0001006394 
0.0003610018 -0.0000167012 0.0001003678 
0.0003611489 -0.0000167278 0.0001000974 
0.0003612951 -0.0000167545 0.0000998283 
0.0003614405 -0.0000167814 0.0000995605 
0.0003615850 -0.0000168084 0.0000992940 
0.0003617286 -0.0000168355 0.0000990287 
0.0003618714 -0.0000168628 0.0000987648 
0.0003620132 -0.0000168901 0.0000985022 
0.0003621541 -0.0000169175 0.0000982410 
0.0003622941 -0.0000169451 0.0000979810 
0.0003624332 -0.0000169727 0.0000977224 
0.0003625715 -0.0000170004 0.0000974651 
0.0003627089 -0.0000170281 0.0000972091 
0.0003628454 -0.0000170560 0.0000969544 
0.0003629810 -0.0000170839 0.0000967010 
0.0003631159 -0.0000171119 0.0000964489 
0.0003632499 -0.0000171399 0.0000961980 
0.0003633834 -0.0000171677 0.0000959481 
0.0003635163 -0.0000171953 0.0000956991 
0.0003636486 -0.0000172229 0.0000954511 
0.0003637800 -0.0000172505 0.0000952042 
0.0003639107 -0.0000172780 0.0000949583 
0.0003640407 -0.0000173055 0.0000947136 
0.0003641698 -0.0000173333 0.0000944698 
0.0003642981 -0.0000173609 0.0000942272 
0.0003644258 -0.0000173885 0.0000939856 
0.0003645528 -0.0000174159 0.0000937452 
0.0003646791 -0.0000174432 0.0000935057 
0.0003648045 -0.0000174704 0.0000932675 
0.0003649289 -0.0000174976 0.0000930305 
0.0003650518 -0.0000175245 0.0000927951 
0.0003651733 -0.0000175514 0.0000925610 
0.0003652940 -0.0000175781 0.0000923279 
0.0003654139 -0.0000176049 0.0000920958 
0.0003655334 -0.0000176317 0.0000918644 
0.0003656526 -0.0000176587 0.0000916336 
0.0003657718 -0.0000176859 0.0000914034 
0.0003658910 -0.0000177133 0.0000911736 
0.0003660106 -0.0000177408 0.0000909441 
0.0003661306 -0.0000177685 0.0000907148 
0.0003662512 -0.0000177963 0.0000904856 
0.0003663725 -0.0000178242 0.0000902566 
0.0003664945 -0.0000178522 0.0000900278 
0.0003666170 -0.0000178802 0.0000897993 
0.0003667400 -0.0000179082 0.0000895711 
0.0003668633 -0.0000179362 0.0000893434 
0.0003669869 -0.0000179642 0.0000891162 
0.0003671107 -0.0000179921 0.0000888896 
0.0003672346 -0.0000180201 0.0000886636 
0.0003673586 -0.0000180480 0.0000884383 
0.0003674826 -0.0000180758 0.0000882136 
0.0003676065 -0.0000181036 0.0000879897 
0.0003677302 -0.0000181313 0.0000877666 
0.0003678538 -0.0000181589 0.0000875442 
0.0003679772 -0.0000181865 0.0000873226 
0.0003681004 -0.0000182140 0.0000871017 
0.0003682233 -0.0000182414 0.0000868817 
0.0003683459 -0.0000182687 0.0000866624 
0.0003684681 -0.0000182958 0.0000864440 
0.0003685900 -0.0000183225 0.0000862263 
0.0003687114 -0.0000183488 0.0000860095 
0.0003688325 -0.0000183753 0.0000857934 
0.0003689532 -0.0000184019 0.0000855781 
0.0003690734 -0.0000184290 0.0000853637 
0.0003691930 -0.0000184561 0.0000851501 
0.0003693122 -0.0000184828 0.0000849374 
0.0003694309 -0.0000185093 0.0000847254 
0.0003695490 -0.0000185355 0.0000845142 
0.0003696666 -0.0000185613 0.0000843038 
0.0003697837 -0.0000185868 0.0000840941 
0.0003699002 -0.0000186118 0.0000838852 
0.0003700163 -0.0000186369 0.0000836770 
0.0003701318 -0.0000186618 0.0000834696 
0.0003702469 -0.0000186866 0.0000832629 
0.0003703615 -0.0000187113 0.0000830569 
0.0003704756 -0.0000187360 0.0000828516 
0.0003705891 -0.0000187607 0.0000826471 
0.0003707021 -0.0000187855 0.0000824434 
0.0003708145 -0.0000188105 0.0000822406 
0.0003709264 -0.0000188356 0.0000820386 
0.0003710378 -0.0000188606 0.0000818372 
0.0003711488 -0.0000188856 0.0000816365 
0.0003712594 -0.0000189105 0.0000814363 
0.0003713696 -0.0000189354 0.0000812367 
0.0003714793 -0.0000189602 0.0000810377 
0.0003715885 -0.0000189850 0.0000808394 
0.0003716972 -0.0000190098 0.0000806418 
0.0003718054 -0.0000190346 0.0000804448 
0.0003719130 -0.0000190594 0.0000802484 
0.0003720202 -0.0000190842 0.0000800528 
0.0003721268 -0.0000191091 0.0000798578 
0.0003722329 -0.0000191340 0.0000796635 
0.0003723385 -0.0000191589 0.0000794698 
0.0003724435 -0.0000191838 0.0000792768 
0.0003725480 -0.0000192087 0.0000790845 
0.0003726520 -0.0000192337 0.0000788928 
0.0003727554 -0.0000192587 0.0000787017 
0.0003728582 -0.0000192838 0.0000785113 
0.0003729605 -0.0000193089 0.0000783215 
0.0003730623 -0.0000193340 0.0000781324 
0.0003731635 -0.0000193590 0.0000779438 
0.0003732642 -0.0000193841 0.0000777559 
0.0003733645 -0.0000194090 0.0000775685 
0.0003734644 -0.0000194338 0.0000773817 
0.0003735636 -0.0000194587 0.0000771955 
0.0003736622 -0.0000194837 0.0000770099 
0.0003737603 -0.0000195086 0.0000768249 
0.0003738579 -0.0000195334 0.0000766404 
0.0003739553 -0.0000195582 0.0000764564 
0.0003740524 -0.0000195827 0.0000762728 
0.0003741493 -0.0000196071 0.0000760895 
0.0003742461 -0.0000196313 0.0000759066 
0.0003743428 -0.0000196554 0.0000757241 
0.0003744393 -0.0000196792 0.0000755420 
0.0003745356 -0.0000197028 0.0000753604 
0.0003746317 -0.0000197262 0.0000751793 
0.0003747276 -0.0000197494 0.0000749987 
0.0003748233 -0.0000197724 0.0000748186 
0.0003749187 -0.0000197952 0.0000746391 
0.0003750138 -0.0000198178 0.0000744601 
0.0003751086 -0.0000198402 0.0000742817 
0.0003752030 -0.0000198625 0.0000741039 
0.0003752971 -0.0000198847 0.0000739266 
0.0003753907 -0.0000199068 0.0000737499 
0.0003754841 -0.0000199287 0.0000735738 
0.0003755771 -0.0000199504 0.0000733982 
0.0003756698 -0.0000199720 0.0000732232 
0.0003757620 -0.0000199935 0.0000730488 
0.0003758539 -0.0000200149 0.0000728749 
0.0003759452 -0.0000200362 0.0000727016 
0.0003760362 -0.0000200573 0.0000725289 
0.0003761266 -0.0000200785 0.0000723568 
0.0003762166 -0.0000200995 0.0000721852 
0.0003763062 -0.0000201204 0.0000720142 
0.0003763952 -0.0000201412 0.0000718438 
0.0003764838 -0.0000201620 0.0000716739 
0.0003765721 -0.0000201826 0.0000715045 
0.0003766603 -0.0000202026 0.0000713354 
0.0003767491 -0.0000202214 0.0000711662 
0.0003768384 -0.0000202390 0.0000709970 
0.0003769279 -0.0000202556 0.0000708280 
0.0003770177 -0.0000202711 0.0000706590 
0.0003771076 -0.0000202856 0.0000704902 
0.0003771975 -0.0000202995 0.0000703216 
0.0003772874 -0.0000203129 0.0000701533 
0.0003773770 -0.0000203259 0.0000699851 
0.0003774665 -0.0000203387 0.0000698172 
0.0003775556 -0.0000203513 0.0000696497 
0.0003776445 -0.0000203638 0.0000694823 
0.0003777332 -0.0000203760 0.0000693152 
0.0003778215 -0.0000203881 0.0000691484 
0.0003779096 -0.0000204001 0.0000689819 
0.0003779974 -0.0000204119 0.0000688156 
0.0003780849 -0.0000204235 0.0000686496 
0.0003781721 -0.0000204348 0.0000684840 
0.0003782590 -0.0000204460 0.0000683187 
0.0003783454 -0.0000204569 0.0000681538 
0.0003784316 -0.0000204676 0.0000679893 
0.0003785172 -0.0000204782 0.0000678252 
0.0003786025 -0.0000204885 0.0000676616 
0.0003786872 -0.0000204988 0.0000674986 
0.0003787713 -0.0000205090 0.0000673360 
0.0003788548 -0.0000205191 0.0000671741 
0.0003789376 -0.0000205291 0.0000670127 
0.0003790199 -0.0000205391 0.0000668519 
0.0003791017 -0.0000205491 0.0000666917 
0.0003791830 -0.0000205591 0.0000665320 
0.0003792638 -0.0000205691 0.0000663730 
0.0003793441 -0.0000205792 0.0000662145 
0.0003794243 -0.0000205891 0.0000660565 
0.0003795044 -0.0000205987 0.0000658989 
0.0003795843 -0.0000206081 0.0000657418 
0.0003796640 -0.0000206175 0.0000655853 
0.0003797433 -0.0000206269 0.0000654293 
0.0003798224 -0.0000206362 0.0000652739 
0.0003799012 -0.0000206454 0.0000651189 
0.0003799797 -0.0000206546 0.0000649644 
0.0003800579 -0.0000206636 0.0000648104 
0.0003801358 -0.0000206726 0.0000646569 
0.0003802135 -0.0000206815 0.0000645038 
0.0003802909 -0.0000206903 0.0000643512 
0.0003803680 -0.0000206991 0.0000641991 
0.0003804448 -0.0000207078 0.0000640475 
0.0003805213 -0.0000207164 0.0000638963 
0.0003805976 -0.0000207252 0.0000637457 
0.0003806735 -0.0000207340 0.0000635956 
0.0003807491 -0.0000207429 0.0000634459 
0.0003808240 -0.0000207521 0.0000632969 
0.0003808987 -0.0000207611 0.0000631481 
0.0003809732 -0.0000207701 0.0000629997 
0.0003810475 -0.0000207791 0.0000628517 
0.0003811217 -0.0000207880 0.0000627042 
0.0003811958 -0.0000207970 0.0000625570 
0.0003812696 -0.0000208062 0.0000624103 
0.0003813432 -0.0000208156 0.0000622640 
0.0003814166 -0.0000208254 0.0000621182 
0.0003814896 -0.0000208357 0.0000619731 
0.0003815623 -0.0000208466 0.0000618285 
0.0003816348 -0.0000208580 0.0000616845 
0.0003817071 -0.0000208698 0.0000615410 
0.0003817795 -0.0000208817 0.0000613974 
0.0003818521 -0.0000208937 0.0000612538 
0.0003819248 -0.0000209060 0.0000611103 
0.0003819978 -0.0000209185 0.0000609669 
0.0003820708 -0.0000209317 0.0000608238 
0.0003821439 -0.0000209452 0.0000606811 
0.0003822167 -0.0000209591 0.0000605386 
0.0003822893 -0.0000209731 0.0000603965 
0.0003823609 -0.0000209880 0.0000602551 
0.0003824323 -0.0000210028 0.0000601142 
0.0003825038 -0.0000210178 0.0000599736 
0.0003825755 -0.0000210327 0.0000598331 
0.0003826473 -0.0000210479 0.0000596932 
0.0003827190 -0.0000210633 0.0000595536 
0.0003827908 -0.0000210788 0.0000594145 
0.0003828625 -0.0000210943 0.0000592758 
0.0003829341 -0.0000211100 0.0000591375 
0.0003830056 -0.0000211257 0.0000589998 
0.0003830768 -0.0000211415 0.0000588627 
0.0003831478 -0.0000211573 0.0000587262 
0.0003832186 -0.0000211732 0.0000585902 
0.0003832890 -0.0000211891 0.0000584549 
0.0003833590 -0.0000212051 0.0000583203 
0.0003834287 -0.0000212213 0.0000581863 
0.0003834979 -0.0000212376 0.0000580530 
0.0003835667 -0.0000212540 0.0000579203 
0.0003836351 -0.0000212705 0.0000577882 
0.0003837030 -0.0000212872 0.0000576568 
0.0003837706 -0.0000213041 0.0000575261 
0.0003838377 -0.0000213211 0.0000573959 
0.0003839043 -0.0000213384 0.0000572663 
0.0003839705 -0.0000213561 0.0000571374 
0.0003840363 -0.0000213742 0.0000570089 
0.0003841016 -0.0000213928 0.0000568810 
0.0003841665 -0.0000214118 0.0000567535 
0.0003842311 -0.0000214311 0.0000566265 
0.0003842954 -0.0000214507 0.0000565001 
0.0003843593 -0.0000214706 0.0000563740 
0.0003844229 -0.0000214908 0.0000562485 
0.0003844861 -0.0000215113 0.0000561235 
0.0003845488 -0.0000215322 0.0000559991 
0.0003846109 -0.0000215536 0.0000558752 
0.0003846724 -0.0000215755 0.0000557520 
0.0003847334 -0.0000215979 0.0000556293 
0.0003847938 -0.0000216209 0.0000555073 
0.0003848537 -0.0000216444 0.0000553858 
0.0003849131 -0.0000216683 0.0000552648 
0.0003849720 -0.0000216927 0.0000551445 
0.0003850304 -0.0000217176 0.0000550247 
0.0003850884 -0.0000217430 0.0000549055 
0.0003851460 -0.0000217690 0.0000547867 
0.0003852031 -0.0000217956 0.0000546685 
0.0003852597 -0.0000218229 0.0000545509 
0.0003853158 -0.0000218508 0.0000544338 
0.0003853713 -0.0000218795 0.0000543172 
0.0003854263 -0.0000219089 0.0000542012 
0.0003854809 -0.0000219390 0.0000540857 
0.0003855350 -0.0000219696 0.0000539707 
0.0003855887 -0.0000220007 0.0000538561 
0.0003856420 -0.0000220323 0.0000537420 
0.0003856946 -0.0000220645 0.0000536285 
0.0003857470 -0.0000220970 0.0000535153 
0.0003857990 -0.0000221299 0.0000534025 
0.0003858506 -0.0000221631 0.0000532902 
0.0003859017 -0.0000221967 0.0000531784 
0.0003859524 -0.0000222306 0.0000530669 
0.0003860027 -0.0000222648 0.0000529560 
0.0003860525 -0.0000222994 0.0000528454 
0.0003861020 -0.0000223342 0.0000527353 
0.0003861510 -0.0000223695 0.0000526257 
0.0003861995 -0.0000224051 0.0000525165 
0.0003862477 -0.0000224411 0.0000524077 
0.0003862957 -0.0000224775 0.0000522994 
0.0003863435 -0.0000225142 0.0000521914 
0.0003863912 -0.0000225511 0.0000520836 
0.0003864394 -0.0000225881 0.0000519759 
0.0003864872 -0.0000226255 0.0000518685 
0.0003865349 -0.0000226636 0.0000517614 
0.0003865823 -0.0000227022 0.0000516545 
0.0003866297 -0.0000227411 0.0000515479 
0.0003866770 -0.0000227805 0.0000514416 
0.0003867242 -0.0000228203 0.0000513355 
0.0003867714 -0.0000228603 0.0000512297 
0.0003868185 -0.0000229005 0.0000511243 
0.0003868657 -0.0000229408 0.0000510190 
0.0003869128 -0.0000229810 0.0000509140 
0.0003869600 -0.0000230212 0.0000508094 
0.0003870072 -0.0000230613 0.0000507049 
0.0003870545 -0.0000231014 0.0000506008 
0.0003871018 -0.0000231415 0.0000504969 
0.0003871490 -0.0000231817 0.0000503934 
0.0003871959 -0.0000232221 0.0000502902 
0.0003872427 -0.0000232628 0.0000501875 
0.0003872891 -0.0000233038 0.0000500852 
0.0003873352 -0.0000233450 0.0000499834 
0.0003873810 -0.0000233867 0.0000498821 
0.0003874264 -0.0000234286 0.0000497812 
0.0003874715 -0.0000234707 0.0000496809 
0.0003875163 -0.0000235131 0.0000495810 
0.0003875608 -0.0000235556 0.0000494816 
0.0003876050 -0.0000235983 0.0000493827 
0.0003876489 -0.0000236412 0.0000492843 
0.0003876925 -0.0000236840 0.0000491863 
0.0003877360 -0.0000237270 0.0000490888 
0.0003877794 -0.0000237697 0.0000489915 
0.0003878227 -0.0000238126 0.0000488945 
0.0003878659 -0.0000238556 0.0000487979 
0.0003879089 -0.0000238990 0.0000487016 
0.0003879518 -0.0000239429 0.0000486056 
0.0003879945 -0.0000239870 0.0000485100 
0.0003880368 -0.0000240314 0.0000484149 
0.0003880790 -0.0000240762 0.0000483201 
0.0003881208 -0.0000241214 0.0000482258 
0.0003881623 -0.0000241669 0.0000481320 
0.0003882035 -0.0000242127 0.0000480388 
0.0003882443 -0.0000242588 0.0000479460 
0.0003882848 -0.0000243052 0.0000478538 
0.0003883248 -0.0000243518 0.0000477621 
0.0003883645 -0.0000243987 0.0000476710 
0.0003884037 -0.0000244458 0.0000475804 
0.0003884424 -0.0000244931 0.0000474904 
0.0003884808 -0.0000245405 0.0000474010 
0.0003885186 -0.0000245882 0.0000473120 
0.0003885562 -0.0000246359 0.0000472236 
0.0003885933 -0.0000246838 0.0000471356 
0.0003886300 -0.0000247317 0.0000470482 
0.0003886662 -0.0000247797 0.0000469612 
0.0003887020 -0.0000248277 0.0000468747 
0.0003887376 -0.0000248759 0.0000467887 
0.0003887728 -0.0000249240 0.0000467031 
0.0003888085 -0.0000249710 0.0000466175 
0.0003888426 -0.0000250197 0.0000465329 
0.0003888759 -0.0000250695 0.0000464492 
0.0003889083 -0.0000251203 0.0000463664 
0.0003889401 -0.0000251717 0.0000462842 
0.0003889714 -0.0000252236 0.0000462028 
0.0003890021 -0.0000252758 0.0000461220 
0.0003890324 -0.0000253283 0.0000460418 
0.0003890622 -0.0000253810 0.0000459623 
0.0003890914 -0.0000254339 0.0000458834 
0.0003891199 -0.0000254870 0.0000458050 
0.0003891479 -0.0000255402 0.0000457272 
0.0003891756 -0.0000255934 0.0000456497 
0.0003892030 -0.0000256467 0.0000455725 
0.0003892301 -0.0000257000 0.0000454958 
0.0003892569 -0.0000257534 0.0000454195 
0.0003892835 -0.0000258070 0.0000453436 
0.0003893099 -0.0000258606 0.0000452681 
0.0003893362 -0.0000259143 0.0000451929 
0.0003893623 -0.0000259682 0.0000451180 
0.0003893882 -0.0000260221 0.0000450434 
0.0003894140 -0.0000260762 0.0000449691 
0.0003894396 -0.0000261303 0.0000448951 
0.0003894650 -0.0000261847 0.0000448215 
0.0003894900 -0.0000262392 0.0000447482 
0.0003895145 -0.0000262939 0.0000446753 
0.0003895386 -0.0000263489 0.0000446029 
0.0003895623 -0.0000264040 0.0000445309 
0.0003895855 -0.0000264594 0.0000444592 
0.0003896085 -0.0000265149 0.0000443879 
0.0003896311 -0.0000265705 0.0000443169 
0.0003896536 -0.0000266262 0.0000442462 
0.0003896759 -0.0000266820 0.0000441759 
0.0003896979 -0.0000267379 0.0000441058 
0.0003897197 -0.0000267938 0.0000440360 
0.0003897414 -0.0000268497 0.0000439665 
0.0003897628 -0.0000269056 0.0000438972 
0.0003897839 -0.0000269615 0.0000438283 
0.0003898049 -0.0000270174 0.0000437597 
0.0003898256 -0.0000270733 0.0000436914 
0.0003898460 -0.0000271292 0.0000436233 
0.0003898662 -0.0000271851 0.0000435556 
0.0003898861 -0.0000272409 0.0000434882 
0.0003899057 -0.0000272967 0.0000434212 
0.0003899251 -0.0000273525 0.0000433544 
0.0003899442 -0.0000274082 0.0000432880 
0.0003899631 -0.0000274638 0.0000432219 
0.0003899818 -0.0000275195 0.0000431560 
0.0003900003 -0.0000275750 0.0000430905 
0.0003900187 -0.0000276305 0.0000430252 
0.0003900369 -0.0000276860 0.0000429603 
0.0003900549 -0.0000277414 0.0000428958 
0.0003900728 -0.0000277969 0.0000428317 
0.0003900906 -0.0000278524 0.0000427680 
0.0003901084 -0.0000279080 0.0000427049 
0.0003901260 -0.0000279639 0.0000426423 
0.0003901436 -0.0000280199 0.0000425804 
0.0003901610 -0.0000280761 0.0000425192 
0.0003901783 -0.0000281326 0.0000424588 
0.0003901953 -0.0000281894 0.0000423992 
0.0003902121 -0.0000282465 0.0000423404 
0.0003902286 -0.0000283041 0.0000422826 
0.0003902448 -0.0000283621 0.0000422257 
0.0003902606 -0.0000284205 0.0000421699 
0.0003902761 -0.0000284792 0.0000421150 
0.0003902912 -0.0000285384 0.0000420610 
0.0003903060 -0.0000285980 0.0000420079 
0.0003903206 -0.0000286578 0.0000419557 
0.0003903348 -0.0000287179 0.0000419043 
0.0003903487 -0.0000287782 0.0000418536 
0.0003903623 -0.0000288387 0.0000418041 
0.0003903755 -0.0000288996 0.0000417552 
0.0003903885 -0.0000289607 0.0000417068 
0.0003904011 -0.0000290220 0.0000416590 
0.0003904135 -0.0000290833 0.0000416118 
0.0003904256 -0.0000291447 0.0000415652 
0.0003904372 -0.0000292059 0.0000415191 
0.0003904485 -0.0000292672 0.0000414736 
0.0003904595 -0.0000293283 0.0000414286 
0.0003904701 -0.0000293893 0.0000413842 
0.0003904803 -0.0000294501 0.0000413402 
0.0003904901 -0.0000295107 0.0000412968 
0.0003904996 -0.0000295712 0.0000412537 
0.0003905088 -0.0000296315 0.0000412110 
0.0003905176 -0.0000296915 0.0000411686 
0.0003905261 -0.0000297513 0.0000411264 
0.0003905344 -0.0000298109 0.0000410845 
0.0003905424 -0.0000298702 0.0000410427 
0.0003905501 -0.0000299292 0.0000410010 
0.0003905577 -0.0000299879 0.0000409595 
0.0003905650 -0.0000300462 0.0000409181 
0.0003905720 -0.0000301041 0.0000408768 
0.0003905789 -0.0000301616 0.0000408356 
0.0003905856 -0.0000302188 0.0000407944 
0.0003905919 -0.0000302755 0.0000407534 
0.0003905979 -0.0000303318 0.0000407126 
0.0003906035 -0.0000303875 0.0000406720 
0.0003906088 -0.0000304427 0.0000406315 
0.0003906137 -0.0000304975 0.0000405912 
0.0003906182 -0.0000305517 0.0000405510 
0.0003906224 -0.0000306055 0.0000405108 
0.0003906263 -0.0000306588 0.0000404707 
0.0003906299 -0.0000307115 0.0000404307 
0.0003906332 -0.0000307638 0.0000403907 
0.0003906362 -0.0000308155 0.0000403507 
0.0003906390 -0.0000308668 0.0000403106 
0.0003906414 -0.0000309176 0.0000402706 
0.0003906436 -0.0000309680 0.0000402306 
0.0003906455 -0.0000310178 0.0000401907 
0.0003906471 -0.0000310673 0.0000401507 
0.0003906485 -0.0000311163 0.0000401107 
0.0003906495 -0.0000311649 0.0000400707 
0.0003906503 -0.0000312130 0.0000400307 
0.0003906508 -0.0000312608 0.0000399908 
0.0003906510 -0.0000313081 0.0000399508 
0.0003906510 -0.0000313551 0.0000399108 
0.0003906506 -0.0000314016 0.0000398708 
0.0003906500 -0.0000314478 0.0000398308 
0.0003906491 -0.0000314938 0.0000397908 
0.0003906478 -0.0000315394 0.0000397507 
0.0003906463 -0.0000315847 0.0000397106 
0.0003906445 -0.0000316296 0.0000396705 
0.0003906425 -0.0000316741 0.0000396303 
0.0003906403 -0.0000317182 0.0000395902 
0.0003906378 -0.0000317619 0.0000395500 
0.0003906351 -0.0000318052 0.0000395097 
0.0003906323 -0.0000318480 0.0000394695 
0.0003906292 -0.0000318905 0.0000394292 
0.0003906260 -0.0000319326 0.0000393889 
0.0003906226 -0.0000319742 0.0000393486 
0.0003906190 -0.0000320155 0.0000393082 
0.0003906153 -0.0000320565 0.0000392678 
0.0003906115 -0.0000320970 0.0000392273 
0.0003906075 -0.0000321372 0.0000391868 
0.0003906034 -0.0000321769 0.0000391463 
0.0003905991 -0.0000322163 0.0000391058 
0.0003905948 -0.0000322552 0.0000390652 
0.0003905903 -0.0000322938 0.0000390246 
0.0003905857 -0.0000323319 0.0000389839 
0.0003905809 -0.0000323697 0.0000389433 
0.0003905761 -0.0000324070 0.0000389026 
0.0003905712 -0.0000324439 0.0000388619 
0.0003905662 -0.0000324804 0.0000388211 
0.0003905611 -0.0000325165 0.0000387803 
0.0003905559 -0.0000325523 0.0000387395 
0.0003905506 -0.0000325876 0.0000386986 
0.0003905453 -0.0000326225 0.0000386577 
0.0003905400 -0.0000326570 0.0000386167 
0.0003905347 -0.0000326910 0.0000385757 
0.0003905294 -0.0000327247 0.0000385346 
0.0003905242 -0.0000327578 0.0000384935 
0.0003905191 -0.0000327906 0.0000384523 
0.0003905141 -0.0000328229 0.0000384111 
0.0003905091 -0.0000328547 0.0000383698 
0.0003905043 -0.0000328861 0.0000383284 
0.0003904997 -0.0000329171 0.0000382870 
0.0003904952 -0.0000329475 0.0000382454 
0.0003904908 -0.0000329773 0.0000382038 
0.0003904865 -0.0000330069 0.0000381620 
0.0003904821 -0.0000330362 0.0000381203 
0.0003904776 -0.0000330654 0.0000380786 
0.0003904731 -0.0000330945 0.0000380369 
0.0003904684 -0.0000331234 0.0000379953 
0.0003904637 -0.0000331523 0.0000379536 
0.0003904589 -0.0000331810 0.0000379120 
0.0003904541 -0.0000332097 0.0000378703 
0.0003904493 -0.0000332382 0.0000378287 
0.0003904445 -0.0000332665 0.0000377870 
0.0003904397 -0.0000332947 0.0000377452 
0.0003904351 -0.0000333228 0.0000377033 
0.0003904307 -0.0000333506 0.0000376613 
0.0003904267 -0.0000333780 0.0000376191 
0.0003904230 -0.0000334050 0.0000375767 
0.0003904198 -0.0000334317 0.0000375340 
0.0003904170 -0.0000334580 0.0000374912 
0.0003904147 -0.0000334839 0.0000374482 
0.0003904127 -0.0000335095 0.0000374050 
0.0003904113 -0.0000335347 0.0000373616 
0.0003904102 -0.0000335595 0.0000373182 
0.0003904097 -0.0000335838 0.0000372746 
0.0003904106 -0.0000336063 0.0000372308 
0.0003904124 -0.0000336278 0.0000371867 
0.0003904140 -0.0000336496 0.0000371428 
0.0003904157 -0.0000336714 0.0000370991 
0.0003904175 -0.0000336931 0.0000370554 
0.0003904194 -0.0000337147 0.0000370119 
0.0003904214 -0.0000337364 0.0000369684 
0.0003904235 -0.0000337581 0.0000369251 
0.0003904257 -0.0000337798 0.0000368819 
0.0003904280 -0.0000338015 0.0000368389 
0.0003904303 -0.0000338233 0.0000367960 
0.0003904328 -0.0000338451 0.0000367532 
0.0003904353 -0.0000338670 0.0000367106 
0.0003904378 -0.0000338889 0.0000366681 
0.0003904404 -0.0000339108 0.0000366258 
0.0003904431 -0.0000339327 0.0000365836 
0.0003904458 -0.0000339547 0.0000365416 
0.0003904485 -0.0000339767 0.0000364997 
0.0003904513 -0.0000339987 0.0000364580 
0.0003904541 -0.0000340207 0.0000364164 
0.0003904569 -0.0000340428 0.0000363750 
0.0003904598 -0.0000340649 0.0000363337 
0.0003904627 -0.0000340870 0.0000362925 
0.0003904657 -0.0000341091 0.0000362514 
0.0003904688 -0.0000341312 0.0000362103 
0.0003904719 -0.0000341533 0.0000361694 
0.0003904752 -0.0000341754 0.0000361285 
0.0003904785 -0.0000341974 0.0000360877 
0.0003904820 -0.0000342194 0.0000360470 
0.0003904856 -0.0000342413 0.0000360063 
0.0003904892 -0.0000342631 0.0000359658 
0.0003904930 -0.0000342849 0.0000359253 
0.0003904968 -0.0000343067 0.0000358849 
0.0003905007 -0.0000343283 0.0000358447 
0.0003905048 -0.0000343500 0.0000358045 
0.0003905088 -0.0000343716 0.0000357645 
0.0003905130 -0.0000343931 0.0000357245 
0.0003905172 -0.0000344147 0.0000356847 
0.0003905216 -0.0000344362 0.0000356450 
0.0003905260 -0.0000344576 0.0000356053 
0.0003905305 -0.0000344791 0.0000355658 
0.0003905351 -0.0000345005 0.0000355263 
0.0003905398 -0.0000345218 0.0000354869 
0.0003905446 -0.0000345432 0.0000354476 
0.0003905495 -0.0000345645 0.0000354084 
0.0003905545 -0.0000345858 0.0000353693 
0.0003905595 -0.0000346071 0.0000353302 
0.0003905647 -0.0000346283 0.0000352913 
0.0003905699 -0.0000346495 0.0000352525 
0.0003905753 -0.0000346706 0.0000352138 
0.0003905807 -0.0000346917 0.0000351752 
0.0003905862 -0.0000347128 0.0000351367 
0.0003905918 -0.0000347339 0.0000350984 
0.0003905975 -0.0000347549 0.0000350601 
0.0003906033 -0.0000347759 0.0000350220 
0.0003906091 -0.0000347968 0.0000349839 
0.0003906151 -0.0000348178 0.0000349460 
0.0003906212 -0.0000348386 0.0000349082 
0.0003906273 -0.0000348595 0.0000348705 
0.0003906336 -0.0000348803 0.0000348329 
0.0003906399 -0.0000349011 0.0000347954 
0.0003906463 -0.0000349218 0.0000347580 
0.0003906528 -0.0000349425 0.0000347208 
0.0003906593 -0.0000349631 0.0000346836 
0.0003906660 -0.0000349836 0.0000346467 
0.0003906726 -0.0000350041 0.0000346098 
0.0003906793 -0.0000350246 0.0000345731 
0.0003906861 -0.0000350452 0.0000345365 
0.0003906930 -0.0000350659 0.0000345000 
0.0003906999 -0.0000350866 0.0000344636 
0.0003907069 -0.0000351074 0.0000344274 
0.0003907140 -0.0000351282 0.0000343913 
0.0003907212 -0.0000351491 0.0000343552 
0.0003907283 -0.0000351702 0.0000343194 
0.0003907356 -0.0000351914 0.0000342836 
0.0003907430 -0.0000352125 0.0000342479 
0.0003907504 -0.0000352337 0.0000342124 
0.0003907580 -0.0000352548 0.0000341769 
0.0003907657 -0.0000352759 0.0000341416 
0.0003907735 -0.0000352969 0.0000341063 
0.0003907814 -0.0000353178 0.0000340711 
0.0003907895 -0.0000353387 0.0000340361 
0.0003907976 -0.0000353596 0.0000340011 
0.0003908059 -0.0000353804 0.0000339663 
0.0003908143 -0.0000354012 0.0000339315 
0.0003908228 -0.0000354220 0.0000338968 
0.0003908313 -0.0000354427 0.0000338623 
0.0003908400 -0.0000354634 0.0000338278 
0.0003908488 -0.0000354841 0.0000337934 
0.0003908576 -0.0000355048 0.0000337591 
0.0003908665 -0.0000355254 0.0000337250 
0.0003908755 -0.0000355461 0.0000336909 
0.0003908846 -0.0000355667 0.0000336569 
0.0003908938 -0.0000355873 0.0000336231 
0.0003909030 -0.0000356079 0.0000335893 
0.0003909123 -0.0000356286 0.0000335557 
0.0003909217 -0.0000356492 0.0000335221 
0.0003909311 -0.0000356698 0.0000334887 
0.0003909406 -0.0000356904 0.0000334553 
0.0003909502 -0.0000357110 0.0000334220 
0.0003909599 -0.0000357315 0.0000333888 
0.0003909696 -0.0000357519 0.0000333557 
0.0003909794 -0.0000357723 0.0000333226 
0.0003909893 -0.0000357927 0.0000332896 
0.0003909994 -0.0000358130 0.0000332567 
0.0003910095 -0.0000358332 0.0000332238 
0.0003910198 -0.0000358534 0.0000331909 
0.0003910303 -0.0000358735 0.0000331581 
0.0003910408 -0.0000358936 0.0000331254 
0.0003910515 -0.0000359136 0.0000330928 
0.0003910624 -0.0000359336 0.0000330601 
0.0003910733 -0.0000359536 0.0000330276 
0.0003910844 -0.0000359735 0.0000329952 
0.0003910956 -0.0000359934 0.0000329628 
0.0003911075 -0.0000360126 0.0000329305 
0.0003911201 -0.0000360311 0.0000328985 
0.0003911332 -0.0000360488 0.0000328668 
0.0003911465 -0.0000360658 0.0000328355 
0.0003911595 -0.0000360825 0.0000328048 
0.0003911722 -0.0000360987 0.0000327746 
0.0003911845 -0.0000361147 0.0000327451 
0.0003911960 -0.0000361301 0.0000327162 
0.0003912068 -0.0000361449 0.0000326878 
0.0003912172 -0.0000361590 0.0000326600 
0.0003912269 -0.0000361725 0.0000326326 
0.0003912362 -0.0000361855 0.0000326056 
0.0003912449 -0.0000361982 0.0000325790 
0.0003912530 -0.0000362104 0.0000325530 
0.0003912604 -0.0000362223 0.0000325273 
0.0003912672 -0.0000362340 0.0000325021 
0.0003912733 -0.0000362454 0.0000324773 
0.0003912788 -0.0000362568 0.0000324530 
0.0003912838 -0.0000362680 0.0000324290 
0.0003912882 -0.0000362791 0.0000324055 
0.0003912921 -0.0000362902 0.0000323823 
0.0003912955 -0.0000363012 0.0000323595 
0.0003912984 -0.0000363122 0.0000323370 
0.0003913010 -0.0000363232 0.0000323149 
0.0003913031 -0.0000363341 0.0000322931 
0.0003913048 -0.0000363451 0.0000322717 
0.0003913061 -0.0000363561 0.0000322505 
0.0003913072 -0.0000363671 0.0000322297 
0.0003913078 -0.0000363781 0.0000322091 
0.0003913082 -0.0000363891 0.0000321889 
0.0003913083 -0.0000364003 0.0000321689 
0.0003913081 -0.0000364115 0.0000321492 
0.0003913076 -0.0000364228 0.0000321298 
0.0003913069 -0.0000364342 0.0000321106 
0.0003913058 -0.0000364457 0.0000320918 
0.0003913044 -0.0000364575 0.0000320733 
0.0003913027 -0.0000364694 0.0000320552 
0.0003913007 -0.0000364815 0.0000320373 
0.0003912986 -0.0000364937 0.0000320197 
0.0003912962 -0.0000365061 0.0000320023 
0.0003912937 -0.0000365185 0.0000319851 
0.0003912911 -0.0000365310 0.0000319682 
0.0003912883 -0.0000365435 0.0000319515 
0.0003912855 -0.0000365561 0.0000319349 
0.0003912825 -0.0000365688 0.0000319186 
0.0003912794 -0.0000365815 0.0000319024 
0.0003912762 -0.0000365943 0.0000318865 
0.0003912728 -0.0000366072 0.0000318707 
0.0003912694 -0.0000366200 0.0000318552 
0.0003912659 -0.0000366330 0.0000318398 
0.0003912622 -0.0000366460 0.0000318246 
0.0003912585 -0.0000366591 0.0000318096 
0.0003912547 -0.0000366722 0.0000317947 
0.0003912508 -0.0000366854 0.0000317801 
0.0003912468 -0.0000366986 0.0000317656 
0.0003912429 -0.0000367119 0.0000317512 
0.0003912389 -0.0000367253 0.0000317370 
0.0003912349 -0.0000367387 0.0000317229 
0.0003912309 -0.0000367522 0.0000317088 
0.0003912269 -0.0000367657 0.0000316949 
0.0003912230 -0.0000367791 0.0000316811 
0.0003912191 -0.0000367927 0.0000316674 
0.0003912152 -0.0000368062 0.0000316538 
0.0003912112 -0.0000368195 0.0000316404 
0.0003912073 -0.0000368328 0.0000316272 
0.0003912034 -0.0000368461 0.0000316141 
0.0003911994 -0.0000368594 0.0000316011 
0.0003911955 -0.0000368727 0.0000315883 
0.0003911915 -0.0000368861 0.0000315757 
0.0003911876 -0.0000368995 0.0000315632 
0.0003911836 -0.0000369130 0.0000315509 
0.0003911796 -0.0000369264 0.0000315388 
0.0003911757 -0.0000369399 0.0000315268 
0.0003911717 -0.0000369535 0.0000315149 
0.0003911677 -0.0000369670 0.0000315033 
0.0003911638 -0.0000369807 0.0000314917 
0.0003911598 -0.0000369943 0.0000314804 
0.0003911558 -0.0000370080 0.0000314691 
0.0003911519 -0.0000370218 0.0000314581 
0.0003911479 -0.0000370356 0.0000314472 
0.0003911440 -0.0000370494 0.0000314364 
0.0003911400 -0.0000370634 0.0000314257 
0.0003911361 -0.0000370773 0.0000314152 
0.0003911323 -0.0000370913 0.0000314048 
0.0003911284 -0.0000371053 0.0000313945 
0.0003911245 -0.0000371193 0.0000313843 
0.0003911207 -0.0000371332 0.0000313742 
0.0003911168 -0.0000371472 0.0000313642 
0.0003911130 -0.0000371611 0.0000313543 
0.0003911092 -0.0000371751 0.0000313445 
0.0003911055 -0.0000371890 0.0000313348 
0.0003911018 -0.0000372030 0.0000313251 
0.0003910981 -0.0000372169 0.0000313156 
0.0003910944 -0.0000372308 0.0000313061 
0.0003910908 -0.0000372447 0.0000312967 
0.0003910872 -0.0000372586 0.0000312873 
0.0003910836 -0.0000372725 0.0000312781 
0.0003910801 -0.0000372864 0.0000312689 
0.0003910766 -0.0000373003 0.0000312597 
0.0003910731 -0.0000373143 0.0000312506 
0.0003910697 -0.0000373282 0.0000312416 
0.0003910663 -0.0000373422 0.0000312327 
0.0003910629 -0.0000373562 0.0000312238 
0.0003910596 -0.0000373702 0.0000312149 
0.0003910564 -0.0000373842 0.0000312060 
0.0003910532 -0.0000373982 0.0000311972 
0.0003910501 -0.0000374122 0.0000311884 
0.0003910471 -0.0000374263 0.0000311796 
0.0003910442 -0.0000374403 0.0000311707 
0.0003910414 -0.0000374544 0.0000311619 
0.0003910386 -0.0000374685 0.0000311531 
0.0003910359 -0.0000374825 0.0000311443 
0.0003910333 -0.0000374966 0.0000311356 
0.0003910308 -0.0000375107 0.0000311268 
0.0003910284 -0.0000375248 0.0000311180 
0.0003910260 -0.0000375390 0.0000311093 
0.0003910237 -0.0000375531 0.0000311006 
0.0003910215 -0.0000375673 0.0000310919 
0.0003910193 -0.0000375815 0.0000310833 
0.0003910172 -0.0000375957 0.0000310746 
0.0003910152 -0.0000376100 0.0000310660 
0.0003910133 -0.0000376243 0.0000310574 
0.0003910114 -0.0000376386 0.0000310488 
0.0003910096 -0.0000376529 0.0000310403 
0.0003910078 -0.0000376673 0.0000310317 
0.0003910062 -0.0000376817 0.0000310232 
0.0003910046 -0.0000376962 0.0000310147 
0.0003910030 -0.0000377106 0.0000310062 
0.0003910016 -0.0000377251 0.0000309977 
0.0003910002 -0.0000377396 0.0000309892 
0.0003909990 -0.0000377542 0.0000309807 
0.0003909978 -0.0000377688 0.0000309722 
0.0003909968 -0.0000377834 0.0000309636 
0.0003909959 -0.0000377980 0.0000309550 
0.0003909951 -0.0000378126 0.0000309464 
0.0003909944 -0.0000378272 0.0000309377 
0.0003909939 -0.0000378419 0.0000309289 
0.0003909935 -0.0000378565 0.0000309201 
0.0003909932 -0.0000378711 0.0000309113 
0.0003909931 -0.0000378858 0.0000309024 
0.0003909930 -0.0000379004 0.0000308935 
0.0003909931 -0.0000379150 0.0000308846 
0.0003909933 -0.0000379297 0.0000308757 
0.0003909936 -0.0000379444 0.0000308667 
0.0003909939 -0.0000379591 0.0000308578 
0.0003909944 -0.0000379738 0.0000308488 
0.0003909950 -0.0000379885 0.0000308399 
0.0003909956 -0.0000380032 0.0000308310 
0.0003909964 -0.0000380180 0.0000308220 
0.0003909972 -0.0000380328 0.0000308131 
0.0003909981 -0.0000380476 0.0000308042 
0.0003909990 -0.0000380625 0.0000307953 
0.0003910000 -0.0000380774 0.0000307865 
0.0003910011 -0.0000380924 0.0000307776 
0.0003910011 -0.0000380924 0.0000307776 
0.0003910011 -0.0000380924 0.0000307776 
0.0003910011 -0.0000380924 0.0000307776 
0.0003910011 -0.0000380924 0.0000307776 
0.0003910011 -0.0000380924 0.0000307776 
0.0003910011 -0.0000380924 0.0000307776 
0.0003910011 -0.0000380924 0.0000307776 
0.0003910011 -0.0000380924 0.0000307776 
0.0003910011 -0.0000380924 0.0000307776 
0.0003910011 -0.0000380924 0.0000307776 
0.0003910011 -0.0000380924 0.0000307776 
0.0003910011 -0.0000380924 0.0000307776 
0.0003910011 -0.0000380924 0.0000307776 
0.0003910011 -0.0000380924 0.0000307776 
0.0003910011 -0.0000380924 0.0000307776 
0.0003910011 -0.0000380924 0.0000307776 
0.0003910011 -0.0000380924 0.0000307776 
0.0003910011 -0.0000380924 0.0000307776 
0.0003910011 -0.0000380924 0.0000307776 
0.0003910011 -0.0000380924 0.0000307776 
0.0003910011 -0.0000380924 0.0000307776 
0.0003910011 -0.0000380924 0.0000307776 
0.0003910011 -0.0000380924 0.0000307776 
0.0003910011 -0.0000380924 0.0000307776 
0.0003910011 -0.0000380924 0.0000307776 
0.0003910011 -0.0000380924 0.0000307776 
0.0003910011 -0.0000380924 0.0000307776 
0.0003910011 -0.0000380924 0.0000307776 
0.0003910011 -0.0000380924 0.0000307776 
0.0003910011 -0.0000380924 0.0000307776 
0.0003910011 -0.0000380924 0.0000307776 
0.0003910011 -0.0000380924 0.0000307776 
0.0003910011 -0.0000380924 0.0000307776 
0.0003910011 -0.0000380924 0.0000307776 
0.0003910011 -0.0000380924 0.0000307776 
0.0003910011 -0.0000380924 0.0000307776 
0.0003910011 -0.0000380924 0.0000307776 
0.0003910011 -0.0000380924 0.0000307776 
0.0003910011 -0.0000380924 0.0000307776 
0.0003910011 -0.0000380924 0.0000307776 
0.0003910011 -0.0000380924 0.0000307776 
0.0003910011 -0.0000380924 0.0000307776 
0.0003910011 -0.0000380924 0.0000307776 
0.0003910011 -0.0000380924 0.0000307776 
0.0003910011 -0.0000380924 0.0000307776 
0.0003910011 -0.0000380924 0.0000307776 
0.0003910011 -0.0000380924 0.0000307776 
0.0003910011 -0.0000380924 0.0000307776 
0.0003910011 -0.0000380924 0.0000307776 
0.0003910011 -0.0000380924 0.0000307776 
0.0003910011 -0.0000380924 0.0000307776 
0.0003910011 -0.0000380924 0.0000307776 
0.0003910011 -0.0000380924 0.0000307776 
0.0003910011 -0.0000380924 0.0000307776 
0.0003910011 -0.0000380924 0.0000307776 
0.0003910011 -0.0000380924 0.0000307776 
0.0003910011 -0.0000380924 0.0000307776 
0.0003910011 -0.0000380924 0.0000307776 
0.0003910011 -0.0000380924 0.0000307776 
0.0003910011 -0.0000380924 0.0000307776 
0.0003910011 -0.0000380924 0.0000307776 
0.0003910011 -0.0000380924 0.0000307776 
0.0003910011 -0.0000380924 0.0000307776 
0.0003910011 -0.0000380924 0.0000307776 
0.0003910011 -0.0000380924 0.0000307776 
0.0003910011 -0.0000380924 0.0000307776 
0.0003910011 -0.0000380924 0.0000307776 
0.0003910011 -0.0000380924 0.0000307776 
0.0003910011 -0.0000380924 0.0000307776 
0.0003910011 -0.0000380924 0.0000307776 
0.0003910011 -0.0000380924 0.0000307776 
0.0003910011 -0.0000380924 0.0000307776 
0.0003910011 -0.0000380924 0.0000307776 
0.0003910011 -0.0000380924 0.0000307776 
0.0003910011 -0.0000380924 0.0000307776 
0.0003910011 -0.0000380924 0.0000307776 
0.0003910011 -0.0000380924 0.0000307776 
0.0003910011 -0.0000380924 0.0000307776 
0.0003910011 -0.0000380924 0.0000307776 
0.0003910011 -0.0000380924 0.0000307776 
0.0003910011 -0.0000380924 0.0000307776 
0.0003910011 -0.0000380924 0.0000307776 
0.0003910011 -0.0000380924 0.0000307776 
0.0003910011 -0.0000380924 0.0000307776 
0.0003910011 -0.0000380924 0.0000307776 
0.0003910011 -0.0000380924 0.0000307776 
0.0003910011 -0.0000380924 0.0000307776 
0.0003910011 -0.0000380924 0.0000307776 
0.0003910011 -0.0000380924 0.0000307776 
0.0003910011 -0.0000380924 0.0000307776 
0.0003910011 -0.0000380924 0.0000307776 
0.0003910011 -0.0000380924 0.0000307776 
0.0003910011 -0.0000380924 0.0000307776 
0.0003910011 -0.0000380924 0.0000307776 
0.0003910011 -0.0000380924 0.0000307776 
0.0003910011 -0.0000380924 0.0000307776 
0.0003910011 -0.0000380924 0.0000307776 
0.0003910011 -0.0000380924 0.0000307776 
0.0003910011 -0.0000380924 0.0000307776 
0.0003910011 -0.0000380924 0.0000307776 
0.0003910011 -0.0000380924 0.0000307776 
0.0003910011 -0.0000380924 0.0000307776 
0.0003910011 -0.0000380924 0.0000307776 
0.0003910011 -0.0000380924 0.0000307776 
0.0003910011 -0.0000380924 0.0000307776 
0.0003910011 -0.0000380924 0.0000307776 
0.0003910011 -0.0000380924 0.0000307776 
0.0003910011 -0.0000380924 0.0000307776 
0.0003910011 -0.0000380924 0.0000307776 
0.0003910011 -0.0000380924 0.0000307776 
0.0003910011 -0.0000380924 0.0000307776 
0.0003910011 -0.0000380924 0.0000307776 
0.0003910011 -0.0000380924 0.0000307776 
0.0003910011 -0.0000380924 0.0000307776 
0.0003910011 -0.0000380924 0.0000307776 
0.0003910011 -0.0000380924 0.0000307776 
0.0003910011 -0.0000380924 0.0000307776 
0.0003910011 -0.0000380924 0.0000307776 
0.0003910011 -0.0000380924 0.0000307776 
0.0003910011 -0.0000380924 0.0000307776 
0.0003910011 -0.0000380924 0.0000307776 
0.0003910011 -0.0000380924 0.0000307776 
0.0003910011 -0.0000380924 0.0000307776 
0.0003910011 -0.0000380924 0.0000307776 
0.0003910011 -0.0000380924 0.0000307776 
0.0003910011 -0.0000380924 0.0000307776 
0.0003910011 -0.0000380924 0.0000307776 
0.0003910011 -0.0000380924 0.0000307776 
0.0003910011 -0.0000380924 0.0000307776 
0.0003910011 -0.0000380924 0.0000307776 
0.0003910011 -0.0000380924 0.0000307776 
0.0003910011 -0.0000380924 0.0000307776 
0.0003910011 -0.0000380924 0.0000307776 
0.0003910011 -0.0000380924 0.0000307776 
0.0003910011 -0.0000380924 0.0000307776 
0.0003910011 -0.0000380924 0.0000307776 
0.0003910011 -0.0000380924 0.0000307776 
0.0003910011 -0.0000380924 0.0000307776 
0.0003910011 -0.0000380924 0.0000307776 
0.0003910011 -0.0000380924 0.0000307776 
0.0003910011 -0.0000380924 0.0000307776 
0.0003910011 -0.0000380924 0.0000307776 
0.0003910011 -0.0000380924 0.0000307776 
0.0003910011 -0.0000380924 0.0000307776 
0.0003910011 -0.0000380924 0.0000307776 
0.0003910011 -0.0000380924 0.0000307776 
0.0003910011 -0.0000380924 0.0000307776 
0.0003910011 -0.0000380924 0.0000307776 
0.0003910011 -0.0000380924 0.0000307776 
0.0003910011 -0.0000380924 0.0000307776 
0.0003910011 -0.0000380924 0.0000307776 
0.0003910011 -0.0000380924 0.0000307776 
0.0003910011 -0.0000380924 0.0000307776 
0.0003910011 -0.0000380924 0.0000307776 
0.0003910011 -0.0000380924 0.0000307776 
0.0003910011 -0.0000380924 0.0000307776 
0.0003910011 -0.0000380924 0.0000307776 
0.0003910011 -0.0000380924 0.0000307776 
0.0003910011 -0.0000380924 0.0000307776 
0.0003910011 -0.0000380924 0.0000307776 
0.0003910011 -0.0000380924 0.0000307776 
0.0003910011 -0.0000380924 0.0000307776 
0.0003910011 -0.0000380924 0.0000307776 
0.0003910011 -0.0000380924 0.0000307776 
0.0003910011 -0.0000380924 0.0000307776 
0.0003910011 -0.0000380924 0.0000307776 
0.0003910011 -0.0000380924 0.0000307776 
0.0003910011 -0.0000380924 0.0000307776 
0.0003910011 -0.0000380924 0.0000307776 
0.0003910011 -0.0000380924 0.0000307776 
0.0003910011 -0.0000380924 0.0000307776 
0.0003910011 -0.0000380924 0.0000307776 
0.0003910011 -0.0000380924 0.0000307776 
0.0003910011 -0.0000380924 0.0000307776 
0.0003910011 -0.0000380924 0.0000307776 
0.0003910011 -0.0000380924 0.0000307776 
0.0003910011 -0.0000380924 0.0000307776 
0.0003910011 -0.0000380924 0.0000307776 
0.0003910011 -0.0000380924 0.0000307776 
0.0003910011 -0.0000380924 0.0000307776 
0.0003910011 -0.0000380924 0.0000307776 
0.0003910011 -0.0000380924 0.0000307776 
0.0003910011 -0.0000380924 0.0000307776 
0.0003910011 -0.0000380924 0.0000307776 
0.0003910011 -0.0000380924 0.0000307776 
0.0003910011 -0.0000380924 0.0000307776 
0.0003910011 -0.0000380924 0.0000307776 
0.0003910011 -0.0000380924 0.0000307776 
0.0003910011 -0.0000380924 0.0000307776 
0.0003910011 -0.0000380924 0.0000307776 
0.0003910011 -0.0000380924 0.0000307776 
0.0003910011 -0.0000380924 0.0000307776 
0.0003910011 -0.0000380924 0.0000307776 
0.0003910011 -0.0000380924 0.0000307776 
0.0003910011 -0.0000380924 0.0000307776 
0.0003910011 -0.0000380924 0.0000307776 
0.0003910011 -0.0000380924 0.0000307776 
0.0003910011 -0.0000380924 0.0000307776 
0.0003910011 -0.0000380924 0.0000307776 
0.0003910011 -0.0000380924 0.0000307776 
0.0003910011 -0.0000380924 0.0000307776 
0.0003910011 -0.0000380924 0.0000307776 
0.0003910011 -0.0000380924 0.0000307776 
0.0003910011 -0.0000380924 0.0000307776 
0.0003910011 -0.0000380924 0.0000307776 
0.0003910011 -0.0000380924 0.0000307776 
0.0003910011 -0.0000380924 0.0000307776 
0.0003910011 -0.0000380924 0.0000307776 
0.0003910011 -0.0000380924 0.0000307776 
0.0003910011 -0.0000380924 0.0000307776 
0.0003910011 -0.0000380924 0.0000307776 
0.0003910011 -0.0000380924 0.0000307776 
0.0003910011 -0.0000380924 0.0000307776 
0.0003910011 -0.0000380924 0.0000307776 
0.0003910011 -0.0000380924 0.0000307776 
0.0003910011 -0.0000380924 0.0000307776 
0.0003910011 -0.0000380924 0.0000307776 
0.0003910011 -0.0000380924 0.0000307776 
0.0003910011 -0.0000380924 0.0000307776 
0.0003910011 -0.0000380924 0.0000307776 
0.0003910011 -0.0000380924 0.0000307776 
0.0003910011 -0.0000380924 0.0000307776 
0.0003910011 -0.0000380924 0.0000307776 
0.0003910011 -0.0000380924 0.0000307776 
0.0003910011 -0.0000380924 0.0000307776 
0.0003910011 -0.0000380924 0.0000307776 
0.0003910011 -0.0000380924 0.0000307776 
0.0003910011 -0.0000380924 0.0000307776 
0.0003910011 -0.0000380924 0.0000307776 
0.0003910011 -0.0000380924 0.0000307776 
0.0003910011 -0.0000380924 0.0000307776 
0.0003910011 -0.0000380924 0.0000307776 
0.0003910011 -0.0000380924 0.0000307776 
0.0003910011 -0.0000380924 0.0000307776 
0.0003910011 -0.0000380924 0.0000307776 
0.0003910011 -0.0000380924 0.0000307776 
0.0003910011 -0.0000380924 0.0000307776 
0.0003910011 -0.0000380924 0.0000307776 
0.0003910011 -0.0000380924 0.0000307776 
0.0003910011 -0.0000380924 0.0000307776 
0.0003910011 -0.0000380924 0.0000307776 
0.0003910011 -0.0000380924 0.0000307776 
0.0003910011 -0.0000380924 0.0000307776 
0.0003910011 -0.0000380924 0.0000307776 
0.0003910011 -0.0000380924 0.0000307776 
0.0003910011 -0.0000380924 0.0000307776 
0.0003910011 -0.0000380924 0.0000307776 
0.0003910011 -0.0000380924 0.0000307776 
0.0003910011 -0.0000380924 0.0000307776 
0.0003910011 -0.0000380924 0.0000307776 
0.0003910011 -0.0000380924 0.0000307776 
0.0003910011 -0.0000380924 0.0000307776 
0.0003910011 -0.0000380924 0.0000307776 
0.0003910011 -0.0000380924 0.0000307776 
0.0003910011 -0.0000380924 0.0000307776 
0.0003910011 -0.0000380924 0.0000307776 
0.0003910011 -0.0000380924 0.0000307776 
0.0003910011 -0.0000380924 0.0000307776 
0.0003910011 -0.0000380924 0.0000307776 
