0.0000012242 0.0000002621 0.0000003938 
0.0000013554 0.0000002720 0.0000004771 
0.0000014836 0.0000002814 0.0000005576 
0.0000016088 0.0000002907 0.0000006347 
0.0000017315 0.0000003004 0.0000007085 
0.0000018512 0.0000003105 0.0000007791 
0.0000019680 0.0000003207 0.0000008467 
0.0000020817 0.0000003310 0.0000009114 
0.0000021927 0.0000003412 0.0000009735 
0.0000023019 0.0000003507 0.0000010331 
0.0000024090 0.0000003599 0.0000010903 
0.0000025136 0.0000003687 0.0000011454 
0.0000026159 0.0000003772 0.0000011983 
0.0000027158 0.0000003854 0.0000012492 
0.0000028134 0.0000003934 0.0000012982 
0.0000029085 0.0000004010 0.0000013452 
0.0000030009 0.0000004083 0.0000013902 
0.0000030905 0.0000004152 0.0000014333 
0.0000031773 0.0000004218 0.0000014746 
0.0000032611 0.0000004280 0.0000015143 
0.0000033419 0.0000004339 0.0000015524 
0.0000034198 0.0000004396 0.0000015892 
0.0000034956 0.0000004450 0.0000016247 
0.0000035696 0.0000004498 0.0000016591 
0.0000036418 0.0000004543 0.0000016924 
0.0000037125 0.0000004583 0.0000017248 
0.0000037815 0.0000004620 0.0000017564 
0.0000038486 0.0000004653 0.0000017873 
0.0000039140 0.0000004680 0.0000018174 
0.0000039770 0.0000004700 0.0000018467 
0.0000040376 0.0000004715 0.0000018755 
0.0000040955 0.0000004724 0.0000019037 
0.0000041504 0.0000004728 0.0000019315 
0.0000042026 0.0000004728 0.0000019590 
0.0000042522 0.0000004723 0.0000019864 
0.0000042993 0.0000004716 0.0000020136 
0.0000043444 0.0000004705 0.0000020407 
0.0000043873 0.0000004691 0.0000020679 
0.0000044281 0.0000004676 0.0000020951 
0.0000044669 0.0000004659 0.0000021223 
0.0000045037 0.0000004641 0.0000021496 
0.0000045386 0.0000004622 0.0000021771 
0.0000045715 0.0000004603 0.0000022046 
0.0000046026 0.0000004583 0.0000022323 
0.0000046320 0.0000004566 0.0000022603 
0.0000046596 0.0000004550 0.0000022887 
0.0000046855 0.0000004536 0.0000023173 
0.0000047097 0.0000004525 0.0000023463 
0.0000047324 0.0000004517 0.0000023758 
0.0000047535 0.0000004512 0.0000024057 
0.0000047731 0.0000004511 0.0000024359 
0.0000047912 0.0000004514 0.0000024666 
0.0000048080 0.0000004521 0.0000024978 
0.0000048235 0.0000004530 0.0000025294 
0.0000048380 0.0000004545 0.0000025616 
0.0000048514 0.0000004564 0.0000025945 
0.0000048637 0.0000004587 0.0000026278 
0.0000048747 0.0000004615 0.0000026616 
0.0000048847 0.0000004648 0.0000026960 
0.0000048935 0.0000004686 0.0000027308 
0.0000049014 0.0000004729 0.0000027664 
0.0000049088 0.0000004777 0.0000028029 
0.0000049157 0.0000004831 0.0000028402 
0.0000049221 0.0000004890 0.0000028782 
0.0000049279 0.0000004953 0.0000029168 
0.0000049332 0.0000005021 0.0000029559 
0.0000049381 0.0000005094 0.0000029956 
0.0000049424 0.0000005170 0.0000030359 
0.0000049466 0.0000005250 0.0000030767 
0.0000049505 0.0000005333 0.0000031179 
0.0000049550 0.0000005417 0.0000031594 
0.0000049599 0.0000005501 0.0000032011 
0.0000049651 0.0000005588 0.0000032431 
0.0000049700 0.0000005674 0.0000032850 
0.0000049752 0.0000005761 0.0000033274 
0.0000049804 0.0000005850 0.0000033701 
0.0000049854 0.0000005939 0.0000034129 
0.0000049896 0.0000006028 0.0000034554 
0.0000049933 0.0000006116 0.0000034974 
0.0000049964 0.0000006202 0.0000035389 
0.0000049992 0.0000006287 0.0000035797 
0.0000050020 0.0000006370 0.0000036203 
0.0000050046 0.0000006454 0.0000036606 
0.0000050072 0.0000006538 0.0000037009 
0.0000050103 0.0000006623 0.0000037413 
0.0000050137 0.0000006709 0.0000037816 
0.0000050173 0.0000006796 0.0000038219 
0.0000050212 0.0000006883 0.0000038619 
0.0000050255 0.0000006971 0.0000039017 
0.0000050302 0.0000007060 0.0000039412 
0.0000050350 0.0000007149 0.0000039803 
0.0000050399 0.0000007242 0.0000040191 
0.0000050451 0.0000007337 0.0000040577 
0.0000050502 0.0000007436 0.0000040960 
0.0000050555 0.0000007539 0.0000041342 
0.0000050610 0.0000007645 0.0000041721 
0.0000050665 0.0000007755 0.0000042098 
0.0000050720 0.0000007870 0.0000042473 
0.0000050775 0.0000007988 0.0000042845 
0.0000050831 0.0000008111 0.0000043214 
0.0000050887 0.0000008237 0.0000043581 
0.0000050944 0.0000008368 0.0000043944 
0.0000051001 0.0000008503 0.0000044305 
0.0000051060 0.0000008641 0.0000044664 
0.0000051119 0.0000008783 0.0000045019 
0.0000051180 0.0000008929 0.0000045371 
0.0000051241 0.0000009078 0.0000045719 
0.0000051302 0.0000009226 0.0000046061 
0.0000051362 0.0000009373 0.0000046396 
0.0000051423 0.0000009519 0.0000046725 
0.0000051484 0.0000009663 0.0000047048 
0.0000051545 0.0000009806 0.0000047366 
0.0000051607 0.0000009949 0.0000047678 
0.0000051669 0.0000010092 0.0000047985 
0.0000051733 0.0000010235 0.0000048287 
0.0000051798 0.0000010379 0.0000048585 
0.0000051864 0.0000010523 0.0000048877 
0.0000051931 0.0000010669 0.0000049165 
0.0000052000 0.0000010816 0.0000049449 
0.0000052070 0.0000010964 0.0000049728 
0.0000052141 0.0000011113 0.0000050002 
0.0000052213 0.0000011264 0.0000050272 
0.0000052287 0.0000011416 0.0000050537 
0.0000052361 0.0000011570 0.0000050797 
0.0000052436 0.0000011724 0.0000051052 
0.0000052512 0.0000011880 0.0000051301 
0.0000052588 0.0000012037 0.0000051546 
0.0000052666 0.0000012199 0.0000051789 
0.0000052745 0.0000012363 0.0000052028 
0.0000052825 0.0000012530 0.0000052262 
0.0000052904 0.0000012698 0.0000052491 
0.0000052983 0.0000012867 0.0000052713 
0.0000053060 0.0000013035 0.0000052929 
0.0000053137 0.0000013202 0.0000053137 
0.0000053212 0.0000013369 0.0000053338 
0.0000053286 0.0000013535 0.0000053530 
0.0000053359 0.0000013699 0.0000053715 
0.0000053429 0.0000013861 0.0000053892 
0.0000053499 0.0000014020 0.0000054060 
0.0000053567 0.0000014175 0.0000054219 
0.0000053632 0.0000014322 0.0000054366 
0.0000053696 0.0000014466 0.0000054504 
0.0000053759 0.0000014606 0.0000054637 
0.0000053822 0.0000014744 0.0000054764 
0.0000053883 0.0000014880 0.0000054887 
0.0000053943 0.0000015013 0.0000055005 
0.0000054000 0.0000015143 0.0000055118 
0.0000054054 0.0000015270 0.0000055225 
0.0000054104 0.0000015393 0.0000055324 
0.0000054148 0.0000015513 0.0000055414 
0.0000054189 0.0000015629 0.0000055496 
0.0000054226 0.0000015741 0.0000055569 
0.0000054258 0.0000015849 0.0000055633 
0.0000054287 0.0000015951 0.0000055689 
0.0000054311 0.0000016047 0.0000055736 
0.0000054332 0.0000016137 0.0000055777 
0.0000054350 0.0000016223 0.0000055812 
0.0000054365 0.0000016304 0.0000055842 
0.0000054379 0.0000016380 0.0000055867 
0.0000054390 0.0000016453 0.0000055888 
0.0000054399 0.0000016522 0.0000055905 
0.0000054407 0.0000016588 0.0000055919 
0.0000054414 0.0000016650 0.0000055931 
0.0000054419 0.0000016710 0.0000055940 
0.0000054424 0.0000016766 0.0000055947 
0.0000054427 0.0000016820 0.0000055951 
0.0000054429 0.0000016871 0.0000055955 
0.0000054430 0.0000016919 0.0000055957 
0.0000054433 0.0000016964 0.0000055960 
0.0000054436 0.0000017007 0.0000055962 
0.0000054437 0.0000017048 0.0000055965 
0.0000054438 0.0000017089 0.0000055969 
0.0000054436 0.0000017128 0.0000055972 
0.0000054431 0.0000017167 0.0000055976 
0.0000054424 0.0000017205 0.0000055979 
0.0000054416 0.0000017242 0.0000055985 
0.0000054414 0.0000017282 0.0000055999 
0.0000054413 0.0000017321 0.0000056019 
0.0000054415 0.0000017357 0.0000056046 
0.0000054421 0.0000017390 0.0000056082 
0.0000054430 0.0000017420 0.0000056126 
0.0000054441 0.0000017450 0.0000056179 
0.0000054455 0.0000017480 0.0000056239 
0.0000054469 0.0000017512 0.0000056305 
0.0000054484 0.0000017548 0.0000056375 
0.0000054499 0.0000017586 0.0000056449 
0.0000054513 0.0000017629 0.0000056527 
0.0000054523 0.0000017674 0.0000056606 
0.0000054535 0.0000017724 0.0000056687 
0.0000054548 0.0000017774 0.0000056764 
0.0000054563 0.0000017823 0.0000056829 
0.0000054579 0.0000017868 0.0000056878 
