0.0000055807 0.0000000629 0.0000053218 
0.0000056469 0.0000000962 0.0000051533 
0.0000057099 0.0000001267 0.0000049989 
0.0000057699 0.0000001551 0.0000048554 
0.0000058276 0.0000001817 0.0000047214 
0.0000058822 0.0000002067 0.0000045948 
0.0000059334 0.0000002304 0.0000044744 
0.0000059816 0.0000002531 0.0000043594 
0.0000060270 0.0000002748 0.0000042493 
0.0000060701 0.0000002957 0.0000041437 
0.0000061111 0.0000003157 0.0000040422 
0.0000061500 0.0000003351 0.0000039448 
0.0000061871 0.0000003539 0.0000038510 
0.0000062224 0.0000003722 0.0000037608 
0.0000062559 0.0000003900 0.0000036739 
0.0000062878 0.0000004073 0.0000035901 
0.0000063178 0.0000004241 0.0000035091 
0.0000063461 0.0000004403 0.0000034307 
0.0000063725 0.0000004559 0.0000033549 
0.0000063972 0.0000004710 0.0000032816 
0.0000064201 0.0000004856 0.0000032110 
0.0000064401 0.0000004998 0.0000031432 
0.0000064585 0.0000005134 0.0000030780 
0.0000064758 0.0000005264 0.0000030153 
0.0000064922 0.0000005388 0.0000029554 
0.0000065080 0.0000005506 0.0000028983 
0.0000065230 0.0000005618 0.0000028439 
0.0000065370 0.0000005723 0.0000027922 
0.0000065500 0.0000005819 0.0000027431 
0.0000065615 0.0000005907 0.0000026965 
0.0000065714 0.0000005987 0.0000026524 
0.0000065795 0.0000006060 0.0000026110 
0.0000065856 0.0000006126 0.0000025720 
0.0000065902 0.0000006186 0.0000025358 
0.0000065935 0.0000006241 0.0000025023 
0.0000065954 0.0000006291 0.0000024713 
0.0000065962 0.0000006337 0.0000024430 
0.0000065959 0.0000006378 0.0000024174 
0.0000065947 0.0000006416 0.0000023942 
0.0000065926 0.0000006450 0.0000023735 
0.0000065896 0.0000006481 0.0000023553 
0.0000065856 0.0000006510 0.0000023394 
0.0000065806 0.0000006538 0.0000023259 
0.0000065746 0.0000006564 0.0000023148 
0.0000065677 0.0000006591 0.0000023060 
0.0000065598 0.0000006618 0.0000022995 
0.0000065509 0.0000006646 0.0000022953 
0.0000065410 0.0000006676 0.0000022932 
0.0000065301 0.0000006708 0.0000022934 
0.0000065183 0.0000006742 0.0000022956 
0.0000065056 0.0000006779 0.0000022999 
0.0000064920 0.0000006819 0.0000023062 
0.0000064776 0.0000006861 0.0000023145 
0.0000064624 0.0000006906 0.0000023246 
0.0000064466 0.0000006954 0.0000023367 
0.0000064302 0.0000007005 0.0000023507 
0.0000064130 0.0000007060 0.0000023663 
0.0000063950 0.0000007118 0.0000023834 
0.0000063763 0.0000007180 0.0000024022 
0.0000063568 0.0000007245 0.0000024225 
0.0000063367 0.0000007314 0.0000024444 
0.0000063165 0.0000007387 0.0000024682 
0.0000062962 0.0000007465 0.0000024936 
0.0000062755 0.0000007545 0.0000025206 
0.0000062546 0.0000007630 0.0000025489 
0.0000062336 0.0000007717 0.0000025785 
0.0000062124 0.0000007808 0.0000026095 
0.0000061911 0.0000007901 0.0000026418 
0.0000061698 0.0000007996 0.0000026753 
0.0000061488 0.0000008093 0.0000027099 
0.0000061289 0.0000008189 0.0000027453 
0.0000061100 0.0000008284 0.0000027816 
0.0000060919 0.0000008378 0.0000028187 
0.0000060740 0.0000008471 0.0000028563 
0.0000060569 0.0000008564 0.0000028947 
0.0000060402 0.0000008655 0.0000029338 
0.0000060238 0.0000008746 0.0000029735 
0.0000060073 0.0000008835 0.0000030133 
0.0000059906 0.0000008922 0.0000030530 
0.0000059739 0.0000009004 0.0000030923 
0.0000059576 0.0000009083 0.0000031314 
0.0000059416 0.0000009161 0.0000031706 
0.0000059261 0.0000009237 0.0000032100 
0.0000059112 0.0000009312 0.0000032495 
0.0000058971 0.0000009386 0.0000032894 
0.0000058839 0.0000009460 0.0000033296 
0.0000058713 0.0000009534 0.0000033698 
0.0000058595 0.0000009607 0.0000034101 
0.0000058485 0.0000009679 0.0000034503 
0.0000058383 0.0000009751 0.0000034904 
0.0000058287 0.0000009822 0.0000035303 
0.0000058197 0.0000009895 0.0000035700 
0.0000058113 0.0000009970 0.0000036097 
0.0000058034 0.0000010047 0.0000036494 
0.0000057960 0.0000010126 0.0000036889 
0.0000057891 0.0000010209 0.0000037284 
0.0000057827 0.0000010294 0.0000037678 
0.0000057767 0.0000010382 0.0000038071 
0.0000057710 0.0000010473 0.0000038463 
0.0000057657 0.0000010568 0.0000038853 
0.0000057607 0.0000010666 0.0000039241 
0.0000057561 0.0000010767 0.0000039627 
0.0000057519 0.0000010872 0.0000040012 
0.0000057480 0.0000010980 0.0000040395 
0.0000057445 0.0000011091 0.0000040775 
0.0000057414 0.0000011205 0.0000041153 
0.0000057386 0.0000011322 0.0000041529 
0.0000057360 0.0000011438 0.0000041898 
0.0000057336 0.0000011552 0.0000042261 
0.0000057314 0.0000011664 0.0000042618 
0.0000057294 0.0000011775 0.0000042970 
0.0000057276 0.0000011884 0.0000043317 
0.0000057261 0.0000011992 0.0000043659 
0.0000057249 0.0000012100 0.0000043996 
0.0000057240 0.0000012208 0.0000044328 
0.0000057233 0.0000012317 0.0000044655 
0.0000057229 0.0000012426 0.0000044979 
0.0000057228 0.0000012535 0.0000045297 
0.0000057230 0.0000012646 0.0000045611 
0.0000057234 0.0000012757 0.0000045921 
0.0000057241 0.0000012869 0.0000046227 
0.0000057251 0.0000012982 0.0000046528 
0.0000057263 0.0000013097 0.0000046824 
0.0000057278 0.0000013213 0.0000047116 
0.0000057294 0.0000013329 0.0000047402 
0.0000057312 0.0000013446 0.0000047683 
0.0000057332 0.0000013566 0.0000047959 
0.0000057355 0.0000013688 0.0000048233 
0.0000057380 0.0000013815 0.0000048504 
0.0000057407 0.0000013944 0.0000048771 
0.0000057435 0.0000014073 0.0000049032 
0.0000057464 0.0000014204 0.0000049287 
0.0000057492 0.0000014334 0.0000049535 
0.0000057521 0.0000014464 0.0000049776 
0.0000057549 0.0000014593 0.0000050010 
0.0000057577 0.0000014722 0.0000050235 
0.0000057604 0.0000014848 0.0000050453 
0.0000057632 0.0000014973 0.0000050663 
0.0000057658 0.0000015095 0.0000050865 
0.0000057684 0.0000015213 0.0000051057 
0.0000057707 0.0000015324 0.0000051236 
0.0000057730 0.0000015431 0.0000051407 
0.0000057754 0.0000015535 0.0000051572 
0.0000057777 0.0000015637 0.0000051732 
0.0000057800 0.0000015736 0.0000051886 
0.0000057821 0.0000015833 0.0000052036 
0.0000057842 0.0000015926 0.0000052180 
0.0000057859 0.0000016017 0.0000052317 
0.0000057873 0.0000016105 0.0000052446 
0.0000057883 0.0000016189 0.0000052567 
0.0000057890 0.0000016269 0.0000052679 
0.0000057894 0.0000016345 0.0000052783 
0.0000057894 0.0000016417 0.0000052877 
0.0000057891 0.0000016483 0.0000052963 
0.0000057885 0.0000016544 0.0000053042 
0.0000057877 0.0000016600 0.0000053113 
0.0000057866 0.0000016651 0.0000053179 
0.0000057853 0.0000016697 0.0000053239 
0.0000057839 0.0000016740 0.0000053294 
0.0000057823 0.0000016778 0.0000053345 
0.0000057807 0.0000016813 0.0000053393 
0.0000057789 0.0000016845 0.0000053437 
0.0000057770 0.0000016874 0.0000053478 
0.0000057751 0.0000016900 0.0000053517 
0.0000057731 0.0000016923 0.0000053553 
0.0000057711 0.0000016944 0.0000053588 
0.0000057690 0.0000016962 0.0000053620 
0.0000057668 0.0000016977 0.0000053651 
0.0000057649 0.0000016990 0.0000053682 
0.0000057629 0.0000017000 0.0000053712 
0.0000057610 0.0000017008 0.0000053743 
0.0000057589 0.0000017016 0.0000053774 
0.0000057566 0.0000017023 0.0000053805 
0.0000057541 0.0000017029 0.0000053835 
0.0000057514 0.0000017035 0.0000053865 
0.0000057487 0.0000017041 0.0000053898 
0.0000057465 0.0000017049 0.0000053939 
0.0000057446 0.0000017057 0.0000053985 
0.0000057429 0.0000017063 0.0000054037 
0.0000057416 0.0000017066 0.0000054097 
0.0000057406 0.0000017068 0.0000054166 
0.0000057399 0.0000017070 0.0000054242 
0.0000057394 0.0000017074 0.0000054324 
0.0000057390 0.0000017081 0.0000054411 
0.0000057387 0.0000017091 0.0000054503 
0.0000057383 0.0000017106 0.0000054597 
0.0000057380 0.0000017125 0.0000054695 
0.0000057372 0.0000017148 0.0000054793 
0.0000057365 0.0000017175 0.0000054892 
0.0000057361 0.0000017204 0.0000054986 
0.0000057358 0.0000017232 0.0000055068 
0.0000057356 0.0000017257 0.0000055133 
