0.0000007794 0.0000000290 0.0000008018 
0.0000009371 0.0000000665 0.0000007842 
0.0000010892 0.0000001006 0.0000007745 
0.0000012353 0.0000001321 0.0000007708 
0.0000013759 0.0000001615 0.0000007723 
0.0000015106 0.0000001888 0.0000007780 
0.0000016395 0.0000002144 0.0000007872 
0.0000017630 0.0000002384 0.0000007995 
0.0000018816 0.0000002609 0.0000008145 
0.0000019964 0.0000002817 0.0000008318 
0.0000021075 0.0000003012 0.0000008512 
0.0000022149 0.0000003194 0.0000008725 
0.0000023187 0.0000003366 0.0000008955 
0.0000024193 0.0000003529 0.0000009198 
0.0000025167 0.0000003682 0.0000009452 
0.0000026109 0.0000003827 0.0000009715 
0.0000027019 0.0000003962 0.0000009983 
0.0000027896 0.0000004089 0.0000010255 
0.0000028740 0.0000004207 0.0000010530 
0.0000029551 0.0000004319 0.0000010807 
0.0000030331 0.0000004423 0.0000011087 
0.0000031075 0.0000004522 0.0000011370 
0.0000031796 0.0000004614 0.0000011657 
0.0000032497 0.0000004698 0.0000011945 
0.0000033179 0.0000004775 0.0000012237 
0.0000033846 0.0000004846 0.0000012533 
0.0000034496 0.0000004911 0.0000012833 
0.0000035126 0.0000004968 0.0000013135 
0.0000035738 0.0000005016 0.0000013440 
0.0000036326 0.0000005057 0.0000013746 
0.0000036890 0.0000005089 0.0000014055 
0.0000037428 0.0000005115 0.0000014366 
0.0000037937 0.0000005134 0.0000014679 
0.0000038420 0.0000005148 0.0000014997 
0.0000038880 0.0000005157 0.0000015318 
0.0000039317 0.0000005162 0.0000015643 
0.0000039735 0.0000005164 0.0000015972 
0.0000040135 0.0000005163 0.0000016305 
0.0000040516 0.0000005159 0.0000016642 
0.0000040880 0.0000005152 0.0000016982 
0.0000041228 0.0000005144 0.0000017327 
0.0000041560 0.0000005136 0.0000017674 
0.0000041875 0.0000005125 0.0000018025 
0.0000042174 0.0000005115 0.0000018378 
0.0000042458 0.0000005106 0.0000018737 
0.0000042727 0.0000005098 0.0000019099 
0.0000042981 0.0000005092 0.0000019466 
0.0000043218 0.0000005089 0.0000019837 
0.0000043442 0.0000005088 0.0000020212 
0.0000043651 0.0000005090 0.0000020593 
0.0000043846 0.0000005096 0.0000020977 
0.0000044028 0.0000005106 0.0000021366 
0.0000044197 0.0000005119 0.0000021760 
0.0000044354 0.0000005136 0.0000022157 
0.0000044500 0.0000005157 0.0000022561 
0.0000044637 0.0000005182 0.0000022972 
0.0000044763 0.0000005213 0.0000023387 
0.0000044877 0.0000005248 0.0000023807 
0.0000044980 0.0000005287 0.0000024232 
0.0000045073 0.0000005332 0.0000024663 
0.0000045156 0.0000005382 0.0000025100 
0.0000045235 0.0000005438 0.0000025546 
0.0000045310 0.0000005499 0.0000026000 
0.0000045379 0.0000005565 0.0000026460 
0.0000045444 0.0000005636 0.0000026925 
0.0000045503 0.0000005712 0.0000027396 
0.0000045559 0.0000005792 0.0000027871 
0.0000045610 0.0000005875 0.0000028351 
0.0000045658 0.0000005963 0.0000028835 
0.0000045705 0.0000006053 0.0000029323 
0.0000045758 0.0000006144 0.0000029812 
0.0000045815 0.0000006236 0.0000030301 
0.0000045876 0.0000006329 0.0000030793 
0.0000045936 0.0000006422 0.0000031282 
0.0000045999 0.0000006516 0.0000031774 
0.0000046063 0.0000006611 0.0000032269 
0.0000046127 0.0000006707 0.0000032763 
0.0000046184 0.0000006803 0.0000033254 
0.0000046237 0.0000006898 0.0000033738 
0.0000046285 0.0000006990 0.0000034215 
0.0000046333 0.0000007082 0.0000034686 
0.0000046381 0.0000007173 0.0000035155 
0.0000046430 0.0000007265 0.0000035621 
0.0000046479 0.0000007357 0.0000036086 
0.0000046534 0.0000007451 0.0000036552 
0.0000046593 0.0000007546 0.0000037017 
0.0000046654 0.0000007643 0.0000037479 
0.0000046719 0.0000007741 0.0000037939 
0.0000046787 0.0000007839 0.0000038395 
0.0000046860 0.0000007938 0.0000038847 
0.0000046934 0.0000008038 0.0000039294 
0.0000047010 0.0000008142 0.0000039737 
0.0000047088 0.0000008248 0.0000040177 
0.0000047167 0.0000008359 0.0000040613 
0.0000047247 0.0000008472 0.0000041045 
0.0000047329 0.0000008590 0.0000041475 
0.0000047412 0.0000008712 0.0000041900 
0.0000047495 0.0000008838 0.0000042322 
0.0000047579 0.0000008967 0.0000042739 
0.0000047663 0.0000009101 0.0000043153 
0.0000047746 0.0000009238 0.0000043562 
0.0000047831 0.0000009380 0.0000043967 
0.0000047917 0.0000009526 0.0000044368 
0.0000048003 0.0000009675 0.0000044764 
0.0000048090 0.0000009828 0.0000045156 
0.0000048177 0.0000009984 0.0000045544 
0.0000048266 0.0000010144 0.0000045927 
0.0000048353 0.0000010303 0.0000046301 
0.0000048441 0.0000010461 0.0000046668 
0.0000048528 0.0000010618 0.0000047028 
0.0000048614 0.0000010773 0.0000047381 
0.0000048701 0.0000010928 0.0000047727 
0.0000048789 0.0000011082 0.0000048067 
0.0000048877 0.0000011236 0.0000048401 
0.0000048967 0.0000011391 0.0000048730 
0.0000049057 0.0000011546 0.0000049052 
0.0000049148 0.0000011703 0.0000049369 
0.0000049240 0.0000011860 0.0000049681 
0.0000049333 0.0000012019 0.0000049987 
0.0000049427 0.0000012179 0.0000050288 
0.0000049522 0.0000012340 0.0000050584 
0.0000049618 0.0000012503 0.0000050874 
0.0000049715 0.0000012668 0.0000051159 
0.0000049813 0.0000012833 0.0000051438 
0.0000049911 0.0000013000 0.0000051712 
0.0000050009 0.0000013168 0.0000051978 
0.0000050108 0.0000013338 0.0000052240 
0.0000050208 0.0000013512 0.0000052499 
0.0000050309 0.0000013689 0.0000052753 
0.0000050410 0.0000013868 0.0000053002 
0.0000050511 0.0000014048 0.0000053244 
0.0000050610 0.0000014228 0.0000053479 
0.0000050708 0.0000014407 0.0000053707 
0.0000050804 0.0000014586 0.0000053926 
0.0000050899 0.0000014764 0.0000054136 
0.0000050992 0.0000014940 0.0000054338 
0.0000051083 0.0000015114 0.0000054531 
0.0000051173 0.0000015287 0.0000054716 
0.0000051261 0.0000015456 0.0000054891 
0.0000051348 0.0000015621 0.0000055057 
0.0000051431 0.0000015778 0.0000055210 
0.0000051514 0.0000015932 0.0000055355 
0.0000051595 0.0000016083 0.0000055494 
0.0000051677 0.0000016232 0.0000055629 
0.0000051757 0.0000016379 0.0000055758 
0.0000051835 0.0000016522 0.0000055882 
0.0000051910 0.0000016664 0.0000056001 
0.0000051982 0.0000016802 0.0000056114 
0.0000052050 0.0000016937 0.0000056219 
0.0000052112 0.0000017068 0.0000056315 
0.0000052171 0.0000017196 0.0000056402 
0.0000052224 0.0000017319 0.0000056480 
0.0000052273 0.0000017438 0.0000056548 
0.0000052317 0.0000017551 0.0000056606 
0.0000052357 0.0000017659 0.0000056657 
0.0000052394 0.0000017760 0.0000056700 
0.0000052426 0.0000017857 0.0000056736 
0.0000052457 0.0000017949 0.0000056767 
0.0000052484 0.0000018036 0.0000056793 
0.0000052510 0.0000018120 0.0000056815 
0.0000052533 0.0000018200 0.0000056833 
0.0000052555 0.0000018276 0.0000056847 
0.0000052575 0.0000018349 0.0000056859 
0.0000052593 0.0000018418 0.0000056867 
0.0000052610 0.0000018485 0.0000056874 
0.0000052626 0.0000018549 0.0000056878 
0.0000052641 0.0000018610 0.0000056880 
0.0000052655 0.0000018668 0.0000056881 
0.0000052670 0.0000018725 0.0000056883 
0.0000052685 0.0000018778 0.0000056885 
0.0000052700 0.0000018830 0.0000056888 
0.0000052713 0.0000018882 0.0000056891 
0.0000052723 0.0000018932 0.0000056894 
0.0000052730 0.0000018981 0.0000056896 
0.0000052736 0.0000019030 0.0000056899 
0.0000052740 0.0000019078 0.0000056903 
0.0000052749 0.0000019128 0.0000056915 
0.0000052759 0.0000019177 0.0000056933 
0.0000052773 0.0000019223 0.0000056957 
0.0000052789 0.0000019265 0.0000056990 
0.0000052809 0.0000019303 0.0000057033 
0.0000052831 0.0000019341 0.0000057083 
0.0000052855 0.0000019378 0.0000057141 
0.0000052880 0.0000019417 0.0000057205 
0.0000052905 0.0000019458 0.0000057273 
0.0000052930 0.0000019502 0.0000057345 
0.0000052955 0.0000019549 0.0000057420 
0.0000052976 0.0000019599 0.0000057497 
0.0000052998 0.0000019653 0.0000057576 
0.0000053021 0.0000019707 0.0000057652 
0.0000053047 0.0000019759 0.0000057715 
0.0000053073 0.0000019807 0.0000057762 
