0.0000028341 0.0000032713 0.0000051842 
0.0000029693 0.0000031758 0.0000048990 
0.0000030936 0.0000030921 0.0000046423 
0.0000032083 0.0000030187 0.0000044081 
0.0000033159 0.0000029550 0.0000041912 
0.0000034166 0.0000028995 0.0000039881 
0.0000035110 0.0000028506 0.0000037966 
0.0000035996 0.0000028073 0.0000036152 
0.0000036831 0.0000027685 0.0000034426 
0.0000037621 0.0000027334 0.0000032777 
0.0000038373 0.0000027015 0.0000031201 
0.0000039092 0.0000026723 0.0000029690 
0.0000039780 0.0000026454 0.0000028241 
0.0000040442 0.0000026206 0.0000026849 
0.0000041081 0.0000025975 0.0000025511 
0.0000041698 0.0000025759 0.0000024223 
0.0000042292 0.0000025555 0.0000022980 
0.0000042861 0.0000025359 0.0000021782 
0.0000043406 0.0000025171 0.0000020628 
0.0000043928 0.0000024989 0.0000019517 
0.0000044427 0.0000024811 0.0000018451 
0.0000044897 0.0000024637 0.0000017432 
0.0000045344 0.0000024464 0.0000016461 
0.0000045768 0.0000024291 0.0000015541 
0.0000046168 0.0000024115 0.0000014673 
0.0000046544 0.0000023933 0.0000013861 
0.0000046890 0.0000023743 0.0000013108 
0.0000047210 0.0000023545 0.0000012427 
0.0000047482 0.0000023331 0.0000011830 
0.0000047676 0.0000023093 0.0000011342 
0.0000047734 0.0000022822 0.0000011013 
0.0000047626 0.0000022517 0.0000010857 
0.0000047426 0.0000022194 0.0000010796 
0.0000047182 0.0000021864 0.0000010780 
0.0000046922 0.0000021535 0.0000010785 
0.0000046657 0.0000021208 0.0000010800 
0.0000046397 0.0000020887 0.0000010819 
0.0000046144 0.0000020572 0.0000010841 
0.0000045904 0.0000020265 0.0000010864 
0.0000045677 0.0000019966 0.0000010888 
0.0000045462 0.0000019675 0.0000010914 
0.0000045260 0.0000019394 0.0000010942 
0.0000045071 0.0000019121 0.0000010974 
0.0000044895 0.0000018857 0.0000011012 
0.0000044732 0.0000018602 0.0000011056 
0.0000044579 0.0000018355 0.0000011109 
0.0000044436 0.0000018118 0.0000011171 
0.0000044302 0.0000017889 0.0000011243 
0.0000044176 0.0000017668 0.0000011327 
0.0000044059 0.0000017456 0.0000011423 
0.0000043948 0.0000017252 0.0000011530 
0.0000043845 0.0000017056 0.0000011651 
0.0000043747 0.0000016867 0.0000011784 
0.0000043656 0.0000016686 0.0000011930 
0.0000043570 0.0000016511 0.0000012088 
0.0000043490 0.0000016343 0.0000012258 
0.0000043414 0.0000016182 0.0000012437 
0.0000043340 0.0000016027 0.0000012628 
0.0000043270 0.0000015878 0.0000012831 
0.0000043203 0.0000015736 0.0000013047 
0.0000043138 0.0000015601 0.0000013276 
0.0000043080 0.0000015473 0.0000013519 
0.0000043026 0.0000015351 0.0000013775 
0.0000042976 0.0000015236 0.0000014045 
0.0000042930 0.0000015126 0.0000014326 
0.0000042889 0.0000015023 0.0000014620 
0.0000042851 0.0000014925 0.0000014925 
0.0000042817 0.0000014833 0.0000015242 
0.0000042787 0.0000014746 0.0000015570 
0.0000042760 0.0000014664 0.0000015906 
0.0000042742 0.0000014585 0.0000016252 
0.0000042734 0.0000014508 0.0000016604 
0.0000042735 0.0000014435 0.0000016964 
0.0000042739 0.0000014363 0.0000017328 
0.0000042751 0.0000014294 0.0000017698 
0.0000042769 0.0000014227 0.0000018075 
0.0000042790 0.0000014161 0.0000018455 
0.0000042810 0.0000014097 0.0000018837 
0.0000042830 0.0000014033 0.0000019218 
0.0000042851 0.0000013969 0.0000019599 
0.0000042875 0.0000013905 0.0000019980 
0.0000042903 0.0000013843 0.0000020363 
0.0000042933 0.0000013782 0.0000020750 
0.0000042967 0.0000013724 0.0000021139 
0.0000043006 0.0000013668 0.0000021534 
0.0000043051 0.0000013614 0.0000021931 
0.0000043096 0.0000013563 0.0000022329 
0.0000043146 0.0000013514 0.0000022729 
0.0000043200 0.0000013466 0.0000023128 
0.0000043259 0.0000013420 0.0000023528 
0.0000043318 0.0000013376 0.0000023925 
0.0000043378 0.0000013336 0.0000024320 
0.0000043437 0.0000013301 0.0000024715 
0.0000043496 0.0000013270 0.0000025109 
0.0000043556 0.0000013245 0.0000025503 
0.0000043615 0.0000013225 0.0000025898 
0.0000043675 0.0000013211 0.0000026292 
0.0000043734 0.0000013202 0.0000026686 
0.0000043792 0.0000013200 0.0000027080 
0.0000043849 0.0000013203 0.0000027474 
0.0000043906 0.0000013211 0.0000027867 
0.0000043964 0.0000013226 0.0000028259 
0.0000044022 0.0000013246 0.0000028652 
0.0000044080 0.0000013271 0.0000029044 
0.0000044139 0.0000013302 0.0000029435 
0.0000044199 0.0000013337 0.0000029825 
0.0000044260 0.0000013377 0.0000030215 
0.0000044321 0.0000013420 0.0000030601 
0.0000044382 0.0000013463 0.0000030983 
0.0000044444 0.0000013508 0.0000031362 
0.0000044507 0.0000013553 0.0000031738 
0.0000044570 0.0000013598 0.0000032111 
0.0000044635 0.0000013645 0.0000032480 
0.0000044701 0.0000013693 0.0000032846 
0.0000044768 0.0000013743 0.0000033209 
0.0000044837 0.0000013794 0.0000033569 
0.0000044908 0.0000013848 0.0000033926 
0.0000044980 0.0000013903 0.0000034280 
0.0000045054 0.0000013960 0.0000034631 
0.0000045130 0.0000014019 0.0000034979 
0.0000045208 0.0000014080 0.0000035325 
0.0000045288 0.0000014143 0.0000035667 
0.0000045370 0.0000014208 0.0000036005 
0.0000045454 0.0000014275 0.0000036340 
0.0000045539 0.0000014344 0.0000036671 
0.0000045625 0.0000014415 0.0000036997 
0.0000045713 0.0000014488 0.0000037320 
0.0000045803 0.0000014566 0.0000037641 
0.0000045895 0.0000014646 0.0000037960 
0.0000045988 0.0000014730 0.0000038275 
0.0000046082 0.0000014815 0.0000038585 
0.0000046176 0.0000014900 0.0000038890 
0.0000046270 0.0000014987 0.0000039188 
0.0000046364 0.0000015073 0.0000039480 
0.0000046457 0.0000015159 0.0000039766 
0.0000046549 0.0000015245 0.0000040045 
0.0000046641 0.0000015330 0.0000040316 
0.0000046732 0.0000015414 0.0000040581 
0.0000046822 0.0000015496 0.0000040838 
0.0000046911 0.0000015575 0.0000041086 
0.0000046998 0.0000015648 0.0000041323 
0.0000047085 0.0000015718 0.0000041553 
0.0000047172 0.0000015786 0.0000041778 
0.0000047258 0.0000015852 0.0000041999 
0.0000047344 0.0000015917 0.0000042215 
0.0000047429 0.0000015981 0.0000042427 
0.0000047511 0.0000016042 0.0000042634 
0.0000047592 0.0000016101 0.0000042835 
0.0000047668 0.0000016158 0.0000043029 
0.0000047741 0.0000016212 0.0000043215 
0.0000047811 0.0000016263 0.0000043393 
0.0000047877 0.0000016310 0.0000043564 
0.0000047940 0.0000016354 0.0000043726 
0.0000047999 0.0000016394 0.0000043879 
0.0000048055 0.0000016429 0.0000044026 
0.0000048108 0.0000016459 0.0000044165 
0.0000048158 0.0000016485 0.0000044299 
0.0000048206 0.0000016507 0.0000044428 
0.0000048253 0.0000016526 0.0000044552 
0.0000048297 0.0000016542 0.0000044672 
0.0000048340 0.0000016555 0.0000044789 
0.0000048382 0.0000016565 0.0000044902 
0.0000048423 0.0000016572 0.0000045012 
0.0000048462 0.0000016577 0.0000045120 
0.0000048501 0.0000016580 0.0000045225 
0.0000048539 0.0000016580 0.0000045329 
0.0000048575 0.0000016579 0.0000045430 
0.0000048612 0.0000016575 0.0000045530 
0.0000048649 0.0000016569 0.0000045630 
0.0000048687 0.0000016561 0.0000045730 
0.0000048723 0.0000016553 0.0000045829 
0.0000048759 0.0000016543 0.0000045929 
0.0000048792 0.0000016533 0.0000046029 
0.0000048823 0.0000016523 0.0000046128 
0.0000048852 0.0000016512 0.0000046226 
0.0000048880 0.0000016501 0.0000046327 
0.0000048912 0.0000016492 0.0000046433 
0.0000048945 0.0000016484 0.0000046543 
0.0000048980 0.0000016473 0.0000046658 
0.0000049018 0.0000016460 0.0000046780 
0.0000049058 0.0000016446 0.0000046909 
0.0000049100 0.0000016431 0.0000047045 
0.0000049144 0.0000016419 0.0000047185 
0.0000049188 0.0000016409 0.0000047330 
0.0000049231 0.0000016403 0.0000047478 
0.0000049275 0.0000016401 0.0000047629 
0.0000049318 0.0000016404 0.0000047781 
0.0000049356 0.0000016412 0.0000047934 
0.0000049396 0.0000016424 0.0000048088 
0.0000049438 0.0000016438 0.0000048237 
0.0000049481 0.0000016452 0.0000048373 
0.0000049524 0.0000016463 0.0000048493 
