0.0000003740 -0.0000000665 0.0000016234 
0.0000003931 -0.0000000485 0.0000015631 
0.0000004111 -0.0000000316 0.0000015058 
0.0000004279 -0.0000000155 0.0000014512 
0.0000004435 -0.0000000002 0.0000013990 
0.0000004577 0.0000000144 0.0000013489 
0.0000004707 0.0000000284 0.0000013007 
0.0000004824 0.0000000418 0.0000012543 
0.0000004930 0.0000000547 0.0000012094 
0.0000005025 0.0000000671 0.0000011661 
0.0000005109 0.0000000791 0.0000011242 
0.0000005185 0.0000000907 0.0000010835 
0.0000005252 0.0000001018 0.0000010442 
0.0000005311 0.0000001126 0.0000010061 
0.0000005363 0.0000001229 0.0000009691 
0.0000005409 0.0000001330 0.0000009331 
0.0000005451 0.0000001426 0.0000008982 
0.0000005488 0.0000001519 0.0000008643 
0.0000005522 0.0000001609 0.0000008313 
0.0000005553 0.0000001695 0.0000007992 
0.0000005582 0.0000001778 0.0000007680 
0.0000005609 0.0000001858 0.0000007376 
0.0000005633 0.0000001935 0.0000007081 
0.0000005655 0.0000002009 0.0000006793 
0.0000005676 0.0000002082 0.0000006513 
0.0000005697 0.0000002152 0.0000006241 
0.0000005716 0.0000002220 0.0000005976 
0.0000005736 0.0000002286 0.0000005718 
0.0000005755 0.0000002349 0.0000005467 
0.0000005775 0.0000002411 0.0000005223 
0.0000005795 0.0000002470 0.0000004986 
0.0000005815 0.0000002528 0.0000004756 
0.0000005835 0.0000002583 0.0000004532 
0.0000005856 0.0000002637 0.0000004314 
0.0000005876 0.0000002690 0.0000004101 
0.0000005898 0.0000002741 0.0000003894 
0.0000005919 0.0000002791 0.0000003693 
0.0000005939 0.0000002838 0.0000003498 
0.0000005959 0.0000002883 0.0000003308 
0.0000005978 0.0000002927 0.0000003124 
0.0000005997 0.0000002968 0.0000002945 
0.0000006015 0.0000003007 0.0000002771 
0.0000006035 0.0000003045 0.0000002602 
0.0000006056 0.0000003081 0.0000002438 
0.0000006077 0.0000003118 0.0000002278 
0.0000006099 0.0000003153 0.0000002123 
0.0000006122 0.0000003188 0.0000001972 
0.0000006146 0.0000003221 0.0000001826 
0.0000006146 0.0000003221 0.0000001826 
0.0000006146 0.0000003221 0.0000001826 
0.0000006146 0.0000003221 0.0000001826 
0.0000006146 0.0000003221 0.0000001826 
0.0000006146 0.0000003221 0.0000001826 
0.0000006183 0.0000003244 0.0000001707 
0.0000006183 0.0000003244 0.0000001707 
0.0000006183 0.0000003244 0.0000001707 
0.0000006183 0.0000003244 0.0000001707 
0.0000006183 0.0000003244 0.0000001707 
0.0000006183 0.0000003244 0.0000001707 
0.0000006183 0.0000003244 0.0000001707 
0.0000006183 0.0000003244 0.0000001707 
0.0000006183 0.0000003244 0.0000001707 
0.0000006183 0.0000003244 0.0000001707 
0.0000006183 0.0000003244 0.0000001707 
0.0000006183 0.0000003244 0.0000001707 
0.0000006183 0.0000003244 0.0000001707 
0.0000006183 0.0000003244 0.0000001707 
0.0000006183 0.0000003244 0.0000001707 
0.0000006183 0.0000003244 0.0000001707 
0.0000006183 0.0000003244 0.0000001707 
0.0000006183 0.0000003244 0.0000001707 
0.0000006183 0.0000003244 0.0000001707 
0.0000006183 0.0000003244 0.0000001707 
0.0000006183 0.0000003244 0.0000001707 
0.0000006252 0.0000003273 0.0000001714 
0.0000006318 0.0000003304 0.0000001745 
0.0000006391 0.0000003331 0.0000001771 
0.0000006468 0.0000003355 0.0000001794 
0.0000006548 0.0000003377 0.0000001815 
0.0000006632 0.0000003396 0.0000001834 
0.0000006718 0.0000003413 0.0000001851 
0.0000006805 0.0000003428 0.0000001867 
0.0000006892 0.0000003442 0.0000001882 
0.0000006980 0.0000003455 0.0000001895 
0.0000007066 0.0000003468 0.0000001907 
0.0000007152 0.0000003480 0.0000001917 
0.0000007237 0.0000003491 0.0000001926 
0.0000007321 0.0000003503 0.0000001935 
0.0000007404 0.0000003514 0.0000001942 
0.0000007485 0.0000003524 0.0000001948 
0.0000007565 0.0000003535 0.0000001954 
0.0000007643 0.0000003546 0.0000001958 
0.0000007720 0.0000003556 0.0000001961 
0.0000007794 0.0000003566 0.0000001963 
0.0000007868 0.0000003577 0.0000001964 
0.0000007939 0.0000003587 0.0000001965 
0.0000008008 0.0000003597 0.0000001964 
0.0000008076 0.0000003607 0.0000001963 
0.0000008142 0.0000003617 0.0000001961 
0.0000008206 0.0000003627 0.0000001958 
0.0000008268 0.0000003636 0.0000001955 
0.0000008329 0.0000003646 0.0000001951 
0.0000008388 0.0000003656 0.0000001946 
0.0000008445 0.0000003666 0.0000001940 
0.0000008501 0.0000003675 0.0000001934 
0.0000008556 0.0000003685 0.0000001927 
0.0000008609 0.0000003696 0.0000001921 
0.0000008662 0.0000003706 0.0000001913 
0.0000008713 0.0000003716 0.0000001906 
0.0000008763 0.0000003726 0.0000001898 
0.0000008811 0.0000003736 0.0000001890 
0.0000008859 0.0000003747 0.0000001881 
0.0000008904 0.0000003757 0.0000001872 
0.0000008949 0.0000003767 0.0000001863 
0.0000008992 0.0000003777 0.0000001853 
0.0000009034 0.0000003787 0.0000001843 
0.0000009075 0.0000003797 0.0000001833 
0.0000009115 0.0000003806 0.0000001823 
0.0000009154 0.0000003816 0.0000001813 
0.0000009193 0.0000003826 0.0000001803 
0.0000009230 0.0000003835 0.0000001793 
0.0000009267 0.0000003844 0.0000001783 
0.0000009303 0.0000003853 0.0000001773 
0.0000009338 0.0000003863 0.0000001764 
0.0000009373 0.0000003872 0.0000001754 
0.0000009408 0.0000003881 0.0000001746 
0.0000009442 0.0000003890 0.0000001737 
0.0000009475 0.0000003899 0.0000001730 
0.0000009509 0.0000003908 0.0000001723 
0.0000009543 0.0000003917 0.0000001717 
0.0000009577 0.0000003926 0.0000001713 
0.0000009611 0.0000003935 0.0000001709 
0.0000009645 0.0000003944 0.0000001706 
0.0000009679 0.0000003953 0.0000001705 
0.0000009713 0.0000003962 0.0000001705 
0.0000009746 0.0000003971 0.0000001706 
0.0000009780 0.0000003980 0.0000001707 
0.0000009814 0.0000003988 0.0000001711 
0.0000009848 0.0000003997 0.0000001715 
0.0000009882 0.0000004006 0.0000001720 
0.0000009917 0.0000004014 0.0000001727 
0.0000009951 0.0000004023 0.0000001734 
0.0000009985 0.0000004031 0.0000001741 
0.0000010018 0.0000004040 0.0000001749 
0.0000010051 0.0000004048 0.0000001758 
0.0000010084 0.0000004056 0.0000001766 
0.0000010115 0.0000004063 0.0000001775 
0.0000010146 0.0000004070 0.0000001784 
0.0000010175 0.0000004078 0.0000001792 
0.0000010203 0.0000004084 0.0000001801 
0.0000010231 0.0000004091 0.0000001809 
0.0000010257 0.0000004097 0.0000001817 
0.0000010282 0.0000004103 0.0000001824 
0.0000010305 0.0000004109 0.0000001832 
0.0000010328 0.0000004115 0.0000001839 
0.0000010348 0.0000004120 0.0000001845 
0.0000010368 0.0000004126 0.0000001852 
0.0000010386 0.0000004131 0.0000001858 
0.0000010403 0.0000004135 0.0000001863 
0.0000010418 0.0000004140 0.0000001868 
0.0000010432 0.0000004144 0.0000001873 
0.0000010445 0.0000004148 0.0000001878 
0.0000010456 0.0000004152 0.0000001881 
0.0000010466 0.0000004155 0.0000001885 
0.0000010475 0.0000004158 0.0000001888 
0.0000010483 0.0000004161 0.0000001891 
0.0000010489 0.0000004164 0.0000001893 
0.0000010494 0.0000004166 0.0000001894 
0.0000010498 0.0000004168 0.0000001895 
0.0000010500 0.0000004170 0.0000001896 
0.0000010502 0.0000004172 0.0000001896 
0.0000010502 0.0000004174 0.0000001896 
0.0000010501 0.0000004175 0.0000001896 
0.0000010498 0.0000004176 0.0000001895 
0.0000010494 0.0000004177 0.0000001894 
0.0000010490 0.0000004178 0.0000001893 
0.0000010484 0.0000004179 0.0000001892 
0.0000010477 0.0000004180 0.0000001891 
0.0000010469 0.0000004181 0.0000001890 
0.0000010460 0.0000004181 0.0000001889 
0.0000010450 0.0000004181 0.0000001887 
0.0000010440 0.0000004181 0.0000001886 
0.0000010430 0.0000004181 0.0000001884 
0.0000010419 0.0000004181 0.0000001882 
0.0000010408 0.0000004180 0.0000001881 
0.0000010398 0.0000004180 0.0000001879 
0.0000010387 0.0000004179 0.0000001876 
0.0000010376 0.0000004178 0.0000001874 
0.0000010365 0.0000004176 0.0000001872 
0.0000010354 0.0000004175 0.0000001869 
0.0000010342 0.0000004173 0.0000001867 
0.0000010330 0.0000004171 0.0000001864 
0.0000010317 0.0000004169 0.0000001862 
0.0000010304 0.0000004167 0.0000001860 
0.0000010291 0.0000004164 0.0000001858 
0.0000010277 0.0000004162 0.0000001856 
0.0000010262 0.0000004159 0.0000001854 
0.0000010247 0.0000004156 0.0000001852 
0.0000010231 0.0000004152 0.0000001850 
0.0000010215 0.0000004149 0.0000001849 
0.0000010198 0.0000004145 0.0000001847 
0.0000010181 0.0000004141 0.0000001846 
0.0000010163 0.0000004136 0.0000001845 
0.0000010145 0.0000004132 0.0000001843 
0.0000010126 0.0000004127 0.0000001842 
0.0000010108 0.0000004122 0.0000001842 
0.0000010088 0.0000004117 0.0000001841 
0.0000010069 0.0000004111 0.0000001840 
0.0000010049 0.0000004105 0.0000001839 
0.0000010028 0.0000004099 0.0000001839 
0.0000010007 0.0000004093 0.0000001838 
0.0000009986 0.0000004087 0.0000001838 
0.0000009965 0.0000004080 0.0000001838 
0.0000009944 0.0000004073 0.0000001838 
0.0000009923 0.0000004066 0.0000001838 
0.0000009901 0.0000004059 0.0000001837 
0.0000009879 0.0000004051 0.0000001837 
0.0000009856 0.0000004044 0.0000001837 
0.0000009833 0.0000004035 0.0000001837 
0.0000009809 0.0000004027 0.0000001836 
0.0000009785 0.0000004018 0.0000001836 
0.0000009760 0.0000004010 0.0000001835 
0.0000009735 0.0000004001 0.0000001834 
0.0000009710 0.0000003992 0.0000001833 
0.0000009684 0.0000003982 0.0000001832 
0.0000009657 0.0000003973 0.0000001831 
0.0000009630 0.0000003963 0.0000001829 
0.0000009603 0.0000003953 0.0000001828 
0.0000009574 0.0000003944 0.0000001826 
0.0000009546 0.0000003934 0.0000001825 
0.0000009516 0.0000003924 0.0000001823 
0.0000009487 0.0000003914 0.0000001821 
0.0000009457 0.0000003904 0.0000001819 
0.0000009426 0.0000003894 0.0000001817 
0.0000009395 0.0000003884 0.0000001814 
0.0000009364 0.0000003874 0.0000001812 
0.0000009332 0.0000003865 0.0000001810 
0.0000009300 0.0000003855 0.0000001808 
0.0000009267 0.0000003845 0.0000001806 
0.0000009234 0.0000003836 0.0000001803 
0.0000009201 0.0000003826 0.0000001801 
0.0000009167 0.0000003817 0.0000001799 
0.0000009132 0.0000003807 0.0000001796 
0.0000009097 0.0000003797 0.0000001793 
0.0000009062 0.0000003786 0.0000001790 
0.0000009026 0.0000003776 0.0000001787 
0.0000008990 0.0000003765 0.0000001784 
0.0000008953 0.0000003753 0.0000001780 
0.0000008916 0.0000003742 0.0000001777 
0.0000008878 0.0000003730 0.0000001773 
0.0000008841 0.0000003718 0.0000001769 
0.0000008802 0.0000003706 0.0000001765 
0.0000008763 0.0000003694 0.0000001761 
0.0000008724 0.0000003682 0.0000001757 
0.0000008685 0.0000003671 0.0000001753 
0.0000008645 0.0000003659 0.0000001750 
0.0000008604 0.0000003648 0.0000001746 
0.0000008563 0.0000003637 0.0000001742 
0.0000008521 0.0000003625 0.0000001739 
0.0000008478 0.0000003614 0.0000001735 
0.0000008435 0.0000003602 0.0000001731 
0.0000008392 0.0000003591 0.0000001727 
0.0000008348 0.0000003579 0.0000001724 
0.0000008303 0.0000003568 0.0000001720 
0.0000008258 0.0000003557 0.0000001717 
0.0000008212 0.0000003546 0.0000001713 
0.0000008167 0.0000003535 0.0000001710 
0.0000008121 0.0000003524 0.0000001707 
0.0000008074 0.0000003513 0.0000001704 
0.0000008028 0.0000003502 0.0000001702 
0.0000007981 0.0000003491 0.0000001699 
0.0000007934 0.0000003480 0.0000001696 
0.0000007889 0.0000003469 0.0000001694 
0.0000007844 0.0000003457 0.0000001691 
0.0000007800 0.0000003445 0.0000001689 
0.0000007756 0.0000003433 0.0000001686 
0.0000007713 0.0000003421 0.0000001684 
0.0000007670 0.0000003408 0.0000001681 
0.0000007626 0.0000003395 0.0000001679 
0.0000007583 0.0000003382 0.0000001676 
0.0000007540 0.0000003369 0.0000001673 
0.0000007498 0.0000003355 0.0000001670 
0.0000007454 0.0000003341 0.0000001667 
0.0000007411 0.0000003327 0.0000001664 
0.0000007368 0.0000003312 0.0000001660 
0.0000007325 0.0000003298 0.0000001657 
0.0000007282 0.0000003283 0.0000001653 
0.0000007237 0.0000003269 0.0000001650 
0.0000007193 0.0000003254 0.0000001646 
0.0000007147 0.0000003240 0.0000001642 
0.0000007102 0.0000003226 0.0000001639 
0.0000007056 0.0000003211 0.0000001635 
0.0000007009 0.0000003197 0.0000001631 
0.0000006962 0.0000003182 0.0000001627 
0.0000006915 0.0000003168 0.0000001623 
0.0000006868 0.0000003153 0.0000001619 
0.0000006820 0.0000003139 0.0000001614 
0.0000006771 0.0000003125 0.0000001610 
0.0000006723 0.0000003110 0.0000001606 
0.0000006674 0.0000003096 0.0000001601 
0.0000006625 0.0000003081 0.0000001597 
0.0000006576 0.0000003067 0.0000001592 
0.0000006527 0.0000003052 0.0000001587 
0.0000006478 0.0000003038 0.0000001583 
0.0000006428 0.0000003023 0.0000001578 
0.0000006379 0.0000003009 0.0000001573 
0.0000006330 0.0000002994 0.0000001568 
0.0000006281 0.0000002979 0.0000001563 
0.0000006232 0.0000002965 0.0000001558 
0.0000006183 0.0000002950 0.0000001553 
0.0000006135 0.0000002935 0.0000001548 
0.0000006086 0.0000002920 0.0000001543 
0.0000006038 0.0000002905 0.0000001537 
0.0000005990 0.0000002890 0.0000001532 
0.0000005942 0.0000002875 0.0000001526 
0.0000005895 0.0000002859 0.0000001521 
0.0000005847 0.0000002844 0.0000001515 
0.0000005799 0.0000002828 0.0000001509 
0.0000005752 0.0000002812 0.0000001504 
0.0000005705 0.0000002797 0.0000001498 
0.0000005659 0.0000002781 0.0000001492 
0.0000005612 0.0000002765 0.0000001486 
0.0000005566 0.0000002750 0.0000001480 
0.0000005521 0.0000002734 0.0000001474 
0.0000005476 0.0000002718 0.0000001468 
0.0000005431 0.0000002702 0.0000001462 
0.0000005387 0.0000002686 0.0000001456 
0.0000005343 0.0000002670 0.0000001451 
0.0000005300 0.0000002655 0.0000001445 
0.0000005257 0.0000002639 0.0000001439 
0.0000005214 0.0000002623 0.0000001433 
0.0000005172 0.0000002608 0.0000001427 
0.0000005130 0.0000002592 0.0000001421 
0.0000005088 0.0000002577 0.0000001415 
0.0000005046 0.0000002562 0.0000001409 
0.0000005005 0.0000002547 0.0000001403 
0.0000004964 0.0000002533 0.0000001397 
0.0000004924 0.0000002518 0.0000001392 
0.0000004884 0.0000002504 0.0000001386 
0.0000004846 0.0000002490 0.0000001380 
0.0000004808 0.0000002476 0.0000001375 
0.0000004772 0.0000002462 0.0000001370 
0.0000004735 0.0000002449 0.0000001364 
0.0000004700 0.0000002435 0.0000001359 
0.0000004665 0.0000002422 0.0000001354 
0.0000004631 0.0000002408 0.0000001349 
0.0000004597 0.0000002395 0.0000001343 
0.0000004565 0.0000002382 0.0000001338 
0.0000004533 0.0000002369 0.0000001333 
0.0000004502 0.0000002356 0.0000001328 
0.0000004472 0.0000002343 0.0000001323 
0.0000004442 0.0000002331 0.0000001318 
0.0000004413 0.0000002319 0.0000001314 
0.0000004385 0.0000002307 0.0000001309 
0.0000004358 0.0000002295 0.0000001304 
0.0000004331 0.0000002283 0.0000001299 
0.0000004304 0.0000002272 0.0000001294 
0.0000004278 0.0000002260 0.0000001289 
0.0000004252 0.0000002249 0.0000001283 
0.0000004226 0.0000002238 0.0000001278 
0.0000004200 0.0000002227 0.0000001272 
0.0000004175 0.0000002216 0.0000001267 
0.0000004150 0.0000002206 0.0000001261 
0.0000004126 0.0000002195 0.0000001255 
0.0000004102 0.0000002186 0.0000001250 
0.0000004080 0.0000002176 0.0000001244 
0.0000004059 0.0000002167 0.0000001238 
0.0000004038 0.0000002158 0.0000001233 
0.0000004018 0.0000002149 0.0000001228 
0.0000003998 0.0000002140 0.0000001222 
0.0000003979 0.0000002132 0.0000001217 
0.0000003961 0.0000002123 0.0000001212 
0.0000003943 0.0000002115 0.0000001207 
0.0000003926 0.0000002107 0.0000001202 
0.0000003910 0.0000002099 0.0000001197 
0.0000003894 0.0000002091 0.0000001192 
0.0000003880 0.0000002084 0.0000001187 
0.0000003866 0.0000002076 0.0000001182 
0.0000003853 0.0000002069 0.0000001178 
0.0000003841 0.0000002062 0.0000001173 
0.0000003829 0.0000002055 0.0000001169 
0.0000003818 0.0000002049 0.0000001165 
0.0000003807 0.0000002042 0.0000001162 
0.0000003797 0.0000002036 0.0000001158 
0.0000003788 0.0000002030 0.0000001154 
0.0000003780 0.0000002025 0.0000001151 
0.0000003773 0.0000002019 0.0000001147 
0.0000003766 0.0000002014 0.0000001144 
0.0000003761 0.0000002008 0.0000001141 
0.0000003756 0.0000002003 0.0000001138 
0.0000003752 0.0000001998 0.0000001135 
0.0000003749 0.0000001994 0.0000001132 
0.0000003746 0.0000001989 0.0000001129 
0.0000003745 0.0000001985 0.0000001127 
0.0000003743 0.0000001981 0.0000001124 
0.0000003741 0.0000001977 0.0000001122 
0.0000003740 0.0000001973 0.0000001120 
0.0000003738 0.0000001969 0.0000001118 
0.0000003737 0.0000001965 0.0000001116 
0.0000003735 0.0000001961 0.0000001114 
0.0000003734 0.0000001957 0.0000001112 
0.0000003732 0.0000001953 0.0000001111 
0.0000003730 0.0000001950 0.0000001109 
0.0000003728 0.0000001946 0.0000001107 
0.0000003726 0.0000001941 0.0000001106 
0.0000003724 0.0000001937 0.0000001104 
0.0000003720 0.0000001933 0.0000001102 
0.0000003717 0.0000001929 0.0000001100 
0.0000003713 0.0000001924 0.0000001099 
0.0000003709 0.0000001919 0.0000001097 
0.0000003704 0.0000001915 0.0000001095 
0.0000003699 0.0000001910 0.0000001093 
0.0000003694 0.0000001905 0.0000001091 
0.0000003689 0.0000001900 0.0000001088 
0.0000003683 0.0000001895 0.0000001086 
0.0000003677 0.0000001890 0.0000001084 
0.0000003671 0.0000001885 0.0000001082 
0.0000003665 0.0000001880 0.0000001080 
0.0000003658 0.0000001875 0.0000001078 
0.0000003652 0.0000001870 0.0000001076 
0.0000003645 0.0000001866 0.0000001074 
0.0000003638 0.0000001861 0.0000001072 
0.0000003631 0.0000001856 0.0000001069 
0.0000003623 0.0000001851 0.0000001067 
0.0000003614 0.0000001846 0.0000001064 
0.0000003605 0.0000001840 0.0000001062 
0.0000003596 0.0000001835 0.0000001059 
0.0000003587 0.0000001831 0.0000001056 
0.0000003577 0.0000001826 0.0000001053 
0.0000003566 0.0000001822 0.0000001050 
0.0000003556 0.0000001818 0.0000001046 
0.0000003545 0.0000001814 0.0000001043 
0.0000003533 0.0000001810 0.0000001039 
0.0000003522 0.0000001806 0.0000001035 
0.0000003510 0.0000001801 0.0000001031 
0.0000003498 0.0000001796 0.0000001027 
0.0000003486 0.0000001791 0.0000001024 
0.0000003474 0.0000001785 0.0000001020 
0.0000003461 0.0000001780 0.0000001017 
0.0000003449 0.0000001774 0.0000001013 
0.0000003436 0.0000001768 0.0000001010 
0.0000003423 0.0000001761 0.0000001006 
0.0000003410 0.0000001755 0.0000001002 
0.0000003398 0.0000001749 0.0000000999 
0.0000003385 0.0000001742 0.0000000995 
0.0000003372 0.0000001735 0.0000000992 
0.0000003358 0.0000001728 0.0000000988 
0.0000003345 0.0000001721 0.0000000984 
0.0000003331 0.0000001714 0.0000000980 
0.0000003319 0.0000001706 0.0000000976 
0.0000003306 0.0000001698 0.0000000971 
0.0000003294 0.0000001689 0.0000000966 
0.0000003281 0.0000001681 0.0000000962 
0.0000003268 0.0000001672 0.0000000957 
0.0000003255 0.0000001663 0.0000000952 
0.0000003242 0.0000001655 0.0000000947 
0.0000003229 0.0000001646 0.0000000943 
0.0000003215 0.0000001638 0.0000000938 
0.0000003201 0.0000001629 0.0000000934 
0.0000003187 0.0000001621 0.0000000929 
0.0000003172 0.0000001612 0.0000000925 
0.0000003157 0.0000001603 0.0000000921 
0.0000003142 0.0000001595 0.0000000916 
0.0000003126 0.0000001586 0.0000000912 
0.0000003110 0.0000001578 0.0000000908 
0.0000003094 0.0000001569 0.0000000904 
0.0000003077 0.0000001560 0.0000000899 
0.0000003060 0.0000001551 0.0000000895 
0.0000003042 0.0000001543 0.0000000891 
0.0000003024 0.0000001534 0.0000000887 
0.0000003005 0.0000001525 0.0000000883 
0.0000002986 0.0000001516 0.0000000879 
0.0000002966 0.0000001506 0.0000000874 
0.0000002945 0.0000001497 0.0000000870 
0.0000002924 0.0000001487 0.0000000866 
0.0000002901 0.0000001478 0.0000000861 
0.0000002879 0.0000001468 0.0000000857 
0.0000002855 0.0000001458 0.0000000852 
0.0000002832 0.0000001448 0.0000000847 
0.0000002806 0.0000001437 0.0000000843 
0.0000002779 0.0000001427 0.0000000838 
0.0000002752 0.0000001417 0.0000000834 
0.0000002724 0.0000001406 0.0000000829 
0.0000002697 0.0000001396 0.0000000825 
0.0000002669 0.0000001385 0.0000000820 
0.0000002642 0.0000001375 0.0000000816 
0.0000002615 0.0000001364 0.0000000811 
0.0000002589 0.0000001354 0.0000000806 
0.0000002564 0.0000001343 0.0000000802 
0.0000002539 0.0000001333 0.0000000797 
0.0000002513 0.0000001322 0.0000000793 
0.0000002488 0.0000001312 0.0000000788 
0.0000002463 0.0000001301 0.0000000783 
0.0000002438 0.0000001291 0.0000000779 
0.0000002414 0.0000001281 0.0000000774 
0.0000002389 0.0000001271 0.0000000769 
0.0000002365 0.0000001260 0.0000000765 
0.0000002342 0.0000001251 0.0000000761 
0.0000002319 0.0000001241 0.0000000756 
0.0000002296 0.0000001231 0.0000000752 
0.0000002273 0.0000001221 0.0000000748 
0.0000002251 0.0000001212 0.0000000744 
0.0000002229 0.0000001202 0.0000000740 
0.0000002207 0.0000001193 0.0000000736 
0.0000002185 0.0000001184 0.0000000732 
0.0000002164 0.0000001174 0.0000000729 
0.0000002142 0.0000001165 0.0000000725 
0.0000002121 0.0000001156 0.0000000721 
0.0000002100 0.0000001147 0.0000000717 
0.0000002079 0.0000001138 0.0000000714 
0.0000002059 0.0000001129 0.0000000710 
0.0000002038 0.0000001120 0.0000000706 
0.0000002018 0.0000001111 0.0000000702 
0.0000001997 0.0000001102 0.0000000699 
0.0000001977 0.0000001093 0.0000000695 
0.0000001957 0.0000001084 0.0000000691 
0.0000001936 0.0000001075 0.0000000688 
0.0000001916 0.0000001066 0.0000000684 
0.0000001897 0.0000001057 0.0000000681 
0.0000001877 0.0000001048 0.0000000677 
0.0000001857 0.0000001040 0.0000000673 
0.0000001837 0.0000001031 0.0000000670 
0.0000001818 0.0000001022 0.0000000666 
0.0000001799 0.0000001013 0.0000000663 
0.0000001780 0.0000001005 0.0000000659 
0.0000001761 0.0000000996 0.0000000656 
0.0000001742 0.0000000988 0.0000000652 
0.0000001723 0.0000000980 0.0000000649 
0.0000001705 0.0000000971 0.0000000646 
0.0000001687 0.0000000963 0.0000000642 
0.0000001669 0.0000000955 0.0000000639 
0.0000001651 0.0000000947 0.0000000636 
0.0000001633 0.0000000938 0.0000000632 
0.0000001615 0.0000000930 0.0000000629 
0.0000001598 0.0000000922 0.0000000626 
0.0000001580 0.0000000914 0.0000000622 
0.0000001563 0.0000000906 0.0000000619 
0.0000001546 0.0000000898 0.0000000616 
0.0000001529 0.0000000890 0.0000000613 
0.0000001513 0.0000000883 0.0000000609 
0.0000001496 0.0000000875 0.0000000606 
0.0000001480 0.0000000867 0.0000000603 
0.0000001464 0.0000000860 0.0000000600 
0.0000001448 0.0000000852 0.0000000596 
0.0000001432 0.0000000845 0.0000000593 
0.0000001417 0.0000000838 0.0000000590 
0.0000001401 0.0000000831 0.0000000586 
0.0000001386 0.0000000823 0.0000000583 
0.0000001371 0.0000000816 0.0000000580 
0.0000001357 0.0000000809 0.0000000576 
0.0000001342 0.0000000802 0.0000000573 
0.0000001327 0.0000000795 0.0000000569 
0.0000001313 0.0000000789 0.0000000566 
0.0000001299 0.0000000782 0.0000000562 
0.0000001285 0.0000000775 0.0000000559 
0.0000001271 0.0000000768 0.0000000555 
0.0000001257 0.0000000761 0.0000000551 
0.0000001243 0.0000000755 0.0000000548 
0.0000001229 0.0000000748 0.0000000544 
0.0000001216 0.0000000742 0.0000000540 
0.0000001202 0.0000000735 0.0000000537 
0.0000001189 0.0000000729 0.0000000533 
0.0000001177 0.0000000723 0.0000000530 
0.0000001164 0.0000000717 0.0000000526 
0.0000001152 0.0000000711 0.0000000523 
0.0000001140 0.0000000705 0.0000000520 
0.0000001128 0.0000000700 0.0000000516 
0.0000001117 0.0000000694 0.0000000513 
0.0000001106 0.0000000689 0.0000000510 
0.0000001096 0.0000000684 0.0000000508 
0.0000001086 0.0000000680 0.0000000505 
0.0000001077 0.0000000675 0.0000000502 
0.0000001068 0.0000000671 0.0000000500 
0.0000001060 0.0000000667 0.0000000497 
0.0000001052 0.0000000663 0.0000000495 
0.0000001044 0.0000000660 0.0000000493 
0.0000001037 0.0000000656 0.0000000491 
0.0000001031 0.0000000653 0.0000000489 
0.0000001024 0.0000000650 0.0000000487 
0.0000001019 0.0000000647 0.0000000485 
0.0000001013 0.0000000645 0.0000000483 
0.0000001008 0.0000000642 0.0000000482 
0.0000001003 0.0000000640 0.0000000480 
0.0000000998 0.0000000638 0.0000000479 
0.0000000994 0.0000000635 0.0000000477 
0.0000000990 0.0000000633 0.0000000476 
0.0000000987 0.0000000632 0.0000000474 
0.0000000983 0.0000000630 0.0000000473 
0.0000000980 0.0000000628 0.0000000472 
0.0000000978 0.0000000627 0.0000000470 
0.0000000975 0.0000000626 0.0000000469 
0.0000000972 0.0000000624 0.0000000467 
0.0000000970 0.0000000623 0.0000000466 
0.0000000968 0.0000000622 0.0000000464 
0.0000000966 0.0000000621 0.0000000463 
0.0000000964 0.0000000620 0.0000000462 
0.0000000963 0.0000000619 0.0000000461 
0.0000000962 0.0000000618 0.0000000459 
0.0000000961 0.0000000616 0.0000000458 
0.0000000960 0.0000000615 0.0000000457 
0.0000000959 0.0000000615 0.0000000456 
0.0000000958 0.0000000614 0.0000000455 
0.0000000958 0.0000000613 0.0000000455 
0.0000000957 0.0000000612 0.0000000454 
0.0000000957 0.0000000611 0.0000000453 
0.0000000957 0.0000000610 0.0000000452 
0.0000000956 0.0000000609 0.0000000452 
0.0000000956 0.0000000608 0.0000000451 
0.0000000955 0.0000000607 0.0000000450 
0.0000000955 0.0000000605 0.0000000450 
0.0000000954 0.0000000604 0.0000000449 
0.0000000954 0.0000000603 0.0000000449 
0.0000000953 0.0000000602 0.0000000448 
0.0000000952 0.0000000601 0.0000000448 
0.0000000951 0.0000000600 0.0000000448 
0.0000000950 0.0000000598 0.0000000447 
0.0000000949 0.0000000597 0.0000000447 
0.0000000948 0.0000000596 0.0000000446 
0.0000000947 0.0000000594 0.0000000446 
0.0000000945 0.0000000593 0.0000000445 
0.0000000944 0.0000000592 0.0000000445 
0.0000000942 0.0000000590 0.0000000445 
0.0000000940 0.0000000589 0.0000000444 
0.0000000938 0.0000000587 0.0000000443 
0.0000000935 0.0000000585 0.0000000443 
0.0000000933 0.0000000584 0.0000000442 
0.0000000930 0.0000000582 0.0000000441 
0.0000000928 0.0000000580 0.0000000441 
0.0000000925 0.0000000579 0.0000000440 
0.0000000921 0.0000000577 0.0000000439 
0.0000000918 0.0000000575 0.0000000438 
0.0000000915 0.0000000573 0.0000000438 
0.0000000911 0.0000000572 0.0000000437 
0.0000000908 0.0000000570 0.0000000436 
0.0000000904 0.0000000568 0.0000000436 
0.0000000899 0.0000000565 0.0000000435 
0.0000000895 0.0000000563 0.0000000435 
0.0000000890 0.0000000561 0.0000000435 
0.0000000886 0.0000000558 0.0000000435 
0.0000000881 0.0000000556 0.0000000434 
0.0000000877 0.0000000554 0.0000000434 
0.0000000872 0.0000000552 0.0000000434 
0.0000000867 0.0000000550 0.0000000434 
0.0000000862 0.0000000548 0.0000000434 
0.0000000858 0.0000000546 0.0000000434 
0.0000000853 0.0000000544 0.0000000433 
0.0000000848 0.0000000543 0.0000000433 
0.0000000843 0.0000000541 0.0000000433 
0.0000000839 0.0000000540 0.0000000433 
0.0000000834 0.0000000538 0.0000000433 
0.0000000829 0.0000000537 0.0000000433 
0.0000000825 0.0000000536 0.0000000433 
0.0000000820 0.0000000535 0.0000000433 
0.0000000816 0.0000000534 0.0000000433 
0.0000000811 0.0000000533 0.0000000433 
0.0000000807 0.0000000532 0.0000000433 
0.0000000803 0.0000000531 0.0000000433 
0.0000000798 0.0000000531 0.0000000433 
0.0000000794 0.0000000530 0.0000000433 
0.0000000790 0.0000000530 0.0000000433 
0.0000000787 0.0000000529 0.0000000433 
0.0000000783 0.0000000529 0.0000000433 
0.0000000780 0.0000000529 0.0000000434 
0.0000000777 0.0000000529 0.0000000434 
0.0000000774 0.0000000529 0.0000000434 
0.0000000771 0.0000000529 0.0000000435 
0.0000000769 0.0000000529 0.0000000435 
0.0000000766 0.0000000529 0.0000000436 
0.0000000764 0.0000000530 0.0000000437 
0.0000000763 0.0000000530 0.0000000437 
0.0000000761 0.0000000531 0.0000000438 
0.0000000760 0.0000000531 0.0000000439 
0.0000000760 0.0000000532 0.0000000440 
0.0000000759 0.0000000533 0.0000000441 
0.0000000759 0.0000000534 0.0000000442 
0.0000000759 0.0000000535 0.0000000444 
0.0000000759 0.0000000537 0.0000000445 
0.0000000760 0.0000000538 0.0000000446 
0.0000000761 0.0000000540 0.0000000448 
0.0000000763 0.0000000541 0.0000000449 
0.0000000765 0.0000000543 0.0000000451 
0.0000000767 0.0000000545 0.0000000453 
0.0000000769 0.0000000547 0.0000000454 
0.0000000772 0.0000000549 0.0000000456 
0.0000000774 0.0000000551 0.0000000458 
0.0000000778 0.0000000553 0.0000000460 
0.0000000781 0.0000000555 0.0000000462 
0.0000000784 0.0000000558 0.0000000464 
0.0000000788 0.0000000560 0.0000000466 
0.0000000792 0.0000000562 0.0000000468 
0.0000000796 0.0000000565 0.0000000470 
0.0000000800 0.0000000567 0.0000000473 
0.0000000804 0.0000000570 0.0000000475 
0.0000000808 0.0000000572 0.0000000477 
0.0000000812 0.0000000575 0.0000000480 
0.0000000816 0.0000000578 0.0000000482 
0.0000000820 0.0000000580 0.0000000485 
0.0000000824 0.0000000583 0.0000000487 
0.0000000829 0.0000000586 0.0000000490 
0.0000000833 0.0000000588 0.0000000492 
0.0000000837 0.0000000591 0.0000000495 
0.0000000841 0.0000000594 0.0000000497 
0.0000000846 0.0000000596 0.0000000500 
0.0000000850 0.0000000599 0.0000000502 
0.0000000854 0.0000000602 0.0000000505 
0.0000000859 0.0000000605 0.0000000508 
0.0000000863 0.0000000608 0.0000000510 
0.0000000867 0.0000000610 0.0000000513 
0.0000000872 0.0000000613 0.0000000516 
0.0000000876 0.0000000616 0.0000000518 
0.0000000881 0.0000000618 0.0000000521 
0.0000000885 0.0000000621 0.0000000524 
0.0000000890 0.0000000624 0.0000000527 
0.0000000894 0.0000000627 0.0000000529 
0.0000000899 0.0000000629 0.0000000532 
0.0000000903 0.0000000632 0.0000000535 
0.0000000908 0.0000000635 0.0000000537 
0.0000000912 0.0000000637 0.0000000540 
0.0000000916 0.0000000640 0.0000000542 
0.0000000920 0.0000000642 0.0000000545 
0.0000000924 0.0000000644 0.0000000547 
0.0000000928 0.0000000647 0.0000000550 
0.0000000932 0.0000000649 0.0000000552 
0.0000000935 0.0000000651 0.0000000555 
0.0000000939 0.0000000653 0.0000000557 
0.0000000943 0.0000000655 0.0000000559 
0.0000000946 0.0000000657 0.0000000562 
0.0000000950 0.0000000659 0.0000000564 
0.0000000953 0.0000000661 0.0000000566 
0.0000000956 0.0000000663 0.0000000568 
0.0000000959 0.0000000665 0.0000000570 
0.0000000963 0.0000000666 0.0000000573 
0.0000000966 0.0000000668 0.0000000575 
0.0000000969 0.0000000669 0.0000000577 
0.0000000972 0.0000000671 0.0000000579 
0.0000000975 0.0000000672 0.0000000580 
0.0000000978 0.0000000673 0.0000000582 
0.0000000981 0.0000000674 0.0000000584 
0.0000000984 0.0000000675 0.0000000586 
0.0000000987 0.0000000676 0.0000000587 
0.0000000989 0.0000000677 0.0000000589 
0.0000000992 0.0000000678 0.0000000590 
0.0000000994 0.0000000678 0.0000000592 
0.0000000996 0.0000000679 0.0000000593 
0.0000000998 0.0000000679 0.0000000594 
0.0000000999 0.0000000680 0.0000000595 
0.0000001001 0.0000000680 0.0000000597 
0.0000001002 0.0000000680 0.0000000598 
0.0000001003 0.0000000680 0.0000000599 
0.0000001004 0.0000000681 0.0000000600 
0.0000001005 0.0000000681 0.0000000601 
0.0000001006 0.0000000680 0.0000000601 
0.0000001007 0.0000000680 0.0000000602 
0.0000001007 0.0000000680 0.0000000603 
0.0000001009 0.0000000680 0.0000000604 
0.0000001010 0.0000000681 0.0000000605 
0.0000001011 0.0000000681 0.0000000606 
0.0000001013 0.0000000681 0.0000000607 
0.0000001014 0.0000000681 0.0000000608 
0.0000001015 0.0000000682 0.0000000609 
0.0000001017 0.0000000682 0.0000000610 
0.0000001018 0.0000000683 0.0000000611 
0.0000001020 0.0000000683 0.0000000612 
0.0000001022 0.0000000684 0.0000000614 
0.0000001023 0.0000000684 0.0000000615 
0.0000001025 0.0000000685 0.0000000616 
0.0000001027 0.0000000686 0.0000000617 
0.0000001028 0.0000000686 0.0000000618 
0.0000001030 0.0000000687 0.0000000619 
0.0000001032 0.0000000688 0.0000000620 
0.0000001034 0.0000000688 0.0000000621 
0.0000001036 0.0000000689 0.0000000622 
0.0000001037 0.0000000690 0.0000000623 
0.0000001039 0.0000000691 0.0000000624 
0.0000001041 0.0000000691 0.0000000625 
0.0000001043 0.0000000692 0.0000000626 
0.0000001045 0.0000000693 0.0000000627 
0.0000001046 0.0000000693 0.0000000628 
0.0000001048 0.0000000694 0.0000000629 
0.0000001050 0.0000000695 0.0000000629 
0.0000001051 0.0000000696 0.0000000630 
0.0000001053 0.0000000696 0.0000000631 
0.0000001054 0.0000000697 0.0000000632 
0.0000001056 0.0000000698 0.0000000633 
0.0000001057 0.0000000699 0.0000000633 
0.0000001058 0.0000000699 0.0000000634 
0.0000001059 0.0000000700 0.0000000635 
0.0000001060 0.0000000701 0.0000000635 
0.0000001061 0.0000000702 0.0000000636 
0.0000001062 0.0000000702 0.0000000637 
0.0000001063 0.0000000703 0.0000000637 
0.0000001064 0.0000000704 0.0000000638 
0.0000001064 0.0000000705 0.0000000639 
0.0000001065 0.0000000705 0.0000000639 
0.0000001066 0.0000000706 0.0000000640 
0.0000001066 0.0000000707 0.0000000641 
0.0000001067 0.0000000708 0.0000000641 
0.0000001067 0.0000000708 0.0000000642 
0.0000001068 0.0000000709 0.0000000642 
0.0000001068 0.0000000710 0.0000000643 
0.0000001068 0.0000000710 0.0000000643 
0.0000001069 0.0000000711 0.0000000644 
0.0000001069 0.0000000712 0.0000000644 
0.0000001070 0.0000000712 0.0000000645 
0.0000001070 0.0000000713 0.0000000645 
0.0000001070 0.0000000713 0.0000000646 
0.0000001070 0.0000000714 0.0000000646 
0.0000001070 0.0000000714 0.0000000646 
0.0000001070 0.0000000715 0.0000000647 
0.0000001071 0.0000000715 0.0000000647 
0.0000001071 0.0000000716 0.0000000648 
0.0000001071 0.0000000716 0.0000000648 
0.0000001071 0.0000000717 0.0000000648 
0.0000001071 0.0000000717 0.0000000649 
0.0000001071 0.0000000718 0.0000000649 
0.0000001071 0.0000000718 0.0000000650 
0.0000001071 0.0000000719 0.0000000650 
0.0000001071 0.0000000720 0.0000000651 
0.0000001071 0.0000000720 0.0000000651 
0.0000001071 0.0000000721 0.0000000651 
0.0000001071 0.0000000721 0.0000000652 
0.0000001071 0.0000000722 0.0000000652 
0.0000001071 0.0000000722 0.0000000653 
0.0000001071 0.0000000723 0.0000000653 
0.0000001071 0.0000000723 0.0000000653 
0.0000001071 0.0000000724 0.0000000654 
0.0000001071 0.0000000724 0.0000000654 
0.0000001071 0.0000000725 0.0000000655 
0.0000001071 0.0000000725 0.0000000655 
0.0000001071 0.0000000726 0.0000000655 
0.0000001071 0.0000000726 0.0000000656 
0.0000001071 0.0000000727 0.0000000656 
0.0000001071 0.0000000727 0.0000000656 
0.0000001071 0.0000000728 0.0000000657 
0.0000001071 0.0000000728 0.0000000657 
0.0000001071 0.0000000728 0.0000000658 
0.0000001071 0.0000000729 0.0000000658 
0.0000001071 0.0000000729 0.0000000658 
0.0000001070 0.0000000730 0.0000000659 
0.0000001070 0.0000000730 0.0000000659 
0.0000001070 0.0000000730 0.0000000659 
0.0000001070 0.0000000730 0.0000000659 
0.0000001069 0.0000000731 0.0000000659 
0.0000001069 0.0000000731 0.0000000660 
0.0000001069 0.0000000731 0.0000000660 
0.0000001069 0.0000000731 0.0000000660 
0.0000001068 0.0000000732 0.0000000660 
0.0000001068 0.0000000732 0.0000000660 
0.0000001068 0.0000000732 0.0000000660 
0.0000001068 0.0000000732 0.0000000661 
0.0000001068 0.0000000732 0.0000000661 
0.0000001068 0.0000000732 0.0000000661 
0.0000001068 0.0000000732 0.0000000661 
0.0000001068 0.0000000733 0.0000000661 
0.0000001068 0.0000000733 0.0000000661 
0.0000001068 0.0000000733 0.0000000661 
0.0000001068 0.0000000733 0.0000000661 
0.0000001068 0.0000000733 0.0000000661 
0.0000001068 0.0000000733 0.0000000661 
0.0000001068 0.0000000733 0.0000000661 
0.0000001068 0.0000000733 0.0000000661 
0.0000001068 0.0000000733 0.0000000661 
0.0000001068 0.0000000733 0.0000000661 
0.0000001069 0.0000000733 0.0000000661 
0.0000001069 0.0000000733 0.0000000661 
0.0000001069 0.0000000733 0.0000000661 
0.0000001069 0.0000000733 0.0000000661 
0.0000001069 0.0000000733 0.0000000661 
0.0000001070 0.0000000733 0.0000000661 
0.0000001070 0.0000000733 0.0000000661 
0.0000001070 0.0000000733 0.0000000661 
0.0000001071 0.0000000733 0.0000000661 
0.0000001071 0.0000000733 0.0000000661 
0.0000001071 0.0000000733 0.0000000661 
0.0000001071 0.0000000733 0.0000000661 
0.0000001071 0.0000000732 0.0000000660 
0.0000001071 0.0000000732 0.0000000660 
0.0000001071 0.0000000731 0.0000000660 
0.0000001070 0.0000000731 0.0000000659 
0.0000001070 0.0000000730 0.0000000659 
0.0000001070 0.0000000729 0.0000000658 
0.0000001069 0.0000000729 0.0000000658 
0.0000001069 0.0000000728 0.0000000657 
0.0000001068 0.0000000727 0.0000000657 
0.0000001068 0.0000000727 0.0000000656 
0.0000001067 0.0000000726 0.0000000655 
0.0000001067 0.0000000725 0.0000000655 
0.0000001066 0.0000000724 0.0000000654 
0.0000001066 0.0000000724 0.0000000654 
0.0000001065 0.0000000723 0.0000000653 
0.0000001065 0.0000000722 0.0000000653 
0.0000001064 0.0000000721 0.0000000652 
0.0000001064 0.0000000721 0.0000000652 
0.0000001063 0.0000000720 0.0000000651 
0.0000001062 0.0000000719 0.0000000650 
0.0000001062 0.0000000718 0.0000000650 
0.0000001061 0.0000000717 0.0000000649 
0.0000001061 0.0000000716 0.0000000649 
0.0000001060 0.0000000715 0.0000000648 
0.0000001059 0.0000000715 0.0000000647 
0.0000001059 0.0000000714 0.0000000647 
0.0000001058 0.0000000713 0.0000000646 
0.0000001058 0.0000000712 0.0000000646 
0.0000001057 0.0000000711 0.0000000645 
0.0000001056 0.0000000710 0.0000000644 
0.0000001056 0.0000000709 0.0000000644 
0.0000001055 0.0000000708 0.0000000643 
0.0000001055 0.0000000708 0.0000000643 
0.0000001055 0.0000000707 0.0000000642 
0.0000001054 0.0000000706 0.0000000642 
0.0000001054 0.0000000705 0.0000000641 
0.0000001054 0.0000000705 0.0000000641 
0.0000001053 0.0000000704 0.0000000640 
0.0000001053 0.0000000703 0.0000000640 
0.0000001053 0.0000000702 0.0000000639 
0.0000001052 0.0000000701 0.0000000639 
0.0000001052 0.0000000701 0.0000000638 
0.0000001051 0.0000000700 0.0000000637 
0.0000001051 0.0000000699 0.0000000637 
0.0000001051 0.0000000698 0.0000000636 
0.0000001050 0.0000000697 0.0000000636 
0.0000001050 0.0000000696 0.0000000635 
0.0000001049 0.0000000695 0.0000000634 
0.0000001049 0.0000000695 0.0000000634 
0.0000001048 0.0000000694 0.0000000633 
0.0000001048 0.0000000693 0.0000000632 
0.0000001047 0.0000000692 0.0000000632 
0.0000001047 0.0000000691 0.0000000631 
0.0000001046 0.0000000690 0.0000000630 
0.0000001046 0.0000000689 0.0000000630 
0.0000001045 0.0000000688 0.0000000629 
0.0000001044 0.0000000687 0.0000000628 
0.0000001044 0.0000000686 0.0000000627 
0.0000001043 0.0000000685 0.0000000627 
0.0000001042 0.0000000684 0.0000000626 
0.0000001042 0.0000000683 0.0000000625 
0.0000001041 0.0000000682 0.0000000624 
0.0000001040 0.0000000681 0.0000000624 
0.0000001040 0.0000000680 0.0000000623 
0.0000001039 0.0000000679 0.0000000622 
0.0000001038 0.0000000678 0.0000000621 
0.0000001037 0.0000000677 0.0000000621 
0.0000001037 0.0000000676 0.0000000620 
0.0000001036 0.0000000675 0.0000000619 
0.0000001035 0.0000000674 0.0000000618 
0.0000001034 0.0000000673 0.0000000617 
0.0000001033 0.0000000672 0.0000000616 
0.0000001032 0.0000000671 0.0000000616 
0.0000001031 0.0000000670 0.0000000615 
0.0000001030 0.0000000669 0.0000000614 
0.0000001029 0.0000000668 0.0000000613 
0.0000001029 0.0000000667 0.0000000612 
0.0000001028 0.0000000666 0.0000000611 
0.0000001027 0.0000000665 0.0000000610 
0.0000001025 0.0000000664 0.0000000609 
0.0000001024 0.0000000663 0.0000000608 
0.0000001023 0.0000000661 0.0000000608 
0.0000001022 0.0000000660 0.0000000607 
0.0000001021 0.0000000659 0.0000000606 
0.0000001020 0.0000000658 0.0000000605 
0.0000001018 0.0000000657 0.0000000604 
0.0000001017 0.0000000656 0.0000000603 
0.0000001016 0.0000000655 0.0000000602 
0.0000001014 0.0000000654 0.0000000601 
0.0000001013 0.0000000653 0.0000000600 
0.0000001011 0.0000000652 0.0000000599 
0.0000001010 0.0000000651 0.0000000598 
0.0000001008 0.0000000650 0.0000000598 
0.0000001006 0.0000000649 0.0000000597 
0.0000001005 0.0000000648 0.0000000596 
0.0000001003 0.0000000647 0.0000000595 
0.0000001001 0.0000000646 0.0000000594 
0.0000000999 0.0000000645 0.0000000593 
0.0000000998 0.0000000645 0.0000000592 
0.0000000996 0.0000000643 0.0000000591 
0.0000000993 0.0000000642 0.0000000590 
0.0000000991 0.0000000641 0.0000000589 
0.0000000988 0.0000000639 0.0000000587 
0.0000000985 0.0000000638 0.0000000586 
0.0000000982 0.0000000636 0.0000000585 
0.0000000979 0.0000000634 0.0000000584 
0.0000000976 0.0000000633 0.0000000582 
0.0000000974 0.0000000631 0.0000000581 
0.0000000971 0.0000000630 0.0000000580 
0.0000000968 0.0000000628 0.0000000578 
0.0000000965 0.0000000627 0.0000000577 
0.0000000962 0.0000000625 0.0000000576 
0.0000000960 0.0000000623 0.0000000575 
0.0000000957 0.0000000622 0.0000000573 
0.0000000954 0.0000000620 0.0000000572 
0.0000000951 0.0000000619 0.0000000571 
0.0000000948 0.0000000617 0.0000000569 
0.0000000945 0.0000000615 0.0000000568 
0.0000000942 0.0000000613 0.0000000567 
0.0000000939 0.0000000612 0.0000000565 
0.0000000936 0.0000000610 0.0000000564 
0.0000000933 0.0000000608 0.0000000562 
0.0000000930 0.0000000606 0.0000000561 
0.0000000926 0.0000000604 0.0000000560 
0.0000000923 0.0000000602 0.0000000558 
0.0000000920 0.0000000600 0.0000000557 
0.0000000916 0.0000000598 0.0000000555 
0.0000000913 0.0000000596 0.0000000554 
0.0000000909 0.0000000594 0.0000000552 
0.0000000906 0.0000000592 0.0000000551 
0.0000000902 0.0000000590 0.0000000549 
0.0000000898 0.0000000588 0.0000000547 
0.0000000894 0.0000000585 0.0000000546 
0.0000000891 0.0000000583 0.0000000544 
0.0000000887 0.0000000581 0.0000000543 
0.0000000883 0.0000000579 0.0000000541 
0.0000000879 0.0000000576 0.0000000539 
0.0000000875 0.0000000574 0.0000000538 
0.0000000870 0.0000000572 0.0000000536 
0.0000000866 0.0000000569 0.0000000534 
0.0000000862 0.0000000567 0.0000000533 
0.0000000858 0.0000000564 0.0000000531 
0.0000000853 0.0000000562 0.0000000529 
0.0000000849 0.0000000559 0.0000000528 
0.0000000845 0.0000000557 0.0000000526 
0.0000000840 0.0000000554 0.0000000524 
0.0000000836 0.0000000552 0.0000000523 
0.0000000831 0.0000000549 0.0000000521 
0.0000000826 0.0000000546 0.0000000519 
0.0000000822 0.0000000544 0.0000000517 
0.0000000817 0.0000000541 0.0000000515 
0.0000000812 0.0000000538 0.0000000514 
0.0000000807 0.0000000535 0.0000000512 
0.0000000803 0.0000000533 0.0000000510 
0.0000000798 0.0000000530 0.0000000508 
0.0000000793 0.0000000527 0.0000000506 
0.0000000788 0.0000000524 0.0000000505 
0.0000000783 0.0000000522 0.0000000503 
0.0000000778 0.0000000519 0.0000000501 
0.0000000773 0.0000000516 0.0000000499 
0.0000000768 0.0000000513 0.0000000497 
0.0000000763 0.0000000510 0.0000000495 
0.0000000758 0.0000000507 0.0000000493 
0.0000000753 0.0000000504 0.0000000492 
0.0000000748 0.0000000501 0.0000000490 
0.0000000743 0.0000000498 0.0000000488 
0.0000000738 0.0000000496 0.0000000486 
0.0000000733 0.0000000493 0.0000000484 
0.0000000728 0.0000000490 0.0000000482 
0.0000000723 0.0000000487 0.0000000480 
0.0000000717 0.0000000484 0.0000000478 
0.0000000712 0.0000000481 0.0000000476 
0.0000000707 0.0000000478 0.0000000474 
0.0000000702 0.0000000475 0.0000000473 
0.0000000697 0.0000000472 0.0000000471 
0.0000000692 0.0000000469 0.0000000469 
0.0000000687 0.0000000466 0.0000000467 
0.0000000681 0.0000000463 0.0000000465 
0.0000000676 0.0000000460 0.0000000463 
0.0000000671 0.0000000457 0.0000000461 
0.0000000666 0.0000000454 0.0000000459 
0.0000000661 0.0000000451 0.0000000457 
0.0000000656 0.0000000449 0.0000000455 
0.0000000651 0.0000000446 0.0000000453 
0.0000000645 0.0000000443 0.0000000452 
0.0000000640 0.0000000440 0.0000000450 
0.0000000635 0.0000000437 0.0000000448 
0.0000000630 0.0000000435 0.0000000446 
0.0000000625 0.0000000432 0.0000000444 
0.0000000620 0.0000000429 0.0000000442 
0.0000000615 0.0000000427 0.0000000441 
0.0000000610 0.0000000424 0.0000000439 
0.0000000605 0.0000000421 0.0000000437 
0.0000000600 0.0000000419 0.0000000435 
0.0000000595 0.0000000416 0.0000000433 
0.0000000591 0.0000000414 0.0000000432 
0.0000000586 0.0000000411 0.0000000430 
0.0000000581 0.0000000409 0.0000000428 
0.0000000576 0.0000000406 0.0000000426 
0.0000000571 0.0000000404 0.0000000425 
0.0000000566 0.0000000401 0.0000000423 
0.0000000562 0.0000000399 0.0000000421 
0.0000000557 0.0000000396 0.0000000419 
0.0000000552 0.0000000394 0.0000000418 
0.0000000548 0.0000000391 0.0000000416 
0.0000000543 0.0000000389 0.0000000414 
0.0000000538 0.0000000387 0.0000000413 
0.0000000534 0.0000000384 0.0000000411 
0.0000000529 0.0000000382 0.0000000409 
0.0000000525 0.0000000379 0.0000000407 
0.0000000520 0.0000000377 0.0000000406 
0.0000000516 0.0000000374 0.0000000404 
0.0000000512 0.0000000372 0.0000000402 
0.0000000507 0.0000000370 0.0000000401 
0.0000000503 0.0000000367 0.0000000399 
0.0000000499 0.0000000365 0.0000000397 
0.0000000494 0.0000000362 0.0000000396 
0.0000000490 0.0000000360 0.0000000394 
0.0000000486 0.0000000357 0.0000000392 
0.0000000482 0.0000000355 0.0000000391 
0.0000000478 0.0000000353 0.0000000389 
0.0000000474 0.0000000350 0.0000000388 
0.0000000470 0.0000000348 0.0000000386 
0.0000000466 0.0000000345 0.0000000384 
0.0000000462 0.0000000343 0.0000000383 
0.0000000458 0.0000000341 0.0000000381 
0.0000000454 0.0000000338 0.0000000379 
0.0000000450 0.0000000336 0.0000000378 
0.0000000447 0.0000000333 0.0000000376 
0.0000000443 0.0000000331 0.0000000375 
0.0000000439 0.0000000328 0.0000000373 
0.0000000435 0.0000000326 0.0000000371 
0.0000000432 0.0000000324 0.0000000370 
0.0000000428 0.0000000321 0.0000000368 
0.0000000424 0.0000000319 0.0000000366 
0.0000000421 0.0000000316 0.0000000365 
0.0000000417 0.0000000314 0.0000000363 
0.0000000413 0.0000000312 0.0000000361 
0.0000000410 0.0000000309 0.0000000360 
0.0000000406 0.0000000307 0.0000000358 
0.0000000403 0.0000000305 0.0000000356 
0.0000000400 0.0000000302 0.0000000355 
0.0000000396 0.0000000300 0.0000000353 
0.0000000393 0.0000000298 0.0000000352 
0.0000000390 0.0000000295 0.0000000350 
0.0000000386 0.0000000293 0.0000000348 
0.0000000383 0.0000000291 0.0000000347 
0.0000000380 0.0000000288 0.0000000345 
0.0000000377 0.0000000286 0.0000000344 
0.0000000374 0.0000000284 0.0000000342 
0.0000000371 0.0000000282 0.0000000340 
0.0000000368 0.0000000280 0.0000000339 
0.0000000365 0.0000000277 0.0000000337 
0.0000000362 0.0000000275 0.0000000335 
0.0000000360 0.0000000273 0.0000000334 
0.0000000357 0.0000000271 0.0000000332 
0.0000000354 0.0000000268 0.0000000331 
0.0000000352 0.0000000266 0.0000000329 
0.0000000349 0.0000000264 0.0000000327 
0.0000000347 0.0000000262 0.0000000326 
0.0000000344 0.0000000260 0.0000000324 
0.0000000342 0.0000000258 0.0000000322 
0.0000000339 0.0000000255 0.0000000321 
0.0000000337 0.0000000253 0.0000000319 
0.0000000335 0.0000000251 0.0000000317 
0.0000000332 0.0000000249 0.0000000316 
0.0000000330 0.0000000247 0.0000000314 
0.0000000328 0.0000000245 0.0000000312 
0.0000000325 0.0000000243 0.0000000311 
0.0000000323 0.0000000241 0.0000000309 
0.0000000321 0.0000000238 0.0000000307 
0.0000000318 0.0000000236 0.0000000306 
0.0000000316 0.0000000234 0.0000000304 
0.0000000314 0.0000000232 0.0000000302 
0.0000000312 0.0000000230 0.0000000301 
0.0000000309 0.0000000228 0.0000000299 
0.0000000307 0.0000000226 0.0000000297 
0.0000000305 0.0000000224 0.0000000296 
0.0000000302 0.0000000222 0.0000000294 
0.0000000300 0.0000000220 0.0000000292 
0.0000000298 0.0000000218 0.0000000290 
0.0000000295 0.0000000216 0.0000000289 
0.0000000293 0.0000000214 0.0000000287 
0.0000000291 0.0000000212 0.0000000285 
0.0000000288 0.0000000210 0.0000000284 
0.0000000286 0.0000000208 0.0000000282 
0.0000000283 0.0000000206 0.0000000280 
0.0000000281 0.0000000204 0.0000000278 
0.0000000279 0.0000000202 0.0000000276 
0.0000000276 0.0000000201 0.0000000275 
0.0000000274 0.0000000199 0.0000000273 
0.0000000271 0.0000000197 0.0000000271 
0.0000000269 0.0000000195 0.0000000269 
0.0000000267 0.0000000193 0.0000000267 
0.0000000264 0.0000000191 0.0000000266 
0.0000000262 0.0000000189 0.0000000264 
0.0000000259 0.0000000187 0.0000000262 
0.0000000257 0.0000000185 0.0000000260 
0.0000000254 0.0000000183 0.0000000258 
0.0000000252 0.0000000181 0.0000000256 
0.0000000249 0.0000000180 0.0000000255 
0.0000000247 0.0000000178 0.0000000253 
0.0000000244 0.0000000176 0.0000000251 
0.0000000242 0.0000000174 0.0000000249 
0.0000000239 0.0000000172 0.0000000247 
0.0000000237 0.0000000170 0.0000000245 
0.0000000234 0.0000000168 0.0000000243 
0.0000000232 0.0000000166 0.0000000241 
0.0000000229 0.0000000165 0.0000000239 
0.0000000227 0.0000000163 0.0000000238 
0.0000000224 0.0000000161 0.0000000236 
0.0000000222 0.0000000159 0.0000000234 
0.0000000220 0.0000000157 0.0000000232 
0.0000000217 0.0000000155 0.0000000230 
0.0000000215 0.0000000154 0.0000000228 
0.0000000212 0.0000000152 0.0000000226 
0.0000000210 0.0000000150 0.0000000224 
0.0000000207 0.0000000148 0.0000000222 
0.0000000205 0.0000000147 0.0000000220 
0.0000000202 0.0000000145 0.0000000218 
0.0000000200 0.0000000143 0.0000000216 
0.0000000197 0.0000000141 0.0000000214 
0.0000000195 0.0000000139 0.0000000212 
0.0000000193 0.0000000138 0.0000000210 
0.0000000190 0.0000000136 0.0000000208 
0.0000000188 0.0000000134 0.0000000206 
0.0000000188 0.0000000134 0.0000000206 
0.0000000188 0.0000000134 0.0000000206 
0.0000000188 0.0000000134 0.0000000206 
0.0000000188 0.0000000134 0.0000000206 
0.0000000188 0.0000000134 0.0000000206 
0.0000000188 0.0000000134 0.0000000206 
0.0000000188 0.0000000134 0.0000000206 
0.0000000188 0.0000000134 0.0000000206 
0.0000000188 0.0000000134 0.0000000206 
0.0000000188 0.0000000134 0.0000000206 
0.0000000188 0.0000000134 0.0000000206 
0.0000000188 0.0000000134 0.0000000206 
0.0000000188 0.0000000134 0.0000000206 
0.0000000188 0.0000000134 0.0000000206 
0.0000000188 0.0000000134 0.0000000206 
0.0000000188 0.0000000134 0.0000000206 
0.0000000188 0.0000000134 0.0000000206 
0.0000000188 0.0000000134 0.0000000206 
0.0000000188 0.0000000134 0.0000000206 
0.0000000188 0.0000000134 0.0000000206 
0.0000000188 0.0000000134 0.0000000206 
0.0000000188 0.0000000134 0.0000000206 
0.0000000188 0.0000000134 0.0000000206 
0.0000000188 0.0000000134 0.0000000206 
0.0000000188 0.0000000134 0.0000000206 
0.0000000188 0.0000000134 0.0000000206 
0.0000000188 0.0000000134 0.0000000206 
0.0000000188 0.0000000134 0.0000000206 
0.0000000188 0.0000000134 0.0000000206 
0.0000000188 0.0000000134 0.0000000206 
0.0000000188 0.0000000134 0.0000000206 
0.0000000188 0.0000000134 0.0000000206 
0.0000000188 0.0000000134 0.0000000206 
0.0000000188 0.0000000134 0.0000000206 
0.0000000188 0.0000000134 0.0000000206 
0.0000000188 0.0000000134 0.0000000206 
0.0000000188 0.0000000134 0.0000000206 
0.0000000188 0.0000000134 0.0000000206 
0.0000000188 0.0000000134 0.0000000206 
0.0000000188 0.0000000134 0.0000000206 
0.0000000188 0.0000000134 0.0000000206 
0.0000000188 0.0000000134 0.0000000206 
0.0000000188 0.0000000134 0.0000000206 
0.0000000188 0.0000000134 0.0000000206 
0.0000000188 0.0000000134 0.0000000206 
0.0000000188 0.0000000134 0.0000000206 
0.0000000188 0.0000000134 0.0000000206 
0.0000000188 0.0000000134 0.0000000206 
0.0000000188 0.0000000134 0.0000000206 
0.0000000188 0.0000000134 0.0000000206 
0.0000000188 0.0000000134 0.0000000206 
0.0000000188 0.0000000134 0.0000000206 
0.0000000188 0.0000000134 0.0000000206 
0.0000000188 0.0000000134 0.0000000206 
0.0000000188 0.0000000134 0.0000000206 
0.0000000188 0.0000000134 0.0000000206 
0.0000000188 0.0000000134 0.0000000206 
0.0000000188 0.0000000134 0.0000000206 
0.0000000188 0.0000000134 0.0000000206 
0.0000000188 0.0000000134 0.0000000206 
0.0000000188 0.0000000134 0.0000000206 
0.0000000188 0.0000000134 0.0000000206 
0.0000000188 0.0000000134 0.0000000206 
0.0000000188 0.0000000134 0.0000000206 
0.0000000188 0.0000000134 0.0000000206 
0.0000000188 0.0000000134 0.0000000206 
0.0000000188 0.0000000134 0.0000000206 
0.0000000188 0.0000000134 0.0000000206 
0.0000000188 0.0000000134 0.0000000206 
0.0000000188 0.0000000134 0.0000000206 
0.0000000188 0.0000000134 0.0000000206 
0.0000000188 0.0000000134 0.0000000206 
0.0000000188 0.0000000134 0.0000000206 
0.0000000188 0.0000000134 0.0000000206 
0.0000000188 0.0000000134 0.0000000206 
0.0000000188 0.0000000134 0.0000000206 
0.0000000188 0.0000000134 0.0000000206 
0.0000000188 0.0000000134 0.0000000206 
0.0000000188 0.0000000134 0.0000000206 
0.0000000188 0.0000000134 0.0000000206 
0.0000000188 0.0000000134 0.0000000206 
0.0000000188 0.0000000134 0.0000000206 
0.0000000188 0.0000000134 0.0000000206 
0.0000000188 0.0000000134 0.0000000206 
0.0000000188 0.0000000134 0.0000000206 
0.0000000188 0.0000000134 0.0000000206 
0.0000000188 0.0000000134 0.0000000206 
0.0000000188 0.0000000134 0.0000000206 
0.0000000188 0.0000000134 0.0000000206 
0.0000000188 0.0000000134 0.0000000206 
0.0000000188 0.0000000134 0.0000000206 
0.0000000188 0.0000000134 0.0000000206 
0.0000000188 0.0000000134 0.0000000206 
0.0000000188 0.0000000134 0.0000000206 
0.0000000188 0.0000000134 0.0000000206 
0.0000000188 0.0000000134 0.0000000206 
0.0000000188 0.0000000134 0.0000000206 
0.0000000188 0.0000000134 0.0000000206 
0.0000000188 0.0000000134 0.0000000206 
0.0000000188 0.0000000134 0.0000000206 
0.0000000188 0.0000000134 0.0000000206 
0.0000000188 0.0000000134 0.0000000206 
0.0000000188 0.0000000134 0.0000000206 
0.0000000188 0.0000000134 0.0000000206 
0.0000000188 0.0000000134 0.0000000206 
0.0000000188 0.0000000134 0.0000000206 
0.0000000188 0.0000000134 0.0000000206 
0.0000000188 0.0000000134 0.0000000206 
0.0000000188 0.0000000134 0.0000000206 
0.0000000188 0.0000000134 0.0000000206 
0.0000000188 0.0000000134 0.0000000206 
0.0000000188 0.0000000134 0.0000000206 
0.0000000188 0.0000000134 0.0000000206 
0.0000000188 0.0000000134 0.0000000206 
0.0000000188 0.0000000134 0.0000000206 
0.0000000188 0.0000000134 0.0000000206 
0.0000000188 0.0000000134 0.0000000206 
0.0000000188 0.0000000134 0.0000000206 
0.0000000188 0.0000000134 0.0000000206 
0.0000000188 0.0000000134 0.0000000206 
0.0000000188 0.0000000134 0.0000000206 
0.0000000188 0.0000000134 0.0000000206 
0.0000000188 0.0000000134 0.0000000206 
0.0000000188 0.0000000134 0.0000000206 
0.0000000188 0.0000000134 0.0000000206 
0.0000000188 0.0000000134 0.0000000206 
0.0000000188 0.0000000134 0.0000000206 
0.0000000188 0.0000000134 0.0000000206 
0.0000000188 0.0000000134 0.0000000206 
0.0000000188 0.0000000134 0.0000000206 
0.0000000188 0.0000000134 0.0000000206 
0.0000000188 0.0000000134 0.0000000206 
0.0000000188 0.0000000134 0.0000000206 
0.0000000188 0.0000000134 0.0000000206 
0.0000000188 0.0000000134 0.0000000206 
0.0000000188 0.0000000134 0.0000000206 
0.0000000188 0.0000000134 0.0000000206 
0.0000000188 0.0000000134 0.0000000206 
0.0000000188 0.0000000134 0.0000000206 
0.0000000188 0.0000000134 0.0000000206 
0.0000000188 0.0000000134 0.0000000206 
0.0000000188 0.0000000134 0.0000000206 
0.0000000188 0.0000000134 0.0000000206 
0.0000000188 0.0000000134 0.0000000206 
0.0000000188 0.0000000134 0.0000000206 
0.0000000188 0.0000000134 0.0000000206 
0.0000000188 0.0000000134 0.0000000206 
0.0000000188 0.0000000134 0.0000000206 
0.0000000188 0.0000000134 0.0000000206 
0.0000000188 0.0000000134 0.0000000206 
0.0000000188 0.0000000134 0.0000000206 
0.0000000188 0.0000000134 0.0000000206 
0.0000000188 0.0000000134 0.0000000206 
0.0000000188 0.0000000134 0.0000000206 
0.0000000188 0.0000000134 0.0000000206 
0.0000000188 0.0000000134 0.0000000206 
0.0000000188 0.0000000134 0.0000000206 
0.0000000188 0.0000000134 0.0000000206 
0.0000000188 0.0000000134 0.0000000206 
0.0000000188 0.0000000134 0.0000000206 
0.0000000188 0.0000000134 0.0000000206 
0.0000000188 0.0000000134 0.0000000206 
0.0000000188 0.0000000134 0.0000000206 
0.0000000188 0.0000000134 0.0000000206 
0.0000000188 0.0000000134 0.0000000206 
0.0000000188 0.0000000134 0.0000000206 
0.0000000188 0.0000000134 0.0000000206 
0.0000000188 0.0000000134 0.0000000206 
0.0000000188 0.0000000134 0.0000000206 
0.0000000188 0.0000000134 0.0000000206 
0.0000000188 0.0000000134 0.0000000206 
0.0000000188 0.0000000134 0.0000000206 
0.0000000188 0.0000000134 0.0000000206 
0.0000000188 0.0000000134 0.0000000206 
0.0000000188 0.0000000134 0.0000000206 
0.0000000188 0.0000000134 0.0000000206 
0.0000000188 0.0000000134 0.0000000206 
0.0000000188 0.0000000134 0.0000000206 
0.0000000188 0.0000000134 0.0000000206 
0.0000000188 0.0000000134 0.0000000206 
0.0000000188 0.0000000134 0.0000000206 
0.0000000188 0.0000000134 0.0000000206 
0.0000000188 0.0000000134 0.0000000206 
0.0000000188 0.0000000134 0.0000000206 
0.0000000188 0.0000000134 0.0000000206 
0.0000000188 0.0000000134 0.0000000206 
0.0000000188 0.0000000134 0.0000000206 
0.0000000188 0.0000000134 0.0000000206 
0.0000000188 0.0000000134 0.0000000206 
0.0000000188 0.0000000134 0.0000000206 
0.0000000188 0.0000000134 0.0000000206 
0.0000000188 0.0000000134 0.0000000206 
0.0000000188 0.0000000134 0.0000000206 
0.0000000188 0.0000000134 0.0000000206 
0.0000000188 0.0000000134 0.0000000206 
0.0000000188 0.0000000134 0.0000000206 
0.0000000188 0.0000000134 0.0000000206 
0.0000000188 0.0000000134 0.0000000206 
0.0000000188 0.0000000134 0.0000000206 
0.0000000188 0.0000000134 0.0000000206 
0.0000000188 0.0000000134 0.0000000206 
0.0000000188 0.0000000134 0.0000000206 
0.0000000188 0.0000000134 0.0000000206 
0.0000000188 0.0000000134 0.0000000206 
0.0000000188 0.0000000134 0.0000000206 
0.0000000188 0.0000000134 0.0000000206 
0.0000000188 0.0000000134 0.0000000206 
0.0000000188 0.0000000134 0.0000000206 
0.0000000188 0.0000000134 0.0000000206 
0.0000000188 0.0000000134 0.0000000206 
0.0000000188 0.0000000134 0.0000000206 
0.0000000188 0.0000000134 0.0000000206 
0.0000000188 0.0000000134 0.0000000206 
0.0000000188 0.0000000134 0.0000000206 
0.0000000188 0.0000000134 0.0000000206 
0.0000000188 0.0000000134 0.0000000206 
0.0000000188 0.0000000134 0.0000000206 
0.0000000188 0.0000000134 0.0000000206 
0.0000000188 0.0000000134 0.0000000206 
0.0000000188 0.0000000134 0.0000000206 
0.0000000188 0.0000000134 0.0000000206 
0.0000000188 0.0000000134 0.0000000206 
0.0000000188 0.0000000134 0.0000000206 
0.0000000188 0.0000000134 0.0000000206 
0.0000000188 0.0000000134 0.0000000206 
0.0000000188 0.0000000134 0.0000000206 
0.0000000188 0.0000000134 0.0000000206 
0.0000000188 0.0000000134 0.0000000206 
0.0000000188 0.0000000134 0.0000000206 
0.0000000188 0.0000000134 0.0000000206 
0.0000000188 0.0000000134 0.0000000206 
0.0000000188 0.0000000134 0.0000000206 
0.0000000188 0.0000000134 0.0000000206 
0.0000000188 0.0000000134 0.0000000206 
0.0000000188 0.0000000134 0.0000000206 
0.0000000188 0.0000000134 0.0000000206 
0.0000000188 0.0000000134 0.0000000206 
0.0000000188 0.0000000134 0.0000000206 
0.0000000188 0.0000000134 0.0000000206 
0.0000000188 0.0000000134 0.0000000206 
0.0000000188 0.0000000134 0.0000000206 
0.0000000188 0.0000000134 0.0000000206 
0.0000000188 0.0000000134 0.0000000206 
0.0000000188 0.0000000134 0.0000000206 
0.0000000188 0.0000000134 0.0000000206 
0.0000000188 0.0000000134 0.0000000206 
0.0000000188 0.0000000134 0.0000000206 
0.0000000188 0.0000000134 0.0000000206 
0.0000000188 0.0000000134 0.0000000206 
0.0000000188 0.0000000134 0.0000000206 
0.0000000188 0.0000000134 0.0000000206 
0.0000000188 0.0000000134 0.0000000206 
0.0000000188 0.0000000134 0.0000000206 
0.0000000188 0.0000000134 0.0000000206 
0.0000000188 0.0000000134 0.0000000206 
0.0000000188 0.0000000134 0.0000000206 
0.0000000188 0.0000000134 0.0000000206 
0.0000000188 0.0000000134 0.0000000206 
0.0000000188 0.0000000134 0.0000000206 
