0.0000003397 0.0000003852 0.0000011083 
0.0000003619 0.0000003819 0.0000010561 
0.0000003827 0.0000003787 0.0000010066 
0.0000004021 0.0000003758 0.0000009597 
0.0000004201 0.0000003729 0.0000009152 
0.0000004367 0.0000003702 0.0000008729 
0.0000004520 0.0000003677 0.0000008327 
0.0000004660 0.0000003652 0.0000007943 
0.0000004790 0.0000003630 0.0000007575 
0.0000004909 0.0000003608 0.0000007224 
0.0000005019 0.0000003588 0.0000006887 
0.0000005119 0.0000003570 0.0000006564 
0.0000005212 0.0000003552 0.0000006255 
0.0000005297 0.0000003535 0.0000005957 
0.0000005376 0.0000003520 0.0000005670 
0.0000005449 0.0000003505 0.0000005393 
0.0000005518 0.0000003491 0.0000005127 
0.0000005583 0.0000003478 0.0000004869 
0.0000005644 0.0000003465 0.0000004620 
0.0000005702 0.0000003454 0.0000004378 
0.0000005757 0.0000003443 0.0000004144 
0.0000005808 0.0000003432 0.0000003917 
0.0000005857 0.0000003422 0.0000003697 
0.0000005904 0.0000003414 0.0000003483 
0.0000005949 0.0000003406 0.0000003275 
0.0000005993 0.0000003398 0.0000003073 
0.0000006036 0.0000003391 0.0000002877 
0.0000006078 0.0000003385 0.0000002686 
0.0000006119 0.0000003379 0.0000002500 
0.0000006161 0.0000003373 0.0000002320 
0.0000006202 0.0000003368 0.0000002144 
0.0000006244 0.0000003364 0.0000001973 
0.0000006287 0.0000003359 0.0000001808 
0.0000006287 0.0000003359 0.0000001808 
0.0000006287 0.0000003359 0.0000001808 
0.0000006287 0.0000003359 0.0000001808 
0.0000006287 0.0000003359 0.0000001808 
0.0000006287 0.0000003359 0.0000001808 
0.0000006287 0.0000003359 0.0000001808 
0.0000006287 0.0000003359 0.0000001808 
0.0000006287 0.0000003359 0.0000001808 
0.0000006287 0.0000003359 0.0000001808 
0.0000006287 0.0000003359 0.0000001808 
0.0000006287 0.0000003359 0.0000001808 
0.0000006287 0.0000003359 0.0000001808 
0.0000006287 0.0000003359 0.0000001808 
0.0000006287 0.0000003359 0.0000001808 
0.0000006287 0.0000003359 0.0000001808 
0.0000006287 0.0000003359 0.0000001808 
0.0000006287 0.0000003359 0.0000001808 
0.0000006287 0.0000003359 0.0000001808 
0.0000006287 0.0000003359 0.0000001808 
0.0000006287 0.0000003359 0.0000001808 
0.0000006287 0.0000003359 0.0000001808 
0.0000006287 0.0000003359 0.0000001808 
0.0000006287 0.0000003359 0.0000001808 
0.0000006287 0.0000003359 0.0000001808 
0.0000006287 0.0000003359 0.0000001808 
0.0000006333 0.0000003370 0.0000001793 
0.0000006333 0.0000003370 0.0000001793 
0.0000006370 0.0000003384 0.0000001801 
0.0000006406 0.0000003401 0.0000001806 
0.0000006443 0.0000003427 0.0000001846 
0.0000006483 0.0000003450 0.0000001877 
0.0000006527 0.0000003470 0.0000001902 
0.0000006576 0.0000003488 0.0000001923 
0.0000006629 0.0000003503 0.0000001942 
0.0000006685 0.0000003517 0.0000001959 
0.0000006743 0.0000003529 0.0000001974 
0.0000006804 0.0000003541 0.0000001988 
0.0000006867 0.0000003551 0.0000002001 
0.0000006933 0.0000003561 0.0000002014 
0.0000007001 0.0000003570 0.0000002026 
0.0000007072 0.0000003577 0.0000002038 
0.0000007146 0.0000003583 0.0000002049 
0.0000007221 0.0000003589 0.0000002060 
0.0000007298 0.0000003595 0.0000002070 
0.0000007376 0.0000003600 0.0000002080 
0.0000007452 0.0000003605 0.0000002088 
0.0000007529 0.0000003610 0.0000002094 
0.0000007604 0.0000003616 0.0000002100 
0.0000007678 0.0000003622 0.0000002104 
0.0000007750 0.0000003629 0.0000002106 
0.0000007820 0.0000003636 0.0000002107 
0.0000007888 0.0000003644 0.0000002108 
0.0000007955 0.0000003652 0.0000002106 
0.0000008020 0.0000003660 0.0000002104 
0.0000008084 0.0000003669 0.0000002100 
0.0000008147 0.0000003678 0.0000002096 
0.0000008208 0.0000003688 0.0000002091 
0.0000008268 0.0000003697 0.0000002085 
0.0000008327 0.0000003707 0.0000002078 
0.0000008384 0.0000003717 0.0000002071 
0.0000008441 0.0000003727 0.0000002062 
0.0000008496 0.0000003737 0.0000002053 
0.0000008549 0.0000003746 0.0000002043 
0.0000008602 0.0000003756 0.0000002033 
0.0000008653 0.0000003766 0.0000002022 
0.0000008703 0.0000003776 0.0000002011 
0.0000008752 0.0000003785 0.0000001999 
0.0000008799 0.0000003795 0.0000001987 
0.0000008846 0.0000003804 0.0000001974 
0.0000008892 0.0000003814 0.0000001961 
0.0000008937 0.0000003823 0.0000001947 
0.0000008981 0.0000003833 0.0000001934 
0.0000009025 0.0000003843 0.0000001921 
0.0000009068 0.0000003852 0.0000001908 
0.0000009111 0.0000003862 0.0000001895 
0.0000009154 0.0000003872 0.0000001883 
0.0000009196 0.0000003882 0.0000001871 
0.0000009238 0.0000003892 0.0000001859 
0.0000009279 0.0000003902 0.0000001847 
0.0000009319 0.0000003912 0.0000001835 
0.0000009359 0.0000003922 0.0000001824 
0.0000009399 0.0000003932 0.0000001814 
0.0000009438 0.0000003942 0.0000001804 
0.0000009477 0.0000003951 0.0000001795 
0.0000009516 0.0000003961 0.0000001787 
0.0000009555 0.0000003971 0.0000001779 
0.0000009594 0.0000003981 0.0000001773 
0.0000009633 0.0000003991 0.0000001767 
0.0000009671 0.0000004000 0.0000001762 
0.0000009710 0.0000004010 0.0000001758 
0.0000009748 0.0000004020 0.0000001755 
0.0000009787 0.0000004029 0.0000001754 
0.0000009825 0.0000004039 0.0000001753 
0.0000009864 0.0000004049 0.0000001754 
0.0000009902 0.0000004059 0.0000001756 
0.0000009941 0.0000004069 0.0000001759 
0.0000009980 0.0000004079 0.0000001763 
0.0000010018 0.0000004089 0.0000001769 
0.0000010057 0.0000004099 0.0000001775 
0.0000010095 0.0000004109 0.0000001782 
0.0000010133 0.0000004118 0.0000001789 
0.0000010170 0.0000004128 0.0000001798 
0.0000010206 0.0000004137 0.0000001806 
0.0000010242 0.0000004147 0.0000001815 
0.0000010277 0.0000004156 0.0000001824 
0.0000010312 0.0000004165 0.0000001834 
0.0000010346 0.0000004173 0.0000001843 
0.0000010380 0.0000004182 0.0000001853 
0.0000010413 0.0000004190 0.0000001863 
0.0000010445 0.0000004198 0.0000001872 
0.0000010477 0.0000004206 0.0000001881 
0.0000010507 0.0000004214 0.0000001890 
0.0000010536 0.0000004222 0.0000001899 
0.0000010564 0.0000004229 0.0000001907 
0.0000010591 0.0000004235 0.0000001915 
0.0000010617 0.0000004242 0.0000001922 
0.0000010641 0.0000004248 0.0000001929 
0.0000010665 0.0000004254 0.0000001935 
0.0000010687 0.0000004260 0.0000001941 
0.0000010707 0.0000004265 0.0000001946 
0.0000010727 0.0000004271 0.0000001951 
0.0000010745 0.0000004276 0.0000001956 
0.0000010762 0.0000004281 0.0000001960 
0.0000010777 0.0000004285 0.0000001963 
0.0000010791 0.0000004290 0.0000001966 
0.0000010804 0.0000004294 0.0000001969 
0.0000010816 0.0000004298 0.0000001972 
0.0000010826 0.0000004301 0.0000001974 
0.0000010835 0.0000004305 0.0000001975 
0.0000010843 0.0000004308 0.0000001977 
0.0000010850 0.0000004311 0.0000001978 
0.0000010856 0.0000004313 0.0000001978 
0.0000010860 0.0000004316 0.0000001978 
0.0000010863 0.0000004318 0.0000001978 
0.0000010865 0.0000004320 0.0000001977 
0.0000010866 0.0000004322 0.0000001976 
0.0000010866 0.0000004323 0.0000001974 
0.0000010865 0.0000004324 0.0000001972 
0.0000010863 0.0000004325 0.0000001970 
0.0000010859 0.0000004326 0.0000001968 
0.0000010855 0.0000004327 0.0000001966 
0.0000010849 0.0000004328 0.0000001963 
0.0000010843 0.0000004328 0.0000001961 
0.0000010835 0.0000004329 0.0000001958 
0.0000010826 0.0000004329 0.0000001956 
0.0000010817 0.0000004329 0.0000001953 
0.0000010807 0.0000004329 0.0000001951 
0.0000010796 0.0000004329 0.0000001949 
0.0000010784 0.0000004329 0.0000001946 
0.0000010772 0.0000004328 0.0000001944 
0.0000010761 0.0000004327 0.0000001941 
0.0000010749 0.0000004326 0.0000001939 
0.0000010737 0.0000004325 0.0000001936 
0.0000010726 0.0000004324 0.0000001934 
0.0000010714 0.0000004322 0.0000001931 
0.0000010702 0.0000004321 0.0000001929 
0.0000010690 0.0000004319 0.0000001926 
0.0000010678 0.0000004316 0.0000001924 
0.0000010665 0.0000004314 0.0000001922 
0.0000010652 0.0000004312 0.0000001920 
0.0000010639 0.0000004309 0.0000001918 
0.0000010625 0.0000004306 0.0000001916 
0.0000010611 0.0000004303 0.0000001914 
0.0000010596 0.0000004299 0.0000001913 
0.0000010580 0.0000004296 0.0000001911 
0.0000010564 0.0000004292 0.0000001910 
0.0000010548 0.0000004288 0.0000001909 
0.0000010531 0.0000004283 0.0000001908 
0.0000010513 0.0000004279 0.0000001907 
0.0000010496 0.0000004274 0.0000001907 
0.0000010477 0.0000004269 0.0000001906 
0.0000010459 0.0000004264 0.0000001906 
0.0000010440 0.0000004258 0.0000001906 
0.0000010420 0.0000004252 0.0000001905 
0.0000010400 0.0000004247 0.0000001905 
0.0000010380 0.0000004240 0.0000001905 
0.0000010359 0.0000004234 0.0000001905 
0.0000010338 0.0000004227 0.0000001905 
0.0000010316 0.0000004220 0.0000001905 
0.0000010295 0.0000004213 0.0000001905 
0.0000010274 0.0000004206 0.0000001905 
0.0000010252 0.0000004199 0.0000001905 
0.0000010230 0.0000004191 0.0000001906 
0.0000010207 0.0000004183 0.0000001905 
0.0000010183 0.0000004174 0.0000001905 
0.0000010160 0.0000004166 0.0000001905 
0.0000010135 0.0000004157 0.0000001905 
0.0000010111 0.0000004148 0.0000001904 
0.0000010086 0.0000004139 0.0000001903 
0.0000010060 0.0000004130 0.0000001903 
0.0000010034 0.0000004120 0.0000001902 
0.0000010007 0.0000004111 0.0000001900 
0.0000009979 0.0000004101 0.0000001899 
0.0000009952 0.0000004091 0.0000001898 
0.0000009923 0.0000004081 0.0000001896 
0.0000009894 0.0000004070 0.0000001894 
0.0000009864 0.0000004060 0.0000001892 
0.0000009834 0.0000004050 0.0000001890 
0.0000009804 0.0000004039 0.0000001888 
0.0000009773 0.0000004029 0.0000001885 
0.0000009741 0.0000004019 0.0000001883 
0.0000009710 0.0000004009 0.0000001881 
0.0000009677 0.0000003999 0.0000001878 
0.0000009645 0.0000003989 0.0000001875 
0.0000009612 0.0000003979 0.0000001873 
0.0000009578 0.0000003969 0.0000001870 
0.0000009544 0.0000003959 0.0000001868 
0.0000009510 0.0000003949 0.0000001865 
0.0000009475 0.0000003939 0.0000001862 
0.0000009440 0.0000003929 0.0000001859 
0.0000009404 0.0000003918 0.0000001856 
0.0000009367 0.0000003907 0.0000001853 
0.0000009331 0.0000003897 0.0000001849 
0.0000009293 0.0000003885 0.0000001845 
0.0000009256 0.0000003873 0.0000001841 
0.0000009218 0.0000003862 0.0000001837 
0.0000009180 0.0000003849 0.0000001833 
0.0000009141 0.0000003837 0.0000001829 
0.0000009101 0.0000003825 0.0000001824 
0.0000009062 0.0000003813 0.0000001820 
0.0000009022 0.0000003801 0.0000001816 
0.0000008981 0.0000003789 0.0000001812 
0.0000008940 0.0000003777 0.0000001807 
0.0000008899 0.0000003766 0.0000001803 
0.0000008857 0.0000003754 0.0000001799 
0.0000008814 0.0000003742 0.0000001795 
0.0000008771 0.0000003730 0.0000001791 
0.0000008727 0.0000003719 0.0000001787 
0.0000008683 0.0000003707 0.0000001783 
0.0000008638 0.0000003695 0.0000001779 
0.0000008592 0.0000003684 0.0000001775 
0.0000008546 0.0000003672 0.0000001771 
0.0000008500 0.0000003661 0.0000001768 
0.0000008454 0.0000003649 0.0000001764 
0.0000008407 0.0000003638 0.0000001761 
0.0000008360 0.0000003627 0.0000001758 
0.0000008313 0.0000003616 0.0000001754 
0.0000008265 0.0000003605 0.0000001752 
0.0000008218 0.0000003593 0.0000001749 
0.0000008171 0.0000003581 0.0000001746 
0.0000008126 0.0000003569 0.0000001743 
0.0000008081 0.0000003557 0.0000001740 
0.0000008036 0.0000003545 0.0000001737 
0.0000007992 0.0000003532 0.0000001735 
0.0000007948 0.0000003519 0.0000001732 
0.0000007904 0.0000003506 0.0000001729 
0.0000007860 0.0000003493 0.0000001726 
0.0000007816 0.0000003479 0.0000001723 
0.0000007772 0.0000003465 0.0000001720 
0.0000007728 0.0000003451 0.0000001717 
0.0000007684 0.0000003436 0.0000001713 
0.0000007640 0.0000003422 0.0000001710 
0.0000007596 0.0000003407 0.0000001706 
0.0000007551 0.0000003392 0.0000001702 
0.0000007506 0.0000003377 0.0000001699 
0.0000007460 0.0000003363 0.0000001695 
0.0000007414 0.0000003348 0.0000001691 
0.0000007367 0.0000003333 0.0000001687 
0.0000007320 0.0000003319 0.0000001683 
0.0000007273 0.0000003304 0.0000001679 
0.0000007225 0.0000003289 0.0000001675 
0.0000007177 0.0000003274 0.0000001671 
0.0000007128 0.0000003260 0.0000001667 
0.0000007080 0.0000003245 0.0000001663 
0.0000007030 0.0000003230 0.0000001658 
0.0000006981 0.0000003216 0.0000001654 
0.0000006931 0.0000003201 0.0000001649 
0.0000006881 0.0000003186 0.0000001645 
0.0000006831 0.0000003171 0.0000001640 
0.0000006781 0.0000003157 0.0000001635 
0.0000006731 0.0000003142 0.0000001631 
0.0000006681 0.0000003127 0.0000001626 
0.0000006630 0.0000003112 0.0000001621 
0.0000006580 0.0000003097 0.0000001616 
0.0000006530 0.0000003082 0.0000001611 
0.0000006480 0.0000003067 0.0000001606 
0.0000006431 0.0000003052 0.0000001601 
0.0000006381 0.0000003037 0.0000001596 
0.0000006332 0.0000003022 0.0000001591 
0.0000006283 0.0000003006 0.0000001585 
0.0000006234 0.0000002991 0.0000001580 
0.0000006185 0.0000002975 0.0000001574 
0.0000006136 0.0000002960 0.0000001569 
0.0000006087 0.0000002944 0.0000001563 
0.0000006038 0.0000002928 0.0000001557 
0.0000005990 0.0000002912 0.0000001552 
0.0000005942 0.0000002896 0.0000001546 
0.0000005894 0.0000002880 0.0000001540 
0.0000005847 0.0000002864 0.0000001534 
0.0000005799 0.0000002848 0.0000001528 
0.0000005752 0.0000002832 0.0000001522 
0.0000005706 0.0000002816 0.0000001516 
0.0000005660 0.0000002799 0.0000001510 
0.0000005615 0.0000002783 0.0000001504 
0.0000005570 0.0000002767 0.0000001498 
0.0000005525 0.0000002751 0.0000001492 
0.0000005481 0.0000002735 0.0000001486 
0.0000005437 0.0000002719 0.0000001480 
0.0000005393 0.0000002703 0.0000001474 
0.0000005350 0.0000002687 0.0000001468 
0.0000005307 0.0000002672 0.0000001462 
0.0000005264 0.0000002656 0.0000001456 
0.0000005221 0.0000002641 0.0000001450 
0.0000005179 0.0000002626 0.0000001444 
0.0000005137 0.0000002611 0.0000001438 
0.0000005097 0.0000002597 0.0000001432 
0.0000005057 0.0000002582 0.0000001426 
0.0000005018 0.0000002568 0.0000001420 
0.0000004980 0.0000002554 0.0000001415 
0.0000004942 0.0000002540 0.0000001409 
0.0000004905 0.0000002526 0.0000001404 
0.0000004869 0.0000002512 0.0000001399 
0.0000004833 0.0000002498 0.0000001393 
0.0000004798 0.0000002485 0.0000001388 
0.0000004764 0.0000002471 0.0000001382 
0.0000004731 0.0000002458 0.0000001377 
0.0000004698 0.0000002445 0.0000001372 
0.0000004667 0.0000002432 0.0000001367 
0.0000004636 0.0000002419 0.0000001362 
0.0000004605 0.0000002406 0.0000001356 
0.0000004576 0.0000002394 0.0000001351 
0.0000004547 0.0000002382 0.0000001346 
0.0000004519 0.0000002370 0.0000001341 
0.0000004491 0.0000002358 0.0000001336 
0.0000004463 0.0000002346 0.0000001331 
0.0000004435 0.0000002335 0.0000001325 
0.0000004408 0.0000002323 0.0000001319 
0.0000004381 0.0000002312 0.0000001314 
0.0000004354 0.0000002301 0.0000001308 
0.0000004328 0.0000002290 0.0000001302 
0.0000004303 0.0000002279 0.0000001296 
0.0000004278 0.0000002269 0.0000001290 
0.0000004255 0.0000002259 0.0000001284 
0.0000004232 0.0000002250 0.0000001279 
0.0000004210 0.0000002240 0.0000001273 
0.0000004189 0.0000002231 0.0000001268 
0.0000004168 0.0000002222 0.0000001262 
0.0000004148 0.0000002213 0.0000001257 
0.0000004128 0.0000002205 0.0000001252 
0.0000004109 0.0000002196 0.0000001247 
0.0000004091 0.0000002188 0.0000001242 
0.0000004074 0.0000002180 0.0000001236 
0.0000004057 0.0000002172 0.0000001231 
0.0000004042 0.0000002163 0.0000001227 
0.0000004027 0.0000002156 0.0000001222 
0.0000004013 0.0000002148 0.0000001218 
0.0000004000 0.0000002141 0.0000001213 
0.0000003987 0.0000002134 0.0000001209 
0.0000003975 0.0000002127 0.0000001206 
0.0000003963 0.0000002121 0.0000001202 
0.0000003952 0.0000002114 0.0000001198 
0.0000003942 0.0000002108 0.0000001195 
0.0000003933 0.0000002102 0.0000001191 
0.0000003925 0.0000002096 0.0000001188 
0.0000003918 0.0000002090 0.0000001185 
0.0000003912 0.0000002085 0.0000001182 
0.0000003906 0.0000002079 0.0000001179 
0.0000003901 0.0000002074 0.0000001176 
0.0000003897 0.0000002069 0.0000001173 
0.0000003893 0.0000002065 0.0000001170 
0.0000003891 0.0000002060 0.0000001168 
0.0000003888 0.0000002056 0.0000001166 
0.0000003886 0.0000002052 0.0000001163 
0.0000003883 0.0000002047 0.0000001161 
0.0000003881 0.0000002043 0.0000001159 
0.0000003879 0.0000002039 0.0000001158 
0.0000003876 0.0000002035 0.0000001156 
0.0000003874 0.0000002031 0.0000001154 
0.0000003872 0.0000002026 0.0000001153 
0.0000003869 0.0000002022 0.0000001151 
0.0000003866 0.0000002018 0.0000001149 
0.0000003863 0.0000002013 0.0000001148 
0.0000003860 0.0000002009 0.0000001146 
0.0000003856 0.0000002004 0.0000001144 
0.0000003852 0.0000002000 0.0000001142 
0.0000003847 0.0000001995 0.0000001141 
0.0000003842 0.0000001990 0.0000001139 
0.0000003837 0.0000001985 0.0000001137 
0.0000003831 0.0000001980 0.0000001135 
0.0000003825 0.0000001975 0.0000001132 
0.0000003818 0.0000001970 0.0000001130 
0.0000003812 0.0000001964 0.0000001128 
0.0000003805 0.0000001959 0.0000001126 
0.0000003798 0.0000001954 0.0000001124 
0.0000003792 0.0000001949 0.0000001122 
0.0000003785 0.0000001944 0.0000001120 
0.0000003778 0.0000001938 0.0000001117 
0.0000003770 0.0000001933 0.0000001115 
0.0000003762 0.0000001928 0.0000001113 
0.0000003754 0.0000001923 0.0000001111 
0.0000003746 0.0000001918 0.0000001108 
0.0000003736 0.0000001912 0.0000001106 
0.0000003727 0.0000001907 0.0000001103 
0.0000003717 0.0000001902 0.0000001100 
0.0000003707 0.0000001897 0.0000001097 
0.0000003697 0.0000001892 0.0000001094 
0.0000003686 0.0000001888 0.0000001091 
0.0000003674 0.0000001883 0.0000001087 
0.0000003663 0.0000001879 0.0000001083 
0.0000003651 0.0000001874 0.0000001079 
0.0000003639 0.0000001870 0.0000001075 
0.0000003626 0.0000001865 0.0000001071 
0.0000003614 0.0000001860 0.0000001067 
0.0000003601 0.0000001854 0.0000001064 
0.0000003588 0.0000001849 0.0000001060 
0.0000003575 0.0000001843 0.0000001056 
0.0000003562 0.0000001837 0.0000001053 
0.0000003549 0.0000001830 0.0000001049 
0.0000003536 0.0000001824 0.0000001045 
0.0000003523 0.0000001817 0.0000001042 
0.0000003509 0.0000001810 0.0000001038 
0.0000003496 0.0000001804 0.0000001034 
0.0000003482 0.0000001796 0.0000001030 
0.0000003469 0.0000001789 0.0000001027 
0.0000003455 0.0000001782 0.0000001023 
0.0000003441 0.0000001774 0.0000001019 
0.0000003427 0.0000001766 0.0000001014 
0.0000003414 0.0000001758 0.0000001009 
0.0000003402 0.0000001749 0.0000001004 
0.0000003388 0.0000001740 0.0000000999 
0.0000003375 0.0000001731 0.0000000994 
0.0000003362 0.0000001723 0.0000000989 
0.0000003348 0.0000001714 0.0000000985 
0.0000003334 0.0000001705 0.0000000980 
0.0000003320 0.0000001696 0.0000000975 
0.0000003305 0.0000001687 0.0000000970 
0.0000003291 0.0000001678 0.0000000966 
0.0000003276 0.0000001670 0.0000000961 
0.0000003260 0.0000001661 0.0000000957 
0.0000003245 0.0000001652 0.0000000952 
0.0000003229 0.0000001643 0.0000000948 
0.0000003212 0.0000001634 0.0000000943 
0.0000003195 0.0000001625 0.0000000939 
0.0000003178 0.0000001617 0.0000000935 
0.0000003160 0.0000001608 0.0000000930 
0.0000003142 0.0000001598 0.0000000926 
0.0000003124 0.0000001589 0.0000000922 
0.0000003105 0.0000001580 0.0000000917 
0.0000003085 0.0000001571 0.0000000913 
0.0000003065 0.0000001561 0.0000000909 
0.0000003044 0.0000001552 0.0000000904 
0.0000003022 0.0000001542 0.0000000899 
0.0000003000 0.0000001532 0.0000000895 
0.0000002977 0.0000001522 0.0000000890 
0.0000002953 0.0000001512 0.0000000885 
0.0000002929 0.0000001501 0.0000000881 
0.0000002902 0.0000001491 0.0000000876 
0.0000002875 0.0000001480 0.0000000871 
0.0000002848 0.0000001470 0.0000000867 
0.0000002820 0.0000001459 0.0000000862 
0.0000002792 0.0000001448 0.0000000857 
0.0000002764 0.0000001438 0.0000000853 
0.0000002737 0.0000001427 0.0000000848 
0.0000002710 0.0000001416 0.0000000843 
0.0000002683 0.0000001405 0.0000000838 
0.0000002658 0.0000001395 0.0000000834 
0.0000002632 0.0000001384 0.0000000829 
0.0000002607 0.0000001374 0.0000000824 
0.0000002581 0.0000001363 0.0000000819 
0.0000002556 0.0000001352 0.0000000814 
0.0000002531 0.0000001342 0.0000000809 
0.0000002506 0.0000001331 0.0000000805 
0.0000002481 0.0000001321 0.0000000800 
0.0000002457 0.0000001310 0.0000000795 
0.0000002433 0.0000001300 0.0000000791 
0.0000002409 0.0000001290 0.0000000787 
0.0000002386 0.0000001280 0.0000000782 
0.0000002363 0.0000001270 0.0000000778 
0.0000002341 0.0000001261 0.0000000774 
0.0000002318 0.0000001251 0.0000000770 
0.0000002296 0.0000001241 0.0000000766 
0.0000002274 0.0000001232 0.0000000762 
0.0000002252 0.0000001222 0.0000000758 
0.0000002231 0.0000001213 0.0000000754 
0.0000002209 0.0000001204 0.0000000750 
0.0000002188 0.0000001194 0.0000000746 
0.0000002167 0.0000001185 0.0000000742 
0.0000002146 0.0000001175 0.0000000738 
0.0000002125 0.0000001166 0.0000000735 
0.0000002104 0.0000001157 0.0000000731 
0.0000002083 0.0000001148 0.0000000727 
0.0000002062 0.0000001139 0.0000000723 
0.0000002042 0.0000001129 0.0000000719 
0.0000002021 0.0000001120 0.0000000716 
0.0000002001 0.0000001111 0.0000000712 
0.0000001980 0.0000001102 0.0000000708 
0.0000001960 0.0000001093 0.0000000704 
0.0000001940 0.0000001084 0.0000000701 
0.0000001920 0.0000001075 0.0000000697 
0.0000001900 0.0000001066 0.0000000693 
0.0000001880 0.0000001057 0.0000000690 
0.0000001861 0.0000001049 0.0000000686 
0.0000001841 0.0000001040 0.0000000683 
0.0000001822 0.0000001031 0.0000000679 
0.0000001803 0.0000001022 0.0000000675 
0.0000001784 0.0000001014 0.0000000672 
0.0000001766 0.0000001005 0.0000000668 
0.0000001747 0.0000000997 0.0000000665 
0.0000001729 0.0000000989 0.0000000662 
0.0000001710 0.0000000980 0.0000000658 
0.0000001692 0.0000000972 0.0000000655 
0.0000001674 0.0000000963 0.0000000651 
0.0000001656 0.0000000955 0.0000000648 
0.0000001639 0.0000000947 0.0000000644 
0.0000001621 0.0000000939 0.0000000641 
0.0000001604 0.0000000931 0.0000000638 
0.0000001587 0.0000000923 0.0000000634 
0.0000001570 0.0000000915 0.0000000631 
0.0000001553 0.0000000907 0.0000000628 
0.0000001536 0.0000000899 0.0000000624 
0.0000001520 0.0000000891 0.0000000621 
0.0000001503 0.0000000884 0.0000000617 
0.0000001487 0.0000000876 0.0000000614 
0.0000001471 0.0000000869 0.0000000610 
0.0000001456 0.0000000861 0.0000000607 
0.0000001440 0.0000000854 0.0000000603 
0.0000001425 0.0000000847 0.0000000600 
0.0000001410 0.0000000839 0.0000000596 
0.0000001395 0.0000000832 0.0000000593 
0.0000001380 0.0000000825 0.0000000589 
0.0000001365 0.0000000818 0.0000000585 
0.0000001350 0.0000000811 0.0000000582 
0.0000001335 0.0000000804 0.0000000578 
0.0000001321 0.0000000797 0.0000000574 
0.0000001307 0.0000000790 0.0000000570 
0.0000001292 0.0000000783 0.0000000567 
0.0000001278 0.0000000776 0.0000000563 
0.0000001264 0.0000000770 0.0000000559 
0.0000001251 0.0000000763 0.0000000555 
0.0000001237 0.0000000756 0.0000000552 
0.0000001224 0.0000000750 0.0000000548 
0.0000001211 0.0000000744 0.0000000545 
0.0000001199 0.0000000738 0.0000000541 
0.0000001186 0.0000000732 0.0000000538 
0.0000001175 0.0000000727 0.0000000535 
0.0000001163 0.0000000721 0.0000000532 
0.0000001152 0.0000000716 0.0000000529 
0.0000001142 0.0000000711 0.0000000526 
0.0000001132 0.0000000706 0.0000000523 
0.0000001122 0.0000000702 0.0000000520 
0.0000001113 0.0000000698 0.0000000518 
0.0000001105 0.0000000694 0.0000000515 
0.0000001097 0.0000000690 0.0000000513 
0.0000001089 0.0000000686 0.0000000511 
0.0000001082 0.0000000683 0.0000000509 
0.0000001075 0.0000000680 0.0000000507 
0.0000001069 0.0000000676 0.0000000505 
0.0000001062 0.0000000673 0.0000000503 
0.0000001057 0.0000000671 0.0000000501 
0.0000001051 0.0000000668 0.0000000500 
0.0000001046 0.0000000666 0.0000000498 
0.0000001041 0.0000000663 0.0000000496 
0.0000001037 0.0000000661 0.0000000495 
0.0000001032 0.0000000659 0.0000000493 
0.0000001028 0.0000000657 0.0000000492 
0.0000001025 0.0000000655 0.0000000490 
0.0000001021 0.0000000653 0.0000000489 
0.0000001018 0.0000000652 0.0000000487 
0.0000001015 0.0000000650 0.0000000486 
0.0000001012 0.0000000649 0.0000000484 
0.0000001009 0.0000000647 0.0000000483 
0.0000001007 0.0000000646 0.0000000481 
0.0000001005 0.0000000645 0.0000000480 
0.0000001003 0.0000000643 0.0000000478 
0.0000001001 0.0000000642 0.0000000477 
0.0000000999 0.0000000641 0.0000000476 
0.0000000998 0.0000000639 0.0000000475 
0.0000000997 0.0000000638 0.0000000474 
0.0000000995 0.0000000637 0.0000000473 
0.0000000994 0.0000000636 0.0000000472 
0.0000000994 0.0000000635 0.0000000471 
0.0000000993 0.0000000634 0.0000000470 
0.0000000992 0.0000000633 0.0000000469 
0.0000000991 0.0000000631 0.0000000468 
0.0000000990 0.0000000630 0.0000000468 
0.0000000989 0.0000000629 0.0000000467 
0.0000000988 0.0000000627 0.0000000466 
0.0000000987 0.0000000626 0.0000000466 
0.0000000986 0.0000000624 0.0000000465 
0.0000000985 0.0000000623 0.0000000464 
0.0000000984 0.0000000622 0.0000000464 
0.0000000983 0.0000000620 0.0000000463 
0.0000000981 0.0000000619 0.0000000463 
0.0000000980 0.0000000617 0.0000000462 
0.0000000978 0.0000000616 0.0000000462 
0.0000000977 0.0000000614 0.0000000461 
0.0000000975 0.0000000613 0.0000000461 
0.0000000973 0.0000000611 0.0000000460 
0.0000000971 0.0000000610 0.0000000460 
0.0000000969 0.0000000608 0.0000000459 
0.0000000966 0.0000000606 0.0000000458 
0.0000000963 0.0000000604 0.0000000458 
0.0000000961 0.0000000603 0.0000000457 
0.0000000958 0.0000000601 0.0000000456 
0.0000000955 0.0000000599 0.0000000455 
0.0000000952 0.0000000597 0.0000000454 
0.0000000948 0.0000000595 0.0000000454 
0.0000000945 0.0000000593 0.0000000453 
0.0000000941 0.0000000591 0.0000000452 
0.0000000937 0.0000000589 0.0000000451 
0.0000000933 0.0000000587 0.0000000450 
0.0000000929 0.0000000585 0.0000000450 
0.0000000924 0.0000000583 0.0000000449 
0.0000000920 0.0000000580 0.0000000449 
0.0000000915 0.0000000577 0.0000000449 
0.0000000910 0.0000000575 0.0000000449 
0.0000000906 0.0000000572 0.0000000448 
0.0000000901 0.0000000570 0.0000000448 
0.0000000896 0.0000000568 0.0000000448 
0.0000000891 0.0000000566 0.0000000448 
0.0000000886 0.0000000564 0.0000000447 
0.0000000881 0.0000000562 0.0000000447 
0.0000000876 0.0000000560 0.0000000447 
0.0000000871 0.0000000558 0.0000000447 
0.0000000866 0.0000000557 0.0000000447 
0.0000000861 0.0000000555 0.0000000446 
0.0000000856 0.0000000554 0.0000000446 
0.0000000851 0.0000000552 0.0000000446 
0.0000000847 0.0000000551 0.0000000446 
0.0000000842 0.0000000550 0.0000000446 
0.0000000837 0.0000000549 0.0000000446 
0.0000000832 0.0000000548 0.0000000446 
0.0000000828 0.0000000547 0.0000000446 
0.0000000823 0.0000000546 0.0000000446 
0.0000000819 0.0000000545 0.0000000446 
0.0000000815 0.0000000544 0.0000000446 
0.0000000811 0.0000000544 0.0000000446 
0.0000000807 0.0000000543 0.0000000446 
0.0000000803 0.0000000543 0.0000000446 
0.0000000799 0.0000000542 0.0000000446 
0.0000000796 0.0000000542 0.0000000446 
0.0000000793 0.0000000542 0.0000000447 
0.0000000790 0.0000000542 0.0000000447 
0.0000000787 0.0000000542 0.0000000448 
0.0000000785 0.0000000542 0.0000000448 
0.0000000783 0.0000000543 0.0000000449 
0.0000000781 0.0000000543 0.0000000450 
0.0000000779 0.0000000544 0.0000000450 
0.0000000778 0.0000000544 0.0000000451 
0.0000000777 0.0000000545 0.0000000452 
0.0000000776 0.0000000546 0.0000000453 
0.0000000776 0.0000000547 0.0000000454 
0.0000000776 0.0000000548 0.0000000455 
0.0000000776 0.0000000549 0.0000000457 
0.0000000776 0.0000000550 0.0000000458 
0.0000000777 0.0000000552 0.0000000459 
0.0000000778 0.0000000553 0.0000000461 
0.0000000780 0.0000000555 0.0000000462 
0.0000000782 0.0000000557 0.0000000464 
0.0000000784 0.0000000558 0.0000000466 
0.0000000786 0.0000000560 0.0000000467 
0.0000000789 0.0000000562 0.0000000469 
0.0000000792 0.0000000564 0.0000000471 
0.0000000795 0.0000000567 0.0000000473 
0.0000000798 0.0000000569 0.0000000475 
0.0000000802 0.0000000571 0.0000000477 
0.0000000805 0.0000000573 0.0000000479 
0.0000000809 0.0000000576 0.0000000481 
0.0000000813 0.0000000578 0.0000000484 
0.0000000817 0.0000000581 0.0000000486 
0.0000000821 0.0000000583 0.0000000488 
0.0000000825 0.0000000586 0.0000000490 
0.0000000829 0.0000000588 0.0000000493 
0.0000000833 0.0000000591 0.0000000495 
0.0000000837 0.0000000594 0.0000000498 
0.0000000841 0.0000000596 0.0000000500 
0.0000000845 0.0000000599 0.0000000503 
0.0000000849 0.0000000601 0.0000000505 
0.0000000853 0.0000000604 0.0000000508 
0.0000000857 0.0000000607 0.0000000510 
0.0000000862 0.0000000609 0.0000000513 
0.0000000866 0.0000000612 0.0000000515 
0.0000000870 0.0000000615 0.0000000518 
0.0000000874 0.0000000617 0.0000000521 
0.0000000879 0.0000000620 0.0000000523 
0.0000000883 0.0000000623 0.0000000526 
0.0000000888 0.0000000626 0.0000000529 
0.0000000892 0.0000000628 0.0000000531 
0.0000000896 0.0000000631 0.0000000534 
0.0000000901 0.0000000634 0.0000000537 
0.0000000905 0.0000000636 0.0000000539 
0.0000000910 0.0000000639 0.0000000542 
0.0000000914 0.0000000641 0.0000000545 
0.0000000918 0.0000000644 0.0000000547 
0.0000000922 0.0000000646 0.0000000550 
0.0000000926 0.0000000649 0.0000000552 
0.0000000930 0.0000000651 0.0000000555 
0.0000000934 0.0000000654 0.0000000557 
0.0000000938 0.0000000656 0.0000000560 
0.0000000942 0.0000000658 0.0000000562 
0.0000000946 0.0000000660 0.0000000564 
0.0000000949 0.0000000662 0.0000000567 
0.0000000953 0.0000000664 0.0000000569 
0.0000000956 0.0000000666 0.0000000571 
0.0000000960 0.0000000668 0.0000000574 
0.0000000963 0.0000000670 0.0000000576 
0.0000000966 0.0000000672 0.0000000578 
0.0000000969 0.0000000673 0.0000000580 
0.0000000972 0.0000000675 0.0000000582 
0.0000000975 0.0000000677 0.0000000584 
0.0000000978 0.0000000678 0.0000000586 
0.0000000981 0.0000000679 0.0000000588 
0.0000000984 0.0000000681 0.0000000590 
0.0000000987 0.0000000682 0.0000000592 
0.0000000990 0.0000000683 0.0000000593 
0.0000000993 0.0000000684 0.0000000595 
0.0000000996 0.0000000685 0.0000000597 
0.0000000999 0.0000000686 0.0000000598 
0.0000001001 0.0000000686 0.0000000599 
0.0000001003 0.0000000687 0.0000000601 
0.0000001005 0.0000000687 0.0000000602 
0.0000001007 0.0000000688 0.0000000603 
0.0000001009 0.0000000688 0.0000000605 
0.0000001010 0.0000000688 0.0000000606 
0.0000001011 0.0000000688 0.0000000607 
0.0000001013 0.0000000689 0.0000000608 
0.0000001014 0.0000000689 0.0000000609 
0.0000001014 0.0000000689 0.0000000610 
0.0000001015 0.0000000688 0.0000000610 
0.0000001016 0.0000000688 0.0000000611 
0.0000001017 0.0000000688 0.0000000612 
0.0000001018 0.0000000688 0.0000000613 
0.0000001019 0.0000000688 0.0000000614 
0.0000001020 0.0000000689 0.0000000615 
0.0000001022 0.0000000689 0.0000000616 
0.0000001023 0.0000000689 0.0000000617 
0.0000001024 0.0000000690 0.0000000618 
0.0000001026 0.0000000690 0.0000000619 
0.0000001027 0.0000000690 0.0000000620 
0.0000001029 0.0000000691 0.0000000621 
0.0000001031 0.0000000691 0.0000000622 
0.0000001032 0.0000000692 0.0000000623 
0.0000001034 0.0000000692 0.0000000624 
0.0000001036 0.0000000693 0.0000000625 
0.0000001037 0.0000000694 0.0000000626 
0.0000001039 0.0000000694 0.0000000627 
0.0000001041 0.0000000695 0.0000000628 
0.0000001043 0.0000000696 0.0000000630 
0.0000001044 0.0000000696 0.0000000630 
0.0000001046 0.0000000697 0.0000000631 
0.0000001048 0.0000000698 0.0000000632 
0.0000001050 0.0000000698 0.0000000633 
0.0000001052 0.0000000699 0.0000000634 
0.0000001053 0.0000000700 0.0000000635 
0.0000001055 0.0000000701 0.0000000636 
0.0000001057 0.0000000701 0.0000000637 
0.0000001058 0.0000000702 0.0000000638 
0.0000001060 0.0000000703 0.0000000638 
0.0000001061 0.0000000703 0.0000000639 
0.0000001063 0.0000000704 0.0000000640 
0.0000001064 0.0000000705 0.0000000641 
0.0000001065 0.0000000706 0.0000000641 
0.0000001066 0.0000000706 0.0000000642 
0.0000001067 0.0000000707 0.0000000643 
0.0000001068 0.0000000708 0.0000000643 
0.0000001069 0.0000000708 0.0000000644 
0.0000001070 0.0000000709 0.0000000645 
0.0000001071 0.0000000710 0.0000000645 
0.0000001072 0.0000000711 0.0000000646 
0.0000001073 0.0000000711 0.0000000647 
0.0000001073 0.0000000712 0.0000000647 
0.0000001074 0.0000000713 0.0000000648 
0.0000001075 0.0000000713 0.0000000649 
0.0000001075 0.0000000714 0.0000000649 
0.0000001075 0.0000000715 0.0000000650 
0.0000001076 0.0000000715 0.0000000650 
0.0000001076 0.0000000716 0.0000000651 
0.0000001077 0.0000000717 0.0000000651 
0.0000001077 0.0000000717 0.0000000652 
0.0000001077 0.0000000718 0.0000000652 
0.0000001078 0.0000000719 0.0000000653 
0.0000001078 0.0000000719 0.0000000653 
0.0000001078 0.0000000720 0.0000000653 
0.0000001078 0.0000000720 0.0000000654 
0.0000001078 0.0000000721 0.0000000654 
0.0000001078 0.0000000721 0.0000000655 
0.0000001079 0.0000000722 0.0000000655 
0.0000001079 0.0000000722 0.0000000655 
0.0000001079 0.0000000723 0.0000000656 
0.0000001079 0.0000000723 0.0000000656 
0.0000001079 0.0000000724 0.0000000656 
0.0000001079 0.0000000724 0.0000000657 
0.0000001079 0.0000000725 0.0000000657 
0.0000001079 0.0000000725 0.0000000658 
0.0000001079 0.0000000726 0.0000000658 
0.0000001079 0.0000000726 0.0000000658 
0.0000001079 0.0000000727 0.0000000659 
0.0000001079 0.0000000727 0.0000000659 
0.0000001079 0.0000000728 0.0000000660 
0.0000001079 0.0000000728 0.0000000660 
0.0000001079 0.0000000729 0.0000000660 
0.0000001079 0.0000000729 0.0000000661 
0.0000001079 0.0000000730 0.0000000661 
0.0000001079 0.0000000730 0.0000000662 
0.0000001079 0.0000000731 0.0000000662 
0.0000001079 0.0000000731 0.0000000662 
0.0000001079 0.0000000732 0.0000000663 
0.0000001079 0.0000000732 0.0000000663 
0.0000001079 0.0000000733 0.0000000663 
0.0000001079 0.0000000733 0.0000000664 
0.0000001079 0.0000000734 0.0000000664 
0.0000001079 0.0000000734 0.0000000664 
0.0000001078 0.0000000734 0.0000000665 
0.0000001078 0.0000000735 0.0000000665 
0.0000001078 0.0000000735 0.0000000665 
0.0000001078 0.0000000735 0.0000000666 
0.0000001078 0.0000000736 0.0000000666 
0.0000001077 0.0000000736 0.0000000666 
0.0000001077 0.0000000736 0.0000000666 
0.0000001077 0.0000000736 0.0000000666 
0.0000001077 0.0000000737 0.0000000667 
0.0000001076 0.0000000737 0.0000000667 
0.0000001076 0.0000000737 0.0000000667 
0.0000001076 0.0000000737 0.0000000667 
0.0000001075 0.0000000737 0.0000000667 
0.0000001075 0.0000000738 0.0000000667 
0.0000001075 0.0000000738 0.0000000667 
0.0000001075 0.0000000738 0.0000000667 
0.0000001075 0.0000000738 0.0000000668 
0.0000001075 0.0000000738 0.0000000668 
0.0000001075 0.0000000738 0.0000000668 
0.0000001075 0.0000000738 0.0000000668 
0.0000001075 0.0000000738 0.0000000668 
0.0000001075 0.0000000738 0.0000000668 
0.0000001075 0.0000000738 0.0000000668 
0.0000001075 0.0000000739 0.0000000668 
0.0000001075 0.0000000739 0.0000000668 
0.0000001075 0.0000000739 0.0000000668 
0.0000001075 0.0000000739 0.0000000668 
0.0000001075 0.0000000739 0.0000000668 
0.0000001076 0.0000000739 0.0000000668 
0.0000001076 0.0000000739 0.0000000668 
0.0000001076 0.0000000739 0.0000000668 
0.0000001076 0.0000000739 0.0000000668 
0.0000001076 0.0000000739 0.0000000668 
0.0000001077 0.0000000739 0.0000000668 
0.0000001077 0.0000000739 0.0000000668 
0.0000001077 0.0000000739 0.0000000668 
0.0000001078 0.0000000739 0.0000000668 
0.0000001078 0.0000000739 0.0000000668 
0.0000001078 0.0000000738 0.0000000667 
0.0000001078 0.0000000738 0.0000000667 
0.0000001078 0.0000000738 0.0000000667 
0.0000001078 0.0000000737 0.0000000666 
0.0000001077 0.0000000737 0.0000000666 
0.0000001077 0.0000000736 0.0000000665 
0.0000001077 0.0000000735 0.0000000665 
0.0000001076 0.0000000735 0.0000000664 
0.0000001076 0.0000000734 0.0000000664 
0.0000001075 0.0000000733 0.0000000663 
0.0000001075 0.0000000733 0.0000000663 
0.0000001074 0.0000000732 0.0000000662 
0.0000001074 0.0000000731 0.0000000662 
0.0000001073 0.0000000730 0.0000000661 
0.0000001073 0.0000000730 0.0000000660 
0.0000001072 0.0000000729 0.0000000660 
0.0000001072 0.0000000728 0.0000000659 
0.0000001071 0.0000000727 0.0000000659 
0.0000001071 0.0000000727 0.0000000658 
0.0000001070 0.0000000726 0.0000000658 
0.0000001069 0.0000000725 0.0000000657 
0.0000001069 0.0000000724 0.0000000656 
0.0000001068 0.0000000723 0.0000000656 
0.0000001068 0.0000000722 0.0000000655 
0.0000001067 0.0000000721 0.0000000655 
0.0000001066 0.0000000721 0.0000000654 
0.0000001066 0.0000000720 0.0000000653 
0.0000001065 0.0000000719 0.0000000653 
0.0000001065 0.0000000718 0.0000000652 
0.0000001064 0.0000000717 0.0000000651 
0.0000001063 0.0000000716 0.0000000651 
0.0000001063 0.0000000715 0.0000000650 
0.0000001062 0.0000000714 0.0000000650 
0.0000001062 0.0000000713 0.0000000649 
0.0000001061 0.0000000713 0.0000000649 
0.0000001061 0.0000000712 0.0000000648 
0.0000001061 0.0000000711 0.0000000648 
0.0000001060 0.0000000710 0.0000000647 
0.0000001060 0.0000000709 0.0000000646 
0.0000001059 0.0000000709 0.0000000646 
0.0000001059 0.0000000708 0.0000000645 
0.0000001059 0.0000000707 0.0000000645 
0.0000001058 0.0000000706 0.0000000644 
0.0000001058 0.0000000705 0.0000000644 
0.0000001058 0.0000000705 0.0000000643 
0.0000001057 0.0000000704 0.0000000642 
0.0000001057 0.0000000703 0.0000000642 
0.0000001056 0.0000000702 0.0000000641 
0.0000001056 0.0000000701 0.0000000641 
0.0000001055 0.0000000700 0.0000000640 
0.0000001055 0.0000000699 0.0000000639 
0.0000001054 0.0000000698 0.0000000639 
0.0000001054 0.0000000697 0.0000000638 
0.0000001053 0.0000000697 0.0000000637 
0.0000001053 0.0000000696 0.0000000637 
0.0000001052 0.0000000695 0.0000000636 
0.0000001052 0.0000000694 0.0000000635 
0.0000001051 0.0000000693 0.0000000634 
0.0000001050 0.0000000692 0.0000000634 
0.0000001050 0.0000000691 0.0000000633 
0.0000001049 0.0000000690 0.0000000632 
0.0000001048 0.0000000689 0.0000000631 
0.0000001048 0.0000000688 0.0000000631 
0.0000001047 0.0000000687 0.0000000630 
0.0000001046 0.0000000686 0.0000000629 
0.0000001046 0.0000000685 0.0000000628 
0.0000001045 0.0000000684 0.0000000627 
0.0000001044 0.0000000683 0.0000000627 
0.0000001043 0.0000000682 0.0000000626 
0.0000001042 0.0000000681 0.0000000625 
0.0000001042 0.0000000680 0.0000000624 
0.0000001041 0.0000000679 0.0000000623 
0.0000001040 0.0000000677 0.0000000622 
0.0000001039 0.0000000676 0.0000000622 
0.0000001038 0.0000000675 0.0000000621 
0.0000001037 0.0000000674 0.0000000620 
0.0000001036 0.0000000673 0.0000000619 
0.0000001035 0.0000000672 0.0000000618 
0.0000001034 0.0000000671 0.0000000617 
0.0000001033 0.0000000670 0.0000000616 
0.0000001032 0.0000000669 0.0000000615 
0.0000001031 0.0000000668 0.0000000615 
0.0000001030 0.0000000667 0.0000000614 
0.0000001029 0.0000000666 0.0000000613 
0.0000001028 0.0000000665 0.0000000612 
0.0000001027 0.0000000664 0.0000000611 
0.0000001025 0.0000000663 0.0000000610 
0.0000001024 0.0000000662 0.0000000609 
0.0000001023 0.0000000661 0.0000000608 
0.0000001021 0.0000000660 0.0000000607 
0.0000001020 0.0000000659 0.0000000606 
0.0000001018 0.0000000658 0.0000000605 
0.0000001017 0.0000000657 0.0000000604 
0.0000001015 0.0000000656 0.0000000603 
0.0000001014 0.0000000655 0.0000000602 
0.0000001012 0.0000000654 0.0000000602 
0.0000001010 0.0000000653 0.0000000601 
0.0000001009 0.0000000652 0.0000000600 
0.0000001007 0.0000000651 0.0000000599 
0.0000001005 0.0000000650 0.0000000598 
0.0000001004 0.0000000649 0.0000000597 
0.0000001001 0.0000000648 0.0000000596 
0.0000000999 0.0000000646 0.0000000595 
0.0000000996 0.0000000645 0.0000000593 
0.0000000994 0.0000000643 0.0000000592 
0.0000000991 0.0000000642 0.0000000591 
0.0000000988 0.0000000640 0.0000000590 
0.0000000985 0.0000000639 0.0000000588 
0.0000000982 0.0000000637 0.0000000587 
0.0000000979 0.0000000636 0.0000000586 
0.0000000977 0.0000000634 0.0000000584 
0.0000000974 0.0000000632 0.0000000583 
0.0000000971 0.0000000631 0.0000000582 
0.0000000968 0.0000000629 0.0000000581 
0.0000000965 0.0000000628 0.0000000579 
0.0000000962 0.0000000626 0.0000000578 
0.0000000960 0.0000000624 0.0000000577 
0.0000000957 0.0000000623 0.0000000575 
0.0000000954 0.0000000621 0.0000000574 
0.0000000951 0.0000000619 0.0000000573 
0.0000000948 0.0000000618 0.0000000571 
0.0000000945 0.0000000616 0.0000000570 
0.0000000942 0.0000000614 0.0000000568 
0.0000000939 0.0000000612 0.0000000567 
0.0000000935 0.0000000610 0.0000000566 
0.0000000932 0.0000000608 0.0000000564 
0.0000000929 0.0000000606 0.0000000563 
0.0000000926 0.0000000604 0.0000000561 
0.0000000922 0.0000000602 0.0000000560 
0.0000000919 0.0000000600 0.0000000558 
0.0000000915 0.0000000598 0.0000000557 
0.0000000912 0.0000000596 0.0000000555 
0.0000000908 0.0000000594 0.0000000554 
0.0000000904 0.0000000592 0.0000000552 
0.0000000900 0.0000000590 0.0000000550 
0.0000000896 0.0000000587 0.0000000549 
0.0000000893 0.0000000585 0.0000000547 
0.0000000889 0.0000000583 0.0000000546 
0.0000000885 0.0000000581 0.0000000544 
0.0000000881 0.0000000578 0.0000000542 
0.0000000876 0.0000000576 0.0000000541 
0.0000000872 0.0000000573 0.0000000539 
0.0000000868 0.0000000571 0.0000000537 
0.0000000864 0.0000000569 0.0000000536 
0.0000000859 0.0000000566 0.0000000534 
0.0000000855 0.0000000563 0.0000000532 
0.0000000851 0.0000000561 0.0000000530 
0.0000000846 0.0000000558 0.0000000529 
0.0000000841 0.0000000556 0.0000000527 
0.0000000837 0.0000000553 0.0000000525 
0.0000000832 0.0000000550 0.0000000523 
0.0000000828 0.0000000548 0.0000000522 
0.0000000823 0.0000000545 0.0000000520 
0.0000000818 0.0000000542 0.0000000518 
0.0000000813 0.0000000540 0.0000000516 
0.0000000809 0.0000000537 0.0000000514 
0.0000000804 0.0000000534 0.0000000513 
0.0000000799 0.0000000531 0.0000000511 
0.0000000794 0.0000000529 0.0000000509 
0.0000000789 0.0000000526 0.0000000507 
0.0000000784 0.0000000523 0.0000000505 
0.0000000779 0.0000000520 0.0000000503 
0.0000000774 0.0000000517 0.0000000502 
0.0000000769 0.0000000514 0.0000000500 
0.0000000764 0.0000000511 0.0000000498 
0.0000000759 0.0000000508 0.0000000496 
0.0000000754 0.0000000506 0.0000000494 
0.0000000749 0.0000000503 0.0000000492 
0.0000000744 0.0000000500 0.0000000490 
0.0000000739 0.0000000497 0.0000000488 
0.0000000734 0.0000000494 0.0000000486 
0.0000000729 0.0000000491 0.0000000485 
0.0000000723 0.0000000488 0.0000000483 
0.0000000718 0.0000000485 0.0000000481 
0.0000000713 0.0000000482 0.0000000479 
0.0000000708 0.0000000479 0.0000000477 
0.0000000703 0.0000000476 0.0000000475 
0.0000000698 0.0000000473 0.0000000473 
0.0000000693 0.0000000470 0.0000000471 
0.0000000687 0.0000000467 0.0000000469 
0.0000000682 0.0000000464 0.0000000467 
0.0000000677 0.0000000461 0.0000000465 
0.0000000672 0.0000000458 0.0000000464 
0.0000000667 0.0000000456 0.0000000462 
0.0000000662 0.0000000453 0.0000000460 
0.0000000656 0.0000000450 0.0000000458 
0.0000000651 0.0000000447 0.0000000456 
0.0000000646 0.0000000444 0.0000000454 
0.0000000641 0.0000000441 0.0000000452 
0.0000000636 0.0000000439 0.0000000450 
0.0000000631 0.0000000436 0.0000000448 
0.0000000626 0.0000000433 0.0000000447 
0.0000000621 0.0000000431 0.0000000445 
0.0000000616 0.0000000428 0.0000000443 
0.0000000611 0.0000000425 0.0000000441 
0.0000000606 0.0000000423 0.0000000439 
0.0000000601 0.0000000420 0.0000000438 
0.0000000596 0.0000000418 0.0000000436 
0.0000000591 0.0000000415 0.0000000434 
0.0000000587 0.0000000413 0.0000000432 
0.0000000582 0.0000000410 0.0000000431 
0.0000000577 0.0000000408 0.0000000429 
0.0000000572 0.0000000405 0.0000000427 
0.0000000567 0.0000000403 0.0000000425 
0.0000000563 0.0000000400 0.0000000424 
0.0000000558 0.0000000398 0.0000000422 
0.0000000553 0.0000000395 0.0000000420 
0.0000000549 0.0000000393 0.0000000418 
0.0000000544 0.0000000390 0.0000000417 
0.0000000539 0.0000000388 0.0000000415 
0.0000000535 0.0000000386 0.0000000413 
0.0000000530 0.0000000383 0.0000000412 
0.0000000526 0.0000000381 0.0000000410 
0.0000000522 0.0000000378 0.0000000408 
0.0000000517 0.0000000376 0.0000000407 
0.0000000513 0.0000000373 0.0000000405 
0.0000000508 0.0000000371 0.0000000403 
0.0000000504 0.0000000369 0.0000000402 
0.0000000500 0.0000000366 0.0000000400 
0.0000000496 0.0000000364 0.0000000398 
0.0000000492 0.0000000361 0.0000000397 
0.0000000487 0.0000000359 0.0000000395 
0.0000000483 0.0000000356 0.0000000393 
0.0000000479 0.0000000354 0.0000000392 
0.0000000475 0.0000000352 0.0000000390 
0.0000000471 0.0000000349 0.0000000388 
0.0000000467 0.0000000347 0.0000000387 
0.0000000464 0.0000000344 0.0000000385 
0.0000000460 0.0000000342 0.0000000383 
0.0000000456 0.0000000339 0.0000000382 
0.0000000452 0.0000000337 0.0000000380 
0.0000000448 0.0000000335 0.0000000379 
0.0000000444 0.0000000332 0.0000000377 
0.0000000441 0.0000000330 0.0000000375 
0.0000000437 0.0000000327 0.0000000374 
0.0000000433 0.0000000325 0.0000000372 
0.0000000429 0.0000000322 0.0000000370 
0.0000000426 0.0000000320 0.0000000369 
0.0000000422 0.0000000318 0.0000000367 
0.0000000419 0.0000000315 0.0000000365 
0.0000000415 0.0000000313 0.0000000364 
0.0000000412 0.0000000311 0.0000000362 
0.0000000408 0.0000000308 0.0000000360 
0.0000000405 0.0000000306 0.0000000359 
0.0000000401 0.0000000303 0.0000000357 
0.0000000398 0.0000000301 0.0000000355 
0.0000000395 0.0000000299 0.0000000354 
0.0000000391 0.0000000297 0.0000000352 
0.0000000388 0.0000000294 0.0000000351 
0.0000000385 0.0000000292 0.0000000349 
0.0000000382 0.0000000290 0.0000000347 
0.0000000379 0.0000000287 0.0000000346 
0.0000000376 0.0000000285 0.0000000344 
0.0000000373 0.0000000283 0.0000000342 
0.0000000370 0.0000000281 0.0000000341 
0.0000000367 0.0000000278 0.0000000339 
0.0000000364 0.0000000276 0.0000000338 
0.0000000362 0.0000000274 0.0000000336 
0.0000000359 0.0000000272 0.0000000334 
0.0000000356 0.0000000270 0.0000000333 
0.0000000354 0.0000000267 0.0000000331 
0.0000000351 0.0000000265 0.0000000329 
0.0000000349 0.0000000263 0.0000000328 
0.0000000346 0.0000000261 0.0000000326 
0.0000000344 0.0000000259 0.0000000324 
0.0000000341 0.0000000256 0.0000000323 
0.0000000339 0.0000000254 0.0000000321 
0.0000000337 0.0000000252 0.0000000319 
0.0000000334 0.0000000250 0.0000000318 
0.0000000332 0.0000000248 0.0000000316 
0.0000000330 0.0000000246 0.0000000314 
0.0000000327 0.0000000244 0.0000000313 
0.0000000325 0.0000000242 0.0000000311 
0.0000000323 0.0000000239 0.0000000309 
0.0000000320 0.0000000237 0.0000000308 
0.0000000318 0.0000000235 0.0000000306 
0.0000000316 0.0000000233 0.0000000304 
0.0000000313 0.0000000231 0.0000000302 
0.0000000311 0.0000000229 0.0000000301 
0.0000000309 0.0000000227 0.0000000299 
0.0000000306 0.0000000225 0.0000000297 
0.0000000304 0.0000000223 0.0000000296 
0.0000000302 0.0000000221 0.0000000294 
0.0000000299 0.0000000219 0.0000000292 
0.0000000297 0.0000000217 0.0000000290 
0.0000000295 0.0000000215 0.0000000289 
0.0000000292 0.0000000213 0.0000000287 
0.0000000290 0.0000000211 0.0000000285 
0.0000000287 0.0000000209 0.0000000283 
0.0000000285 0.0000000207 0.0000000282 
0.0000000283 0.0000000205 0.0000000280 
0.0000000280 0.0000000203 0.0000000278 
0.0000000278 0.0000000201 0.0000000276 
0.0000000275 0.0000000199 0.0000000274 
0.0000000273 0.0000000197 0.0000000273 
0.0000000270 0.0000000196 0.0000000271 
0.0000000268 0.0000000194 0.0000000269 
0.0000000265 0.0000000192 0.0000000267 
0.0000000263 0.0000000190 0.0000000265 
0.0000000260 0.0000000188 0.0000000263 
0.0000000258 0.0000000186 0.0000000262 
0.0000000255 0.0000000184 0.0000000260 
0.0000000253 0.0000000182 0.0000000258 
0.0000000250 0.0000000180 0.0000000256 
0.0000000248 0.0000000178 0.0000000254 
0.0000000245 0.0000000176 0.0000000252 
0.0000000243 0.0000000175 0.0000000250 
0.0000000240 0.0000000173 0.0000000248 
0.0000000238 0.0000000171 0.0000000246 
0.0000000235 0.0000000169 0.0000000245 
0.0000000233 0.0000000167 0.0000000243 
0.0000000230 0.0000000165 0.0000000241 
0.0000000228 0.0000000163 0.0000000239 
0.0000000225 0.0000000162 0.0000000237 
0.0000000223 0.0000000160 0.0000000235 
0.0000000220 0.0000000158 0.0000000233 
0.0000000218 0.0000000156 0.0000000231 
0.0000000215 0.0000000154 0.0000000229 
0.0000000213 0.0000000152 0.0000000227 
0.0000000210 0.0000000151 0.0000000225 
0.0000000208 0.0000000149 0.0000000223 
0.0000000205 0.0000000147 0.0000000221 
0.0000000203 0.0000000145 0.0000000219 
0.0000000201 0.0000000143 0.0000000217 
0.0000000198 0.0000000142 0.0000000215 
0.0000000196 0.0000000140 0.0000000213 
0.0000000193 0.0000000138 0.0000000211 
0.0000000191 0.0000000136 0.0000000209 
0.0000000191 0.0000000136 0.0000000209 
0.0000000191 0.0000000136 0.0000000209 
0.0000000191 0.0000000136 0.0000000209 
0.0000000191 0.0000000136 0.0000000209 
0.0000000191 0.0000000136 0.0000000209 
0.0000000191 0.0000000136 0.0000000209 
0.0000000191 0.0000000136 0.0000000209 
0.0000000191 0.0000000136 0.0000000209 
0.0000000191 0.0000000136 0.0000000209 
0.0000000191 0.0000000136 0.0000000209 
0.0000000191 0.0000000136 0.0000000209 
0.0000000191 0.0000000136 0.0000000209 
0.0000000191 0.0000000136 0.0000000209 
0.0000000191 0.0000000136 0.0000000209 
0.0000000191 0.0000000136 0.0000000209 
0.0000000191 0.0000000136 0.0000000209 
0.0000000191 0.0000000136 0.0000000209 
0.0000000191 0.0000000136 0.0000000209 
0.0000000191 0.0000000136 0.0000000209 
0.0000000191 0.0000000136 0.0000000209 
0.0000000191 0.0000000136 0.0000000209 
0.0000000191 0.0000000136 0.0000000209 
0.0000000191 0.0000000136 0.0000000209 
0.0000000191 0.0000000136 0.0000000209 
0.0000000191 0.0000000136 0.0000000209 
0.0000000191 0.0000000136 0.0000000209 
0.0000000191 0.0000000136 0.0000000209 
0.0000000191 0.0000000136 0.0000000209 
0.0000000191 0.0000000136 0.0000000209 
0.0000000191 0.0000000136 0.0000000209 
0.0000000191 0.0000000136 0.0000000209 
0.0000000191 0.0000000136 0.0000000209 
0.0000000191 0.0000000136 0.0000000209 
0.0000000191 0.0000000136 0.0000000209 
0.0000000191 0.0000000136 0.0000000209 
0.0000000191 0.0000000136 0.0000000209 
0.0000000191 0.0000000136 0.0000000209 
0.0000000191 0.0000000136 0.0000000209 
0.0000000191 0.0000000136 0.0000000209 
0.0000000191 0.0000000136 0.0000000209 
0.0000000191 0.0000000136 0.0000000209 
0.0000000191 0.0000000136 0.0000000209 
0.0000000191 0.0000000136 0.0000000209 
0.0000000191 0.0000000136 0.0000000209 
0.0000000191 0.0000000136 0.0000000209 
0.0000000191 0.0000000136 0.0000000209 
0.0000000191 0.0000000136 0.0000000209 
0.0000000191 0.0000000136 0.0000000209 
0.0000000191 0.0000000136 0.0000000209 
0.0000000191 0.0000000136 0.0000000209 
0.0000000191 0.0000000136 0.0000000209 
0.0000000191 0.0000000136 0.0000000209 
0.0000000191 0.0000000136 0.0000000209 
0.0000000191 0.0000000136 0.0000000209 
0.0000000191 0.0000000136 0.0000000209 
0.0000000191 0.0000000136 0.0000000209 
0.0000000191 0.0000000136 0.0000000209 
0.0000000191 0.0000000136 0.0000000209 
0.0000000191 0.0000000136 0.0000000209 
0.0000000191 0.0000000136 0.0000000209 
0.0000000191 0.0000000136 0.0000000209 
0.0000000191 0.0000000136 0.0000000209 
0.0000000191 0.0000000136 0.0000000209 
0.0000000191 0.0000000136 0.0000000209 
0.0000000191 0.0000000136 0.0000000209 
0.0000000191 0.0000000136 0.0000000209 
0.0000000191 0.0000000136 0.0000000209 
0.0000000191 0.0000000136 0.0000000209 
0.0000000191 0.0000000136 0.0000000209 
0.0000000191 0.0000000136 0.0000000209 
0.0000000191 0.0000000136 0.0000000209 
0.0000000191 0.0000000136 0.0000000209 
0.0000000191 0.0000000136 0.0000000209 
0.0000000191 0.0000000136 0.0000000209 
0.0000000191 0.0000000136 0.0000000209 
0.0000000191 0.0000000136 0.0000000209 
0.0000000191 0.0000000136 0.0000000209 
0.0000000191 0.0000000136 0.0000000209 
0.0000000191 0.0000000136 0.0000000209 
0.0000000191 0.0000000136 0.0000000209 
0.0000000191 0.0000000136 0.0000000209 
0.0000000191 0.0000000136 0.0000000209 
0.0000000191 0.0000000136 0.0000000209 
0.0000000191 0.0000000136 0.0000000209 
0.0000000191 0.0000000136 0.0000000209 
0.0000000191 0.0000000136 0.0000000209 
0.0000000191 0.0000000136 0.0000000209 
0.0000000191 0.0000000136 0.0000000209 
0.0000000191 0.0000000136 0.0000000209 
0.0000000191 0.0000000136 0.0000000209 
0.0000000191 0.0000000136 0.0000000209 
0.0000000191 0.0000000136 0.0000000209 
0.0000000191 0.0000000136 0.0000000209 
0.0000000191 0.0000000136 0.0000000209 
0.0000000191 0.0000000136 0.0000000209 
0.0000000191 0.0000000136 0.0000000209 
0.0000000191 0.0000000136 0.0000000209 
0.0000000191 0.0000000136 0.0000000209 
0.0000000191 0.0000000136 0.0000000209 
0.0000000191 0.0000000136 0.0000000209 
0.0000000191 0.0000000136 0.0000000209 
0.0000000191 0.0000000136 0.0000000209 
0.0000000191 0.0000000136 0.0000000209 
0.0000000191 0.0000000136 0.0000000209 
0.0000000191 0.0000000136 0.0000000209 
0.0000000191 0.0000000136 0.0000000209 
0.0000000191 0.0000000136 0.0000000209 
0.0000000191 0.0000000136 0.0000000209 
0.0000000191 0.0000000136 0.0000000209 
0.0000000191 0.0000000136 0.0000000209 
0.0000000191 0.0000000136 0.0000000209 
0.0000000191 0.0000000136 0.0000000209 
0.0000000191 0.0000000136 0.0000000209 
0.0000000191 0.0000000136 0.0000000209 
0.0000000191 0.0000000136 0.0000000209 
0.0000000191 0.0000000136 0.0000000209 
0.0000000191 0.0000000136 0.0000000209 
0.0000000191 0.0000000136 0.0000000209 
0.0000000191 0.0000000136 0.0000000209 
0.0000000191 0.0000000136 0.0000000209 
0.0000000191 0.0000000136 0.0000000209 
0.0000000191 0.0000000136 0.0000000209 
0.0000000191 0.0000000136 0.0000000209 
0.0000000191 0.0000000136 0.0000000209 
0.0000000191 0.0000000136 0.0000000209 
0.0000000191 0.0000000136 0.0000000209 
0.0000000191 0.0000000136 0.0000000209 
0.0000000191 0.0000000136 0.0000000209 
0.0000000191 0.0000000136 0.0000000209 
0.0000000191 0.0000000136 0.0000000209 
0.0000000191 0.0000000136 0.0000000209 
0.0000000191 0.0000000136 0.0000000209 
0.0000000191 0.0000000136 0.0000000209 
0.0000000191 0.0000000136 0.0000000209 
0.0000000191 0.0000000136 0.0000000209 
0.0000000191 0.0000000136 0.0000000209 
0.0000000191 0.0000000136 0.0000000209 
0.0000000191 0.0000000136 0.0000000209 
0.0000000191 0.0000000136 0.0000000209 
0.0000000191 0.0000000136 0.0000000209 
0.0000000191 0.0000000136 0.0000000209 
0.0000000191 0.0000000136 0.0000000209 
0.0000000191 0.0000000136 0.0000000209 
0.0000000191 0.0000000136 0.0000000209 
0.0000000191 0.0000000136 0.0000000209 
0.0000000191 0.0000000136 0.0000000209 
0.0000000191 0.0000000136 0.0000000209 
0.0000000191 0.0000000136 0.0000000209 
0.0000000191 0.0000000136 0.0000000209 
0.0000000191 0.0000000136 0.0000000209 
0.0000000191 0.0000000136 0.0000000209 
0.0000000191 0.0000000136 0.0000000209 
0.0000000191 0.0000000136 0.0000000209 
0.0000000191 0.0000000136 0.0000000209 
0.0000000191 0.0000000136 0.0000000209 
0.0000000191 0.0000000136 0.0000000209 
0.0000000191 0.0000000136 0.0000000209 
0.0000000191 0.0000000136 0.0000000209 
0.0000000191 0.0000000136 0.0000000209 
0.0000000191 0.0000000136 0.0000000209 
0.0000000191 0.0000000136 0.0000000209 
0.0000000191 0.0000000136 0.0000000209 
0.0000000191 0.0000000136 0.0000000209 
0.0000000191 0.0000000136 0.0000000209 
0.0000000191 0.0000000136 0.0000000209 
0.0000000191 0.0000000136 0.0000000209 
0.0000000191 0.0000000136 0.0000000209 
0.0000000191 0.0000000136 0.0000000209 
0.0000000191 0.0000000136 0.0000000209 
0.0000000191 0.0000000136 0.0000000209 
0.0000000191 0.0000000136 0.0000000209 
0.0000000191 0.0000000136 0.0000000209 
0.0000000191 0.0000000136 0.0000000209 
0.0000000191 0.0000000136 0.0000000209 
0.0000000191 0.0000000136 0.0000000209 
0.0000000191 0.0000000136 0.0000000209 
0.0000000191 0.0000000136 0.0000000209 
0.0000000191 0.0000000136 0.0000000209 
0.0000000191 0.0000000136 0.0000000209 
0.0000000191 0.0000000136 0.0000000209 
0.0000000191 0.0000000136 0.0000000209 
0.0000000191 0.0000000136 0.0000000209 
0.0000000191 0.0000000136 0.0000000209 
0.0000000191 0.0000000136 0.0000000209 
0.0000000191 0.0000000136 0.0000000209 
0.0000000191 0.0000000136 0.0000000209 
0.0000000191 0.0000000136 0.0000000209 
0.0000000191 0.0000000136 0.0000000209 
0.0000000191 0.0000000136 0.0000000209 
0.0000000191 0.0000000136 0.0000000209 
0.0000000191 0.0000000136 0.0000000209 
0.0000000191 0.0000000136 0.0000000209 
0.0000000191 0.0000000136 0.0000000209 
0.0000000191 0.0000000136 0.0000000209 
0.0000000191 0.0000000136 0.0000000209 
0.0000000191 0.0000000136 0.0000000209 
0.0000000191 0.0000000136 0.0000000209 
0.0000000191 0.0000000136 0.0000000209 
0.0000000191 0.0000000136 0.0000000209 
0.0000000191 0.0000000136 0.0000000209 
0.0000000191 0.0000000136 0.0000000209 
0.0000000191 0.0000000136 0.0000000209 
0.0000000191 0.0000000136 0.0000000209 
0.0000000191 0.0000000136 0.0000000209 
0.0000000191 0.0000000136 0.0000000209 
0.0000000191 0.0000000136 0.0000000209 
0.0000000191 0.0000000136 0.0000000209 
0.0000000191 0.0000000136 0.0000000209 
0.0000000191 0.0000000136 0.0000000209 
0.0000000191 0.0000000136 0.0000000209 
0.0000000191 0.0000000136 0.0000000209 
0.0000000191 0.0000000136 0.0000000209 
0.0000000191 0.0000000136 0.0000000209 
0.0000000191 0.0000000136 0.0000000209 
0.0000000191 0.0000000136 0.0000000209 
0.0000000191 0.0000000136 0.0000000209 
0.0000000191 0.0000000136 0.0000000209 
0.0000000191 0.0000000136 0.0000000209 
0.0000000191 0.0000000136 0.0000000209 
0.0000000191 0.0000000136 0.0000000209 
0.0000000191 0.0000000136 0.0000000209 
0.0000000191 0.0000000136 0.0000000209 
0.0000000191 0.0000000136 0.0000000209 
0.0000000191 0.0000000136 0.0000000209 
0.0000000191 0.0000000136 0.0000000209 
0.0000000191 0.0000000136 0.0000000209 
0.0000000191 0.0000000136 0.0000000209 
0.0000000191 0.0000000136 0.0000000209 
0.0000000191 0.0000000136 0.0000000209 
0.0000000191 0.0000000136 0.0000000209 
0.0000000191 0.0000000136 0.0000000209 
0.0000000191 0.0000000136 0.0000000209 
0.0000000191 0.0000000136 0.0000000209 
0.0000000191 0.0000000136 0.0000000209 
0.0000000191 0.0000000136 0.0000000209 
0.0000000191 0.0000000136 0.0000000209 
0.0000000191 0.0000000136 0.0000000209 
0.0000000191 0.0000000136 0.0000000209 
0.0000000191 0.0000000136 0.0000000209 
0.0000000191 0.0000000136 0.0000000209 
0.0000000191 0.0000000136 0.0000000209 
0.0000000191 0.0000000136 0.0000000209 
0.0000000191 0.0000000136 0.0000000209 
0.0000000191 0.0000000136 0.0000000209 
0.0000000191 0.0000000136 0.0000000209 
0.0000000191 0.0000000136 0.0000000209 
0.0000000191 0.0000000136 0.0000000209 
0.0000000191 0.0000000136 0.0000000209 
0.0000000191 0.0000000136 0.0000000209 
0.0000000191 0.0000000136 0.0000000209 
0.0000000191 0.0000000136 0.0000000209 
0.0000000191 0.0000000136 0.0000000209 
0.0000000191 0.0000000136 0.0000000209 
0.0000000191 0.0000000136 0.0000000209 
0.0000000191 0.0000000136 0.0000000209 
0.0000000191 0.0000000136 0.0000000209 
0.0000000191 0.0000000136 0.0000000209 
0.0000000191 0.0000000136 0.0000000209 
0.0000000191 0.0000000136 0.0000000209 
