0.0000019948 -0.0000014357 0.0000013497 
0.0000019706 -0.0000013761 0.0000012910 
0.0000019470 -0.0000013197 0.0000012353 
0.0000019234 -0.0000012661 0.0000011822 
0.0000018997 -0.0000012150 0.0000011312 
0.0000018758 -0.0000011662 0.0000010823 
0.0000018513 -0.0000011195 0.0000010352 
0.0000018263 -0.0000010746 0.0000009897 
0.0000018005 -0.0000010315 0.0000009459 
0.0000017740 -0.0000009899 0.0000009035 
0.0000017470 -0.0000009499 0.0000008624 
0.0000017195 -0.0000009111 0.0000008227 
0.0000016916 -0.0000008737 0.0000007842 
0.0000016634 -0.0000008374 0.0000007470 
0.0000016350 -0.0000008023 0.0000007110 
0.0000016067 -0.0000007684 0.0000006760 
0.0000015786 -0.0000007354 0.0000006421 
0.0000015509 -0.0000007034 0.0000006092 
0.0000015234 -0.0000006724 0.0000005771 
0.0000014963 -0.0000006422 0.0000005461 
0.0000014698 -0.0000006131 0.0000005159 
0.0000014438 -0.0000005847 0.0000004865 
0.0000014182 -0.0000005572 0.0000004581 
0.0000013930 -0.0000005303 0.0000004305 
0.0000013684 -0.0000005042 0.0000004036 
0.0000013442 -0.0000004787 0.0000003775 
0.0000013206 -0.0000004539 0.0000003522 
0.0000012976 -0.0000004298 0.0000003276 
0.0000012752 -0.0000004063 0.0000003037 
0.0000012534 -0.0000003834 0.0000002805 
0.0000012321 -0.0000003610 0.0000002580 
0.0000012113 -0.0000003393 0.0000002361 
0.0000011911 -0.0000003180 0.0000002148 
0.0000011713 -0.0000002973 0.0000001943 
0.0000011521 -0.0000002771 0.0000001743 
0.0000011337 -0.0000002573 0.0000001549 
0.0000011160 -0.0000002380 0.0000001361 
0.0000010989 -0.0000002191 0.0000001179 
0.0000010824 -0.0000002006 0.0000001003 
0.0000010665 -0.0000001825 0.0000000832 
0.0000010512 -0.0000001649 0.0000000666 
0.0000010363 -0.0000001476 0.0000000506 
0.0000010218 -0.0000001307 0.0000000349 
0.0000010076 -0.0000001139 0.0000000196 
0.0000010076 -0.0000001139 0.0000000196 
0.0000010076 -0.0000001139 0.0000000196 
0.0000010076 -0.0000001139 0.0000000196 
0.0000010076 -0.0000001139 0.0000000196 
0.0000010076 -0.0000001139 0.0000000196 
0.0000010076 -0.0000001139 0.0000000196 
0.0000010076 -0.0000001139 0.0000000196 
0.0000010076 -0.0000001139 0.0000000196 
0.0000010076 -0.0000001139 0.0000000196 
0.0000010076 -0.0000001139 0.0000000196 
0.0000010076 -0.0000001139 0.0000000196 
0.0000010076 -0.0000001139 0.0000000196 
0.0000010076 -0.0000001139 0.0000000196 
0.0000010076 -0.0000001139 0.0000000196 
0.0000010076 -0.0000001139 0.0000000196 
0.0000010076 -0.0000001139 0.0000000196 
0.0000010076 -0.0000001139 0.0000000196 
0.0000010076 -0.0000001139 0.0000000196 
0.0000010076 -0.0000001139 0.0000000196 
0.0000010076 -0.0000001139 0.0000000196 
0.0000010076 -0.0000001139 0.0000000196 
0.0000010076 -0.0000001139 0.0000000196 
0.0000009906 -0.0000000962 0.0000000094 
0.0000009906 -0.0000000962 0.0000000094 
0.0000009906 -0.0000000962 0.0000000094 
0.0000009906 -0.0000000962 0.0000000094 
0.0000009906 -0.0000000962 0.0000000094 
0.0000009906 -0.0000000962 0.0000000094 
0.0000009906 -0.0000000962 0.0000000094 
0.0000009906 -0.0000000962 0.0000000094 
0.0000009906 -0.0000000962 0.0000000094 
0.0000009906 -0.0000000962 0.0000000094 
0.0000009906 -0.0000000962 0.0000000094 
0.0000009906 -0.0000000962 0.0000000094 
0.0000009906 -0.0000000962 0.0000000094 
0.0000009906 -0.0000000962 0.0000000094 
0.0000009906 -0.0000000962 0.0000000094 
0.0000009906 -0.0000000962 0.0000000094 
0.0000009906 -0.0000000962 0.0000000094 
0.0000009906 -0.0000000962 0.0000000094 
0.0000009906 -0.0000000962 0.0000000094 
0.0000009906 -0.0000000962 0.0000000094 
0.0000009906 -0.0000000962 0.0000000094 
0.0000009906 -0.0000000962 0.0000000094 
0.0000009906 -0.0000000962 0.0000000094 
0.0000009906 -0.0000000962 0.0000000094 
0.0000009906 -0.0000000962 0.0000000094 
0.0000009906 -0.0000000962 0.0000000094 
0.0000009906 -0.0000000962 0.0000000094 
0.0000009906 -0.0000000962 0.0000000094 
0.0000009906 -0.0000000962 0.0000000094 
0.0000009906 -0.0000000962 0.0000000094 
0.0000009906 -0.0000000962 0.0000000094 
0.0000009906 -0.0000000962 0.0000000094 
0.0000009906 -0.0000000962 0.0000000094 
0.0000009906 -0.0000000962 0.0000000094 
0.0000009906 -0.0000000962 0.0000000094 
0.0000009906 -0.0000000962 0.0000000094 
0.0000009906 -0.0000000962 0.0000000094 
0.0000009906 -0.0000000962 0.0000000094 
0.0000009906 -0.0000000962 0.0000000094 
0.0000009906 -0.0000000962 0.0000000094 
0.0000009906 -0.0000000962 0.0000000094 
0.0000009906 -0.0000000962 0.0000000094 
0.0000009906 -0.0000000962 0.0000000094 
0.0000009906 -0.0000000962 0.0000000094 
0.0000009906 -0.0000000962 0.0000000094 
0.0000009906 -0.0000000962 0.0000000094 
0.0000009906 -0.0000000962 0.0000000094 
0.0000009906 -0.0000000962 0.0000000094 
0.0000009906 -0.0000000962 0.0000000094 
0.0000009906 -0.0000000962 0.0000000094 
0.0000009906 -0.0000000962 0.0000000094 
0.0000009906 -0.0000000962 0.0000000094 
0.0000009906 -0.0000000962 0.0000000094 
0.0000009906 -0.0000000962 0.0000000094 
0.0000009906 -0.0000000962 0.0000000094 
0.0000009906 -0.0000000962 0.0000000094 
0.0000009906 -0.0000000962 0.0000000094 
0.0000009906 -0.0000000962 0.0000000094 
0.0000009906 -0.0000000962 0.0000000094 
0.0000009906 -0.0000000962 0.0000000094 
0.0000009906 -0.0000000962 0.0000000094 
0.0000009906 -0.0000000962 0.0000000094 
0.0000009906 -0.0000000962 0.0000000094 
0.0000009906 -0.0000000962 0.0000000094 
0.0000009906 -0.0000000962 0.0000000094 
0.0000009906 -0.0000000962 0.0000000094 
0.0000009906 -0.0000000962 0.0000000094 
0.0000009906 -0.0000000962 0.0000000094 
0.0000009906 -0.0000000962 0.0000000094 
0.0000009906 -0.0000000962 0.0000000094 
0.0000009906 -0.0000000962 0.0000000094 
0.0000009906 -0.0000000962 0.0000000094 
0.0000009906 -0.0000000962 0.0000000094 
0.0000009906 -0.0000000962 0.0000000094 
0.0000009906 -0.0000000962 0.0000000094 
0.0000009906 -0.0000000962 0.0000000094 
0.0000009906 -0.0000000962 0.0000000094 
0.0000009906 -0.0000000962 0.0000000094 
0.0000009906 -0.0000000962 0.0000000094 
0.0000009906 -0.0000000962 0.0000000094 
0.0000009906 -0.0000000962 0.0000000094 
0.0000009906 -0.0000000962 0.0000000094 
0.0000009906 -0.0000000962 0.0000000094 
0.0000009906 -0.0000000962 0.0000000094 
0.0000009906 -0.0000000962 0.0000000094 
0.0000009906 -0.0000000962 0.0000000094 
0.0000009906 -0.0000000962 0.0000000094 
0.0000009906 -0.0000000962 0.0000000094 
0.0000009906 -0.0000000962 0.0000000094 
0.0000009906 -0.0000000962 0.0000000094 
0.0000009906 -0.0000000962 0.0000000094 
0.0000009906 -0.0000000962 0.0000000094 
0.0000009906 -0.0000000962 0.0000000094 
0.0000009906 -0.0000000962 0.0000000094 
0.0000009906 -0.0000000962 0.0000000094 
0.0000009906 -0.0000000962 0.0000000094 
0.0000009906 -0.0000000962 0.0000000094 
0.0000009906 -0.0000000962 0.0000000094 
0.0000009906 -0.0000000962 0.0000000094 
0.0000009906 -0.0000000962 0.0000000094 
0.0000009906 -0.0000000962 0.0000000094 
0.0000009906 -0.0000000962 0.0000000094 
0.0000009906 -0.0000000962 0.0000000094 
0.0000009906 -0.0000000962 0.0000000094 
0.0000009906 -0.0000000962 0.0000000094 
0.0000009906 -0.0000000962 0.0000000094 
0.0000009906 -0.0000000962 0.0000000094 
0.0000009906 -0.0000000962 0.0000000094 
0.0000009906 -0.0000000962 0.0000000094 
0.0000009906 -0.0000000962 0.0000000094 
0.0000009906 -0.0000000962 0.0000000094 
0.0000009906 -0.0000000962 0.0000000094 
0.0000009906 -0.0000000962 0.0000000094 
0.0000009906 -0.0000000962 0.0000000094 
0.0000009906 -0.0000000962 0.0000000094 
0.0000009906 -0.0000000962 0.0000000094 
0.0000009906 -0.0000000962 0.0000000094 
0.0000009906 -0.0000000962 0.0000000094 
0.0000009906 -0.0000000962 0.0000000094 
0.0000009906 -0.0000000962 0.0000000094 
0.0000009906 -0.0000000962 0.0000000094 
0.0000009906 -0.0000000962 0.0000000094 
0.0000009906 -0.0000000962 0.0000000094 
0.0000009906 -0.0000000962 0.0000000094 
0.0000009906 -0.0000000962 0.0000000094 
0.0000009906 -0.0000000962 0.0000000094 
0.0000009906 -0.0000000962 0.0000000094 
0.0000009906 -0.0000000962 0.0000000094 
0.0000009906 -0.0000000962 0.0000000094 
0.0000009906 -0.0000000962 0.0000000094 
0.0000009906 -0.0000000962 0.0000000094 
0.0000009906 -0.0000000962 0.0000000094 
0.0000009906 -0.0000000962 0.0000000094 
0.0000009906 -0.0000000962 0.0000000094 
0.0000009906 -0.0000000962 0.0000000094 
0.0000009906 -0.0000000962 0.0000000094 
0.0000009906 -0.0000000962 0.0000000094 
0.0000009906 -0.0000000962 0.0000000094 
0.0000009906 -0.0000000962 0.0000000094 
0.0000009906 -0.0000000962 0.0000000094 
0.0000009906 -0.0000000962 0.0000000094 
0.0000009906 -0.0000000962 0.0000000094 
0.0000009906 -0.0000000962 0.0000000094 
0.0000009906 -0.0000000962 0.0000000094 
0.0000009906 -0.0000000962 0.0000000094 
0.0000009906 -0.0000000962 0.0000000094 
0.0000009906 -0.0000000962 0.0000000094 
0.0000009906 -0.0000000962 0.0000000094 
0.0000009906 -0.0000000962 0.0000000094 
0.0000009906 -0.0000000962 0.0000000094 
0.0000009906 -0.0000000962 0.0000000094 
0.0000009906 -0.0000000962 0.0000000094 
0.0000009906 -0.0000000962 0.0000000094 
0.0000009906 -0.0000000962 0.0000000094 
0.0000009906 -0.0000000962 0.0000000094 
0.0000009906 -0.0000000962 0.0000000094 
0.0000009906 -0.0000000962 0.0000000094 
0.0000009906 -0.0000000962 0.0000000094 
0.0000009906 -0.0000000962 0.0000000094 
0.0000009906 -0.0000000962 0.0000000094 
0.0000009906 -0.0000000962 0.0000000094 
0.0000009906 -0.0000000962 0.0000000094 
0.0000009906 -0.0000000962 0.0000000094 
0.0000009906 -0.0000000962 0.0000000094 
0.0000009906 -0.0000000962 0.0000000094 
0.0000009906 -0.0000000962 0.0000000094 
0.0000009906 -0.0000000962 0.0000000094 
0.0000009906 -0.0000000962 0.0000000094 
0.0000009906 -0.0000000962 0.0000000094 
0.0000009906 -0.0000000962 0.0000000094 
0.0000009906 -0.0000000962 0.0000000094 
0.0000009906 -0.0000000962 0.0000000094 
0.0000009906 -0.0000000962 0.0000000094 
0.0000009906 -0.0000000962 0.0000000094 
0.0000009906 -0.0000000962 0.0000000094 
0.0000009906 -0.0000000962 0.0000000094 
0.0000009906 -0.0000000962 0.0000000094 
0.0000009906 -0.0000000962 0.0000000094 
0.0000009906 -0.0000000962 0.0000000094 
0.0000009906 -0.0000000962 0.0000000094 
0.0000009906 -0.0000000962 0.0000000094 
0.0000009906 -0.0000000962 0.0000000094 
0.0000009906 -0.0000000962 0.0000000094 
0.0000009906 -0.0000000962 0.0000000094 
0.0000009906 -0.0000000962 0.0000000094 
0.0000009906 -0.0000000962 0.0000000094 
0.0000009906 -0.0000000962 0.0000000094 
0.0000009906 -0.0000000962 0.0000000094 
0.0000009906 -0.0000000962 0.0000000094 
0.0000009906 -0.0000000962 0.0000000094 
0.0000009757 -0.0000000864 0.0000000077 
0.0000009757 -0.0000000864 0.0000000077 
0.0000009757 -0.0000000864 0.0000000077 
0.0000009757 -0.0000000864 0.0000000077 
0.0000009757 -0.0000000864 0.0000000077 
0.0000009757 -0.0000000864 0.0000000077 
0.0000009757 -0.0000000864 0.0000000077 
0.0000009646 -0.0000000796 0.0000000066 
0.0000009646 -0.0000000796 0.0000000066 
0.0000009525 -0.0000000732 0.0000000056 
0.0000009525 -0.0000000732 0.0000000056 
0.0000009525 -0.0000000732 0.0000000056 
0.0000009398 -0.0000000673 0.0000000048 
0.0000009269 -0.0000000616 0.0000000041 
0.0000009139 -0.0000000558 0.0000000035 
0.0000009008 -0.0000000500 0.0000000029 
0.0000008876 -0.0000000440 0.0000000025 
0.0000008741 -0.0000000379 0.0000000023 
0.0000008605 -0.0000000317 0.0000000023 
0.0000008468 -0.0000000255 0.0000000023 
0.0000008328 -0.0000000192 0.0000000025 
0.0000008187 -0.0000000129 0.0000000028 
0.0000008045 -0.0000000067 0.0000000031 
0.0000007900 -0.0000000005 0.0000000033 
0.0000007754 0.0000000056 0.0000000036 
0.0000007607 0.0000000116 0.0000000039 
0.0000007458 0.0000000176 0.0000000041 
0.0000007308 0.0000000233 0.0000000044 
0.0000007157 0.0000000290 0.0000000046 
0.0000007005 0.0000000345 0.0000000048 
0.0000006852 0.0000000399 0.0000000049 
0.0000006697 0.0000000451 0.0000000050 
0.0000006540 0.0000000501 0.0000000051 
0.0000006381 0.0000000551 0.0000000051 
0.0000006381 0.0000000551 0.0000000051 
0.0000006381 0.0000000551 0.0000000051 
0.0000006381 0.0000000551 0.0000000051 
0.0000006381 0.0000000551 0.0000000051 
0.0000006381 0.0000000551 0.0000000051 
0.0000006381 0.0000000551 0.0000000051 
0.0000006381 0.0000000551 0.0000000051 
0.0000006381 0.0000000551 0.0000000051 
0.0000006381 0.0000000551 0.0000000051 
0.0000006381 0.0000000551 0.0000000051 
0.0000006381 0.0000000551 0.0000000051 
0.0000006381 0.0000000551 0.0000000051 
0.0000006381 0.0000000551 0.0000000051 
0.0000006381 0.0000000551 0.0000000051 
0.0000006381 0.0000000551 0.0000000051 
0.0000006381 0.0000000551 0.0000000051 
0.0000006381 0.0000000551 0.0000000051 
0.0000006381 0.0000000551 0.0000000051 
0.0000006381 0.0000000551 0.0000000051 
0.0000006381 0.0000000551 0.0000000051 
0.0000006381 0.0000000551 0.0000000051 
0.0000006381 0.0000000551 0.0000000051 
0.0000006381 0.0000000551 0.0000000051 
0.0000006381 0.0000000551 0.0000000051 
0.0000006381 0.0000000551 0.0000000051 
0.0000006381 0.0000000551 0.0000000051 
0.0000006381 0.0000000551 0.0000000051 
0.0000006381 0.0000000551 0.0000000051 
0.0000006381 0.0000000551 0.0000000051 
0.0000006381 0.0000000551 0.0000000051 
0.0000006381 0.0000000551 0.0000000051 
0.0000006381 0.0000000551 0.0000000051 
0.0000006381 0.0000000551 0.0000000051 
0.0000006381 0.0000000551 0.0000000051 
0.0000006381 0.0000000551 0.0000000051 
0.0000006381 0.0000000551 0.0000000051 
0.0000006381 0.0000000551 0.0000000051 
0.0000006381 0.0000000551 0.0000000051 
0.0000006381 0.0000000551 0.0000000051 
0.0000006381 0.0000000551 0.0000000051 
0.0000006381 0.0000000551 0.0000000051 
0.0000006381 0.0000000551 0.0000000051 
0.0000006381 0.0000000551 0.0000000051 
0.0000006381 0.0000000551 0.0000000051 
0.0000006381 0.0000000551 0.0000000051 
0.0000006381 0.0000000551 0.0000000051 
0.0000006381 0.0000000551 0.0000000051 
0.0000006381 0.0000000551 0.0000000051 
0.0000006381 0.0000000551 0.0000000051 
0.0000006381 0.0000000551 0.0000000051 
0.0000006381 0.0000000551 0.0000000051 
0.0000006381 0.0000000551 0.0000000051 
0.0000006381 0.0000000551 0.0000000051 
0.0000006381 0.0000000551 0.0000000051 
0.0000006381 0.0000000551 0.0000000051 
0.0000006381 0.0000000551 0.0000000051 
0.0000006381 0.0000000551 0.0000000051 
0.0000006381 0.0000000551 0.0000000051 
0.0000006381 0.0000000551 0.0000000051 
0.0000006381 0.0000000551 0.0000000051 
0.0000006381 0.0000000551 0.0000000051 
0.0000006381 0.0000000551 0.0000000051 
0.0000006381 0.0000000551 0.0000000051 
0.0000006381 0.0000000551 0.0000000051 
0.0000006381 0.0000000551 0.0000000051 
0.0000006381 0.0000000551 0.0000000051 
0.0000006381 0.0000000551 0.0000000051 
0.0000006381 0.0000000551 0.0000000051 
0.0000006381 0.0000000551 0.0000000051 
0.0000006381 0.0000000551 0.0000000051 
0.0000006381 0.0000000551 0.0000000051 
0.0000006381 0.0000000551 0.0000000051 
0.0000006381 0.0000000551 0.0000000051 
0.0000006381 0.0000000551 0.0000000051 
0.0000006381 0.0000000551 0.0000000051 
0.0000006381 0.0000000551 0.0000000051 
0.0000006381 0.0000000551 0.0000000051 
0.0000006381 0.0000000551 0.0000000051 
0.0000006381 0.0000000551 0.0000000051 
0.0000006381 0.0000000551 0.0000000051 
0.0000006210 0.0000000549 0.0000000049 
0.0000006210 0.0000000549 0.0000000049 
0.0000006210 0.0000000549 0.0000000049 
0.0000006210 0.0000000549 0.0000000049 
0.0000006210 0.0000000549 0.0000000049 
0.0000006210 0.0000000549 0.0000000049 
0.0000006210 0.0000000549 0.0000000049 
0.0000006210 0.0000000549 0.0000000049 
0.0000006210 0.0000000549 0.0000000049 
0.0000006054 0.0000000549 0.0000000050 
0.0000005903 0.0000000550 0.0000000053 
0.0000005755 0.0000000552 0.0000000057 
0.0000005611 0.0000000556 0.0000000062 
0.0000005469 0.0000000560 0.0000000068 
0.0000005329 0.0000000565 0.0000000074 
0.0000005192 0.0000000571 0.0000000081 
0.0000005057 0.0000000577 0.0000000088 
0.0000004923 0.0000000583 0.0000000096 
0.0000004790 0.0000000589 0.0000000103 
0.0000004659 0.0000000595 0.0000000111 
0.0000004530 0.0000000601 0.0000000118 
0.0000004403 0.0000000607 0.0000000126 
0.0000004277 0.0000000613 0.0000000134 
0.0000004153 0.0000000619 0.0000000142 
0.0000004030 0.0000000624 0.0000000150 
0.0000003908 0.0000000628 0.0000000157 
0.0000003787 0.0000000632 0.0000000165 
0.0000003667 0.0000000635 0.0000000172 
0.0000003548 0.0000000638 0.0000000179 
0.0000003430 0.0000000640 0.0000000187 
0.0000003312 0.0000000642 0.0000000193 
0.0000003196 0.0000000643 0.0000000200 
0.0000003081 0.0000000643 0.0000000207 
0.0000002966 0.0000000643 0.0000000213 
0.0000002853 0.0000000642 0.0000000219 
0.0000002741 0.0000000641 0.0000000224 
0.0000002629 0.0000000639 0.0000000230 
0.0000002519 0.0000000637 0.0000000235 
0.0000002410 0.0000000634 0.0000000240 
0.0000002302 0.0000000631 0.0000000244 
0.0000002195 0.0000000628 0.0000000249 
0.0000002090 0.0000000624 0.0000000253 
0.0000001986 0.0000000620 0.0000000257 
0.0000001885 0.0000000616 0.0000000261 
0.0000001785 0.0000000611 0.0000000265 
0.0000001687 0.0000000607 0.0000000269 
0.0000001591 0.0000000602 0.0000000273 
0.0000001498 0.0000000598 0.0000000277 
0.0000001408 0.0000000594 0.0000000282 
0.0000001320 0.0000000589 0.0000000286 
0.0000001235 0.0000000585 0.0000000291 
0.0000001153 0.0000000580 0.0000000296 
0.0000001153 0.0000000580 0.0000000296 
0.0000001153 0.0000000580 0.0000000296 
0.0000001153 0.0000000580 0.0000000296 
0.0000001153 0.0000000580 0.0000000296 
0.0000001153 0.0000000580 0.0000000296 
0.0000001153 0.0000000580 0.0000000296 
0.0000001153 0.0000000580 0.0000000296 
0.0000001088 0.0000000575 0.0000000304 
0.0000001088 0.0000000575 0.0000000304 
0.0000001088 0.0000000575 0.0000000304 
0.0000001088 0.0000000575 0.0000000304 
0.0000001088 0.0000000575 0.0000000304 
0.0000001088 0.0000000575 0.0000000304 
0.0000001088 0.0000000575 0.0000000304 
0.0000001088 0.0000000575 0.0000000304 
0.0000001088 0.0000000575 0.0000000304 
0.0000001088 0.0000000575 0.0000000304 
0.0000001027 0.0000000568 0.0000000314 
0.0000001027 0.0000000568 0.0000000314 
0.0000001027 0.0000000568 0.0000000314 
0.0000001027 0.0000000568 0.0000000314 
0.0000001027 0.0000000568 0.0000000314 
0.0000001027 0.0000000568 0.0000000314 
0.0000001027 0.0000000568 0.0000000314 
0.0000001027 0.0000000568 0.0000000314 
0.0000001027 0.0000000568 0.0000000314 
0.0000001027 0.0000000568 0.0000000314 
0.0000000966 0.0000000552 0.0000000316 
0.0000000906 0.0000000536 0.0000000319 
0.0000000849 0.0000000520 0.0000000323 
0.0000000794 0.0000000503 0.0000000329 
0.0000000741 0.0000000487 0.0000000336 
0.0000000691 0.0000000470 0.0000000344 
0.0000000642 0.0000000453 0.0000000352 
0.0000000595 0.0000000436 0.0000000361 
0.0000000549 0.0000000420 0.0000000370 
0.0000000505 0.0000000404 0.0000000379 
0.0000000461 0.0000000388 0.0000000387 
0.0000000418 0.0000000372 0.0000000396 
0.0000000376 0.0000000357 0.0000000403 
0.0000000334 0.0000000341 0.0000000411 
0.0000000293 0.0000000325 0.0000000417 
0.0000000252 0.0000000308 0.0000000423 
0.0000000211 0.0000000292 0.0000000428 
0.0000000211 0.0000000292 0.0000000428 
0.0000000211 0.0000000292 0.0000000428 
0.0000000211 0.0000000292 0.0000000428 
0.0000000211 0.0000000292 0.0000000428 
0.0000000211 0.0000000292 0.0000000428 
0.0000000211 0.0000000292 0.0000000428 
0.0000000211 0.0000000292 0.0000000428 
0.0000000211 0.0000000292 0.0000000428 
0.0000000211 0.0000000292 0.0000000428 
0.0000000211 0.0000000292 0.0000000428 
0.0000000211 0.0000000292 0.0000000428 
0.0000000211 0.0000000292 0.0000000428 
0.0000000211 0.0000000292 0.0000000428 
0.0000000211 0.0000000292 0.0000000428 
0.0000000211 0.0000000292 0.0000000428 
0.0000000211 0.0000000292 0.0000000428 
0.0000000211 0.0000000292 0.0000000428 
0.0000000211 0.0000000292 0.0000000428 
0.0000000211 0.0000000292 0.0000000428 
0.0000000211 0.0000000292 0.0000000428 
0.0000000211 0.0000000292 0.0000000428 
0.0000000211 0.0000000292 0.0000000428 
0.0000000192 0.0000000283 0.0000000418 
0.0000000192 0.0000000283 0.0000000418 
0.0000000192 0.0000000283 0.0000000418 
0.0000000192 0.0000000278 0.0000000408 
0.0000000193 0.0000000274 0.0000000399 
0.0000000194 0.0000000270 0.0000000389 
0.0000000194 0.0000000266 0.0000000380 
0.0000000194 0.0000000261 0.0000000370 
0.0000000193 0.0000000256 0.0000000362 
0.0000000192 0.0000000251 0.0000000353 
0.0000000192 0.0000000246 0.0000000345 
0.0000000191 0.0000000241 0.0000000337 
0.0000000190 0.0000000236 0.0000000330 
0.0000000189 0.0000000231 0.0000000323 
0.0000000188 0.0000000225 0.0000000316 
0.0000000188 0.0000000220 0.0000000309 
0.0000000187 0.0000000214 0.0000000302 
0.0000000187 0.0000000209 0.0000000296 
0.0000000186 0.0000000204 0.0000000290 
0.0000000185 0.0000000199 0.0000000283 
0.0000000184 0.0000000193 0.0000000278 
0.0000000182 0.0000000188 0.0000000272 
0.0000000181 0.0000000183 0.0000000266 
0.0000000178 0.0000000178 0.0000000261 
0.0000000176 0.0000000173 0.0000000255 
0.0000000172 0.0000000169 0.0000000250 
0.0000000169 0.0000000164 0.0000000245 
0.0000000165 0.0000000159 0.0000000240 
0.0000000160 0.0000000154 0.0000000235 
0.0000000155 0.0000000149 0.0000000230 
0.0000000149 0.0000000145 0.0000000225 
0.0000000143 0.0000000140 0.0000000220 
0.0000000137 0.0000000135 0.0000000215 
0.0000000130 0.0000000130 0.0000000210 
0.0000000123 0.0000000126 0.0000000205 
0.0000000117 0.0000000121 0.0000000201 
0.0000000110 0.0000000116 0.0000000196 
0.0000000103 0.0000000112 0.0000000190 
0.0000000097 0.0000000107 0.0000000185 
0.0000000090 0.0000000103 0.0000000180 
0.0000000084 0.0000000099 0.0000000175 
0.0000000078 0.0000000095 0.0000000169 
0.0000000073 0.0000000091 0.0000000163 
0.0000000068 0.0000000087 0.0000000157 
0.0000000064 0.0000000083 0.0000000151 
0.0000000060 0.0000000079 0.0000000145 
0.0000000056 0.0000000075 0.0000000139 
0.0000000053 0.0000000071 0.0000000132 
0.0000000050 0.0000000068 0.0000000125 
0.0000000048 0.0000000064 0.0000000118 
0.0000000047 0.0000000061 0.0000000110 
0.0000000046 0.0000000058 0.0000000103 
0.0000000046 0.0000000055 0.0000000095 
0.0000000046 0.0000000053 0.0000000088 
0.0000000048 0.0000000051 0.0000000080 
0.0000000049 0.0000000049 0.0000000073 
0.0000000051 0.0000000047 0.0000000067 
0.0000000054 0.0000000046 0.0000000060 
0.0000000056 0.0000000044 0.0000000054 
0.0000000058 0.0000000043 0.0000000049 
0.0000000061 0.0000000042 0.0000000044 
0.0000000063 0.0000000041 0.0000000039 
0.0000000065 0.0000000040 0.0000000035 
0.0000000066 0.0000000039 0.0000000030 
0.0000000067 0.0000000038 0.0000000026 
0.0000000067 0.0000000037 0.0000000023 
0.0000000067 0.0000000036 0.0000000019 
0.0000000067 0.0000000036 0.0000000019 
0.0000000067 0.0000000036 0.0000000019 
0.0000000067 0.0000000036 0.0000000019 
0.0000000067 0.0000000036 0.0000000019 
0.0000000067 0.0000000036 0.0000000019 
0.0000000067 0.0000000036 0.0000000019 
0.0000000067 0.0000000036 0.0000000019 
0.0000000067 0.0000000036 0.0000000019 
0.0000000067 0.0000000036 0.0000000019 
0.0000000056 0.0000000032 0.0000000018 
0.0000000044 0.0000000027 0.0000000018 
0.0000000033 0.0000000023 0.0000000018 
0.0000000024 0.0000000019 0.0000000018 
0.0000000017 0.0000000016 0.0000000019 
0.0000000011 0.0000000013 0.0000000021 
0.0000000006 0.0000000010 0.0000000022 
0.0000000006 0.0000000010 0.0000000022 
0.0000000006 0.0000000010 0.0000000022 
0.0000000006 0.0000000010 0.0000000022 
0.0000000006 0.0000000010 0.0000000022 
0.0000000005 0.0000000009 0.0000000020 
0.0000000006 0.0000000009 0.0000000018 
0.0000000009 0.0000000010 0.0000000016 
0.0000000013 0.0000000012 0.0000000016 
0.0000000019 0.0000000014 0.0000000016 
0.0000000026 0.0000000017 0.0000000017 
0.0000000033 0.0000000021 0.0000000019 
0.0000000040 0.0000000025 0.0000000021 
0.0000000047 0.0000000029 0.0000000024 
0.0000000054 0.0000000034 0.0000000027 
0.0000000062 0.0000000038 0.0000000030 
0.0000000069 0.0000000043 0.0000000034 
0.0000000076 0.0000000047 0.0000000037 
0.0000000083 0.0000000052 0.0000000041 
0.0000000091 0.0000000057 0.0000000045 
0.0000000098 0.0000000062 0.0000000049 
0.0000000105 0.0000000067 0.0000000052 
0.0000000112 0.0000000072 0.0000000056 
0.0000000119 0.0000000076 0.0000000059 
0.0000000127 0.0000000081 0.0000000063 
0.0000000134 0.0000000086 0.0000000067 
0.0000000142 0.0000000091 0.0000000071 
0.0000000150 0.0000000096 0.0000000074 
0.0000000158 0.0000000101 0.0000000078 
0.0000000165 0.0000000106 0.0000000082 
0.0000000173 0.0000000110 0.0000000085 
0.0000000181 0.0000000115 0.0000000089 
0.0000000188 0.0000000119 0.0000000093 
0.0000000195 0.0000000123 0.0000000096 
0.0000000202 0.0000000127 0.0000000100 
0.0000000209 0.0000000131 0.0000000103 
0.0000000215 0.0000000135 0.0000000107 
0.0000000221 0.0000000138 0.0000000110 
0.0000000226 0.0000000141 0.0000000113 
0.0000000231 0.0000000144 0.0000000116 
0.0000000236 0.0000000147 0.0000000119 
0.0000000240 0.0000000150 0.0000000122 
0.0000000244 0.0000000152 0.0000000125 
0.0000000248 0.0000000155 0.0000000128 
0.0000000251 0.0000000157 0.0000000131 
0.0000000254 0.0000000159 0.0000000133 
0.0000000257 0.0000000161 0.0000000136 
0.0000000260 0.0000000163 0.0000000139 
0.0000000262 0.0000000165 0.0000000141 
0.0000000263 0.0000000167 0.0000000144 
0.0000000265 0.0000000168 0.0000000146 
0.0000000266 0.0000000170 0.0000000148 
0.0000000267 0.0000000171 0.0000000150 
0.0000000268 0.0000000172 0.0000000152 
0.0000000268 0.0000000174 0.0000000154 
0.0000000268 0.0000000175 0.0000000156 
0.0000000268 0.0000000175 0.0000000158 
0.0000000267 0.0000000176 0.0000000159 
0.0000000267 0.0000000177 0.0000000161 
0.0000000266 0.0000000178 0.0000000163 
0.0000000265 0.0000000179 0.0000000164 
0.0000000264 0.0000000180 0.0000000166 
0.0000000263 0.0000000180 0.0000000167 
0.0000000262 0.0000000181 0.0000000169 
0.0000000261 0.0000000182 0.0000000171 
0.0000000259 0.0000000182 0.0000000172 
0.0000000257 0.0000000182 0.0000000175 
0.0000000256 0.0000000182 0.0000000177 
0.0000000254 0.0000000182 0.0000000179 
0.0000000252 0.0000000182 0.0000000181 
0.0000000251 0.0000000182 0.0000000183 
0.0000000249 0.0000000182 0.0000000185 
0.0000000247 0.0000000183 0.0000000187 
0.0000000246 0.0000000183 0.0000000189 
0.0000000245 0.0000000184 0.0000000191 
0.0000000244 0.0000000184 0.0000000194 
0.0000000242 0.0000000185 0.0000000196 
0.0000000242 0.0000000186 0.0000000198 
0.0000000241 0.0000000187 0.0000000200 
0.0000000240 0.0000000188 0.0000000202 
0.0000000240 0.0000000189 0.0000000205 
0.0000000239 0.0000000191 0.0000000207 
0.0000000239 0.0000000192 0.0000000209 
0.0000000239 0.0000000194 0.0000000211 
0.0000000240 0.0000000195 0.0000000214 
0.0000000240 0.0000000197 0.0000000216 
0.0000000241 0.0000000199 0.0000000219 
0.0000000242 0.0000000201 0.0000000221 
0.0000000243 0.0000000203 0.0000000223 
0.0000000245 0.0000000205 0.0000000226 
0.0000000247 0.0000000208 0.0000000229 
0.0000000249 0.0000000210 0.0000000231 
0.0000000251 0.0000000213 0.0000000234 
0.0000000254 0.0000000216 0.0000000237 
0.0000000257 0.0000000218 0.0000000240 
0.0000000260 0.0000000221 0.0000000243 
0.0000000264 0.0000000225 0.0000000246 
0.0000000268 0.0000000228 0.0000000249 
0.0000000273 0.0000000231 0.0000000252 
0.0000000277 0.0000000235 0.0000000256 
0.0000000282 0.0000000239 0.0000000259 
0.0000000288 0.0000000243 0.0000000263 
0.0000000293 0.0000000247 0.0000000266 
0.0000000299 0.0000000251 0.0000000270 
0.0000000305 0.0000000255 0.0000000274 
0.0000000312 0.0000000259 0.0000000277 
0.0000000319 0.0000000264 0.0000000281 
0.0000000326 0.0000000269 0.0000000285 
0.0000000333 0.0000000273 0.0000000289 
0.0000000341 0.0000000278 0.0000000293 
0.0000000349 0.0000000283 0.0000000297 
0.0000000357 0.0000000289 0.0000000302 
0.0000000365 0.0000000294 0.0000000306 
0.0000000374 0.0000000299 0.0000000310 
0.0000000383 0.0000000305 0.0000000314 
0.0000000392 0.0000000310 0.0000000319 
0.0000000401 0.0000000316 0.0000000323 
0.0000000410 0.0000000321 0.0000000327 
0.0000000419 0.0000000327 0.0000000332 
0.0000000428 0.0000000333 0.0000000336 
0.0000000437 0.0000000338 0.0000000340 
0.0000000446 0.0000000344 0.0000000345 
0.0000000455 0.0000000350 0.0000000349 
0.0000000464 0.0000000355 0.0000000353 
0.0000000473 0.0000000361 0.0000000358 
0.0000000482 0.0000000367 0.0000000362 
0.0000000491 0.0000000372 0.0000000367 
0.0000000499 0.0000000378 0.0000000371 
0.0000000508 0.0000000384 0.0000000375 
0.0000000517 0.0000000389 0.0000000380 
0.0000000525 0.0000000395 0.0000000384 
0.0000000534 0.0000000401 0.0000000389 
0.0000000542 0.0000000406 0.0000000393 
0.0000000550 0.0000000412 0.0000000397 
0.0000000559 0.0000000417 0.0000000402 
0.0000000567 0.0000000423 0.0000000406 
0.0000000575 0.0000000428 0.0000000410 
0.0000000584 0.0000000433 0.0000000415 
0.0000000592 0.0000000439 0.0000000419 
0.0000000600 0.0000000444 0.0000000423 
0.0000000609 0.0000000449 0.0000000427 
0.0000000617 0.0000000455 0.0000000432 
0.0000000625 0.0000000460 0.0000000436 
0.0000000633 0.0000000465 0.0000000440 
0.0000000641 0.0000000470 0.0000000444 
0.0000000649 0.0000000475 0.0000000448 
0.0000000656 0.0000000480 0.0000000452 
0.0000000664 0.0000000485 0.0000000456 
0.0000000671 0.0000000490 0.0000000460 
0.0000000679 0.0000000494 0.0000000464 
0.0000000686 0.0000000499 0.0000000468 
0.0000000693 0.0000000503 0.0000000471 
0.0000000700 0.0000000508 0.0000000475 
0.0000000707 0.0000000512 0.0000000479 
0.0000000713 0.0000000516 0.0000000482 
0.0000000720 0.0000000521 0.0000000486 
0.0000000726 0.0000000525 0.0000000489 
0.0000000733 0.0000000529 0.0000000493 
0.0000000739 0.0000000532 0.0000000496 
0.0000000745 0.0000000536 0.0000000500 
0.0000000751 0.0000000540 0.0000000503 
0.0000000757 0.0000000543 0.0000000506 
0.0000000763 0.0000000547 0.0000000509 
0.0000000768 0.0000000550 0.0000000512 
0.0000000774 0.0000000554 0.0000000515 
0.0000000780 0.0000000557 0.0000000518 
0.0000000785 0.0000000560 0.0000000521 
0.0000000791 0.0000000563 0.0000000524 
0.0000000797 0.0000000566 0.0000000527 
0.0000000802 0.0000000568 0.0000000530 
0.0000000807 0.0000000571 0.0000000532 
0.0000000812 0.0000000573 0.0000000535 
0.0000000816 0.0000000575 0.0000000537 
0.0000000821 0.0000000578 0.0000000539 
0.0000000825 0.0000000580 0.0000000542 
0.0000000829 0.0000000582 0.0000000544 
0.0000000833 0.0000000584 0.0000000546 
0.0000000836 0.0000000586 0.0000000548 
0.0000000839 0.0000000587 0.0000000550 
0.0000000843 0.0000000589 0.0000000552 
0.0000000846 0.0000000590 0.0000000554 
0.0000000849 0.0000000592 0.0000000556 
0.0000000851 0.0000000593 0.0000000558 
0.0000000854 0.0000000595 0.0000000559 
0.0000000857 0.0000000596 0.0000000561 
0.0000000861 0.0000000598 0.0000000563 
0.0000000864 0.0000000599 0.0000000565 
0.0000000867 0.0000000601 0.0000000567 
0.0000000870 0.0000000602 0.0000000569 
0.0000000873 0.0000000604 0.0000000570 
0.0000000876 0.0000000605 0.0000000572 
0.0000000879 0.0000000607 0.0000000574 
0.0000000882 0.0000000608 0.0000000576 
0.0000000885 0.0000000610 0.0000000578 
0.0000000888 0.0000000611 0.0000000579 
0.0000000891 0.0000000613 0.0000000581 
0.0000000894 0.0000000614 0.0000000583 
0.0000000897 0.0000000616 0.0000000584 
0.0000000900 0.0000000617 0.0000000586 
0.0000000903 0.0000000619 0.0000000588 
0.0000000906 0.0000000620 0.0000000589 
0.0000000909 0.0000000622 0.0000000591 
0.0000000911 0.0000000623 0.0000000592 
0.0000000914 0.0000000625 0.0000000594 
0.0000000917 0.0000000626 0.0000000595 
0.0000000920 0.0000000628 0.0000000597 
0.0000000923 0.0000000629 0.0000000598 
0.0000000926 0.0000000630 0.0000000600 
0.0000000928 0.0000000632 0.0000000601 
0.0000000931 0.0000000633 0.0000000602 
0.0000000933 0.0000000635 0.0000000604 
0.0000000936 0.0000000636 0.0000000605 
0.0000000938 0.0000000637 0.0000000606 
0.0000000940 0.0000000639 0.0000000608 
0.0000000942 0.0000000640 0.0000000609 
0.0000000944 0.0000000641 0.0000000610 
0.0000000946 0.0000000643 0.0000000611 
0.0000000948 0.0000000644 0.0000000612 
0.0000000950 0.0000000645 0.0000000613 
0.0000000951 0.0000000647 0.0000000615 
0.0000000953 0.0000000648 0.0000000616 
0.0000000955 0.0000000649 0.0000000617 
0.0000000956 0.0000000651 0.0000000618 
0.0000000958 0.0000000652 0.0000000619 
0.0000000959 0.0000000653 0.0000000620 
0.0000000961 0.0000000654 0.0000000621 
0.0000000962 0.0000000656 0.0000000622 
0.0000000963 0.0000000657 0.0000000623 
0.0000000964 0.0000000658 0.0000000624 
0.0000000965 0.0000000659 0.0000000625 
0.0000000966 0.0000000660 0.0000000626 
0.0000000967 0.0000000662 0.0000000627 
0.0000000969 0.0000000663 0.0000000628 
0.0000000970 0.0000000664 0.0000000629 
0.0000000971 0.0000000665 0.0000000629 
0.0000000971 0.0000000666 0.0000000630 
0.0000000972 0.0000000667 0.0000000631 
0.0000000973 0.0000000668 0.0000000632 
0.0000000974 0.0000000669 0.0000000633 
0.0000000975 0.0000000670 0.0000000634 
0.0000000975 0.0000000671 0.0000000634 
0.0000000976 0.0000000672 0.0000000635 
0.0000000977 0.0000000673 0.0000000636 
0.0000000977 0.0000000674 0.0000000637 
0.0000000978 0.0000000676 0.0000000638 
0.0000000979 0.0000000677 0.0000000638 
0.0000000979 0.0000000678 0.0000000639 
0.0000000980 0.0000000679 0.0000000640 
0.0000000981 0.0000000680 0.0000000641 
0.0000000981 0.0000000681 0.0000000642 
0.0000000982 0.0000000682 0.0000000642 
0.0000000983 0.0000000683 0.0000000643 
0.0000000984 0.0000000684 0.0000000644 
0.0000000984 0.0000000685 0.0000000645 
0.0000000985 0.0000000686 0.0000000646 
0.0000000986 0.0000000687 0.0000000646 
0.0000000986 0.0000000688 0.0000000647 
0.0000000987 0.0000000689 0.0000000648 
0.0000000988 0.0000000690 0.0000000649 
0.0000000988 0.0000000691 0.0000000649 
0.0000000989 0.0000000692 0.0000000650 
0.0000000990 0.0000000693 0.0000000651 
0.0000000990 0.0000000693 0.0000000652 
0.0000000991 0.0000000694 0.0000000653 
0.0000000991 0.0000000695 0.0000000653 
0.0000000992 0.0000000696 0.0000000654 
0.0000000992 0.0000000697 0.0000000655 
0.0000000993 0.0000000698 0.0000000655 
0.0000000993 0.0000000699 0.0000000656 
0.0000000994 0.0000000699 0.0000000657 
0.0000000994 0.0000000700 0.0000000657 
0.0000000995 0.0000000701 0.0000000658 
0.0000000995 0.0000000702 0.0000000658 
0.0000000996 0.0000000702 0.0000000659 
0.0000000996 0.0000000703 0.0000000660 
0.0000000996 0.0000000704 0.0000000660 
0.0000000997 0.0000000704 0.0000000661 
0.0000000997 0.0000000705 0.0000000661 
0.0000000998 0.0000000706 0.0000000662 
0.0000000998 0.0000000706 0.0000000662 
0.0000000999 0.0000000707 0.0000000663 
0.0000000999 0.0000000708 0.0000000663 
0.0000001000 0.0000000708 0.0000000664 
0.0000001001 0.0000000709 0.0000000664 
0.0000001001 0.0000000709 0.0000000664 
0.0000001002 0.0000000710 0.0000000665 
0.0000001003 0.0000000710 0.0000000665 
0.0000001003 0.0000000711 0.0000000666 
0.0000001004 0.0000000711 0.0000000666 
0.0000001005 0.0000000712 0.0000000666 
0.0000001006 0.0000000712 0.0000000667 
0.0000001007 0.0000000713 0.0000000667 
0.0000001007 0.0000000713 0.0000000668 
0.0000001008 0.0000000714 0.0000000668 
0.0000001009 0.0000000714 0.0000000668 
0.0000001010 0.0000000715 0.0000000669 
0.0000001011 0.0000000715 0.0000000669 
0.0000001012 0.0000000716 0.0000000669 
0.0000001013 0.0000000716 0.0000000670 
0.0000001014 0.0000000717 0.0000000670 
0.0000001015 0.0000000717 0.0000000670 
0.0000001016 0.0000000717 0.0000000671 
0.0000001017 0.0000000718 0.0000000671 
0.0000001018 0.0000000718 0.0000000671 
0.0000001018 0.0000000718 0.0000000671 
0.0000001019 0.0000000718 0.0000000671 
0.0000001019 0.0000000718 0.0000000671 
0.0000001020 0.0000000718 0.0000000671 
0.0000001020 0.0000000718 0.0000000671 
0.0000001021 0.0000000718 0.0000000671 
0.0000001021 0.0000000718 0.0000000671 
0.0000001021 0.0000000717 0.0000000670 
0.0000001022 0.0000000717 0.0000000670 
0.0000001022 0.0000000717 0.0000000670 
0.0000001022 0.0000000717 0.0000000670 
0.0000001022 0.0000000716 0.0000000670 
0.0000001022 0.0000000716 0.0000000669 
0.0000001023 0.0000000716 0.0000000669 
0.0000001023 0.0000000715 0.0000000669 
0.0000001023 0.0000000715 0.0000000669 
0.0000001023 0.0000000715 0.0000000669 
0.0000001023 0.0000000714 0.0000000668 
0.0000001023 0.0000000714 0.0000000668 
0.0000001023 0.0000000713 0.0000000668 
0.0000001023 0.0000000713 0.0000000668 
0.0000001024 0.0000000713 0.0000000667 
0.0000001024 0.0000000712 0.0000000667 
0.0000001024 0.0000000712 0.0000000667 
0.0000001024 0.0000000711 0.0000000666 
0.0000001024 0.0000000711 0.0000000666 
0.0000001024 0.0000000710 0.0000000666 
0.0000001024 0.0000000710 0.0000000666 
0.0000001024 0.0000000709 0.0000000665 
0.0000001024 0.0000000709 0.0000000665 
0.0000001024 0.0000000708 0.0000000665 
0.0000001024 0.0000000708 0.0000000665 
0.0000001025 0.0000000708 0.0000000664 
0.0000001025 0.0000000707 0.0000000664 
0.0000001025 0.0000000707 0.0000000664 
0.0000001025 0.0000000706 0.0000000664 
0.0000001026 0.0000000706 0.0000000663 
0.0000001026 0.0000000706 0.0000000663 
0.0000001026 0.0000000705 0.0000000663 
0.0000001027 0.0000000705 0.0000000663 
0.0000001027 0.0000000704 0.0000000663 
0.0000001027 0.0000000704 0.0000000662 
0.0000001028 0.0000000704 0.0000000662 
0.0000001028 0.0000000703 0.0000000662 
0.0000001028 0.0000000703 0.0000000662 
0.0000001028 0.0000000702 0.0000000661 
0.0000001029 0.0000000702 0.0000000661 
0.0000001029 0.0000000701 0.0000000661 
0.0000001029 0.0000000701 0.0000000660 
0.0000001029 0.0000000700 0.0000000660 
0.0000001029 0.0000000700 0.0000000660 
0.0000001030 0.0000000699 0.0000000659 
0.0000001030 0.0000000699 0.0000000659 
0.0000001030 0.0000000698 0.0000000658 
0.0000001030 0.0000000697 0.0000000658 
0.0000001030 0.0000000697 0.0000000658 
0.0000001030 0.0000000696 0.0000000657 
0.0000001030 0.0000000696 0.0000000657 
0.0000001030 0.0000000695 0.0000000656 
0.0000001030 0.0000000694 0.0000000656 
0.0000001030 0.0000000694 0.0000000655 
0.0000001030 0.0000000693 0.0000000655 
0.0000001030 0.0000000693 0.0000000654 
0.0000001030 0.0000000692 0.0000000654 
0.0000001030 0.0000000691 0.0000000653 
0.0000001029 0.0000000691 0.0000000653 
0.0000001029 0.0000000690 0.0000000652 
0.0000001029 0.0000000689 0.0000000652 
0.0000001029 0.0000000689 0.0000000651 
0.0000001029 0.0000000688 0.0000000650 
0.0000001028 0.0000000687 0.0000000650 
0.0000001028 0.0000000687 0.0000000649 
0.0000001028 0.0000000686 0.0000000649 
0.0000001028 0.0000000685 0.0000000648 
0.0000001027 0.0000000685 0.0000000648 
0.0000001027 0.0000000684 0.0000000647 
0.0000001027 0.0000000683 0.0000000646 
0.0000001026 0.0000000682 0.0000000646 
0.0000001026 0.0000000682 0.0000000645 
0.0000001025 0.0000000681 0.0000000644 
0.0000001025 0.0000000680 0.0000000644 
0.0000001024 0.0000000680 0.0000000643 
0.0000001024 0.0000000679 0.0000000642 
0.0000001023 0.0000000678 0.0000000642 
0.0000001023 0.0000000677 0.0000000641 
0.0000001022 0.0000000677 0.0000000640 
0.0000001021 0.0000000676 0.0000000640 
0.0000001020 0.0000000675 0.0000000639 
0.0000001019 0.0000000675 0.0000000638 
0.0000001018 0.0000000674 0.0000000638 
0.0000001017 0.0000000673 0.0000000637 
0.0000001016 0.0000000673 0.0000000636 
0.0000001015 0.0000000672 0.0000000636 
0.0000001014 0.0000000671 0.0000000635 
0.0000001013 0.0000000671 0.0000000634 
0.0000001012 0.0000000670 0.0000000634 
0.0000001010 0.0000000669 0.0000000633 
0.0000001009 0.0000000669 0.0000000632 
0.0000001008 0.0000000668 0.0000000631 
0.0000001007 0.0000000667 0.0000000631 
0.0000001005 0.0000000667 0.0000000630 
0.0000001003 0.0000000666 0.0000000629 
0.0000001001 0.0000000665 0.0000000628 
0.0000000999 0.0000000663 0.0000000627 
0.0000000997 0.0000000662 0.0000000626 
0.0000000994 0.0000000661 0.0000000625 
0.0000000992 0.0000000660 0.0000000624 
0.0000000990 0.0000000659 0.0000000623 
0.0000000988 0.0000000658 0.0000000622 
0.0000000986 0.0000000656 0.0000000621 
0.0000000984 0.0000000655 0.0000000620 
0.0000000982 0.0000000654 0.0000000619 
0.0000000979 0.0000000653 0.0000000618 
0.0000000977 0.0000000652 0.0000000617 
0.0000000975 0.0000000651 0.0000000616 
0.0000000973 0.0000000650 0.0000000615 
0.0000000971 0.0000000649 0.0000000614 
0.0000000969 0.0000000648 0.0000000613 
0.0000000967 0.0000000646 0.0000000612 
0.0000000965 0.0000000645 0.0000000611 
0.0000000963 0.0000000644 0.0000000610 
0.0000000960 0.0000000643 0.0000000609 
0.0000000958 0.0000000641 0.0000000608 
0.0000000956 0.0000000640 0.0000000607 
0.0000000953 0.0000000638 0.0000000606 
0.0000000951 0.0000000637 0.0000000605 
0.0000000948 0.0000000636 0.0000000603 
0.0000000946 0.0000000634 0.0000000602 
0.0000000943 0.0000000633 0.0000000601 
0.0000000940 0.0000000631 0.0000000600 
0.0000000938 0.0000000629 0.0000000599 
0.0000000935 0.0000000628 0.0000000598 
0.0000000932 0.0000000626 0.0000000596 
0.0000000929 0.0000000624 0.0000000595 
0.0000000926 0.0000000623 0.0000000594 
0.0000000923 0.0000000621 0.0000000593 
0.0000000920 0.0000000619 0.0000000591 
0.0000000917 0.0000000617 0.0000000590 
0.0000000913 0.0000000615 0.0000000589 
0.0000000910 0.0000000613 0.0000000587 
0.0000000907 0.0000000612 0.0000000586 
0.0000000903 0.0000000610 0.0000000585 
0.0000000900 0.0000000608 0.0000000583 
0.0000000896 0.0000000606 0.0000000582 
0.0000000892 0.0000000603 0.0000000581 
0.0000000889 0.0000000601 0.0000000579 
0.0000000885 0.0000000599 0.0000000578 
0.0000000881 0.0000000597 0.0000000576 
0.0000000877 0.0000000595 0.0000000575 
0.0000000874 0.0000000593 0.0000000573 
0.0000000870 0.0000000590 0.0000000572 
0.0000000866 0.0000000588 0.0000000571 
0.0000000862 0.0000000586 0.0000000569 
0.0000000858 0.0000000584 0.0000000568 
0.0000000854 0.0000000581 0.0000000566 
0.0000000849 0.0000000579 0.0000000565 
0.0000000845 0.0000000576 0.0000000563 
0.0000000841 0.0000000574 0.0000000561 
0.0000000837 0.0000000572 0.0000000560 
0.0000000833 0.0000000569 0.0000000558 
0.0000000828 0.0000000567 0.0000000557 
0.0000000824 0.0000000564 0.0000000555 
0.0000000820 0.0000000562 0.0000000554 
0.0000000815 0.0000000559 0.0000000552 
0.0000000811 0.0000000557 0.0000000551 
0.0000000806 0.0000000554 0.0000000549 
0.0000000802 0.0000000552 0.0000000547 
0.0000000798 0.0000000549 0.0000000546 
0.0000000793 0.0000000547 0.0000000544 
0.0000000789 0.0000000544 0.0000000543 
0.0000000784 0.0000000541 0.0000000541 
0.0000000780 0.0000000539 0.0000000539 
0.0000000775 0.0000000536 0.0000000538 
0.0000000770 0.0000000534 0.0000000536 
0.0000000766 0.0000000531 0.0000000534 
0.0000000761 0.0000000528 0.0000000533 
0.0000000757 0.0000000526 0.0000000531 
0.0000000752 0.0000000523 0.0000000530 
0.0000000748 0.0000000520 0.0000000528 
0.0000000743 0.0000000518 0.0000000526 
0.0000000739 0.0000000515 0.0000000525 
0.0000000734 0.0000000513 0.0000000523 
0.0000000729 0.0000000510 0.0000000521 
0.0000000725 0.0000000507 0.0000000520 
0.0000000720 0.0000000505 0.0000000518 
0.0000000716 0.0000000502 0.0000000516 
0.0000000711 0.0000000500 0.0000000515 
0.0000000707 0.0000000497 0.0000000513 
0.0000000702 0.0000000495 0.0000000512 
0.0000000697 0.0000000493 0.0000000510 
0.0000000693 0.0000000490 0.0000000509 
0.0000000689 0.0000000488 0.0000000507 
0.0000000684 0.0000000485 0.0000000505 
0.0000000680 0.0000000483 0.0000000504 
0.0000000675 0.0000000481 0.0000000502 
0.0000000671 0.0000000478 0.0000000501 
0.0000000666 0.0000000476 0.0000000499 
0.0000000662 0.0000000474 0.0000000498 
0.0000000658 0.0000000472 0.0000000496 
0.0000000653 0.0000000469 0.0000000495 
0.0000000649 0.0000000467 0.0000000493 
0.0000000644 0.0000000465 0.0000000492 
0.0000000640 0.0000000463 0.0000000490 
0.0000000636 0.0000000460 0.0000000489 
0.0000000632 0.0000000458 0.0000000487 
0.0000000627 0.0000000456 0.0000000486 
0.0000000623 0.0000000454 0.0000000484 
0.0000000619 0.0000000452 0.0000000483 
0.0000000615 0.0000000449 0.0000000481 
0.0000000611 0.0000000447 0.0000000480 
0.0000000607 0.0000000445 0.0000000478 
0.0000000603 0.0000000443 0.0000000477 
0.0000000599 0.0000000440 0.0000000475 
0.0000000595 0.0000000438 0.0000000474 
0.0000000591 0.0000000436 0.0000000473 
0.0000000587 0.0000000434 0.0000000471 
0.0000000583 0.0000000432 0.0000000470 
0.0000000579 0.0000000429 0.0000000468 
0.0000000575 0.0000000427 0.0000000467 
0.0000000572 0.0000000425 0.0000000465 
0.0000000568 0.0000000423 0.0000000464 
0.0000000564 0.0000000420 0.0000000463 
0.0000000560 0.0000000418 0.0000000461 
0.0000000557 0.0000000416 0.0000000460 
0.0000000553 0.0000000414 0.0000000458 
0.0000000550 0.0000000412 0.0000000457 
0.0000000546 0.0000000409 0.0000000455 
0.0000000542 0.0000000407 0.0000000454 
0.0000000539 0.0000000405 0.0000000453 
0.0000000535 0.0000000403 0.0000000451 
0.0000000532 0.0000000400 0.0000000450 
0.0000000528 0.0000000398 0.0000000448 
0.0000000525 0.0000000396 0.0000000447 
0.0000000521 0.0000000394 0.0000000445 
0.0000000518 0.0000000391 0.0000000444 
0.0000000515 0.0000000389 0.0000000442 
0.0000000511 0.0000000387 0.0000000441 
0.0000000508 0.0000000385 0.0000000440 
0.0000000505 0.0000000382 0.0000000438 
0.0000000501 0.0000000380 0.0000000437 
0.0000000498 0.0000000378 0.0000000435 
0.0000000495 0.0000000376 0.0000000434 
0.0000000492 0.0000000373 0.0000000432 
0.0000000488 0.0000000371 0.0000000431 
0.0000000485 0.0000000369 0.0000000429 
0.0000000482 0.0000000367 0.0000000428 
0.0000000479 0.0000000364 0.0000000426 
0.0000000476 0.0000000362 0.0000000425 
0.0000000473 0.0000000360 0.0000000423 
0.0000000470 0.0000000358 0.0000000422 
0.0000000467 0.0000000356 0.0000000421 
0.0000000465 0.0000000354 0.0000000419 
0.0000000462 0.0000000351 0.0000000418 
0.0000000459 0.0000000349 0.0000000416 
0.0000000456 0.0000000347 0.0000000415 
0.0000000454 0.0000000345 0.0000000413 
0.0000000451 0.0000000343 0.0000000412 
0.0000000448 0.0000000341 0.0000000410 
0.0000000446 0.0000000338 0.0000000409 
0.0000000443 0.0000000336 0.0000000407 
0.0000000441 0.0000000334 0.0000000406 
0.0000000439 0.0000000332 0.0000000404 
0.0000000436 0.0000000330 0.0000000403 
0.0000000434 0.0000000328 0.0000000401 
0.0000000432 0.0000000326 0.0000000399 
0.0000000429 0.0000000324 0.0000000398 
0.0000000427 0.0000000321 0.0000000396 
0.0000000425 0.0000000319 0.0000000395 
0.0000000422 0.0000000317 0.0000000393 
0.0000000420 0.0000000315 0.0000000392 
0.0000000418 0.0000000313 0.0000000390 
0.0000000416 0.0000000311 0.0000000388 
0.0000000413 0.0000000309 0.0000000387 
0.0000000411 0.0000000307 0.0000000385 
0.0000000409 0.0000000305 0.0000000384 
0.0000000406 0.0000000303 0.0000000382 
0.0000000404 0.0000000300 0.0000000381 
0.0000000402 0.0000000298 0.0000000379 
0.0000000399 0.0000000296 0.0000000377 
0.0000000397 0.0000000294 0.0000000376 
0.0000000395 0.0000000292 0.0000000374 
0.0000000392 0.0000000290 0.0000000372 
0.0000000390 0.0000000288 0.0000000371 
0.0000000387 0.0000000286 0.0000000369 
0.0000000385 0.0000000284 0.0000000367 
0.0000000383 0.0000000282 0.0000000366 
0.0000000380 0.0000000280 0.0000000364 
0.0000000378 0.0000000278 0.0000000362 
0.0000000375 0.0000000276 0.0000000361 
0.0000000373 0.0000000274 0.0000000359 
0.0000000370 0.0000000272 0.0000000357 
0.0000000368 0.0000000270 0.0000000355 
0.0000000365 0.0000000268 0.0000000354 
0.0000000363 0.0000000266 0.0000000352 
0.0000000360 0.0000000264 0.0000000350 
0.0000000358 0.0000000262 0.0000000348 
0.0000000355 0.0000000260 0.0000000346 
0.0000000352 0.0000000258 0.0000000345 
0.0000000350 0.0000000256 0.0000000343 
0.0000000347 0.0000000254 0.0000000341 
0.0000000345 0.0000000252 0.0000000339 
0.0000000342 0.0000000250 0.0000000337 
0.0000000339 0.0000000248 0.0000000336 
0.0000000337 0.0000000246 0.0000000334 
0.0000000334 0.0000000244 0.0000000332 
0.0000000331 0.0000000242 0.0000000330 
0.0000000329 0.0000000240 0.0000000328 
0.0000000326 0.0000000238 0.0000000326 
0.0000000323 0.0000000236 0.0000000324 
0.0000000321 0.0000000234 0.0000000322 
0.0000000318 0.0000000232 0.0000000320 
0.0000000315 0.0000000230 0.0000000318 
0.0000000313 0.0000000228 0.0000000317 
0.0000000310 0.0000000226 0.0000000315 
0.0000000307 0.0000000224 0.0000000313 
0.0000000305 0.0000000222 0.0000000311 
0.0000000302 0.0000000220 0.0000000309 
0.0000000299 0.0000000218 0.0000000307 
0.0000000297 0.0000000216 0.0000000305 
0.0000000294 0.0000000214 0.0000000303 
0.0000000291 0.0000000212 0.0000000301 
0.0000000288 0.0000000210 0.0000000299 
0.0000000286 0.0000000208 0.0000000297 
0.0000000283 0.0000000206 0.0000000295 
0.0000000280 0.0000000204 0.0000000293 
0.0000000278 0.0000000202 0.0000000291 
0.0000000275 0.0000000200 0.0000000289 
0.0000000275 0.0000000200 0.0000000289 
0.0000000275 0.0000000200 0.0000000289 
0.0000000275 0.0000000200 0.0000000289 
0.0000000275 0.0000000200 0.0000000289 
0.0000000275 0.0000000200 0.0000000289 
0.0000000275 0.0000000200 0.0000000289 
0.0000000275 0.0000000200 0.0000000289 
0.0000000275 0.0000000200 0.0000000289 
0.0000000275 0.0000000200 0.0000000289 
0.0000000275 0.0000000200 0.0000000289 
0.0000000275 0.0000000200 0.0000000289 
0.0000000275 0.0000000200 0.0000000289 
0.0000000275 0.0000000200 0.0000000289 
0.0000000275 0.0000000200 0.0000000289 
0.0000000275 0.0000000200 0.0000000289 
0.0000000275 0.0000000200 0.0000000289 
0.0000000275 0.0000000200 0.0000000289 
0.0000000275 0.0000000200 0.0000000289 
0.0000000275 0.0000000200 0.0000000289 
0.0000000275 0.0000000200 0.0000000289 
0.0000000275 0.0000000200 0.0000000289 
0.0000000275 0.0000000200 0.0000000289 
0.0000000275 0.0000000200 0.0000000289 
0.0000000275 0.0000000200 0.0000000289 
0.0000000275 0.0000000200 0.0000000289 
0.0000000275 0.0000000200 0.0000000289 
0.0000000275 0.0000000200 0.0000000289 
0.0000000275 0.0000000200 0.0000000289 
0.0000000275 0.0000000200 0.0000000289 
0.0000000275 0.0000000200 0.0000000289 
0.0000000275 0.0000000200 0.0000000289 
0.0000000275 0.0000000200 0.0000000289 
0.0000000275 0.0000000200 0.0000000289 
0.0000000275 0.0000000200 0.0000000289 
0.0000000275 0.0000000200 0.0000000289 
0.0000000275 0.0000000200 0.0000000289 
0.0000000275 0.0000000200 0.0000000289 
0.0000000275 0.0000000200 0.0000000289 
0.0000000275 0.0000000200 0.0000000289 
0.0000000275 0.0000000200 0.0000000289 
0.0000000275 0.0000000200 0.0000000289 
0.0000000275 0.0000000200 0.0000000289 
0.0000000275 0.0000000200 0.0000000289 
0.0000000275 0.0000000200 0.0000000289 
0.0000000275 0.0000000200 0.0000000289 
0.0000000275 0.0000000200 0.0000000289 
0.0000000275 0.0000000200 0.0000000289 
0.0000000275 0.0000000200 0.0000000289 
0.0000000275 0.0000000200 0.0000000289 
0.0000000275 0.0000000200 0.0000000289 
0.0000000275 0.0000000200 0.0000000289 
0.0000000275 0.0000000200 0.0000000289 
0.0000000275 0.0000000200 0.0000000289 
0.0000000275 0.0000000200 0.0000000289 
0.0000000275 0.0000000200 0.0000000289 
0.0000000275 0.0000000200 0.0000000289 
0.0000000275 0.0000000200 0.0000000289 
0.0000000275 0.0000000200 0.0000000289 
0.0000000275 0.0000000200 0.0000000289 
0.0000000275 0.0000000200 0.0000000289 
0.0000000275 0.0000000200 0.0000000289 
0.0000000275 0.0000000200 0.0000000289 
0.0000000275 0.0000000200 0.0000000289 
0.0000000275 0.0000000200 0.0000000289 
0.0000000275 0.0000000200 0.0000000289 
0.0000000275 0.0000000200 0.0000000289 
0.0000000275 0.0000000200 0.0000000289 
0.0000000275 0.0000000200 0.0000000289 
0.0000000275 0.0000000200 0.0000000289 
0.0000000275 0.0000000200 0.0000000289 
0.0000000275 0.0000000200 0.0000000289 
0.0000000275 0.0000000200 0.0000000289 
0.0000000275 0.0000000200 0.0000000289 
0.0000000275 0.0000000200 0.0000000289 
0.0000000275 0.0000000200 0.0000000289 
0.0000000275 0.0000000200 0.0000000289 
0.0000000275 0.0000000200 0.0000000289 
0.0000000275 0.0000000200 0.0000000289 
0.0000000275 0.0000000200 0.0000000289 
0.0000000275 0.0000000200 0.0000000289 
0.0000000275 0.0000000200 0.0000000289 
0.0000000275 0.0000000200 0.0000000289 
0.0000000275 0.0000000200 0.0000000289 
0.0000000275 0.0000000200 0.0000000289 
0.0000000275 0.0000000200 0.0000000289 
0.0000000275 0.0000000200 0.0000000289 
0.0000000275 0.0000000200 0.0000000289 
0.0000000275 0.0000000200 0.0000000289 
0.0000000275 0.0000000200 0.0000000289 
0.0000000275 0.0000000200 0.0000000289 
0.0000000275 0.0000000200 0.0000000289 
0.0000000275 0.0000000200 0.0000000289 
0.0000000275 0.0000000200 0.0000000289 
0.0000000275 0.0000000200 0.0000000289 
0.0000000275 0.0000000200 0.0000000289 
0.0000000275 0.0000000200 0.0000000289 
0.0000000275 0.0000000200 0.0000000289 
0.0000000275 0.0000000200 0.0000000289 
0.0000000275 0.0000000200 0.0000000289 
0.0000000275 0.0000000200 0.0000000289 
0.0000000275 0.0000000200 0.0000000289 
0.0000000275 0.0000000200 0.0000000289 
0.0000000275 0.0000000200 0.0000000289 
0.0000000275 0.0000000200 0.0000000289 
0.0000000275 0.0000000200 0.0000000289 
0.0000000275 0.0000000200 0.0000000289 
0.0000000275 0.0000000200 0.0000000289 
0.0000000275 0.0000000200 0.0000000289 
0.0000000275 0.0000000200 0.0000000289 
0.0000000275 0.0000000200 0.0000000289 
0.0000000275 0.0000000200 0.0000000289 
0.0000000275 0.0000000200 0.0000000289 
0.0000000275 0.0000000200 0.0000000289 
0.0000000275 0.0000000200 0.0000000289 
0.0000000275 0.0000000200 0.0000000289 
0.0000000275 0.0000000200 0.0000000289 
0.0000000275 0.0000000200 0.0000000289 
0.0000000275 0.0000000200 0.0000000289 
0.0000000275 0.0000000200 0.0000000289 
0.0000000275 0.0000000200 0.0000000289 
0.0000000275 0.0000000200 0.0000000289 
0.0000000275 0.0000000200 0.0000000289 
0.0000000275 0.0000000200 0.0000000289 
0.0000000275 0.0000000200 0.0000000289 
0.0000000275 0.0000000200 0.0000000289 
0.0000000275 0.0000000200 0.0000000289 
0.0000000275 0.0000000200 0.0000000289 
0.0000000275 0.0000000200 0.0000000289 
0.0000000275 0.0000000200 0.0000000289 
0.0000000275 0.0000000200 0.0000000289 
0.0000000275 0.0000000200 0.0000000289 
0.0000000275 0.0000000200 0.0000000289 
0.0000000275 0.0000000200 0.0000000289 
0.0000000275 0.0000000200 0.0000000289 
0.0000000275 0.0000000200 0.0000000289 
0.0000000275 0.0000000200 0.0000000289 
0.0000000275 0.0000000200 0.0000000289 
0.0000000275 0.0000000200 0.0000000289 
0.0000000275 0.0000000200 0.0000000289 
0.0000000275 0.0000000200 0.0000000289 
0.0000000275 0.0000000200 0.0000000289 
0.0000000275 0.0000000200 0.0000000289 
0.0000000275 0.0000000200 0.0000000289 
0.0000000275 0.0000000200 0.0000000289 
0.0000000275 0.0000000200 0.0000000289 
0.0000000275 0.0000000200 0.0000000289 
0.0000000275 0.0000000200 0.0000000289 
0.0000000275 0.0000000200 0.0000000289 
0.0000000275 0.0000000200 0.0000000289 
0.0000000275 0.0000000200 0.0000000289 
0.0000000275 0.0000000200 0.0000000289 
0.0000000275 0.0000000200 0.0000000289 
0.0000000275 0.0000000200 0.0000000289 
0.0000000275 0.0000000200 0.0000000289 
0.0000000275 0.0000000200 0.0000000289 
0.0000000275 0.0000000200 0.0000000289 
0.0000000275 0.0000000200 0.0000000289 
0.0000000275 0.0000000200 0.0000000289 
0.0000000275 0.0000000200 0.0000000289 
0.0000000275 0.0000000200 0.0000000289 
0.0000000275 0.0000000200 0.0000000289 
0.0000000275 0.0000000200 0.0000000289 
0.0000000275 0.0000000200 0.0000000289 
0.0000000275 0.0000000200 0.0000000289 
0.0000000275 0.0000000200 0.0000000289 
0.0000000275 0.0000000200 0.0000000289 
0.0000000275 0.0000000200 0.0000000289 
0.0000000275 0.0000000200 0.0000000289 
0.0000000275 0.0000000200 0.0000000289 
0.0000000275 0.0000000200 0.0000000289 
0.0000000275 0.0000000200 0.0000000289 
0.0000000275 0.0000000200 0.0000000289 
0.0000000275 0.0000000200 0.0000000289 
0.0000000275 0.0000000200 0.0000000289 
0.0000000275 0.0000000200 0.0000000289 
0.0000000275 0.0000000200 0.0000000289 
0.0000000275 0.0000000200 0.0000000289 
0.0000000275 0.0000000200 0.0000000289 
0.0000000275 0.0000000200 0.0000000289 
0.0000000275 0.0000000200 0.0000000289 
0.0000000275 0.0000000200 0.0000000289 
0.0000000275 0.0000000200 0.0000000289 
0.0000000275 0.0000000200 0.0000000289 
0.0000000275 0.0000000200 0.0000000289 
0.0000000275 0.0000000200 0.0000000289 
0.0000000275 0.0000000200 0.0000000289 
0.0000000275 0.0000000200 0.0000000289 
0.0000000275 0.0000000200 0.0000000289 
0.0000000275 0.0000000200 0.0000000289 
0.0000000275 0.0000000200 0.0000000289 
0.0000000275 0.0000000200 0.0000000289 
0.0000000275 0.0000000200 0.0000000289 
0.0000000275 0.0000000200 0.0000000289 
0.0000000275 0.0000000200 0.0000000289 
0.0000000275 0.0000000200 0.0000000289 
0.0000000275 0.0000000200 0.0000000289 
0.0000000275 0.0000000200 0.0000000289 
0.0000000275 0.0000000200 0.0000000289 
0.0000000275 0.0000000200 0.0000000289 
0.0000000275 0.0000000200 0.0000000289 
0.0000000275 0.0000000200 0.0000000289 
0.0000000275 0.0000000200 0.0000000289 
0.0000000275 0.0000000200 0.0000000289 
0.0000000275 0.0000000200 0.0000000289 
0.0000000275 0.0000000200 0.0000000289 
0.0000000275 0.0000000200 0.0000000289 
0.0000000275 0.0000000200 0.0000000289 
0.0000000275 0.0000000200 0.0000000289 
0.0000000275 0.0000000200 0.0000000289 
0.0000000275 0.0000000200 0.0000000289 
0.0000000275 0.0000000200 0.0000000289 
0.0000000275 0.0000000200 0.0000000289 
0.0000000275 0.0000000200 0.0000000289 
0.0000000275 0.0000000200 0.0000000289 
0.0000000275 0.0000000200 0.0000000289 
0.0000000275 0.0000000200 0.0000000289 
0.0000000275 0.0000000200 0.0000000289 
0.0000000275 0.0000000200 0.0000000289 
0.0000000275 0.0000000200 0.0000000289 
0.0000000275 0.0000000200 0.0000000289 
0.0000000275 0.0000000200 0.0000000289 
0.0000000275 0.0000000200 0.0000000289 
0.0000000275 0.0000000200 0.0000000289 
0.0000000275 0.0000000200 0.0000000289 
0.0000000275 0.0000000200 0.0000000289 
0.0000000275 0.0000000200 0.0000000289 
0.0000000275 0.0000000200 0.0000000289 
0.0000000275 0.0000000200 0.0000000289 
0.0000000275 0.0000000200 0.0000000289 
0.0000000275 0.0000000200 0.0000000289 
0.0000000275 0.0000000200 0.0000000289 
0.0000000275 0.0000000200 0.0000000289 
0.0000000275 0.0000000200 0.0000000289 
0.0000000275 0.0000000200 0.0000000289 
0.0000000275 0.0000000200 0.0000000289 
0.0000000275 0.0000000200 0.0000000289 
0.0000000275 0.0000000200 0.0000000289 
0.0000000275 0.0000000200 0.0000000289 
0.0000000275 0.0000000200 0.0000000289 
0.0000000275 0.0000000200 0.0000000289 
0.0000000275 0.0000000200 0.0000000289 
0.0000000275 0.0000000200 0.0000000289 
0.0000000275 0.0000000200 0.0000000289 
0.0000000275 0.0000000200 0.0000000289 
0.0000000275 0.0000000200 0.0000000289 
0.0000000275 0.0000000200 0.0000000289 
0.0000000275 0.0000000200 0.0000000289 
0.0000000275 0.0000000200 0.0000000289 
0.0000000275 0.0000000200 0.0000000289 
0.0000000275 0.0000000200 0.0000000289 
0.0000000275 0.0000000200 0.0000000289 
0.0000000275 0.0000000200 0.0000000289 
0.0000000275 0.0000000200 0.0000000289 
0.0000000275 0.0000000200 0.0000000289 
0.0000000275 0.0000000200 0.0000000289 
0.0000000275 0.0000000200 0.0000000289 
0.0000000275 0.0000000200 0.0000000289 
0.0000000275 0.0000000200 0.0000000289 
0.0000000275 0.0000000200 0.0000000289 
