0.0000033540 0.0000009590 0.0000004490 
0.0000033511 0.0000009650 0.0000004252 
0.0000033479 0.0000009707 0.0000004023 
0.0000033443 0.0000009761 0.0000003804 
0.0000033403 0.0000009812 0.0000003593 
0.0000033359 0.0000009861 0.0000003391 
0.0000033309 0.0000009908 0.0000003197 
0.0000033252 0.0000009956 0.0000003010 
0.0000033252 0.0000009956 0.0000003010 
0.0000033252 0.0000009956 0.0000003010 
0.0000033252 0.0000009956 0.0000003010 
0.0000033252 0.0000009956 0.0000003010 
0.0000033252 0.0000009956 0.0000003010 
0.0000033252 0.0000009956 0.0000003010 
0.0000033252 0.0000009956 0.0000003010 
0.0000033252 0.0000009956 0.0000003010 
0.0000033252 0.0000009956 0.0000003010 
0.0000033252 0.0000009956 0.0000003010 
0.0000033252 0.0000009956 0.0000003010 
0.0000033252 0.0000009956 0.0000003010 
0.0000033252 0.0000009956 0.0000003010 
0.0000033252 0.0000009956 0.0000003010 
0.0000033252 0.0000009956 0.0000003010 
0.0000033252 0.0000009956 0.0000003010 
0.0000033252 0.0000009956 0.0000003010 
0.0000033252 0.0000009956 0.0000003010 
0.0000033252 0.0000009956 0.0000003010 
0.0000033252 0.0000009956 0.0000003010 
0.0000033252 0.0000009956 0.0000003010 
0.0000033252 0.0000009956 0.0000003010 
0.0000033252 0.0000009956 0.0000003010 
0.0000033252 0.0000009956 0.0000003010 
0.0000033075 0.0000010009 0.0000003035 
0.0000033075 0.0000010009 0.0000003035 
0.0000033075 0.0000010009 0.0000003035 
0.0000032888 0.0000010066 0.0000003088 
0.0000032702 0.0000010124 0.0000003148 
0.0000032522 0.0000010180 0.0000003214 
0.0000032348 0.0000010234 0.0000003281 
0.0000032184 0.0000010286 0.0000003351 
0.0000032030 0.0000010335 0.0000003421 
0.0000031886 0.0000010381 0.0000003492 
0.0000031753 0.0000010425 0.0000003562 
0.0000031632 0.0000010466 0.0000003632 
0.0000031514 0.0000010509 0.0000003701 
0.0000031404 0.0000010552 0.0000003768 
0.0000031303 0.0000010595 0.0000003835 
0.0000031211 0.0000010636 0.0000003900 
0.0000031126 0.0000010675 0.0000003964 
0.0000031050 0.0000010712 0.0000004026 
0.0000030981 0.0000010747 0.0000004087 
0.0000030920 0.0000010781 0.0000004146 
0.0000030865 0.0000010813 0.0000004204 
0.0000030815 0.0000010845 0.0000004259 
0.0000030771 0.0000010875 0.0000004312 
0.0000030732 0.0000010905 0.0000004364 
0.0000030698 0.0000010935 0.0000004413 
0.0000030669 0.0000010963 0.0000004461 
0.0000030645 0.0000010992 0.0000004506 
0.0000030626 0.0000011020 0.0000004549 
0.0000030610 0.0000011048 0.0000004591 
0.0000030597 0.0000011076 0.0000004631 
0.0000030587 0.0000011105 0.0000004669 
0.0000030579 0.0000011134 0.0000004705 
0.0000030572 0.0000011163 0.0000004740 
0.0000030568 0.0000011193 0.0000004773 
0.0000030566 0.0000011224 0.0000004805 
0.0000030565 0.0000011255 0.0000004834 
0.0000030565 0.0000011286 0.0000004862 
0.0000030566 0.0000011318 0.0000004887 
0.0000030569 0.0000011351 0.0000004911 
0.0000030572 0.0000011383 0.0000004934 
0.0000030579 0.0000011415 0.0000004955 
0.0000030589 0.0000011445 0.0000004976 
0.0000030601 0.0000011474 0.0000004995 
0.0000030615 0.0000011501 0.0000005014 
0.0000030633 0.0000011527 0.0000005031 
0.0000030651 0.0000011552 0.0000005047 
0.0000030671 0.0000011576 0.0000005062 
0.0000030691 0.0000011599 0.0000005075 
0.0000030711 0.0000011621 0.0000005087 
0.0000030731 0.0000011644 0.0000005097 
0.0000030750 0.0000011666 0.0000005105 
0.0000030768 0.0000011688 0.0000005112 
0.0000030786 0.0000011711 0.0000005118 
0.0000030803 0.0000011733 0.0000005123 
0.0000030819 0.0000011755 0.0000005127 
0.0000030836 0.0000011777 0.0000005130 
0.0000030852 0.0000011799 0.0000005133 
0.0000030868 0.0000011821 0.0000005136 
0.0000030884 0.0000011843 0.0000005138 
0.0000030899 0.0000011865 0.0000005139 
0.0000030915 0.0000011886 0.0000005140 
0.0000030930 0.0000011907 0.0000005140 
0.0000030944 0.0000011928 0.0000005140 
0.0000030957 0.0000011948 0.0000005139 
0.0000030970 0.0000011968 0.0000005138 
0.0000030982 0.0000011988 0.0000005137 
0.0000030994 0.0000012007 0.0000005135 
0.0000031006 0.0000012026 0.0000005134 
0.0000031017 0.0000012046 0.0000005132 
0.0000031027 0.0000012064 0.0000005131 
0.0000031038 0.0000012083 0.0000005130 
0.0000031049 0.0000012102 0.0000005130 
0.0000031061 0.0000012121 0.0000005130 
0.0000031073 0.0000012140 0.0000005131 
0.0000031086 0.0000012160 0.0000005133 
0.0000031099 0.0000012179 0.0000005136 
0.0000031112 0.0000012198 0.0000005139 
0.0000031126 0.0000012217 0.0000005144 
0.0000031139 0.0000012237 0.0000005149 
0.0000031153 0.0000012256 0.0000005155 
0.0000031167 0.0000012275 0.0000005161 
0.0000031181 0.0000012294 0.0000005168 
0.0000031195 0.0000012312 0.0000005176 
0.0000031209 0.0000012331 0.0000005185 
0.0000031223 0.0000012349 0.0000005194 
0.0000031237 0.0000012368 0.0000005204 
0.0000031251 0.0000012385 0.0000005214 
0.0000031265 0.0000012403 0.0000005226 
0.0000031278 0.0000012420 0.0000005237 
0.0000031291 0.0000012437 0.0000005249 
0.0000031304 0.0000012454 0.0000005261 
0.0000031317 0.0000012471 0.0000005273 
0.0000031330 0.0000012487 0.0000005286 
0.0000031343 0.0000012503 0.0000005300 
0.0000031356 0.0000012518 0.0000005313 
0.0000031368 0.0000012534 0.0000005328 
0.0000031381 0.0000012549 0.0000005342 
0.0000031394 0.0000012564 0.0000005357 
0.0000031407 0.0000012579 0.0000005373 
0.0000031420 0.0000012593 0.0000005388 
0.0000031433 0.0000012607 0.0000005404 
0.0000031446 0.0000012621 0.0000005420 
0.0000031458 0.0000012634 0.0000005436 
0.0000031470 0.0000012647 0.0000005452 
0.0000031482 0.0000012659 0.0000005469 
0.0000031494 0.0000012672 0.0000005485 
0.0000031506 0.0000012684 0.0000005501 
0.0000031518 0.0000012695 0.0000005518 
0.0000031530 0.0000012707 0.0000005534 
0.0000031542 0.0000012717 0.0000005550 
0.0000031554 0.0000012728 0.0000005567 
0.0000031566 0.0000012738 0.0000005583 
0.0000031577 0.0000012748 0.0000005599 
0.0000031588 0.0000012757 0.0000005614 
0.0000031598 0.0000012766 0.0000005629 
0.0000031607 0.0000012775 0.0000005644 
0.0000031616 0.0000012783 0.0000005658 
0.0000031625 0.0000012791 0.0000005672 
0.0000031633 0.0000012798 0.0000005686 
0.0000031640 0.0000012805 0.0000005700 
0.0000031646 0.0000012811 0.0000005713 
0.0000031652 0.0000012818 0.0000005725 
0.0000031657 0.0000012824 0.0000005738 
0.0000031662 0.0000012830 0.0000005749 
0.0000031665 0.0000012835 0.0000005761 
0.0000031667 0.0000012840 0.0000005772 
0.0000031669 0.0000012844 0.0000005783 
0.0000031670 0.0000012849 0.0000005793 
0.0000031670 0.0000012853 0.0000005803 
0.0000031669 0.0000012856 0.0000005813 
0.0000031667 0.0000012859 0.0000005822 
0.0000031664 0.0000012862 0.0000005830 
0.0000031660 0.0000012865 0.0000005838 
0.0000031655 0.0000012867 0.0000005846 
0.0000031649 0.0000012868 0.0000005853 
0.0000031642 0.0000012870 0.0000005860 
0.0000031634 0.0000012871 0.0000005866 
0.0000031625 0.0000012872 0.0000005871 
0.0000031614 0.0000012872 0.0000005876 
0.0000031602 0.0000012872 0.0000005880 
0.0000031590 0.0000012872 0.0000005884 
0.0000031575 0.0000012872 0.0000005888 
0.0000031560 0.0000012871 0.0000005891 
0.0000031544 0.0000012870 0.0000005894 
0.0000031526 0.0000012869 0.0000005897 
0.0000031507 0.0000012868 0.0000005899 
0.0000031487 0.0000012867 0.0000005902 
0.0000031467 0.0000012865 0.0000005904 
0.0000031445 0.0000012863 0.0000005905 
0.0000031423 0.0000012861 0.0000005907 
0.0000031400 0.0000012858 0.0000005907 
0.0000031377 0.0000012855 0.0000005908 
0.0000031354 0.0000012852 0.0000005908 
0.0000031332 0.0000012849 0.0000005908 
0.0000031309 0.0000012845 0.0000005907 
0.0000031285 0.0000012841 0.0000005906 
0.0000031262 0.0000012837 0.0000005904 
0.0000031237 0.0000012832 0.0000005902 
0.0000031213 0.0000012828 0.0000005900 
0.0000031187 0.0000012823 0.0000005898 
0.0000031161 0.0000012817 0.0000005895 
0.0000031134 0.0000012812 0.0000005892 
0.0000031107 0.0000012806 0.0000005889 
0.0000031078 0.0000012800 0.0000005886 
0.0000031049 0.0000012793 0.0000005883 
0.0000031019 0.0000012787 0.0000005879 
0.0000030988 0.0000012780 0.0000005875 
0.0000030956 0.0000012772 0.0000005871 
0.0000030923 0.0000012765 0.0000005867 
0.0000030890 0.0000012757 0.0000005863 
0.0000030856 0.0000012749 0.0000005859 
0.0000030822 0.0000012740 0.0000005855 
0.0000030786 0.0000012732 0.0000005850 
0.0000030751 0.0000012723 0.0000005846 
0.0000030714 0.0000012713 0.0000005841 
0.0000030677 0.0000012704 0.0000005837 
0.0000030639 0.0000012694 0.0000005832 
0.0000030601 0.0000012684 0.0000005827 
0.0000030562 0.0000012673 0.0000005822 
0.0000030523 0.0000012662 0.0000005817 
0.0000030484 0.0000012651 0.0000005813 
0.0000030444 0.0000012640 0.0000005808 
0.0000030404 0.0000012628 0.0000005803 
0.0000030364 0.0000012616 0.0000005798 
0.0000030322 0.0000012604 0.0000005793 
0.0000030281 0.0000012592 0.0000005788 
0.0000030239 0.0000012579 0.0000005783 
0.0000030196 0.0000012565 0.0000005778 
0.0000030153 0.0000012552 0.0000005773 
0.0000030110 0.0000012538 0.0000005768 
0.0000030066 0.0000012524 0.0000005763 
0.0000030022 0.0000012510 0.0000005757 
0.0000029977 0.0000012496 0.0000005752 
0.0000029931 0.0000012481 0.0000005747 
0.0000029885 0.0000012466 0.0000005741 
0.0000029839 0.0000012451 0.0000005736 
0.0000029792 0.0000012436 0.0000005731 
0.0000029744 0.0000012421 0.0000005726 
0.0000029696 0.0000012405 0.0000005720 
0.0000029648 0.0000012390 0.0000005715 
0.0000029599 0.0000012375 0.0000005710 
0.0000029550 0.0000012359 0.0000005705 
0.0000029500 0.0000012344 0.0000005700 
0.0000029451 0.0000012329 0.0000005695 
0.0000029400 0.0000012313 0.0000005691 
0.0000029350 0.0000012298 0.0000005686 
0.0000029298 0.0000012283 0.0000005682 
0.0000029247 0.0000012267 0.0000005677 
0.0000029195 0.0000012252 0.0000005673 
0.0000029142 0.0000012237 0.0000005669 
0.0000029089 0.0000012221 0.0000005665 
0.0000029036 0.0000012205 0.0000005661 
0.0000028981 0.0000012189 0.0000005657 
0.0000028926 0.0000012173 0.0000005653 
0.0000028871 0.0000012156 0.0000005648 
0.0000028816 0.0000012138 0.0000005644 
0.0000028760 0.0000012121 0.0000005639 
0.0000028704 0.0000012103 0.0000005634 
0.0000028647 0.0000012085 0.0000005630 
0.0000028589 0.0000012067 0.0000005625 
0.0000028531 0.0000012049 0.0000005621 
0.0000028473 0.0000012031 0.0000005617 
0.0000028413 0.0000012013 0.0000005613 
0.0000028354 0.0000011996 0.0000005609 
0.0000028294 0.0000011978 0.0000005605 
0.0000028232 0.0000011961 0.0000005602 
0.0000028170 0.0000011943 0.0000005598 
0.0000028107 0.0000011926 0.0000005594 
0.0000028043 0.0000011908 0.0000005591 
0.0000027979 0.0000011891 0.0000005587 
0.0000027914 0.0000011873 0.0000005584 
0.0000027848 0.0000011856 0.0000005580 
0.0000027781 0.0000011839 0.0000005577 
0.0000027714 0.0000011822 0.0000005574 
0.0000027646 0.0000011805 0.0000005571 
0.0000027578 0.0000011788 0.0000005569 
0.0000027509 0.0000011771 0.0000005566 
0.0000027440 0.0000011754 0.0000005564 
0.0000027370 0.0000011737 0.0000005562 
0.0000027300 0.0000011720 0.0000005559 
0.0000027231 0.0000011702 0.0000005557 
0.0000027163 0.0000011684 0.0000005555 
0.0000027096 0.0000011666 0.0000005552 
0.0000027029 0.0000011647 0.0000005550 
0.0000026962 0.0000011629 0.0000005548 
0.0000026895 0.0000011610 0.0000005545 
0.0000026828 0.0000011590 0.0000005543 
0.0000026761 0.0000011571 0.0000005540 
0.0000026694 0.0000011551 0.0000005537 
0.0000026626 0.0000011530 0.0000005534 
0.0000026559 0.0000011509 0.0000005531 
0.0000026491 0.0000011489 0.0000005527 
0.0000026423 0.0000011467 0.0000005524 
0.0000026354 0.0000011446 0.0000005520 
0.0000026286 0.0000011424 0.0000005516 
0.0000026216 0.0000011403 0.0000005512 
0.0000026145 0.0000011382 0.0000005509 
0.0000026073 0.0000011360 0.0000005505 
0.0000026001 0.0000011339 0.0000005501 
0.0000025928 0.0000011317 0.0000005496 
0.0000025854 0.0000011296 0.0000005492 
0.0000025780 0.0000011274 0.0000005488 
0.0000025704 0.0000011253 0.0000005483 
0.0000025629 0.0000011231 0.0000005479 
0.0000025553 0.0000011210 0.0000005474 
0.0000025476 0.0000011188 0.0000005469 
0.0000025398 0.0000011167 0.0000005464 
0.0000025320 0.0000011145 0.0000005459 
0.0000025242 0.0000011124 0.0000005454 
0.0000025163 0.0000011102 0.0000005449 
0.0000025084 0.0000011080 0.0000005444 
0.0000025005 0.0000011058 0.0000005439 
0.0000024925 0.0000011036 0.0000005433 
0.0000024845 0.0000011014 0.0000005428 
0.0000024765 0.0000010992 0.0000005422 
0.0000024685 0.0000010970 0.0000005416 
0.0000024605 0.0000010948 0.0000005410 
0.0000024525 0.0000010925 0.0000005404 
0.0000024444 0.0000010903 0.0000005398 
0.0000024364 0.0000010880 0.0000005392 
0.0000024283 0.0000010857 0.0000005385 
0.0000024202 0.0000010834 0.0000005379 
0.0000024121 0.0000010811 0.0000005372 
0.0000024040 0.0000010787 0.0000005365 
0.0000023958 0.0000010764 0.0000005358 
0.0000023877 0.0000010740 0.0000005350 
0.0000023795 0.0000010716 0.0000005343 
0.0000023714 0.0000010692 0.0000005335 
0.0000023632 0.0000010668 0.0000005328 
0.0000023551 0.0000010644 0.0000005320 
0.0000023469 0.0000010620 0.0000005312 
0.0000023388 0.0000010595 0.0000005304 
0.0000023307 0.0000010571 0.0000005296 
0.0000023226 0.0000010546 0.0000005288 
0.0000023145 0.0000010522 0.0000005280 
0.0000023064 0.0000010497 0.0000005272 
0.0000022984 0.0000010473 0.0000005263 
0.0000022903 0.0000010448 0.0000005255 
0.0000022823 0.0000010424 0.0000005246 
0.0000022743 0.0000010399 0.0000005238 
0.0000022663 0.0000010375 0.0000005229 
0.0000022583 0.0000010350 0.0000005220 
0.0000022503 0.0000010326 0.0000005212 
0.0000022423 0.0000010302 0.0000005203 
0.0000022343 0.0000010279 0.0000005194 
0.0000022263 0.0000010255 0.0000005185 
0.0000022184 0.0000010231 0.0000005176 
0.0000022106 0.0000010208 0.0000005168 
0.0000022028 0.0000010185 0.0000005159 
0.0000021952 0.0000010162 0.0000005150 
0.0000021876 0.0000010139 0.0000005142 
0.0000021800 0.0000010116 0.0000005133 
0.0000021725 0.0000010093 0.0000005125 
0.0000021651 0.0000010070 0.0000005116 
0.0000021577 0.0000010048 0.0000005107 
0.0000021504 0.0000010025 0.0000005099 
0.0000021431 0.0000010002 0.0000005090 
0.0000021359 0.0000009980 0.0000005082 
0.0000021288 0.0000009958 0.0000005073 
0.0000021218 0.0000009936 0.0000005065 
0.0000021148 0.0000009914 0.0000005056 
0.0000021079 0.0000009893 0.0000005048 
0.0000021011 0.0000009872 0.0000005039 
0.0000020942 0.0000009851 0.0000005030 
0.0000020874 0.0000009830 0.0000005021 
0.0000020806 0.0000009810 0.0000005011 
0.0000020739 0.0000009789 0.0000005002 
0.0000020671 0.0000009768 0.0000004992 
0.0000020604 0.0000009748 0.0000004982 
0.0000020537 0.0000009728 0.0000004972 
0.0000020471 0.0000009708 0.0000004962 
0.0000020406 0.0000009688 0.0000004952 
0.0000020342 0.0000009669 0.0000004943 
0.0000020279 0.0000009650 0.0000004933 
0.0000020217 0.0000009631 0.0000004924 
0.0000020156 0.0000009613 0.0000004914 
0.0000020095 0.0000009595 0.0000004905 
0.0000020035 0.0000009577 0.0000004896 
0.0000019976 0.0000009559 0.0000004887 
0.0000019918 0.0000009541 0.0000004878 
0.0000019860 0.0000009524 0.0000004869 
0.0000019803 0.0000009506 0.0000004860 
0.0000019747 0.0000009489 0.0000004851 
0.0000019692 0.0000009472 0.0000004843 
0.0000019638 0.0000009454 0.0000004834 
0.0000019586 0.0000009438 0.0000004826 
0.0000019534 0.0000009421 0.0000004818 
0.0000019483 0.0000009405 0.0000004810 
0.0000019433 0.0000009389 0.0000004803 
0.0000019383 0.0000009373 0.0000004796 
0.0000019335 0.0000009357 0.0000004789 
0.0000019287 0.0000009342 0.0000004782 
0.0000019240 0.0000009326 0.0000004776 
0.0000019195 0.0000009312 0.0000004769 
0.0000019151 0.0000009297 0.0000004763 
0.0000019108 0.0000009282 0.0000004757 
0.0000019066 0.0000009268 0.0000004751 
0.0000019025 0.0000009254 0.0000004745 
0.0000018984 0.0000009240 0.0000004740 
0.0000018946 0.0000009226 0.0000004734 
0.0000018908 0.0000009213 0.0000004730 
0.0000018872 0.0000009200 0.0000004725 
0.0000018835 0.0000009187 0.0000004721 
0.0000018800 0.0000009174 0.0000004717 
0.0000018764 0.0000009162 0.0000004713 
0.0000018730 0.0000009149 0.0000004710 
0.0000018695 0.0000009136 0.0000004706 
0.0000018661 0.0000009124 0.0000004703 
0.0000018627 0.0000009111 0.0000004700 
0.0000018594 0.0000009099 0.0000004698 
0.0000018560 0.0000009086 0.0000004695 
0.0000018527 0.0000009073 0.0000004693 
0.0000018494 0.0000009061 0.0000004691 
0.0000018460 0.0000009048 0.0000004689 
0.0000018427 0.0000009035 0.0000004686 
0.0000018393 0.0000009021 0.0000004684 
0.0000018359 0.0000009008 0.0000004682 
0.0000018325 0.0000008995 0.0000004680 
0.0000018291 0.0000008981 0.0000004678 
0.0000018257 0.0000008967 0.0000004676 
0.0000018222 0.0000008953 0.0000004674 
0.0000018188 0.0000008940 0.0000004672 
0.0000018154 0.0000008926 0.0000004671 
0.0000018119 0.0000008912 0.0000004669 
0.0000018085 0.0000008898 0.0000004667 
0.0000018052 0.0000008884 0.0000004666 
0.0000018018 0.0000008870 0.0000004665 
0.0000017984 0.0000008856 0.0000004663 
0.0000017950 0.0000008842 0.0000004662 
0.0000017916 0.0000008828 0.0000004661 
0.0000017881 0.0000008814 0.0000004659 
0.0000017846 0.0000008800 0.0000004658 
0.0000017811 0.0000008785 0.0000004657 
0.0000017776 0.0000008771 0.0000004655 
0.0000017740 0.0000008757 0.0000004653 
0.0000017705 0.0000008743 0.0000004651 
0.0000017669 0.0000008730 0.0000004649 
0.0000017632 0.0000008717 0.0000004647 
0.0000017596 0.0000008704 0.0000004644 
0.0000017560 0.0000008691 0.0000004642 
0.0000017523 0.0000008679 0.0000004639 
0.0000017486 0.0000008666 0.0000004636 
0.0000017449 0.0000008652 0.0000004633 
0.0000017412 0.0000008639 0.0000004631 
0.0000017375 0.0000008624 0.0000004628 
0.0000017338 0.0000008610 0.0000004626 
0.0000017301 0.0000008595 0.0000004624 
0.0000017264 0.0000008580 0.0000004622 
0.0000017227 0.0000008565 0.0000004620 
0.0000017189 0.0000008550 0.0000004617 
0.0000017152 0.0000008534 0.0000004615 
0.0000017115 0.0000008519 0.0000004613 
0.0000017078 0.0000008503 0.0000004610 
0.0000017041 0.0000008487 0.0000004608 
0.0000017003 0.0000008470 0.0000004605 
0.0000016966 0.0000008454 0.0000004603 
0.0000016928 0.0000008437 0.0000004600 
0.0000016891 0.0000008419 0.0000004596 
0.0000016855 0.0000008402 0.0000004592 
0.0000016819 0.0000008383 0.0000004588 
0.0000016783 0.0000008365 0.0000004584 
0.0000016746 0.0000008347 0.0000004580 
0.0000016710 0.0000008329 0.0000004575 
0.0000016673 0.0000008311 0.0000004571 
0.0000016636 0.0000008292 0.0000004567 
0.0000016598 0.0000008275 0.0000004563 
0.0000016561 0.0000008257 0.0000004559 
0.0000016523 0.0000008239 0.0000004555 
0.0000016485 0.0000008221 0.0000004551 
0.0000016446 0.0000008203 0.0000004547 
0.0000016408 0.0000008186 0.0000004544 
0.0000016368 0.0000008168 0.0000004540 
0.0000016329 0.0000008150 0.0000004536 
0.0000016289 0.0000008132 0.0000004532 
0.0000016248 0.0000008115 0.0000004528 
0.0000016207 0.0000008097 0.0000004524 
0.0000016166 0.0000008079 0.0000004520 
0.0000016124 0.0000008061 0.0000004516 
0.0000016082 0.0000008044 0.0000004512 
0.0000016039 0.0000008026 0.0000004508 
0.0000015995 0.0000008008 0.0000004503 
0.0000015951 0.0000007989 0.0000004499 
0.0000015906 0.0000007971 0.0000004494 
0.0000015860 0.0000007952 0.0000004490 
0.0000015814 0.0000007933 0.0000004485 
0.0000015767 0.0000007915 0.0000004480 
0.0000015719 0.0000007896 0.0000004475 
0.0000015669 0.0000007877 0.0000004470 
0.0000015619 0.0000007857 0.0000004465 
0.0000015568 0.0000007838 0.0000004460 
0.0000015517 0.0000007819 0.0000004455 
0.0000015465 0.0000007800 0.0000004450 
0.0000015414 0.0000007780 0.0000004445 
0.0000015362 0.0000007761 0.0000004440 
0.0000015312 0.0000007742 0.0000004434 
0.0000015262 0.0000007723 0.0000004429 
0.0000015212 0.0000007704 0.0000004423 
0.0000015163 0.0000007684 0.0000004418 
0.0000015113 0.0000007665 0.0000004412 
0.0000015064 0.0000007646 0.0000004406 
0.0000015015 0.0000007626 0.0000004400 
0.0000014966 0.0000007607 0.0000004394 
0.0000014917 0.0000007588 0.0000004389 
0.0000014868 0.0000007569 0.0000004383 
0.0000014820 0.0000007550 0.0000004377 
0.0000014772 0.0000007532 0.0000004371 
0.0000014725 0.0000007513 0.0000004366 
0.0000014678 0.0000007495 0.0000004360 
0.0000014631 0.0000007477 0.0000004354 
0.0000014584 0.0000007458 0.0000004349 
0.0000014538 0.0000007440 0.0000004343 
0.0000014492 0.0000007422 0.0000004338 
0.0000014446 0.0000007404 0.0000004332 
0.0000014401 0.0000007386 0.0000004327 
0.0000014355 0.0000007368 0.0000004321 
0.0000014310 0.0000007351 0.0000004315 
0.0000014264 0.0000007333 0.0000004310 
0.0000014219 0.0000007315 0.0000004304 
0.0000014174 0.0000007297 0.0000004298 
0.0000014129 0.0000007279 0.0000004293 
0.0000014084 0.0000007262 0.0000004287 
0.0000014039 0.0000007244 0.0000004281 
0.0000013994 0.0000007226 0.0000004275 
0.0000013949 0.0000007208 0.0000004270 
0.0000013904 0.0000007191 0.0000004264 
0.0000013860 0.0000007173 0.0000004258 
0.0000013815 0.0000007155 0.0000004252 
0.0000013770 0.0000007137 0.0000004246 
0.0000013726 0.0000007120 0.0000004240 
0.0000013681 0.0000007102 0.0000004234 
0.0000013637 0.0000007084 0.0000004228 
0.0000013592 0.0000007067 0.0000004222 
0.0000013548 0.0000007049 0.0000004216 
0.0000013504 0.0000007032 0.0000004209 
0.0000013460 0.0000007014 0.0000004203 
0.0000013416 0.0000006997 0.0000004197 
0.0000013372 0.0000006979 0.0000004191 
0.0000013328 0.0000006962 0.0000004185 
0.0000013285 0.0000006944 0.0000004179 
0.0000013241 0.0000006927 0.0000004172 
0.0000013198 0.0000006909 0.0000004166 
0.0000013154 0.0000006892 0.0000004160 
0.0000013111 0.0000006875 0.0000004153 
0.0000013068 0.0000006857 0.0000004147 
0.0000013025 0.0000006840 0.0000004140 
0.0000012981 0.0000006822 0.0000004134 
0.0000012939 0.0000006805 0.0000004127 
0.0000012896 0.0000006787 0.0000004121 
0.0000012853 0.0000006770 0.0000004114 
0.0000012811 0.0000006753 0.0000004108 
0.0000012768 0.0000006736 0.0000004101 
0.0000012726 0.0000006719 0.0000004094 
0.0000012684 0.0000006702 0.0000004087 
0.0000012642 0.0000006685 0.0000004080 
0.0000012601 0.0000006668 0.0000004073 
0.0000012559 0.0000006652 0.0000004066 
0.0000012518 0.0000006635 0.0000004059 
0.0000012477 0.0000006618 0.0000004052 
0.0000012435 0.0000006602 0.0000004044 
0.0000012394 0.0000006585 0.0000004037 
0.0000012354 0.0000006568 0.0000004030 
0.0000012313 0.0000006552 0.0000004022 
0.0000012272 0.0000006535 0.0000004015 
0.0000012231 0.0000006519 0.0000004007 
0.0000012191 0.0000006502 0.0000003999 
0.0000012150 0.0000006486 0.0000003992 
0.0000012110 0.0000006469 0.0000003984 
0.0000012069 0.0000006453 0.0000003976 
0.0000012029 0.0000006436 0.0000003968 
0.0000011989 0.0000006420 0.0000003961 
0.0000011949 0.0000006404 0.0000003953 
0.0000011909 0.0000006388 0.0000003945 
0.0000011870 0.0000006372 0.0000003937 
0.0000011830 0.0000006356 0.0000003930 
0.0000011791 0.0000006340 0.0000003922 
0.0000011753 0.0000006325 0.0000003914 
0.0000011714 0.0000006309 0.0000003907 
0.0000011676 0.0000006294 0.0000003899 
0.0000011639 0.0000006279 0.0000003892 
0.0000011602 0.0000006264 0.0000003885 
0.0000011566 0.0000006250 0.0000003878 
0.0000011530 0.0000006236 0.0000003870 
0.0000011495 0.0000006221 0.0000003863 
0.0000011460 0.0000006207 0.0000003856 
0.0000011426 0.0000006194 0.0000003849 
0.0000011392 0.0000006180 0.0000003843 
0.0000011358 0.0000006166 0.0000003836 
0.0000011324 0.0000006153 0.0000003829 
0.0000011291 0.0000006140 0.0000003822 
0.0000011258 0.0000006127 0.0000003815 
0.0000011225 0.0000006114 0.0000003809 
0.0000011192 0.0000006101 0.0000003802 
0.0000011160 0.0000006088 0.0000003795 
0.0000011128 0.0000006075 0.0000003789 
0.0000011096 0.0000006063 0.0000003782 
0.0000011065 0.0000006050 0.0000003775 
0.0000011033 0.0000006038 0.0000003768 
0.0000011002 0.0000006026 0.0000003761 
0.0000010971 0.0000006014 0.0000003754 
0.0000010940 0.0000006002 0.0000003747 
0.0000010910 0.0000005990 0.0000003739 
0.0000010879 0.0000005979 0.0000003732 
0.0000010849 0.0000005967 0.0000003725 
0.0000010819 0.0000005955 0.0000003718 
0.0000010789 0.0000005944 0.0000003710 
0.0000010759 0.0000005932 0.0000003703 
0.0000010730 0.0000005920 0.0000003696 
0.0000010700 0.0000005909 0.0000003689 
0.0000010671 0.0000005897 0.0000003681 
0.0000010642 0.0000005885 0.0000003674 
0.0000010614 0.0000005874 0.0000003667 
0.0000010585 0.0000005862 0.0000003660 
0.0000010557 0.0000005851 0.0000003653 
0.0000010528 0.0000005839 0.0000003646 
0.0000010499 0.0000005827 0.0000003639 
0.0000010471 0.0000005816 0.0000003632 
0.0000010442 0.0000005804 0.0000003625 
0.0000010413 0.0000005792 0.0000003618 
0.0000010385 0.0000005780 0.0000003611 
0.0000010357 0.0000005768 0.0000003605 
0.0000010329 0.0000005756 0.0000003598 
0.0000010300 0.0000005744 0.0000003591 
0.0000010272 0.0000005732 0.0000003584 
0.0000010244 0.0000005720 0.0000003578 
0.0000010216 0.0000005708 0.0000003571 
0.0000010188 0.0000005696 0.0000003564 
0.0000010160 0.0000005684 0.0000003558 
0.0000010132 0.0000005672 0.0000003551 
0.0000010104 0.0000005660 0.0000003545 
0.0000010076 0.0000005648 0.0000003538 
0.0000010048 0.0000005636 0.0000003531 
0.0000010020 0.0000005623 0.0000003525 
0.0000009992 0.0000005611 0.0000003518 
0.0000009964 0.0000005599 0.0000003511 
0.0000009936 0.0000005587 0.0000003504 
0.0000009908 0.0000005574 0.0000003498 
0.0000009880 0.0000005562 0.0000003491 
0.0000009852 0.0000005550 0.0000003484 
0.0000009824 0.0000005537 0.0000003478 
0.0000009796 0.0000005525 0.0000003471 
0.0000009768 0.0000005513 0.0000003464 
0.0000009740 0.0000005500 0.0000003458 
0.0000009711 0.0000005487 0.0000003451 
0.0000009682 0.0000005474 0.0000003446 
0.0000009654 0.0000005461 0.0000003440 
0.0000009625 0.0000005448 0.0000003434 
0.0000009596 0.0000005434 0.0000003428 
0.0000009568 0.0000005421 0.0000003422 
0.0000009539 0.0000005408 0.0000003417 
0.0000009510 0.0000005395 0.0000003411 
0.0000009481 0.0000005382 0.0000003405 
0.0000009453 0.0000005369 0.0000003399 
0.0000009424 0.0000005356 0.0000003393 
0.0000009395 0.0000005343 0.0000003388 
0.0000009367 0.0000005331 0.0000003382 
0.0000009338 0.0000005318 0.0000003376 
0.0000009310 0.0000005306 0.0000003370 
0.0000009281 0.0000005293 0.0000003365 
0.0000009253 0.0000005281 0.0000003359 
0.0000009224 0.0000005268 0.0000003353 
0.0000009195 0.0000005256 0.0000003347 
0.0000009167 0.0000005244 0.0000003342 
0.0000009138 0.0000005232 0.0000003336 
0.0000009110 0.0000005220 0.0000003330 
0.0000009081 0.0000005207 0.0000003324 
0.0000009053 0.0000005195 0.0000003319 
0.0000009024 0.0000005183 0.0000003313 
0.0000008996 0.0000005171 0.0000003307 
0.0000008967 0.0000005160 0.0000003301 
0.0000008939 0.0000005148 0.0000003296 
0.0000008911 0.0000005136 0.0000003290 
0.0000008883 0.0000005124 0.0000003284 
0.0000008855 0.0000005113 0.0000003279 
0.0000008827 0.0000005101 0.0000003273 
0.0000008799 0.0000005089 0.0000003267 
0.0000008771 0.0000005078 0.0000003262 
0.0000008744 0.0000005067 0.0000003256 
0.0000008716 0.0000005055 0.0000003251 
0.0000008689 0.0000005044 0.0000003245 
0.0000008662 0.0000005033 0.0000003240 
0.0000008635 0.0000005022 0.0000003234 
0.0000008608 0.0000005011 0.0000003229 
0.0000008581 0.0000005000 0.0000003224 
0.0000008555 0.0000004989 0.0000003218 
0.0000008529 0.0000004978 0.0000003213 
0.0000008503 0.0000004967 0.0000003208 
0.0000008477 0.0000004956 0.0000003203 
0.0000008452 0.0000004946 0.0000003197 
0.0000008426 0.0000004935 0.0000003192 
0.0000008401 0.0000004925 0.0000003187 
0.0000008376 0.0000004914 0.0000003182 
0.0000008352 0.0000004904 0.0000003177 
0.0000008327 0.0000004894 0.0000003172 
0.0000008303 0.0000004884 0.0000003168 
0.0000008278 0.0000004874 0.0000003163 
0.0000008254 0.0000004864 0.0000003158 
0.0000008230 0.0000004854 0.0000003153 
0.0000008207 0.0000004844 0.0000003149 
0.0000008183 0.0000004834 0.0000003144 
0.0000008159 0.0000004824 0.0000003140 
0.0000008136 0.0000004814 0.0000003135 
0.0000008113 0.0000004804 0.0000003131 
0.0000008089 0.0000004795 0.0000003126 
0.0000008066 0.0000004785 0.0000003122 
0.0000008043 0.0000004775 0.0000003118 
0.0000008020 0.0000004766 0.0000003113 
0.0000007997 0.0000004756 0.0000003109 
0.0000007974 0.0000004746 0.0000003105 
0.0000007951 0.0000004737 0.0000003101 
0.0000007928 0.0000004727 0.0000003097 
0.0000007906 0.0000004718 0.0000003093 
0.0000007883 0.0000004708 0.0000003089 
0.0000007861 0.0000004699 0.0000003085 
0.0000007838 0.0000004690 0.0000003081 
0.0000007816 0.0000004680 0.0000003077 
0.0000007794 0.0000004671 0.0000003073 
0.0000007772 0.0000004662 0.0000003070 
0.0000007751 0.0000004652 0.0000003066 
0.0000007729 0.0000004643 0.0000003062 
0.0000007708 0.0000004634 0.0000003059 
0.0000007686 0.0000004625 0.0000003055 
0.0000007665 0.0000004616 0.0000003051 
0.0000007644 0.0000004607 0.0000003048 
0.0000007623 0.0000004598 0.0000003044 
0.0000007602 0.0000004589 0.0000003041 
0.0000007582 0.0000004579 0.0000003037 
0.0000007561 0.0000004570 0.0000003034 
0.0000007540 0.0000004561 0.0000003030 
0.0000007520 0.0000004552 0.0000003027 
0.0000007500 0.0000004543 0.0000003023 
0.0000007479 0.0000004534 0.0000003020 
0.0000007459 0.0000004525 0.0000003016 
0.0000007439 0.0000004516 0.0000003013 
0.0000007419 0.0000004507 0.0000003009 
0.0000007399 0.0000004497 0.0000003006 
0.0000007379 0.0000004488 0.0000003002 
0.0000007360 0.0000004479 0.0000002999 
0.0000007340 0.0000004470 0.0000002995 
0.0000007320 0.0000004460 0.0000002991 
0.0000007301 0.0000004451 0.0000002988 
0.0000007282 0.0000004442 0.0000002984 
0.0000007262 0.0000004432 0.0000002981 
0.0000007243 0.0000004423 0.0000002977 
0.0000007225 0.0000004413 0.0000002973 
0.0000007206 0.0000004403 0.0000002970 
0.0000007188 0.0000004394 0.0000002966 
0.0000007170 0.0000004384 0.0000002962 
0.0000007152 0.0000004374 0.0000002958 
0.0000007134 0.0000004364 0.0000002954 
0.0000007116 0.0000004354 0.0000002950 
0.0000007098 0.0000004344 0.0000002947 
0.0000007079 0.0000004334 0.0000002943 
0.0000007061 0.0000004324 0.0000002939 
0.0000007043 0.0000004314 0.0000002935 
0.0000007024 0.0000004304 0.0000002931 
0.0000007006 0.0000004294 0.0000002926 
0.0000006987 0.0000004283 0.0000002922 
0.0000006969 0.0000004273 0.0000002918 
0.0000006950 0.0000004263 0.0000002914 
0.0000006932 0.0000004252 0.0000002910 
0.0000006914 0.0000004242 0.0000002906 
0.0000006896 0.0000004232 0.0000002902 
0.0000006878 0.0000004222 0.0000002898 
0.0000006861 0.0000004212 0.0000002894 
0.0000006845 0.0000004203 0.0000002890 
0.0000006829 0.0000004194 0.0000002887 
0.0000006812 0.0000004184 0.0000002883 
0.0000006797 0.0000004175 0.0000002880 
0.0000006781 0.0000004166 0.0000002876 
0.0000006766 0.0000004158 0.0000002873 
0.0000006750 0.0000004149 0.0000002870 
0.0000006736 0.0000004140 0.0000002867 
0.0000006721 0.0000004132 0.0000002864 
0.0000006707 0.0000004124 0.0000002860 
0.0000006692 0.0000004116 0.0000002857 
0.0000006678 0.0000004108 0.0000002854 
0.0000006665 0.0000004100 0.0000002852 
0.0000006651 0.0000004092 0.0000002849 
0.0000006638 0.0000004084 0.0000002846 
0.0000006625 0.0000004076 0.0000002843 
0.0000006612 0.0000004069 0.0000002840 
0.0000006599 0.0000004061 0.0000002838 
0.0000006587 0.0000004054 0.0000002835 
0.0000006574 0.0000004047 0.0000002832 
0.0000006562 0.0000004039 0.0000002830 
0.0000006550 0.0000004032 0.0000002827 
0.0000006538 0.0000004025 0.0000002824 
0.0000006526 0.0000004018 0.0000002822 
0.0000006514 0.0000004011 0.0000002819 
0.0000006502 0.0000004004 0.0000002817 
0.0000006490 0.0000003997 0.0000002814 
0.0000006478 0.0000003991 0.0000002812 
0.0000006467 0.0000003984 0.0000002809 
0.0000006455 0.0000003977 0.0000002807 
0.0000006443 0.0000003971 0.0000002804 
0.0000006432 0.0000003964 0.0000002802 
0.0000006420 0.0000003958 0.0000002799 
0.0000006409 0.0000003951 0.0000002797 
0.0000006398 0.0000003945 0.0000002795 
0.0000006386 0.0000003939 0.0000002792 
0.0000006375 0.0000003932 0.0000002790 
0.0000006364 0.0000003926 0.0000002788 
0.0000006353 0.0000003920 0.0000002786 
0.0000006342 0.0000003914 0.0000002783 
0.0000006330 0.0000003908 0.0000002781 
0.0000006319 0.0000003902 0.0000002779 
0.0000006308 0.0000003896 0.0000002777 
0.0000006297 0.0000003890 0.0000002774 
0.0000006286 0.0000003884 0.0000002772 
0.0000006275 0.0000003878 0.0000002770 
0.0000006264 0.0000003872 0.0000002768 
0.0000006254 0.0000003866 0.0000002766 
0.0000006243 0.0000003860 0.0000002763 
0.0000006232 0.0000003854 0.0000002761 
0.0000006222 0.0000003848 0.0000002759 
0.0000006211 0.0000003842 0.0000002757 
0.0000006200 0.0000003836 0.0000002755 
0.0000006190 0.0000003831 0.0000002752 
0.0000006179 0.0000003825 0.0000002750 
0.0000006169 0.0000003819 0.0000002748 
0.0000006158 0.0000003813 0.0000002746 
0.0000006148 0.0000003808 0.0000002744 
0.0000006137 0.0000003802 0.0000002742 
0.0000006127 0.0000003796 0.0000002740 
0.0000006117 0.0000003791 0.0000002738 
0.0000006107 0.0000003785 0.0000002736 
0.0000006096 0.0000003780 0.0000002734 
0.0000006086 0.0000003775 0.0000002732 
0.0000006076 0.0000003769 0.0000002730 
0.0000006066 0.0000003764 0.0000002728 
0.0000006056 0.0000003759 0.0000002726 
0.0000006046 0.0000003753 0.0000002724 
0.0000006037 0.0000003748 0.0000002722 
0.0000006027 0.0000003743 0.0000002720 
0.0000006017 0.0000003737 0.0000002718 
0.0000006007 0.0000003732 0.0000002716 
0.0000005997 0.0000003727 0.0000002714 
0.0000005987 0.0000003722 0.0000002713 
0.0000005977 0.0000003717 0.0000002711 
0.0000005967 0.0000003711 0.0000002709 
0.0000005958 0.0000003706 0.0000002707 
0.0000005948 0.0000003701 0.0000002705 
0.0000005938 0.0000003696 0.0000002703 
0.0000005928 0.0000003691 0.0000002701 
0.0000005919 0.0000003686 0.0000002700 
0.0000005909 0.0000003681 0.0000002698 
0.0000005899 0.0000003675 0.0000002696 
0.0000005889 0.0000003670 0.0000002694 
0.0000005879 0.0000003665 0.0000002692 
0.0000005870 0.0000003660 0.0000002690 
0.0000005860 0.0000003655 0.0000002688 
0.0000005850 0.0000003650 0.0000002686 
0.0000005841 0.0000003645 0.0000002684 
0.0000005831 0.0000003640 0.0000002682 
0.0000005822 0.0000003635 0.0000002680 
0.0000005812 0.0000003630 0.0000002678 
0.0000005803 0.0000003625 0.0000002676 
0.0000005793 0.0000003620 0.0000002674 
0.0000005784 0.0000003615 0.0000002672 
0.0000005775 0.0000003610 0.0000002670 
0.0000005766 0.0000003605 0.0000002668 
0.0000005757 0.0000003600 0.0000002666 
0.0000005748 0.0000003595 0.0000002664 
0.0000005739 0.0000003590 0.0000002663 
0.0000005730 0.0000003585 0.0000002661 
0.0000005721 0.0000003580 0.0000002659 
0.0000005712 0.0000003575 0.0000002657 
0.0000005704 0.0000003570 0.0000002655 
0.0000005695 0.0000003565 0.0000002653 
0.0000005686 0.0000003560 0.0000002651 
0.0000005678 0.0000003556 0.0000002649 
0.0000005670 0.0000003551 0.0000002647 
0.0000005661 0.0000003546 0.0000002645 
0.0000005653 0.0000003541 0.0000002643 
0.0000005644 0.0000003537 0.0000002641 
0.0000005636 0.0000003532 0.0000002639 
0.0000005628 0.0000003527 0.0000002637 
0.0000005620 0.0000003522 0.0000002635 
0.0000005612 0.0000003518 0.0000002633 
0.0000005604 0.0000003513 0.0000002631 
0.0000005596 0.0000003508 0.0000002629 
0.0000005588 0.0000003503 0.0000002627 
0.0000005579 0.0000003498 0.0000002625 
0.0000005571 0.0000003493 0.0000002623 
0.0000005562 0.0000003488 0.0000002620 
0.0000005554 0.0000003483 0.0000002618 
0.0000005545 0.0000003477 0.0000002615 
0.0000005537 0.0000003472 0.0000002613 
0.0000005528 0.0000003467 0.0000002610 
0.0000005519 0.0000003461 0.0000002608 
0.0000005510 0.0000003456 0.0000002605 
0.0000005502 0.0000003451 0.0000002603 
0.0000005493 0.0000003445 0.0000002600 
0.0000005485 0.0000003440 0.0000002598 
0.0000005476 0.0000003434 0.0000002595 
0.0000005467 0.0000003429 0.0000002593 
0.0000005459 0.0000003424 0.0000002590 
0.0000005450 0.0000003418 0.0000002588 
0.0000005441 0.0000003413 0.0000002585 
0.0000005433 0.0000003407 0.0000002583 
0.0000005424 0.0000003402 0.0000002580 
0.0000005416 0.0000003396 0.0000002577 
0.0000005407 0.0000003391 0.0000002575 
0.0000005399 0.0000003385 0.0000002572 
0.0000005390 0.0000003380 0.0000002570 
0.0000005382 0.0000003375 0.0000002567 
0.0000005374 0.0000003369 0.0000002564 
0.0000005365 0.0000003364 0.0000002562 
0.0000005357 0.0000003358 0.0000002559 
0.0000005349 0.0000003353 0.0000002557 
0.0000005340 0.0000003347 0.0000002554 
0.0000005332 0.0000003342 0.0000002551 
0.0000005324 0.0000003336 0.0000002549 
0.0000005316 0.0000003331 0.0000002546 
0.0000005308 0.0000003326 0.0000002544 
0.0000005300 0.0000003320 0.0000002541 
0.0000005292 0.0000003315 0.0000002539 
0.0000005284 0.0000003310 0.0000002536 
0.0000005276 0.0000003305 0.0000002534 
0.0000005269 0.0000003300 0.0000002531 
0.0000005261 0.0000003294 0.0000002529 
0.0000005253 0.0000003289 0.0000002527 
0.0000005246 0.0000003284 0.0000002524 
0.0000005238 0.0000003279 0.0000002522 
0.0000005231 0.0000003274 0.0000002519 
0.0000005223 0.0000003269 0.0000002517 
0.0000005215 0.0000003263 0.0000002514 
0.0000005208 0.0000003258 0.0000002512 
0.0000005200 0.0000003253 0.0000002509 
0.0000005193 0.0000003248 0.0000002507 
0.0000005185 0.0000003243 0.0000002504 
0.0000005178 0.0000003238 0.0000002502 
0.0000005171 0.0000003233 0.0000002499 
0.0000005163 0.0000003228 0.0000002497 
0.0000005156 0.0000003223 0.0000002494 
0.0000005148 0.0000003217 0.0000002491 
0.0000005141 0.0000003212 0.0000002489 
0.0000005134 0.0000003207 0.0000002486 
0.0000005126 0.0000003202 0.0000002484 
0.0000005119 0.0000003197 0.0000002481 
0.0000005112 0.0000003192 0.0000002479 
0.0000005104 0.0000003187 0.0000002476 
0.0000005097 0.0000003182 0.0000002473 
0.0000005090 0.0000003177 0.0000002471 
0.0000005083 0.0000003172 0.0000002468 
0.0000005075 0.0000003167 0.0000002466 
0.0000005068 0.0000003162 0.0000002463 
0.0000005061 0.0000003157 0.0000002461 
0.0000005054 0.0000003152 0.0000002458 
0.0000005047 0.0000003147 0.0000002455 
0.0000005040 0.0000003142 0.0000002453 
0.0000005032 0.0000003137 0.0000002450 
0.0000005025 0.0000003132 0.0000002448 
0.0000005018 0.0000003127 0.0000002445 
0.0000005011 0.0000003122 0.0000002442 
0.0000005004 0.0000003117 0.0000002440 
0.0000004997 0.0000003112 0.0000002437 
0.0000004990 0.0000003108 0.0000002435 
0.0000004983 0.0000003103 0.0000002432 
0.0000004976 0.0000003098 0.0000002429 
0.0000004969 0.0000003093 0.0000002427 
0.0000004962 0.0000003088 0.0000002424 
0.0000004955 0.0000003083 0.0000002421 
0.0000004948 0.0000003078 0.0000002419 
0.0000004941 0.0000003074 0.0000002416 
0.0000004934 0.0000003069 0.0000002413 
0.0000004927 0.0000003064 0.0000002411 
0.0000004920 0.0000003059 0.0000002408 
0.0000004913 0.0000003054 0.0000002406 
0.0000004906 0.0000003050 0.0000002403 
0.0000004899 0.0000003045 0.0000002400 
0.0000004892 0.0000003040 0.0000002398 
0.0000004884 0.0000003036 0.0000002395 
0.0000004877 0.0000003031 0.0000002392 
0.0000004870 0.0000003026 0.0000002390 
0.0000004863 0.0000003022 0.0000002387 
0.0000004856 0.0000003017 0.0000002385 
0.0000004849 0.0000003013 0.0000002382 
0.0000004841 0.0000003008 0.0000002380 
0.0000004834 0.0000003003 0.0000002377 
0.0000004827 0.0000002999 0.0000002374 
0.0000004820 0.0000002994 0.0000002372 
0.0000004812 0.0000002990 0.0000002369 
0.0000004804 0.0000002985 0.0000002366 
0.0000004796 0.0000002980 0.0000002363 
0.0000004788 0.0000002975 0.0000002360 
0.0000004779 0.0000002969 0.0000002357 
0.0000004770 0.0000002964 0.0000002354 
0.0000004762 0.0000002959 0.0000002351 
0.0000004753 0.0000002953 0.0000002348 
0.0000004744 0.0000002948 0.0000002345 
0.0000004735 0.0000002943 0.0000002342 
0.0000004726 0.0000002937 0.0000002339 
0.0000004717 0.0000002932 0.0000002336 
0.0000004708 0.0000002926 0.0000002333 
0.0000004699 0.0000002921 0.0000002329 
0.0000004690 0.0000002915 0.0000002326 
0.0000004681 0.0000002910 0.0000002323 
0.0000004672 0.0000002904 0.0000002320 
0.0000004663 0.0000002899 0.0000002316 
0.0000004654 0.0000002893 0.0000002313 
0.0000004645 0.0000002887 0.0000002310 
0.0000004636 0.0000002882 0.0000002307 
0.0000004626 0.0000002876 0.0000002303 
0.0000004617 0.0000002870 0.0000002300 
0.0000004608 0.0000002864 0.0000002296 
0.0000004598 0.0000002859 0.0000002293 
0.0000004589 0.0000002853 0.0000002290 
0.0000004579 0.0000002847 0.0000002286 
0.0000004569 0.0000002841 0.0000002283 
0.0000004560 0.0000002835 0.0000002279 
0.0000004550 0.0000002829 0.0000002276 
0.0000004540 0.0000002823 0.0000002272 
0.0000004530 0.0000002817 0.0000002269 
0.0000004520 0.0000002811 0.0000002265 
0.0000004510 0.0000002805 0.0000002262 
0.0000004500 0.0000002798 0.0000002258 
0.0000004490 0.0000002792 0.0000002255 
0.0000004479 0.0000002786 0.0000002251 
0.0000004469 0.0000002780 0.0000002247 
0.0000004459 0.0000002774 0.0000002244 
0.0000004448 0.0000002767 0.0000002240 
0.0000004438 0.0000002761 0.0000002236 
0.0000004427 0.0000002755 0.0000002233 
0.0000004417 0.0000002748 0.0000002229 
0.0000004406 0.0000002742 0.0000002225 
0.0000004396 0.0000002736 0.0000002222 
0.0000004385 0.0000002729 0.0000002218 
0.0000004374 0.0000002723 0.0000002214 
0.0000004364 0.0000002716 0.0000002211 
0.0000004353 0.0000002710 0.0000002207 
0.0000004342 0.0000002704 0.0000002203 
0.0000004331 0.0000002697 0.0000002199 
0.0000004320 0.0000002690 0.0000002195 
0.0000004309 0.0000002684 0.0000002192 
0.0000004298 0.0000002677 0.0000002188 
0.0000004287 0.0000002671 0.0000002184 
0.0000004276 0.0000002664 0.0000002180 
0.0000004265 0.0000002658 0.0000002176 
0.0000004254 0.0000002651 0.0000002173 
0.0000004243 0.0000002644 0.0000002169 
0.0000004231 0.0000002638 0.0000002165 
0.0000004220 0.0000002631 0.0000002161 
0.0000004209 0.0000002624 0.0000002157 
0.0000004198 0.0000002618 0.0000002153 
0.0000004187 0.0000002611 0.0000002149 
0.0000004175 0.0000002604 0.0000002145 
0.0000004164 0.0000002598 0.0000002141 
0.0000004153 0.0000002591 0.0000002138 
0.0000004141 0.0000002584 0.0000002134 
0.0000004130 0.0000002577 0.0000002130 
0.0000004119 0.0000002571 0.0000002126 
0.0000004107 0.0000002564 0.0000002122 
0.0000004096 0.0000002557 0.0000002118 
0.0000004084 0.0000002550 0.0000002114 
0.0000004073 0.0000002544 0.0000002110 
0.0000004062 0.0000002537 0.0000002106 
0.0000004050 0.0000002530 0.0000002102 
0.0000004039 0.0000002523 0.0000002098 
0.0000004027 0.0000002517 0.0000002094 
0.0000004016 0.0000002510 0.0000002090 
0.0000004004 0.0000002503 0.0000002086 
0.0000003993 0.0000002496 0.0000002082 
0.0000003981 0.0000002490 0.0000002078 
0.0000003970 0.0000002483 0.0000002074 
0.0000003958 0.0000002476 0.0000002070 
0.0000003947 0.0000002470 0.0000002066 
0.0000003935 0.0000002463 0.0000002062 
0.0000003924 0.0000002457 0.0000002058 
0.0000003913 0.0000002450 0.0000002054 
0.0000003901 0.0000002444 0.0000002050 
0.0000003890 0.0000002437 0.0000002046 
0.0000003878 0.0000002431 0.0000002042 
0.0000003867 0.0000002424 0.0000002038 
0.0000003855 0.0000002418 0.0000002034 
0.0000003844 0.0000002411 0.0000002030 
0.0000003833 0.0000002405 0.0000002026 
0.0000003821 0.0000002399 0.0000002022 
0.0000003810 0.0000002392 0.0000002018 
0.0000003799 0.0000002386 0.0000002014 
0.0000003787 0.0000002379 0.0000002010 
0.0000003776 0.0000002373 0.0000002006 
0.0000003764 0.0000002367 0.0000002002 
0.0000003753 0.0000002360 0.0000001998 
0.0000003742 0.0000002354 0.0000001994 
0.0000003730 0.0000002348 0.0000001990 
0.0000003719 0.0000002341 0.0000001986 
0.0000003708 0.0000002335 0.0000001982 
0.0000003696 0.0000002329 0.0000001978 
0.0000003685 0.0000002322 0.0000001974 
0.0000003674 0.0000002316 0.0000001970 
0.0000003663 0.0000002310 0.0000001966 
0.0000003651 0.0000002303 0.0000001962 
0.0000003640 0.0000002297 0.0000001958 
0.0000003629 0.0000002290 0.0000001954 
0.0000003618 0.0000002284 0.0000001950 
0.0000003607 0.0000002278 0.0000001946 
0.0000003595 0.0000002271 0.0000001942 
0.0000003584 0.0000002265 0.0000001938 
0.0000003573 0.0000002258 0.0000001934 
0.0000003562 0.0000002252 0.0000001930 
0.0000003551 0.0000002245 0.0000001926 
0.0000003540 0.0000002239 0.0000001922 
0.0000003529 0.0000002232 0.0000001918 
0.0000003518 0.0000002226 0.0000001914 
0.0000003507 0.0000002219 0.0000001909 
0.0000003496 0.0000002213 0.0000001905 
0.0000003485 0.0000002206 0.0000001901 
0.0000003474 0.0000002200 0.0000001897 
0.0000003463 0.0000002193 0.0000001893 
0.0000003452 0.0000002187 0.0000001889 
0.0000003441 0.0000002180 0.0000001885 
0.0000003430 0.0000002173 0.0000001881 
0.0000003419 0.0000002167 0.0000001876 
0.0000003408 0.0000002160 0.0000001872 
0.0000003397 0.0000002154 0.0000001868 
0.0000003386 0.0000002147 0.0000001864 
0.0000003375 0.0000002140 0.0000001860 
0.0000003364 0.0000002134 0.0000001855 
0.0000003353 0.0000002127 0.0000001851 
0.0000003342 0.0000002120 0.0000001847 
0.0000003331 0.0000002114 0.0000001843 
0.0000003320 0.0000002107 0.0000001839 
0.0000003309 0.0000002101 0.0000001834 
0.0000003298 0.0000002094 0.0000001830 
0.0000003288 0.0000002087 0.0000001826 
0.0000003277 0.0000002081 0.0000001822 
0.0000003266 0.0000002074 0.0000001817 
0.0000003255 0.0000002068 0.0000001813 
0.0000003245 0.0000002061 0.0000001809 
0.0000003234 0.0000002054 0.0000001805 
0.0000003224 0.0000002048 0.0000001800 
0.0000003213 0.0000002041 0.0000001796 
0.0000003203 0.0000002035 0.0000001792 
0.0000003192 0.0000002028 0.0000001788 
0.0000003182 0.0000002021 0.0000001783 
0.0000003171 0.0000002015 0.0000001779 
0.0000003161 0.0000002008 0.0000001775 
0.0000003151 0.0000002002 0.0000001770 
0.0000003141 0.0000001995 0.0000001766 
0.0000003130 0.0000001988 0.0000001762 
0.0000003120 0.0000001982 0.0000001757 
0.0000003110 0.0000001975 0.0000001753 
0.0000003100 0.0000001968 0.0000001748 
0.0000003090 0.0000001962 0.0000001744 
0.0000003080 0.0000001955 0.0000001740 
0.0000003071 0.0000001949 0.0000001735 
0.0000003061 0.0000001942 0.0000001731 
0.0000003051 0.0000001935 0.0000001727 
0.0000003041 0.0000001929 0.0000001722 
0.0000003031 0.0000001922 0.0000001718 
0.0000003021 0.0000001916 0.0000001713 
0.0000003012 0.0000001909 0.0000001709 
0.0000003002 0.0000001903 0.0000001705 
0.0000002992 0.0000001896 0.0000001700 
0.0000002982 0.0000001890 0.0000001696 
0.0000002973 0.0000001883 0.0000001691 
0.0000002963 0.0000001877 0.0000001687 
0.0000002953 0.0000001870 0.0000001683 
0.0000002943 0.0000001864 0.0000001678 
0.0000002933 0.0000001857 0.0000001674 
0.0000002924 0.0000001851 0.0000001669 
0.0000002914 0.0000001844 0.0000001665 
0.0000002904 0.0000001838 0.0000001661 
0.0000002894 0.0000001831 0.0000001656 
0.0000002885 0.0000001825 0.0000001652 
0.0000002875 0.0000001819 0.0000001647 
0.0000002865 0.0000001812 0.0000001643 
0.0000002855 0.0000001806 0.0000001638 
0.0000002846 0.0000001800 0.0000001634 
0.0000002836 0.0000001793 0.0000001630 
0.0000002826 0.0000001787 0.0000001625 
0.0000002816 0.0000001781 0.0000001621 
0.0000002807 0.0000001774 0.0000001616 
0.0000002797 0.0000001768 0.0000001612 
0.0000002787 0.0000001762 0.0000001608 
0.0000002777 0.0000001755 0.0000001603 
0.0000002767 0.0000001749 0.0000001599 
0.0000002758 0.0000001743 0.0000001594 
0.0000002748 0.0000001736 0.0000001590 
0.0000002738 0.0000001730 0.0000001585 
0.0000002728 0.0000001724 0.0000001581 
0.0000002718 0.0000001718 0.0000001576 
0.0000002709 0.0000001712 0.0000001572 
0.0000002699 0.0000001705 0.0000001567 
0.0000002689 0.0000001699 0.0000001563 
0.0000002679 0.0000001693 0.0000001559 
0.0000002669 0.0000001687 0.0000001554 
0.0000002660 0.0000001680 0.0000001550 
0.0000002650 0.0000001674 0.0000001545 
0.0000002640 0.0000001668 0.0000001541 
0.0000002630 0.0000001662 0.0000001536 
0.0000002621 0.0000001656 0.0000001532 
0.0000002611 0.0000001650 0.0000001527 
0.0000002601 0.0000001644 0.0000001523 
0.0000002591 0.0000001637 0.0000001518 
0.0000002582 0.0000001631 0.0000001514 
0.0000002572 0.0000001625 0.0000001509 
0.0000002562 0.0000001619 0.0000001505 
0.0000002552 0.0000001613 0.0000001500 
0.0000002543 0.0000001607 0.0000001496 
0.0000002533 0.0000001601 0.0000001491 
0.0000002523 0.0000001595 0.0000001487 
0.0000002514 0.0000001589 0.0000001482 
0.0000002504 0.0000001583 0.0000001478 
0.0000002494 0.0000001577 0.0000001473 
0.0000002485 0.0000001571 0.0000001469 
0.0000002475 0.0000001565 0.0000001464 
0.0000002465 0.0000001559 0.0000001459 
0.0000002465 0.0000001559 0.0000001459 
0.0000002465 0.0000001559 0.0000001459 
0.0000002465 0.0000001559 0.0000001459 
0.0000002465 0.0000001559 0.0000001459 
0.0000002465 0.0000001559 0.0000001459 
0.0000002465 0.0000001559 0.0000001459 
0.0000002465 0.0000001559 0.0000001459 
0.0000002465 0.0000001559 0.0000001459 
0.0000002465 0.0000001559 0.0000001459 
0.0000002465 0.0000001559 0.0000001459 
0.0000002465 0.0000001559 0.0000001459 
0.0000002465 0.0000001559 0.0000001459 
0.0000002465 0.0000001559 0.0000001459 
0.0000002465 0.0000001559 0.0000001459 
0.0000002465 0.0000001559 0.0000001459 
0.0000002465 0.0000001559 0.0000001459 
0.0000002465 0.0000001559 0.0000001459 
0.0000002465 0.0000001559 0.0000001459 
0.0000002465 0.0000001559 0.0000001459 
0.0000002465 0.0000001559 0.0000001459 
0.0000002465 0.0000001559 0.0000001459 
0.0000002465 0.0000001559 0.0000001459 
0.0000002465 0.0000001559 0.0000001459 
0.0000002465 0.0000001559 0.0000001459 
0.0000002465 0.0000001559 0.0000001459 
0.0000002465 0.0000001559 0.0000001459 
0.0000002465 0.0000001559 0.0000001459 
0.0000002465 0.0000001559 0.0000001459 
0.0000002465 0.0000001559 0.0000001459 
0.0000002465 0.0000001559 0.0000001459 
0.0000002465 0.0000001559 0.0000001459 
0.0000002465 0.0000001559 0.0000001459 
0.0000002465 0.0000001559 0.0000001459 
0.0000002465 0.0000001559 0.0000001459 
0.0000002465 0.0000001559 0.0000001459 
0.0000002465 0.0000001559 0.0000001459 
0.0000002465 0.0000001559 0.0000001459 
0.0000002465 0.0000001559 0.0000001459 
0.0000002465 0.0000001559 0.0000001459 
0.0000002465 0.0000001559 0.0000001459 
0.0000002465 0.0000001559 0.0000001459 
0.0000002465 0.0000001559 0.0000001459 
0.0000002465 0.0000001559 0.0000001459 
0.0000002465 0.0000001559 0.0000001459 
0.0000002465 0.0000001559 0.0000001459 
0.0000002465 0.0000001559 0.0000001459 
0.0000002465 0.0000001559 0.0000001459 
0.0000002465 0.0000001559 0.0000001459 
0.0000002465 0.0000001559 0.0000001459 
0.0000002465 0.0000001559 0.0000001459 
0.0000002465 0.0000001559 0.0000001459 
0.0000002465 0.0000001559 0.0000001459 
0.0000002465 0.0000001559 0.0000001459 
0.0000002465 0.0000001559 0.0000001459 
0.0000002465 0.0000001559 0.0000001459 
0.0000002465 0.0000001559 0.0000001459 
0.0000002465 0.0000001559 0.0000001459 
0.0000002465 0.0000001559 0.0000001459 
0.0000002465 0.0000001559 0.0000001459 
0.0000002465 0.0000001559 0.0000001459 
0.0000002465 0.0000001559 0.0000001459 
0.0000002465 0.0000001559 0.0000001459 
0.0000002465 0.0000001559 0.0000001459 
0.0000002465 0.0000001559 0.0000001459 
0.0000002465 0.0000001559 0.0000001459 
0.0000002465 0.0000001559 0.0000001459 
0.0000002465 0.0000001559 0.0000001459 
0.0000002465 0.0000001559 0.0000001459 
0.0000002465 0.0000001559 0.0000001459 
0.0000002465 0.0000001559 0.0000001459 
0.0000002465 0.0000001559 0.0000001459 
0.0000002465 0.0000001559 0.0000001459 
0.0000002465 0.0000001559 0.0000001459 
0.0000002465 0.0000001559 0.0000001459 
0.0000002465 0.0000001559 0.0000001459 
0.0000002465 0.0000001559 0.0000001459 
0.0000002465 0.0000001559 0.0000001459 
0.0000002465 0.0000001559 0.0000001459 
0.0000002465 0.0000001559 0.0000001459 
0.0000002465 0.0000001559 0.0000001459 
0.0000002465 0.0000001559 0.0000001459 
0.0000002465 0.0000001559 0.0000001459 
0.0000002465 0.0000001559 0.0000001459 
0.0000002465 0.0000001559 0.0000001459 
0.0000002465 0.0000001559 0.0000001459 
0.0000002465 0.0000001559 0.0000001459 
0.0000002465 0.0000001559 0.0000001459 
0.0000002465 0.0000001559 0.0000001459 
0.0000002465 0.0000001559 0.0000001459 
0.0000002465 0.0000001559 0.0000001459 
0.0000002465 0.0000001559 0.0000001459 
0.0000002465 0.0000001559 0.0000001459 
0.0000002465 0.0000001559 0.0000001459 
0.0000002465 0.0000001559 0.0000001459 
0.0000002465 0.0000001559 0.0000001459 
0.0000002465 0.0000001559 0.0000001459 
0.0000002465 0.0000001559 0.0000001459 
0.0000002465 0.0000001559 0.0000001459 
0.0000002465 0.0000001559 0.0000001459 
0.0000002465 0.0000001559 0.0000001459 
0.0000002465 0.0000001559 0.0000001459 
0.0000002465 0.0000001559 0.0000001459 
0.0000002465 0.0000001559 0.0000001459 
0.0000002465 0.0000001559 0.0000001459 
0.0000002465 0.0000001559 0.0000001459 
0.0000002465 0.0000001559 0.0000001459 
0.0000002465 0.0000001559 0.0000001459 
0.0000002465 0.0000001559 0.0000001459 
0.0000002465 0.0000001559 0.0000001459 
0.0000002465 0.0000001559 0.0000001459 
0.0000002465 0.0000001559 0.0000001459 
0.0000002465 0.0000001559 0.0000001459 
0.0000002465 0.0000001559 0.0000001459 
0.0000002465 0.0000001559 0.0000001459 
0.0000002465 0.0000001559 0.0000001459 
0.0000002465 0.0000001559 0.0000001459 
0.0000002465 0.0000001559 0.0000001459 
0.0000002465 0.0000001559 0.0000001459 
0.0000002465 0.0000001559 0.0000001459 
0.0000002465 0.0000001559 0.0000001459 
0.0000002465 0.0000001559 0.0000001459 
0.0000002465 0.0000001559 0.0000001459 
0.0000002465 0.0000001559 0.0000001459 
0.0000002465 0.0000001559 0.0000001459 
0.0000002465 0.0000001559 0.0000001459 
0.0000002465 0.0000001559 0.0000001459 
0.0000002465 0.0000001559 0.0000001459 
0.0000002465 0.0000001559 0.0000001459 
0.0000002465 0.0000001559 0.0000001459 
0.0000002465 0.0000001559 0.0000001459 
0.0000002465 0.0000001559 0.0000001459 
0.0000002465 0.0000001559 0.0000001459 
0.0000002465 0.0000001559 0.0000001459 
0.0000002465 0.0000001559 0.0000001459 
0.0000002465 0.0000001559 0.0000001459 
0.0000002465 0.0000001559 0.0000001459 
0.0000002465 0.0000001559 0.0000001459 
0.0000002465 0.0000001559 0.0000001459 
0.0000002465 0.0000001559 0.0000001459 
0.0000002465 0.0000001559 0.0000001459 
0.0000002465 0.0000001559 0.0000001459 
0.0000002465 0.0000001559 0.0000001459 
0.0000002465 0.0000001559 0.0000001459 
0.0000002465 0.0000001559 0.0000001459 
0.0000002465 0.0000001559 0.0000001459 
0.0000002465 0.0000001559 0.0000001459 
0.0000002465 0.0000001559 0.0000001459 
0.0000002465 0.0000001559 0.0000001459 
0.0000002465 0.0000001559 0.0000001459 
0.0000002465 0.0000001559 0.0000001459 
0.0000002465 0.0000001559 0.0000001459 
0.0000002465 0.0000001559 0.0000001459 
0.0000002465 0.0000001559 0.0000001459 
0.0000002465 0.0000001559 0.0000001459 
0.0000002465 0.0000001559 0.0000001459 
0.0000002465 0.0000001559 0.0000001459 
0.0000002465 0.0000001559 0.0000001459 
0.0000002465 0.0000001559 0.0000001459 
0.0000002465 0.0000001559 0.0000001459 
0.0000002465 0.0000001559 0.0000001459 
0.0000002465 0.0000001559 0.0000001459 
0.0000002465 0.0000001559 0.0000001459 
0.0000002465 0.0000001559 0.0000001459 
0.0000002465 0.0000001559 0.0000001459 
0.0000002465 0.0000001559 0.0000001459 
0.0000002465 0.0000001559 0.0000001459 
0.0000002465 0.0000001559 0.0000001459 
0.0000002465 0.0000001559 0.0000001459 
0.0000002465 0.0000001559 0.0000001459 
0.0000002465 0.0000001559 0.0000001459 
0.0000002465 0.0000001559 0.0000001459 
0.0000002465 0.0000001559 0.0000001459 
0.0000002465 0.0000001559 0.0000001459 
0.0000002465 0.0000001559 0.0000001459 
0.0000002465 0.0000001559 0.0000001459 
0.0000002465 0.0000001559 0.0000001459 
0.0000002465 0.0000001559 0.0000001459 
0.0000002465 0.0000001559 0.0000001459 
0.0000002465 0.0000001559 0.0000001459 
0.0000002465 0.0000001559 0.0000001459 
0.0000002465 0.0000001559 0.0000001459 
0.0000002465 0.0000001559 0.0000001459 
0.0000002465 0.0000001559 0.0000001459 
0.0000002465 0.0000001559 0.0000001459 
0.0000002465 0.0000001559 0.0000001459 
0.0000002465 0.0000001559 0.0000001459 
0.0000002465 0.0000001559 0.0000001459 
0.0000002465 0.0000001559 0.0000001459 
0.0000002465 0.0000001559 0.0000001459 
0.0000002465 0.0000001559 0.0000001459 
0.0000002465 0.0000001559 0.0000001459 
0.0000002465 0.0000001559 0.0000001459 
0.0000002465 0.0000001559 0.0000001459 
0.0000002465 0.0000001559 0.0000001459 
0.0000002465 0.0000001559 0.0000001459 
0.0000002465 0.0000001559 0.0000001459 
0.0000002465 0.0000001559 0.0000001459 
0.0000002465 0.0000001559 0.0000001459 
0.0000002465 0.0000001559 0.0000001459 
0.0000002465 0.0000001559 0.0000001459 
0.0000002465 0.0000001559 0.0000001459 
0.0000002465 0.0000001559 0.0000001459 
0.0000002465 0.0000001559 0.0000001459 
0.0000002465 0.0000001559 0.0000001459 
0.0000002465 0.0000001559 0.0000001459 
0.0000002465 0.0000001559 0.0000001459 
0.0000002465 0.0000001559 0.0000001459 
0.0000002465 0.0000001559 0.0000001459 
0.0000002465 0.0000001559 0.0000001459 
0.0000002465 0.0000001559 0.0000001459 
0.0000002465 0.0000001559 0.0000001459 
0.0000002465 0.0000001559 0.0000001459 
0.0000002465 0.0000001559 0.0000001459 
0.0000002465 0.0000001559 0.0000001459 
0.0000002465 0.0000001559 0.0000001459 
0.0000002465 0.0000001559 0.0000001459 
0.0000002465 0.0000001559 0.0000001459 
0.0000002465 0.0000001559 0.0000001459 
0.0000002465 0.0000001559 0.0000001459 
0.0000002465 0.0000001559 0.0000001459 
0.0000002465 0.0000001559 0.0000001459 
0.0000002465 0.0000001559 0.0000001459 
0.0000002465 0.0000001559 0.0000001459 
0.0000002465 0.0000001559 0.0000001459 
0.0000002465 0.0000001559 0.0000001459 
0.0000002465 0.0000001559 0.0000001459 
0.0000002465 0.0000001559 0.0000001459 
0.0000002465 0.0000001559 0.0000001459 
0.0000002465 0.0000001559 0.0000001459 
0.0000002465 0.0000001559 0.0000001459 
0.0000002465 0.0000001559 0.0000001459 
0.0000002465 0.0000001559 0.0000001459 
0.0000002465 0.0000001559 0.0000001459 
0.0000002465 0.0000001559 0.0000001459 
0.0000002465 0.0000001559 0.0000001459 
0.0000002465 0.0000001559 0.0000001459 
0.0000002465 0.0000001559 0.0000001459 
0.0000002465 0.0000001559 0.0000001459 
0.0000002465 0.0000001559 0.0000001459 
0.0000002465 0.0000001559 0.0000001459 
0.0000002465 0.0000001559 0.0000001459 
0.0000002465 0.0000001559 0.0000001459 
0.0000002465 0.0000001559 0.0000001459 
0.0000002465 0.0000001559 0.0000001459 
0.0000002465 0.0000001559 0.0000001459 
0.0000002465 0.0000001559 0.0000001459 
0.0000002465 0.0000001559 0.0000001459 
0.0000002465 0.0000001559 0.0000001459 
0.0000002465 0.0000001559 0.0000001459 
0.0000002465 0.0000001559 0.0000001459 
0.0000002465 0.0000001559 0.0000001459 
0.0000002465 0.0000001559 0.0000001459 
0.0000002465 0.0000001559 0.0000001459 
0.0000002465 0.0000001559 0.0000001459 
0.0000002465 0.0000001559 0.0000001459 
0.0000002465 0.0000001559 0.0000001459 
0.0000002465 0.0000001559 0.0000001459 
0.0000002465 0.0000001559 0.0000001459 
0.0000002465 0.0000001559 0.0000001459 
