0.0000004606 0.0000001881 0.0000002869 
0.0000004674 0.0000001923 0.0000002578 
0.0000004736 0.0000001963 0.0000002300 
0.0000004792 0.0000002000 0.0000002035 
0.0000004841 0.0000002035 0.0000001781 
0.0000004884 0.0000002067 0.0000001539 
0.0000004921 0.0000002098 0.0000001306 
0.0000004952 0.0000002127 0.0000001084 
0.0000004952 0.0000002127 0.0000001084 
0.0000004952 0.0000002127 0.0000001084 
0.0000004952 0.0000002127 0.0000001084 
0.0000004952 0.0000002127 0.0000001084 
0.0000004952 0.0000002127 0.0000001084 
0.0000004952 0.0000002127 0.0000001084 
0.0000004952 0.0000002127 0.0000001084 
0.0000004952 0.0000002127 0.0000001084 
0.0000004952 0.0000002127 0.0000001084 
0.0000004952 0.0000002127 0.0000001084 
0.0000004952 0.0000002127 0.0000001084 
0.0000004955 0.0000002144 0.0000000929 
0.0000004955 0.0000002144 0.0000000929 
0.0000004955 0.0000002144 0.0000000929 
0.0000004955 0.0000002144 0.0000000929 
0.0000004955 0.0000002144 0.0000000929 
0.0000004955 0.0000002144 0.0000000929 
0.0000004955 0.0000002144 0.0000000929 
0.0000004955 0.0000002144 0.0000000929 
0.0000004955 0.0000002144 0.0000000929 
0.0000004955 0.0000002144 0.0000000929 
0.0000004955 0.0000002144 0.0000000929 
0.0000004955 0.0000002144 0.0000000929 
0.0000004955 0.0000002144 0.0000000929 
0.0000004955 0.0000002144 0.0000000929 
0.0000004955 0.0000002144 0.0000000929 
0.0000004955 0.0000002144 0.0000000929 
0.0000004955 0.0000002144 0.0000000929 
0.0000004955 0.0000002144 0.0000000929 
0.0000004955 0.0000002144 0.0000000929 
0.0000004955 0.0000002144 0.0000000929 
0.0000004955 0.0000002144 0.0000000929 
0.0000004955 0.0000002144 0.0000000929 
0.0000004955 0.0000002144 0.0000000929 
0.0000004955 0.0000002144 0.0000000929 
0.0000004955 0.0000002144 0.0000000929 
0.0000004955 0.0000002144 0.0000000929 
0.0000004955 0.0000002144 0.0000000929 
0.0000004955 0.0000002144 0.0000000929 
0.0000004979 0.0000002181 0.0000000958 
0.0000005006 0.0000002217 0.0000000994 
0.0000005038 0.0000002250 0.0000001039 
0.0000005073 0.0000002281 0.0000001087 
0.0000005109 0.0000002310 0.0000001134 
0.0000005149 0.0000002337 0.0000001178 
0.0000005191 0.0000002363 0.0000001218 
0.0000005236 0.0000002388 0.0000001255 
0.0000005283 0.0000002412 0.0000001289 
0.0000005333 0.0000002436 0.0000001319 
0.0000005385 0.0000002459 0.0000001345 
0.0000005440 0.0000002482 0.0000001368 
0.0000005495 0.0000002505 0.0000001388 
0.0000005552 0.0000002528 0.0000001405 
0.0000005609 0.0000002552 0.0000001420 
0.0000005666 0.0000002576 0.0000001433 
0.0000005723 0.0000002602 0.0000001443 
0.0000005780 0.0000002627 0.0000001451 
0.0000005836 0.0000002654 0.0000001458 
0.0000005891 0.0000002681 0.0000001463 
0.0000005947 0.0000002708 0.0000001466 
0.0000006001 0.0000002737 0.0000001467 
0.0000006055 0.0000002765 0.0000001467 
0.0000006110 0.0000002795 0.0000001466 
0.0000006165 0.0000002824 0.0000001465 
0.0000006222 0.0000002853 0.0000001464 
0.0000006283 0.0000002880 0.0000001463 
0.0000006346 0.0000002906 0.0000001463 
0.0000006411 0.0000002931 0.0000001464 
0.0000006479 0.0000002955 0.0000001465 
0.0000006548 0.0000002978 0.0000001466 
0.0000006619 0.0000003001 0.0000001467 
0.0000006691 0.0000003023 0.0000001469 
0.0000006763 0.0000003045 0.0000001471 
0.0000006835 0.0000003067 0.0000001474 
0.0000006907 0.0000003089 0.0000001476 
0.0000006979 0.0000003111 0.0000001478 
0.0000007050 0.0000003133 0.0000001481 
0.0000007121 0.0000003155 0.0000001484 
0.0000007192 0.0000003177 0.0000001488 
0.0000007263 0.0000003199 0.0000001493 
0.0000007335 0.0000003222 0.0000001499 
0.0000007407 0.0000003244 0.0000001506 
0.0000007479 0.0000003266 0.0000001513 
0.0000007550 0.0000003288 0.0000001521 
0.0000007622 0.0000003310 0.0000001530 
0.0000007693 0.0000003331 0.0000001539 
0.0000007763 0.0000003352 0.0000001548 
0.0000007832 0.0000003373 0.0000001557 
0.0000007901 0.0000003393 0.0000001567 
0.0000007969 0.0000003413 0.0000001577 
0.0000008035 0.0000003433 0.0000001587 
0.0000008101 0.0000003453 0.0000001597 
0.0000008166 0.0000003472 0.0000001607 
0.0000008230 0.0000003492 0.0000001617 
0.0000008293 0.0000003511 0.0000001628 
0.0000008356 0.0000003530 0.0000001639 
0.0000008418 0.0000003549 0.0000001650 
0.0000008479 0.0000003568 0.0000001661 
0.0000008540 0.0000003587 0.0000001672 
0.0000008600 0.0000003605 0.0000001684 
0.0000008659 0.0000003624 0.0000001695 
0.0000008717 0.0000003643 0.0000001707 
0.0000008773 0.0000003661 0.0000001717 
0.0000008828 0.0000003680 0.0000001728 
0.0000008882 0.0000003698 0.0000001738 
0.0000008934 0.0000003716 0.0000001748 
0.0000008984 0.0000003733 0.0000001757 
0.0000009034 0.0000003751 0.0000001766 
0.0000009082 0.0000003768 0.0000001774 
0.0000009128 0.0000003784 0.0000001782 
0.0000009174 0.0000003801 0.0000001790 
0.0000009218 0.0000003817 0.0000001797 
0.0000009260 0.0000003833 0.0000001804 
0.0000009301 0.0000003849 0.0000001810 
0.0000009342 0.0000003864 0.0000001815 
0.0000009381 0.0000003879 0.0000001820 
0.0000009418 0.0000003894 0.0000001825 
0.0000009455 0.0000003909 0.0000001829 
0.0000009491 0.0000003923 0.0000001833 
0.0000009526 0.0000003937 0.0000001837 
0.0000009560 0.0000003951 0.0000001840 
0.0000009594 0.0000003965 0.0000001843 
0.0000009627 0.0000003979 0.0000001847 
0.0000009659 0.0000003992 0.0000001849 
0.0000009691 0.0000004005 0.0000001852 
0.0000009722 0.0000004017 0.0000001855 
0.0000009752 0.0000004030 0.0000001858 
0.0000009782 0.0000004042 0.0000001860 
0.0000009811 0.0000004053 0.0000001863 
0.0000009839 0.0000004065 0.0000001865 
0.0000009868 0.0000004076 0.0000001868 
0.0000009896 0.0000004087 0.0000001871 
0.0000009924 0.0000004097 0.0000001874 
0.0000009951 0.0000004108 0.0000001877 
0.0000009979 0.0000004118 0.0000001880 
0.0000010006 0.0000004128 0.0000001883 
0.0000010033 0.0000004137 0.0000001886 
0.0000010059 0.0000004147 0.0000001889 
0.0000010084 0.0000004155 0.0000001892 
0.0000010109 0.0000004164 0.0000001895 
0.0000010133 0.0000004172 0.0000001898 
0.0000010157 0.0000004180 0.0000001901 
0.0000010179 0.0000004188 0.0000001904 
0.0000010202 0.0000004195 0.0000001907 
0.0000010223 0.0000004202 0.0000001910 
0.0000010244 0.0000004209 0.0000001913 
0.0000010264 0.0000004215 0.0000001916 
0.0000010283 0.0000004222 0.0000001919 
0.0000010302 0.0000004228 0.0000001922 
0.0000010319 0.0000004234 0.0000001925 
0.0000010336 0.0000004239 0.0000001928 
0.0000010352 0.0000004245 0.0000001931 
0.0000010367 0.0000004250 0.0000001934 
0.0000010381 0.0000004254 0.0000001937 
0.0000010394 0.0000004259 0.0000001939 
0.0000010406 0.0000004263 0.0000001942 
0.0000010418 0.0000004267 0.0000001945 
0.0000010428 0.0000004270 0.0000001947 
0.0000010438 0.0000004274 0.0000001950 
0.0000010446 0.0000004277 0.0000001952 
0.0000010454 0.0000004280 0.0000001954 
0.0000010460 0.0000004283 0.0000001955 
0.0000010466 0.0000004285 0.0000001957 
0.0000010470 0.0000004287 0.0000001958 
0.0000010474 0.0000004289 0.0000001960 
0.0000010476 0.0000004291 0.0000001961 
0.0000010478 0.0000004292 0.0000001962 
0.0000010478 0.0000004294 0.0000001963 
0.0000010477 0.0000004295 0.0000001964 
0.0000010476 0.0000004296 0.0000001965 
0.0000010473 0.0000004297 0.0000001967 
0.0000010470 0.0000004298 0.0000001968 
0.0000010466 0.0000004299 0.0000001969 
0.0000010461 0.0000004299 0.0000001970 
0.0000010456 0.0000004299 0.0000001971 
0.0000010451 0.0000004299 0.0000001972 
0.0000010446 0.0000004299 0.0000001972 
0.0000010441 0.0000004298 0.0000001973 
0.0000010436 0.0000004298 0.0000001973 
0.0000010431 0.0000004297 0.0000001973 
0.0000010425 0.0000004296 0.0000001973 
0.0000010419 0.0000004294 0.0000001973 
0.0000010412 0.0000004293 0.0000001972 
0.0000010405 0.0000004291 0.0000001972 
0.0000010397 0.0000004289 0.0000001971 
0.0000010389 0.0000004287 0.0000001971 
0.0000010380 0.0000004284 0.0000001970 
0.0000010370 0.0000004282 0.0000001969 
0.0000010360 0.0000004279 0.0000001968 
0.0000010349 0.0000004276 0.0000001967 
0.0000010337 0.0000004272 0.0000001966 
0.0000010325 0.0000004269 0.0000001965 
0.0000010312 0.0000004265 0.0000001964 
0.0000010298 0.0000004261 0.0000001963 
0.0000010284 0.0000004257 0.0000001961 
0.0000010269 0.0000004252 0.0000001960 
0.0000010254 0.0000004247 0.0000001958 
0.0000010238 0.0000004242 0.0000001957 
0.0000010222 0.0000004237 0.0000001955 
0.0000010205 0.0000004231 0.0000001954 
0.0000010188 0.0000004226 0.0000001952 
0.0000010169 0.0000004219 0.0000001950 
0.0000010151 0.0000004213 0.0000001948 
0.0000010132 0.0000004207 0.0000001947 
0.0000010114 0.0000004200 0.0000001945 
0.0000010095 0.0000004193 0.0000001943 
0.0000010076 0.0000004186 0.0000001941 
0.0000010056 0.0000004179 0.0000001939 
0.0000010035 0.0000004171 0.0000001937 
0.0000010014 0.0000004163 0.0000001935 
0.0000009993 0.0000004155 0.0000001933 
0.0000009971 0.0000004147 0.0000001930 
0.0000009949 0.0000004138 0.0000001928 
0.0000009926 0.0000004129 0.0000001925 
0.0000009903 0.0000004120 0.0000001923 
0.0000009879 0.0000004111 0.0000001920 
0.0000009855 0.0000004101 0.0000001917 
0.0000009830 0.0000004092 0.0000001914 
0.0000009805 0.0000004082 0.0000001910 
0.0000009779 0.0000004072 0.0000001907 
0.0000009753 0.0000004062 0.0000001904 
0.0000009726 0.0000004052 0.0000001900 
0.0000009698 0.0000004042 0.0000001897 
0.0000009670 0.0000004032 0.0000001893 
0.0000009642 0.0000004022 0.0000001890 
0.0000009613 0.0000004012 0.0000001886 
0.0000009584 0.0000004002 0.0000001882 
0.0000009554 0.0000003992 0.0000001879 
0.0000009525 0.0000003982 0.0000001875 
0.0000009494 0.0000003972 0.0000001872 
0.0000009463 0.0000003962 0.0000001868 
0.0000009432 0.0000003952 0.0000001865 
0.0000009401 0.0000003942 0.0000001862 
0.0000009368 0.0000003932 0.0000001858 
0.0000009336 0.0000003922 0.0000001855 
0.0000009303 0.0000003912 0.0000001851 
0.0000009269 0.0000003901 0.0000001848 
0.0000009235 0.0000003890 0.0000001844 
0.0000009200 0.0000003879 0.0000001840 
0.0000009166 0.0000003867 0.0000001836 
0.0000009130 0.0000003855 0.0000001831 
0.0000009095 0.0000003843 0.0000001827 
0.0000009059 0.0000003831 0.0000001823 
0.0000009022 0.0000003819 0.0000001819 
0.0000008985 0.0000003807 0.0000001815 
0.0000008948 0.0000003795 0.0000001810 
0.0000008910 0.0000003783 0.0000001806 
0.0000008872 0.0000003771 0.0000001802 
0.0000008833 0.0000003760 0.0000001799 
0.0000008794 0.0000003748 0.0000001795 
0.0000008754 0.0000003736 0.0000001791 
0.0000008713 0.0000003724 0.0000001787 
0.0000008671 0.0000003713 0.0000001784 
0.0000008630 0.0000003701 0.0000001780 
0.0000008587 0.0000003689 0.0000001776 
0.0000008544 0.0000003678 0.0000001773 
0.0000008501 0.0000003666 0.0000001770 
0.0000008457 0.0000003655 0.0000001766 
0.0000008412 0.0000003644 0.0000001763 
0.0000008368 0.0000003632 0.0000001761 
0.0000008323 0.0000003621 0.0000001758 
0.0000008278 0.0000003610 0.0000001755 
0.0000008233 0.0000003599 0.0000001753 
0.0000008187 0.0000003587 0.0000001750 
0.0000008143 0.0000003575 0.0000001748 
0.0000008099 0.0000003563 0.0000001745 
0.0000008056 0.0000003551 0.0000001743 
0.0000008013 0.0000003539 0.0000001740 
0.0000007970 0.0000003526 0.0000001738 
0.0000007928 0.0000003513 0.0000001735 
0.0000007886 0.0000003500 0.0000001733 
0.0000007843 0.0000003487 0.0000001730 
0.0000007801 0.0000003473 0.0000001727 
0.0000007758 0.0000003459 0.0000001724 
0.0000007716 0.0000003445 0.0000001721 
0.0000007673 0.0000003431 0.0000001718 
0.0000007630 0.0000003416 0.0000001715 
0.0000007587 0.0000003401 0.0000001711 
0.0000007544 0.0000003386 0.0000001707 
0.0000007500 0.0000003372 0.0000001704 
0.0000007455 0.0000003357 0.0000001700 
0.0000007410 0.0000003343 0.0000001696 
0.0000007364 0.0000003328 0.0000001692 
0.0000007318 0.0000003313 0.0000001688 
0.0000007272 0.0000003299 0.0000001684 
0.0000007225 0.0000003284 0.0000001680 
0.0000007178 0.0000003269 0.0000001675 
0.0000007130 0.0000003255 0.0000001671 
0.0000007082 0.0000003240 0.0000001666 
0.0000007034 0.0000003225 0.0000001662 
0.0000006985 0.0000003211 0.0000001657 
0.0000006936 0.0000003196 0.0000001652 
0.0000006887 0.0000003181 0.0000001647 
0.0000006837 0.0000003167 0.0000001642 
0.0000006787 0.0000003152 0.0000001637 
0.0000006738 0.0000003137 0.0000001632 
0.0000006688 0.0000003122 0.0000001627 
0.0000006639 0.0000003108 0.0000001622 
0.0000006589 0.0000003093 0.0000001617 
0.0000006539 0.0000003078 0.0000001611 
0.0000006490 0.0000003063 0.0000001606 
0.0000006441 0.0000003048 0.0000001600 
0.0000006392 0.0000003033 0.0000001595 
0.0000006343 0.0000003018 0.0000001589 
0.0000006294 0.0000003002 0.0000001583 
0.0000006245 0.0000002987 0.0000001577 
0.0000006197 0.0000002972 0.0000001571 
0.0000006148 0.0000002956 0.0000001565 
0.0000006100 0.0000002940 0.0000001559 
0.0000006052 0.0000002925 0.0000001553 
0.0000006004 0.0000002909 0.0000001547 
0.0000005956 0.0000002893 0.0000001540 
0.0000005909 0.0000002877 0.0000001534 
0.0000005862 0.0000002861 0.0000001528 
0.0000005815 0.0000002845 0.0000001521 
0.0000005769 0.0000002829 0.0000001515 
0.0000005723 0.0000002813 0.0000001509 
0.0000005677 0.0000002797 0.0000001502 
0.0000005632 0.0000002781 0.0000001496 
0.0000005587 0.0000002765 0.0000001489 
0.0000005543 0.0000002749 0.0000001483 
0.0000005499 0.0000002733 0.0000001477 
0.0000005456 0.0000002717 0.0000001470 
0.0000005412 0.0000002701 0.0000001464 
0.0000005370 0.0000002685 0.0000001458 
0.0000005327 0.0000002670 0.0000001451 
0.0000005284 0.0000002654 0.0000001445 
0.0000005242 0.0000002639 0.0000001439 
0.0000005201 0.0000002624 0.0000001433 
0.0000005159 0.0000002609 0.0000001427 
0.0000005119 0.0000002595 0.0000001421 
0.0000005079 0.0000002580 0.0000001415 
0.0000005041 0.0000002566 0.0000001409 
0.0000005003 0.0000002552 0.0000001404 
0.0000004966 0.0000002538 0.0000001398 
0.0000004929 0.0000002524 0.0000001393 
0.0000004894 0.0000002510 0.0000001387 
0.0000004859 0.0000002496 0.0000001382 
0.0000004824 0.0000002483 0.0000001376 
0.0000004791 0.0000002469 0.0000001371 
0.0000004758 0.0000002456 0.0000001366 
0.0000004726 0.0000002443 0.0000001361 
0.0000004694 0.0000002430 0.0000001356 
0.0000004664 0.0000002417 0.0000001351 
0.0000004634 0.0000002404 0.0000001346 
0.0000004605 0.0000002392 0.0000001341 
0.0000004576 0.0000002380 0.0000001336 
0.0000004548 0.0000002368 0.0000001331 
0.0000004521 0.0000002356 0.0000001326 
0.0000004493 0.0000002345 0.0000001321 
0.0000004466 0.0000002333 0.0000001315 
0.0000004439 0.0000002322 0.0000001310 
0.0000004412 0.0000002310 0.0000001304 
0.0000004385 0.0000002299 0.0000001298 
0.0000004359 0.0000002288 0.0000001292 
0.0000004334 0.0000002278 0.0000001287 
0.0000004309 0.0000002268 0.0000001281 
0.0000004286 0.0000002258 0.0000001275 
0.0000004263 0.0000002248 0.0000001270 
0.0000004241 0.0000002239 0.0000001265 
0.0000004220 0.0000002230 0.0000001259 
0.0000004199 0.0000002221 0.0000001254 
0.0000004179 0.0000002212 0.0000001249 
0.0000004159 0.0000002204 0.0000001244 
0.0000004141 0.0000002195 0.0000001239 
0.0000004122 0.0000002187 0.0000001234 
0.0000004105 0.0000002179 0.0000001229 
0.0000004088 0.0000002171 0.0000001224 
0.0000004073 0.0000002163 0.0000001219 
0.0000004058 0.0000002155 0.0000001215 
0.0000004044 0.0000002148 0.0000001210 
0.0000004030 0.0000002140 0.0000001206 
0.0000004017 0.0000002134 0.0000001202 
0.0000004005 0.0000002127 0.0000001199 
0.0000003993 0.0000002120 0.0000001195 
0.0000003982 0.0000002114 0.0000001192 
0.0000003972 0.0000002108 0.0000001188 
0.0000003962 0.0000002102 0.0000001185 
0.0000003954 0.0000002096 0.0000001181 
0.0000003947 0.0000002091 0.0000001178 
0.0000003940 0.0000002085 0.0000001175 
0.0000003934 0.0000002080 0.0000001172 
0.0000003929 0.0000002075 0.0000001169 
0.0000003925 0.0000002070 0.0000001167 
0.0000003921 0.0000002066 0.0000001164 
0.0000003918 0.0000002062 0.0000001162 
0.0000003915 0.0000002057 0.0000001159 
0.0000003913 0.0000002053 0.0000001157 
0.0000003910 0.0000002049 0.0000001155 
0.0000003908 0.0000002045 0.0000001154 
0.0000003905 0.0000002041 0.0000001152 
0.0000003903 0.0000002037 0.0000001150 
0.0000003901 0.0000002033 0.0000001148 
0.0000003898 0.0000002028 0.0000001147 
0.0000003895 0.0000002024 0.0000001145 
0.0000003893 0.0000002020 0.0000001144 
0.0000003889 0.0000002016 0.0000001142 
0.0000003886 0.0000002011 0.0000001141 
0.0000003882 0.0000002007 0.0000001139 
0.0000003878 0.0000002002 0.0000001137 
0.0000003873 0.0000001998 0.0000001136 
0.0000003868 0.0000001993 0.0000001134 
0.0000003863 0.0000001988 0.0000001132 
0.0000003857 0.0000001983 0.0000001130 
0.0000003851 0.0000001978 0.0000001128 
0.0000003845 0.0000001973 0.0000001126 
0.0000003838 0.0000001967 0.0000001124 
0.0000003831 0.0000001962 0.0000001122 
0.0000003825 0.0000001957 0.0000001120 
0.0000003818 0.0000001952 0.0000001118 
0.0000003811 0.0000001947 0.0000001116 
0.0000003804 0.0000001942 0.0000001114 
0.0000003797 0.0000001937 0.0000001112 
0.0000003789 0.0000001932 0.0000001110 
0.0000003781 0.0000001927 0.0000001107 
0.0000003772 0.0000001921 0.0000001105 
0.0000003763 0.0000001916 0.0000001103 
0.0000003754 0.0000001911 0.0000001100 
0.0000003744 0.0000001906 0.0000001098 
0.0000003734 0.0000001901 0.0000001095 
0.0000003724 0.0000001896 0.0000001092 
0.0000003713 0.0000001892 0.0000001088 
0.0000003702 0.0000001888 0.0000001085 
0.0000003690 0.0000001883 0.0000001081 
0.0000003678 0.0000001879 0.0000001077 
0.0000003666 0.0000001875 0.0000001074 
0.0000003654 0.0000001870 0.0000001070 
0.0000003642 0.0000001865 0.0000001066 
0.0000003629 0.0000001859 0.0000001062 
0.0000003616 0.0000001854 0.0000001059 
0.0000003604 0.0000001848 0.0000001055 
0.0000003591 0.0000001842 0.0000001052 
0.0000003577 0.0000001836 0.0000001048 
0.0000003564 0.0000001829 0.0000001045 
0.0000003551 0.0000001823 0.0000001041 
0.0000003538 0.0000001816 0.0000001038 
0.0000003524 0.0000001809 0.0000001034 
0.0000003511 0.0000001802 0.0000001031 
0.0000003497 0.0000001795 0.0000001027 
0.0000003483 0.0000001788 0.0000001023 
0.0000003469 0.0000001780 0.0000001019 
0.0000003456 0.0000001772 0.0000001015 
0.0000003443 0.0000001764 0.0000001010 
0.0000003430 0.0000001755 0.0000001006 
0.0000003417 0.0000001746 0.0000001001 
0.0000003404 0.0000001737 0.0000000996 
0.0000003390 0.0000001729 0.0000000991 
0.0000003377 0.0000001720 0.0000000986 
0.0000003363 0.0000001711 0.0000000982 
0.0000003348 0.0000001702 0.0000000977 
0.0000003334 0.0000001693 0.0000000973 
0.0000003319 0.0000001685 0.0000000968 
0.0000003304 0.0000001676 0.0000000964 
0.0000003289 0.0000001667 0.0000000959 
0.0000003273 0.0000001658 0.0000000955 
0.0000003257 0.0000001650 0.0000000951 
0.0000003241 0.0000001641 0.0000000946 
0.0000003224 0.0000001632 0.0000000942 
0.0000003206 0.0000001623 0.0000000938 
0.0000003189 0.0000001614 0.0000000934 
0.0000003170 0.0000001605 0.0000000929 
0.0000003152 0.0000001596 0.0000000925 
0.0000003132 0.0000001587 0.0000000921 
0.0000003113 0.0000001578 0.0000000917 
0.0000003092 0.0000001568 0.0000000912 
0.0000003071 0.0000001558 0.0000000908 
0.0000003049 0.0000001549 0.0000000903 
0.0000003027 0.0000001539 0.0000000899 
0.0000003004 0.0000001529 0.0000000894 
0.0000002980 0.0000001518 0.0000000889 
0.0000002955 0.0000001508 0.0000000885 
0.0000002929 0.0000001498 0.0000000880 
0.0000002902 0.0000001487 0.0000000876 
0.0000002874 0.0000001476 0.0000000871 
0.0000002846 0.0000001466 0.0000000866 
0.0000002818 0.0000001455 0.0000000862 
0.0000002790 0.0000001444 0.0000000857 
0.0000002762 0.0000001434 0.0000000852 
0.0000002735 0.0000001423 0.0000000848 
0.0000002709 0.0000001412 0.0000000843 
0.0000002683 0.0000001402 0.0000000838 
0.0000002657 0.0000001391 0.0000000833 
0.0000002631 0.0000001380 0.0000000829 
0.0000002606 0.0000001370 0.0000000824 
0.0000002580 0.0000001359 0.0000000819 
0.0000002555 0.0000001348 0.0000000814 
0.0000002530 0.0000001338 0.0000000809 
0.0000002505 0.0000001328 0.0000000805 
0.0000002481 0.0000001317 0.0000000800 
0.0000002457 0.0000001307 0.0000000796 
0.0000002433 0.0000001297 0.0000000791 
0.0000002410 0.0000001287 0.0000000787 
0.0000002387 0.0000001277 0.0000000783 
0.0000002364 0.0000001268 0.0000000779 
0.0000002342 0.0000001258 0.0000000775 
0.0000002319 0.0000001249 0.0000000771 
0.0000002297 0.0000001239 0.0000000767 
0.0000002275 0.0000001230 0.0000000763 
0.0000002254 0.0000001220 0.0000000759 
0.0000002232 0.0000001211 0.0000000755 
0.0000002211 0.0000001201 0.0000000751 
0.0000002189 0.0000001192 0.0000000747 
0.0000002168 0.0000001183 0.0000000743 
0.0000002147 0.0000001173 0.0000000739 
0.0000002126 0.0000001164 0.0000000735 
0.0000002105 0.0000001155 0.0000000732 
0.0000002084 0.0000001146 0.0000000728 
0.0000002064 0.0000001137 0.0000000724 
0.0000002043 0.0000001128 0.0000000720 
0.0000002023 0.0000001119 0.0000000716 
0.0000002002 0.0000001110 0.0000000713 
0.0000001982 0.0000001100 0.0000000709 
0.0000001962 0.0000001091 0.0000000705 
0.0000001942 0.0000001083 0.0000000701 
0.0000001922 0.0000001074 0.0000000698 
0.0000001902 0.0000001065 0.0000000694 
0.0000001882 0.0000001056 0.0000000690 
0.0000001863 0.0000001047 0.0000000687 
0.0000001843 0.0000001039 0.0000000683 
0.0000001824 0.0000001030 0.0000000680 
0.0000001805 0.0000001021 0.0000000676 
0.0000001786 0.0000001013 0.0000000673 
0.0000001768 0.0000001004 0.0000000669 
0.0000001749 0.0000000996 0.0000000666 
0.0000001731 0.0000000988 0.0000000662 
0.0000001713 0.0000000979 0.0000000659 
0.0000001695 0.0000000971 0.0000000655 
0.0000001677 0.0000000963 0.0000000652 
0.0000001659 0.0000000954 0.0000000649 
0.0000001641 0.0000000946 0.0000000645 
0.0000001624 0.0000000938 0.0000000642 
0.0000001606 0.0000000930 0.0000000638 
0.0000001589 0.0000000922 0.0000000635 
0.0000001572 0.0000000914 0.0000000632 
0.0000001556 0.0000000906 0.0000000628 
0.0000001539 0.0000000898 0.0000000625 
0.0000001523 0.0000000891 0.0000000621 
0.0000001507 0.0000000883 0.0000000618 
0.0000001491 0.0000000876 0.0000000614 
0.0000001475 0.0000000868 0.0000000611 
0.0000001459 0.0000000861 0.0000000607 
0.0000001444 0.0000000854 0.0000000604 
0.0000001428 0.0000000846 0.0000000600 
0.0000001413 0.0000000839 0.0000000596 
0.0000001398 0.0000000832 0.0000000593 
0.0000001383 0.0000000825 0.0000000589 
0.0000001368 0.0000000818 0.0000000585 
0.0000001353 0.0000000811 0.0000000582 
0.0000001339 0.0000000804 0.0000000578 
0.0000001324 0.0000000797 0.0000000574 
0.0000001310 0.0000000790 0.0000000570 
0.0000001295 0.0000000783 0.0000000567 
0.0000001281 0.0000000776 0.0000000563 
0.0000001267 0.0000000770 0.0000000559 
0.0000001254 0.0000000763 0.0000000556 
0.0000001241 0.0000000757 0.0000000552 
0.0000001228 0.0000000751 0.0000000548 
0.0000001215 0.0000000745 0.0000000545 
0.0000001202 0.0000000739 0.0000000542 
0.0000001191 0.0000000733 0.0000000538 
0.0000001179 0.0000000728 0.0000000535 
0.0000001168 0.0000000722 0.0000000532 
0.0000001157 0.0000000717 0.0000000529 
0.0000001147 0.0000000713 0.0000000527 
0.0000001137 0.0000000708 0.0000000524 
0.0000001128 0.0000000704 0.0000000521 
0.0000001119 0.0000000700 0.0000000519 
0.0000001111 0.0000000696 0.0000000516 
0.0000001103 0.0000000692 0.0000000514 
0.0000001096 0.0000000689 0.0000000512 
0.0000001089 0.0000000685 0.0000000510 
0.0000001082 0.0000000682 0.0000000508 
0.0000001076 0.0000000679 0.0000000506 
0.0000001070 0.0000000676 0.0000000504 
0.0000001064 0.0000000674 0.0000000503 
0.0000001059 0.0000000671 0.0000000501 
0.0000001054 0.0000000669 0.0000000499 
0.0000001049 0.0000000666 0.0000000498 
0.0000001045 0.0000000664 0.0000000496 
0.0000001041 0.0000000662 0.0000000495 
0.0000001037 0.0000000660 0.0000000493 
0.0000001033 0.0000000659 0.0000000492 
0.0000001030 0.0000000657 0.0000000490 
0.0000001026 0.0000000655 0.0000000488 
0.0000001023 0.0000000654 0.0000000487 
0.0000001020 0.0000000652 0.0000000485 
0.0000001018 0.0000000651 0.0000000484 
0.0000001015 0.0000000649 0.0000000482 
0.0000001013 0.0000000648 0.0000000481 
0.0000001011 0.0000000647 0.0000000480 
0.0000001009 0.0000000645 0.0000000479 
0.0000001008 0.0000000644 0.0000000477 
0.0000001006 0.0000000643 0.0000000476 
0.0000001005 0.0000000642 0.0000000475 
0.0000001004 0.0000000640 0.0000000474 
0.0000001003 0.0000000639 0.0000000473 
0.0000001002 0.0000000638 0.0000000472 
0.0000001001 0.0000000637 0.0000000472 
0.0000001000 0.0000000635 0.0000000471 
0.0000000999 0.0000000634 0.0000000470 
0.0000000998 0.0000000633 0.0000000469 
0.0000000996 0.0000000631 0.0000000469 
0.0000000995 0.0000000630 0.0000000468 
0.0000000994 0.0000000628 0.0000000467 
0.0000000993 0.0000000627 0.0000000467 
0.0000000992 0.0000000625 0.0000000466 
0.0000000990 0.0000000624 0.0000000466 
0.0000000989 0.0000000622 0.0000000465 
0.0000000987 0.0000000621 0.0000000464 
0.0000000986 0.0000000619 0.0000000464 
0.0000000984 0.0000000618 0.0000000463 
0.0000000982 0.0000000616 0.0000000463 
0.0000000980 0.0000000615 0.0000000462 
0.0000000978 0.0000000613 0.0000000462 
0.0000000975 0.0000000611 0.0000000461 
0.0000000973 0.0000000609 0.0000000460 
0.0000000970 0.0000000608 0.0000000460 
0.0000000967 0.0000000606 0.0000000459 
0.0000000964 0.0000000604 0.0000000458 
0.0000000961 0.0000000602 0.0000000457 
0.0000000958 0.0000000600 0.0000000456 
0.0000000954 0.0000000598 0.0000000455 
0.0000000951 0.0000000596 0.0000000455 
0.0000000947 0.0000000594 0.0000000454 
0.0000000943 0.0000000592 0.0000000453 
0.0000000939 0.0000000590 0.0000000452 
0.0000000935 0.0000000588 0.0000000451 
0.0000000930 0.0000000585 0.0000000451 
0.0000000926 0.0000000582 0.0000000451 
0.0000000921 0.0000000580 0.0000000451 
0.0000000916 0.0000000577 0.0000000450 
0.0000000911 0.0000000575 0.0000000450 
0.0000000906 0.0000000572 0.0000000450 
0.0000000901 0.0000000570 0.0000000450 
0.0000000896 0.0000000568 0.0000000449 
0.0000000891 0.0000000566 0.0000000449 
0.0000000886 0.0000000564 0.0000000449 
0.0000000881 0.0000000562 0.0000000449 
0.0000000876 0.0000000560 0.0000000448 
0.0000000871 0.0000000559 0.0000000448 
0.0000000866 0.0000000557 0.0000000448 
0.0000000861 0.0000000555 0.0000000448 
0.0000000857 0.0000000554 0.0000000448 
0.0000000852 0.0000000553 0.0000000447 
0.0000000847 0.0000000551 0.0000000447 
0.0000000842 0.0000000550 0.0000000447 
0.0000000837 0.0000000549 0.0000000447 
0.0000000833 0.0000000548 0.0000000447 
0.0000000828 0.0000000547 0.0000000447 
0.0000000823 0.0000000546 0.0000000447 
0.0000000819 0.0000000546 0.0000000447 
0.0000000815 0.0000000545 0.0000000447 
0.0000000811 0.0000000544 0.0000000447 
0.0000000807 0.0000000544 0.0000000447 
0.0000000803 0.0000000543 0.0000000447 
0.0000000800 0.0000000543 0.0000000448 
0.0000000797 0.0000000543 0.0000000448 
0.0000000793 0.0000000543 0.0000000448 
0.0000000791 0.0000000543 0.0000000449 
0.0000000788 0.0000000543 0.0000000449 
0.0000000786 0.0000000543 0.0000000450 
0.0000000784 0.0000000544 0.0000000450 
0.0000000782 0.0000000544 0.0000000451 
0.0000000781 0.0000000545 0.0000000452 
0.0000000779 0.0000000545 0.0000000453 
0.0000000778 0.0000000546 0.0000000454 
0.0000000778 0.0000000547 0.0000000455 
0.0000000778 0.0000000548 0.0000000456 
0.0000000778 0.0000000549 0.0000000457 
0.0000000778 0.0000000550 0.0000000459 
0.0000000779 0.0000000552 0.0000000460 
0.0000000780 0.0000000553 0.0000000461 
0.0000000781 0.0000000555 0.0000000463 
0.0000000783 0.0000000556 0.0000000464 
0.0000000785 0.0000000558 0.0000000466 
0.0000000787 0.0000000560 0.0000000468 
0.0000000790 0.0000000562 0.0000000470 
0.0000000792 0.0000000564 0.0000000471 
0.0000000795 0.0000000566 0.0000000473 
0.0000000799 0.0000000568 0.0000000475 
0.0000000802 0.0000000571 0.0000000477 
0.0000000805 0.0000000573 0.0000000479 
0.0000000809 0.0000000575 0.0000000481 
0.0000000812 0.0000000578 0.0000000484 
0.0000000816 0.0000000580 0.0000000486 
0.0000000820 0.0000000582 0.0000000488 
0.0000000824 0.0000000585 0.0000000490 
0.0000000828 0.0000000587 0.0000000493 
0.0000000832 0.0000000590 0.0000000495 
0.0000000836 0.0000000593 0.0000000497 
0.0000000840 0.0000000595 0.0000000500 
0.0000000844 0.0000000598 0.0000000502 
0.0000000848 0.0000000600 0.0000000505 
0.0000000852 0.0000000603 0.0000000507 
0.0000000856 0.0000000605 0.0000000510 
0.0000000860 0.0000000608 0.0000000512 
0.0000000864 0.0000000611 0.0000000515 
0.0000000868 0.0000000613 0.0000000517 
0.0000000873 0.0000000616 0.0000000520 
0.0000000877 0.0000000619 0.0000000523 
0.0000000881 0.0000000621 0.0000000525 
0.0000000886 0.0000000624 0.0000000528 
0.0000000890 0.0000000627 0.0000000531 
0.0000000894 0.0000000629 0.0000000533 
0.0000000899 0.0000000632 0.0000000536 
0.0000000903 0.0000000634 0.0000000539 
0.0000000907 0.0000000637 0.0000000541 
0.0000000912 0.0000000640 0.0000000544 
0.0000000916 0.0000000642 0.0000000546 
0.0000000920 0.0000000644 0.0000000549 
0.0000000924 0.0000000647 0.0000000551 
0.0000000928 0.0000000649 0.0000000554 
0.0000000932 0.0000000651 0.0000000556 
0.0000000936 0.0000000654 0.0000000559 
0.0000000939 0.0000000656 0.0000000561 
0.0000000943 0.0000000658 0.0000000563 
0.0000000946 0.0000000660 0.0000000566 
0.0000000950 0.0000000662 0.0000000568 
0.0000000953 0.0000000664 0.0000000570 
0.0000000957 0.0000000666 0.0000000572 
0.0000000960 0.0000000668 0.0000000574 
0.0000000963 0.0000000669 0.0000000577 
0.0000000966 0.0000000671 0.0000000579 
0.0000000969 0.0000000672 0.0000000581 
0.0000000972 0.0000000674 0.0000000583 
0.0000000975 0.0000000675 0.0000000585 
0.0000000978 0.0000000677 0.0000000586 
0.0000000981 0.0000000678 0.0000000588 
0.0000000984 0.0000000679 0.0000000590 
0.0000000987 0.0000000680 0.0000000592 
0.0000000990 0.0000000681 0.0000000593 
0.0000000993 0.0000000682 0.0000000595 
0.0000000995 0.0000000682 0.0000000596 
0.0000000998 0.0000000683 0.0000000598 
0.0000001000 0.0000000684 0.0000000599 
0.0000001002 0.0000000684 0.0000000600 
0.0000001004 0.0000000684 0.0000000602 
0.0000001005 0.0000000685 0.0000000603 
0.0000001007 0.0000000685 0.0000000604 
0.0000001008 0.0000000685 0.0000000605 
0.0000001009 0.0000000685 0.0000000606 
0.0000001010 0.0000000685 0.0000000607 
0.0000001011 0.0000000685 0.0000000608 
0.0000001011 0.0000000685 0.0000000608 
0.0000001012 0.0000000684 0.0000000609 
0.0000001013 0.0000000684 0.0000000610 
0.0000001014 0.0000000684 0.0000000611 
0.0000001015 0.0000000684 0.0000000612 
0.0000001016 0.0000000685 0.0000000613 
0.0000001018 0.0000000685 0.0000000614 
0.0000001019 0.0000000685 0.0000000615 
0.0000001020 0.0000000685 0.0000000616 
0.0000001022 0.0000000686 0.0000000617 
0.0000001023 0.0000000686 0.0000000618 
0.0000001025 0.0000000686 0.0000000619 
0.0000001026 0.0000000687 0.0000000620 
0.0000001028 0.0000000687 0.0000000621 
0.0000001029 0.0000000688 0.0000000622 
0.0000001031 0.0000000688 0.0000000623 
0.0000001033 0.0000000689 0.0000000624 
0.0000001034 0.0000000690 0.0000000625 
0.0000001036 0.0000000690 0.0000000626 
0.0000001038 0.0000000691 0.0000000627 
0.0000001039 0.0000000691 0.0000000628 
0.0000001041 0.0000000692 0.0000000629 
0.0000001043 0.0000000693 0.0000000629 
0.0000001045 0.0000000693 0.0000000630 
0.0000001046 0.0000000694 0.0000000631 
0.0000001048 0.0000000695 0.0000000632 
0.0000001050 0.0000000695 0.0000000633 
0.0000001051 0.0000000696 0.0000000634 
0.0000001053 0.0000000697 0.0000000635 
0.0000001054 0.0000000697 0.0000000635 
0.0000001056 0.0000000698 0.0000000636 
0.0000001057 0.0000000699 0.0000000637 
0.0000001058 0.0000000699 0.0000000637 
0.0000001059 0.0000000700 0.0000000638 
0.0000001060 0.0000000701 0.0000000639 
0.0000001061 0.0000000701 0.0000000639 
0.0000001062 0.0000000702 0.0000000640 
0.0000001063 0.0000000703 0.0000000641 
0.0000001064 0.0000000703 0.0000000641 
0.0000001065 0.0000000704 0.0000000642 
0.0000001066 0.0000000705 0.0000000643 
0.0000001066 0.0000000705 0.0000000643 
0.0000001067 0.0000000706 0.0000000644 
0.0000001067 0.0000000707 0.0000000644 
0.0000001068 0.0000000708 0.0000000645 
0.0000001068 0.0000000708 0.0000000645 
0.0000001069 0.0000000709 0.0000000646 
0.0000001069 0.0000000709 0.0000000646 
0.0000001069 0.0000000710 0.0000000647 
0.0000001070 0.0000000711 0.0000000647 
0.0000001070 0.0000000711 0.0000000648 
0.0000001070 0.0000000712 0.0000000648 
0.0000001070 0.0000000712 0.0000000649 
0.0000001071 0.0000000713 0.0000000649 
0.0000001071 0.0000000713 0.0000000649 
0.0000001071 0.0000000714 0.0000000650 
0.0000001071 0.0000000714 0.0000000650 
0.0000001071 0.0000000715 0.0000000651 
0.0000001071 0.0000000715 0.0000000651 
0.0000001071 0.0000000716 0.0000000651 
0.0000001071 0.0000000716 0.0000000652 
0.0000001071 0.0000000717 0.0000000652 
0.0000001071 0.0000000717 0.0000000652 
0.0000001071 0.0000000718 0.0000000653 
0.0000001071 0.0000000718 0.0000000653 
0.0000001071 0.0000000718 0.0000000653 
0.0000001071 0.0000000719 0.0000000654 
0.0000001071 0.0000000719 0.0000000654 
0.0000001071 0.0000000720 0.0000000655 
0.0000001071 0.0000000720 0.0000000655 
0.0000001071 0.0000000721 0.0000000655 
0.0000001071 0.0000000721 0.0000000656 
0.0000001071 0.0000000722 0.0000000656 
0.0000001071 0.0000000722 0.0000000656 
0.0000001071 0.0000000723 0.0000000657 
0.0000001070 0.0000000723 0.0000000657 
0.0000001070 0.0000000724 0.0000000657 
0.0000001070 0.0000000724 0.0000000658 
0.0000001070 0.0000000725 0.0000000658 
0.0000001070 0.0000000725 0.0000000658 
0.0000001070 0.0000000725 0.0000000659 
0.0000001070 0.0000000726 0.0000000659 
0.0000001070 0.0000000726 0.0000000659 
0.0000001070 0.0000000727 0.0000000660 
0.0000001069 0.0000000727 0.0000000660 
0.0000001069 0.0000000727 0.0000000660 
0.0000001069 0.0000000728 0.0000000661 
0.0000001069 0.0000000728 0.0000000661 
0.0000001068 0.0000000728 0.0000000661 
0.0000001068 0.0000000728 0.0000000661 
0.0000001068 0.0000000729 0.0000000661 
0.0000001067 0.0000000729 0.0000000662 
0.0000001067 0.0000000729 0.0000000662 
0.0000001067 0.0000000729 0.0000000662 
0.0000001066 0.0000000729 0.0000000662 
0.0000001066 0.0000000730 0.0000000662 
0.0000001066 0.0000000730 0.0000000662 
0.0000001065 0.0000000730 0.0000000662 
0.0000001065 0.0000000730 0.0000000662 
0.0000001065 0.0000000730 0.0000000663 
0.0000001065 0.0000000730 0.0000000663 
0.0000001065 0.0000000730 0.0000000663 
0.0000001064 0.0000000730 0.0000000663 
0.0000001064 0.0000000730 0.0000000663 
0.0000001064 0.0000000730 0.0000000663 
0.0000001064 0.0000000730 0.0000000663 
0.0000001064 0.0000000730 0.0000000663 
0.0000001064 0.0000000730 0.0000000663 
0.0000001064 0.0000000731 0.0000000663 
0.0000001064 0.0000000731 0.0000000663 
0.0000001064 0.0000000731 0.0000000663 
0.0000001065 0.0000000731 0.0000000663 
0.0000001065 0.0000000731 0.0000000663 
0.0000001065 0.0000000731 0.0000000663 
0.0000001065 0.0000000731 0.0000000663 
0.0000001065 0.0000000730 0.0000000663 
0.0000001065 0.0000000730 0.0000000663 
0.0000001065 0.0000000730 0.0000000662 
0.0000001066 0.0000000730 0.0000000662 
0.0000001066 0.0000000730 0.0000000662 
0.0000001066 0.0000000730 0.0000000662 
0.0000001066 0.0000000730 0.0000000662 
0.0000001066 0.0000000730 0.0000000662 
0.0000001066 0.0000000730 0.0000000662 
0.0000001066 0.0000000729 0.0000000661 
0.0000001066 0.0000000729 0.0000000661 
0.0000001066 0.0000000728 0.0000000660 
0.0000001065 0.0000000727 0.0000000660 
0.0000001065 0.0000000727 0.0000000659 
0.0000001064 0.0000000726 0.0000000659 
0.0000001064 0.0000000725 0.0000000658 
0.0000001063 0.0000000725 0.0000000658 
0.0000001063 0.0000000724 0.0000000657 
0.0000001062 0.0000000723 0.0000000656 
0.0000001062 0.0000000722 0.0000000656 
0.0000001061 0.0000000722 0.0000000655 
0.0000001061 0.0000000721 0.0000000655 
0.0000001060 0.0000000720 0.0000000654 
0.0000001059 0.0000000719 0.0000000653 
0.0000001059 0.0000000718 0.0000000653 
0.0000001058 0.0000000718 0.0000000652 
0.0000001058 0.0000000717 0.0000000652 
0.0000001057 0.0000000716 0.0000000651 
0.0000001056 0.0000000715 0.0000000650 
0.0000001056 0.0000000714 0.0000000650 
0.0000001055 0.0000000713 0.0000000649 
0.0000001054 0.0000000712 0.0000000649 
0.0000001054 0.0000000711 0.0000000648 
0.0000001053 0.0000000710 0.0000000647 
0.0000001052 0.0000000709 0.0000000647 
0.0000001052 0.0000000709 0.0000000646 
0.0000001051 0.0000000708 0.0000000645 
0.0000001050 0.0000000707 0.0000000645 
0.0000001050 0.0000000706 0.0000000644 
0.0000001049 0.0000000705 0.0000000643 
0.0000001049 0.0000000704 0.0000000643 
0.0000001048 0.0000000703 0.0000000642 
0.0000001048 0.0000000702 0.0000000642 
0.0000001047 0.0000000702 0.0000000641 
0.0000001047 0.0000000701 0.0000000641 
0.0000001046 0.0000000700 0.0000000640 
0.0000001046 0.0000000699 0.0000000639 
0.0000001046 0.0000000698 0.0000000639 
0.0000001045 0.0000000697 0.0000000638 
0.0000001045 0.0000000696 0.0000000638 
0.0000001044 0.0000000696 0.0000000637 
0.0000001044 0.0000000695 0.0000000637 
0.0000001043 0.0000000694 0.0000000636 
0.0000001043 0.0000000693 0.0000000635 
0.0000001043 0.0000000692 0.0000000635 
0.0000001042 0.0000000691 0.0000000634 
0.0000001042 0.0000000690 0.0000000633 
0.0000001041 0.0000000689 0.0000000633 
0.0000001040 0.0000000688 0.0000000632 
0.0000001040 0.0000000687 0.0000000631 
0.0000001039 0.0000000687 0.0000000631 
0.0000001039 0.0000000686 0.0000000630 
0.0000001038 0.0000000685 0.0000000629 
0.0000001037 0.0000000684 0.0000000628 
0.0000001037 0.0000000683 0.0000000628 
0.0000001036 0.0000000682 0.0000000627 
0.0000001035 0.0000000681 0.0000000626 
0.0000001035 0.0000000680 0.0000000625 
0.0000001034 0.0000000679 0.0000000624 
0.0000001033 0.0000000678 0.0000000624 
0.0000001033 0.0000000676 0.0000000623 
0.0000001032 0.0000000675 0.0000000622 
0.0000001031 0.0000000674 0.0000000621 
0.0000001030 0.0000000673 0.0000000620 
0.0000001029 0.0000000672 0.0000000620 
0.0000001029 0.0000000671 0.0000000619 
0.0000001028 0.0000000670 0.0000000618 
0.0000001027 0.0000000669 0.0000000617 
0.0000001026 0.0000000668 0.0000000616 
0.0000001025 0.0000000667 0.0000000615 
0.0000001024 0.0000000666 0.0000000614 
0.0000001023 0.0000000665 0.0000000614 
0.0000001022 0.0000000664 0.0000000613 
0.0000001021 0.0000000663 0.0000000612 
0.0000001020 0.0000000662 0.0000000611 
0.0000001019 0.0000000661 0.0000000610 
0.0000001018 0.0000000660 0.0000000609 
0.0000001017 0.0000000659 0.0000000608 
0.0000001016 0.0000000658 0.0000000607 
0.0000001015 0.0000000656 0.0000000606 
0.0000001014 0.0000000655 0.0000000605 
0.0000001013 0.0000000654 0.0000000604 
0.0000001011 0.0000000653 0.0000000603 
0.0000001010 0.0000000652 0.0000000603 
0.0000001009 0.0000000651 0.0000000602 
0.0000001007 0.0000000650 0.0000000601 
0.0000001006 0.0000000649 0.0000000600 
0.0000001004 0.0000000648 0.0000000599 
0.0000001003 0.0000000647 0.0000000598 
0.0000001001 0.0000000646 0.0000000597 
0.0000001000 0.0000000645 0.0000000596 
0.0000000998 0.0000000644 0.0000000595 
0.0000000997 0.0000000643 0.0000000594 
0.0000000995 0.0000000642 0.0000000593 
0.0000000993 0.0000000641 0.0000000592 
0.0000000991 0.0000000640 0.0000000591 
0.0000000990 0.0000000639 0.0000000590 
0.0000000988 0.0000000638 0.0000000589 
0.0000000986 0.0000000637 0.0000000588 
0.0000000983 0.0000000636 0.0000000587 
0.0000000981 0.0000000634 0.0000000586 
0.0000000978 0.0000000632 0.0000000585 
0.0000000975 0.0000000631 0.0000000583 
0.0000000972 0.0000000629 0.0000000582 
0.0000000969 0.0000000628 0.0000000581 
0.0000000966 0.0000000626 0.0000000579 
0.0000000964 0.0000000625 0.0000000578 
0.0000000961 0.0000000623 0.0000000577 
0.0000000958 0.0000000622 0.0000000575 
0.0000000955 0.0000000620 0.0000000574 
0.0000000952 0.0000000618 0.0000000573 
0.0000000949 0.0000000617 0.0000000572 
0.0000000946 0.0000000615 0.0000000570 
0.0000000944 0.0000000613 0.0000000569 
0.0000000941 0.0000000612 0.0000000568 
0.0000000938 0.0000000610 0.0000000566 
0.0000000935 0.0000000608 0.0000000565 
0.0000000932 0.0000000607 0.0000000563 
0.0000000929 0.0000000605 0.0000000562 
0.0000000926 0.0000000603 0.0000000561 
0.0000000922 0.0000000601 0.0000000559 
0.0000000919 0.0000000599 0.0000000558 
0.0000000916 0.0000000597 0.0000000556 
0.0000000913 0.0000000595 0.0000000555 
0.0000000909 0.0000000593 0.0000000553 
0.0000000906 0.0000000591 0.0000000552 
0.0000000902 0.0000000589 0.0000000550 
0.0000000899 0.0000000587 0.0000000549 
0.0000000895 0.0000000585 0.0000000547 
0.0000000892 0.0000000583 0.0000000546 
0.0000000888 0.0000000581 0.0000000544 
0.0000000884 0.0000000579 0.0000000542 
0.0000000880 0.0000000576 0.0000000541 
0.0000000876 0.0000000574 0.0000000539 
0.0000000872 0.0000000572 0.0000000538 
0.0000000868 0.0000000570 0.0000000536 
0.0000000864 0.0000000567 0.0000000534 
0.0000000860 0.0000000565 0.0000000533 
0.0000000856 0.0000000562 0.0000000531 
0.0000000852 0.0000000560 0.0000000529 
0.0000000847 0.0000000558 0.0000000528 
0.0000000843 0.0000000555 0.0000000526 
0.0000000839 0.0000000553 0.0000000524 
0.0000000834 0.0000000550 0.0000000522 
0.0000000830 0.0000000547 0.0000000521 
0.0000000825 0.0000000545 0.0000000519 
0.0000000821 0.0000000542 0.0000000517 
0.0000000816 0.0000000540 0.0000000515 
0.0000000811 0.0000000537 0.0000000514 
0.0000000807 0.0000000534 0.0000000512 
0.0000000802 0.0000000531 0.0000000510 
0.0000000797 0.0000000529 0.0000000508 
0.0000000792 0.0000000526 0.0000000506 
0.0000000788 0.0000000523 0.0000000505 
0.0000000783 0.0000000520 0.0000000503 
0.0000000778 0.0000000518 0.0000000501 
0.0000000773 0.0000000515 0.0000000499 
0.0000000768 0.0000000512 0.0000000497 
0.0000000763 0.0000000509 0.0000000495 
0.0000000758 0.0000000506 0.0000000494 
0.0000000753 0.0000000503 0.0000000492 
0.0000000748 0.0000000501 0.0000000490 
0.0000000743 0.0000000498 0.0000000488 
0.0000000738 0.0000000495 0.0000000486 
0.0000000733 0.0000000492 0.0000000484 
0.0000000728 0.0000000489 0.0000000482 
0.0000000723 0.0000000486 0.0000000480 
0.0000000718 0.0000000483 0.0000000478 
0.0000000713 0.0000000480 0.0000000477 
0.0000000708 0.0000000477 0.0000000475 
0.0000000702 0.0000000474 0.0000000473 
0.0000000697 0.0000000471 0.0000000471 
0.0000000692 0.0000000468 0.0000000469 
0.0000000687 0.0000000466 0.0000000467 
0.0000000682 0.0000000463 0.0000000465 
0.0000000677 0.0000000460 0.0000000463 
0.0000000672 0.0000000457 0.0000000461 
0.0000000666 0.0000000454 0.0000000459 
0.0000000661 0.0000000451 0.0000000457 
0.0000000656 0.0000000448 0.0000000455 
0.0000000651 0.0000000445 0.0000000454 
0.0000000646 0.0000000442 0.0000000452 
0.0000000641 0.0000000439 0.0000000450 
0.0000000636 0.0000000437 0.0000000448 
0.0000000631 0.0000000434 0.0000000446 
0.0000000626 0.0000000431 0.0000000444 
0.0000000621 0.0000000428 0.0000000442 
0.0000000616 0.0000000426 0.0000000441 
0.0000000611 0.0000000423 0.0000000439 
0.0000000606 0.0000000420 0.0000000437 
0.0000000601 0.0000000418 0.0000000435 
0.0000000596 0.0000000415 0.0000000433 
0.0000000591 0.0000000413 0.0000000431 
0.0000000586 0.0000000410 0.0000000430 
0.0000000581 0.0000000408 0.0000000428 
0.0000000576 0.0000000405 0.0000000426 
0.0000000571 0.0000000403 0.0000000424 
0.0000000567 0.0000000400 0.0000000423 
0.0000000562 0.0000000398 0.0000000421 
0.0000000557 0.0000000395 0.0000000419 
0.0000000552 0.0000000393 0.0000000417 
0.0000000548 0.0000000390 0.0000000416 
0.0000000543 0.0000000388 0.0000000414 
0.0000000538 0.0000000385 0.0000000412 
0.0000000534 0.0000000383 0.0000000411 
0.0000000529 0.0000000381 0.0000000409 
0.0000000525 0.0000000378 0.0000000407 
0.0000000520 0.0000000376 0.0000000405 
0.0000000516 0.0000000373 0.0000000404 
0.0000000511 0.0000000371 0.0000000402 
0.0000000507 0.0000000369 0.0000000400 
0.0000000503 0.0000000366 0.0000000399 
0.0000000498 0.0000000364 0.0000000397 
0.0000000494 0.0000000361 0.0000000395 
0.0000000490 0.0000000359 0.0000000394 
0.0000000486 0.0000000357 0.0000000392 
0.0000000482 0.0000000354 0.0000000390 
0.0000000477 0.0000000352 0.0000000389 
0.0000000473 0.0000000349 0.0000000387 
0.0000000469 0.0000000347 0.0000000386 
0.0000000465 0.0000000345 0.0000000384 
0.0000000461 0.0000000342 0.0000000382 
0.0000000457 0.0000000340 0.0000000381 
0.0000000454 0.0000000337 0.0000000379 
0.0000000450 0.0000000335 0.0000000377 
0.0000000446 0.0000000333 0.0000000376 
0.0000000442 0.0000000330 0.0000000374 
0.0000000438 0.0000000328 0.0000000373 
0.0000000435 0.0000000326 0.0000000371 
0.0000000431 0.0000000323 0.0000000369 
0.0000000427 0.0000000321 0.0000000368 
0.0000000423 0.0000000318 0.0000000366 
0.0000000420 0.0000000316 0.0000000364 
0.0000000416 0.0000000314 0.0000000363 
0.0000000413 0.0000000311 0.0000000361 
0.0000000409 0.0000000309 0.0000000359 
0.0000000406 0.0000000306 0.0000000358 
0.0000000402 0.0000000304 0.0000000356 
0.0000000399 0.0000000302 0.0000000355 
0.0000000395 0.0000000299 0.0000000353 
0.0000000392 0.0000000297 0.0000000351 
0.0000000389 0.0000000295 0.0000000350 
0.0000000385 0.0000000293 0.0000000348 
0.0000000382 0.0000000290 0.0000000346 
0.0000000379 0.0000000288 0.0000000345 
0.0000000376 0.0000000286 0.0000000343 
0.0000000373 0.0000000284 0.0000000342 
0.0000000370 0.0000000281 0.0000000340 
0.0000000367 0.0000000279 0.0000000338 
0.0000000364 0.0000000277 0.0000000337 
0.0000000361 0.0000000275 0.0000000335 
0.0000000358 0.0000000272 0.0000000334 
0.0000000355 0.0000000270 0.0000000332 
0.0000000353 0.0000000268 0.0000000330 
0.0000000350 0.0000000266 0.0000000329 
0.0000000347 0.0000000264 0.0000000327 
0.0000000345 0.0000000262 0.0000000325 
0.0000000342 0.0000000259 0.0000000324 
0.0000000340 0.0000000257 0.0000000322 
0.0000000337 0.0000000255 0.0000000321 
0.0000000335 0.0000000253 0.0000000319 
0.0000000333 0.0000000251 0.0000000317 
0.0000000330 0.0000000249 0.0000000316 
0.0000000328 0.0000000247 0.0000000314 
0.0000000326 0.0000000244 0.0000000312 
0.0000000323 0.0000000242 0.0000000311 
0.0000000321 0.0000000240 0.0000000309 
0.0000000319 0.0000000238 0.0000000307 
0.0000000317 0.0000000236 0.0000000306 
0.0000000314 0.0000000234 0.0000000304 
0.0000000312 0.0000000232 0.0000000302 
0.0000000310 0.0000000230 0.0000000301 
0.0000000308 0.0000000228 0.0000000299 
0.0000000305 0.0000000226 0.0000000297 
0.0000000303 0.0000000224 0.0000000296 
0.0000000301 0.0000000222 0.0000000294 
0.0000000299 0.0000000220 0.0000000292 
0.0000000296 0.0000000218 0.0000000290 
0.0000000294 0.0000000216 0.0000000289 
0.0000000292 0.0000000214 0.0000000287 
0.0000000289 0.0000000212 0.0000000285 
0.0000000287 0.0000000210 0.0000000284 
0.0000000285 0.0000000208 0.0000000282 
0.0000000282 0.0000000206 0.0000000280 
0.0000000280 0.0000000204 0.0000000278 
0.0000000278 0.0000000202 0.0000000277 
0.0000000275 0.0000000200 0.0000000275 
0.0000000273 0.0000000198 0.0000000273 
0.0000000271 0.0000000196 0.0000000271 
0.0000000268 0.0000000194 0.0000000269 
0.0000000266 0.0000000193 0.0000000268 
0.0000000263 0.0000000191 0.0000000266 
0.0000000261 0.0000000189 0.0000000264 
0.0000000259 0.0000000187 0.0000000262 
0.0000000256 0.0000000185 0.0000000260 
0.0000000254 0.0000000183 0.0000000258 
0.0000000251 0.0000000181 0.0000000257 
0.0000000249 0.0000000179 0.0000000255 
0.0000000246 0.0000000177 0.0000000253 
0.0000000244 0.0000000175 0.0000000251 
0.0000000241 0.0000000174 0.0000000249 
0.0000000239 0.0000000172 0.0000000247 
0.0000000237 0.0000000170 0.0000000245 
0.0000000234 0.0000000168 0.0000000244 
0.0000000232 0.0000000166 0.0000000242 
0.0000000229 0.0000000164 0.0000000240 
0.0000000227 0.0000000162 0.0000000238 
0.0000000224 0.0000000161 0.0000000236 
0.0000000222 0.0000000159 0.0000000234 
0.0000000219 0.0000000157 0.0000000232 
0.0000000217 0.0000000155 0.0000000230 
0.0000000214 0.0000000153 0.0000000228 
0.0000000212 0.0000000152 0.0000000226 
0.0000000210 0.0000000150 0.0000000224 
0.0000000207 0.0000000148 0.0000000222 
0.0000000205 0.0000000146 0.0000000220 
0.0000000202 0.0000000144 0.0000000218 
0.0000000200 0.0000000143 0.0000000216 
0.0000000197 0.0000000141 0.0000000214 
0.0000000195 0.0000000139 0.0000000213 
0.0000000193 0.0000000137 0.0000000211 
0.0000000190 0.0000000136 0.0000000209 
0.0000000188 0.0000000134 0.0000000207 
0.0000000185 0.0000000132 0.0000000205 
0.0000000183 0.0000000131 0.0000000203 
0.0000000183 0.0000000131 0.0000000203 
0.0000000183 0.0000000131 0.0000000203 
0.0000000183 0.0000000131 0.0000000203 
0.0000000183 0.0000000131 0.0000000203 
0.0000000183 0.0000000131 0.0000000203 
0.0000000183 0.0000000131 0.0000000203 
0.0000000183 0.0000000131 0.0000000203 
0.0000000183 0.0000000131 0.0000000203 
0.0000000183 0.0000000131 0.0000000203 
0.0000000183 0.0000000131 0.0000000203 
0.0000000183 0.0000000131 0.0000000203 
0.0000000183 0.0000000131 0.0000000203 
0.0000000183 0.0000000131 0.0000000203 
0.0000000183 0.0000000131 0.0000000203 
0.0000000183 0.0000000131 0.0000000203 
0.0000000183 0.0000000131 0.0000000203 
0.0000000183 0.0000000131 0.0000000203 
0.0000000183 0.0000000131 0.0000000203 
0.0000000183 0.0000000131 0.0000000203 
0.0000000183 0.0000000131 0.0000000203 
0.0000000183 0.0000000131 0.0000000203 
0.0000000183 0.0000000131 0.0000000203 
0.0000000183 0.0000000131 0.0000000203 
0.0000000183 0.0000000131 0.0000000203 
0.0000000183 0.0000000131 0.0000000203 
0.0000000183 0.0000000131 0.0000000203 
0.0000000183 0.0000000131 0.0000000203 
0.0000000183 0.0000000131 0.0000000203 
0.0000000183 0.0000000131 0.0000000203 
0.0000000183 0.0000000131 0.0000000203 
0.0000000183 0.0000000131 0.0000000203 
0.0000000183 0.0000000131 0.0000000203 
0.0000000183 0.0000000131 0.0000000203 
0.0000000183 0.0000000131 0.0000000203 
0.0000000183 0.0000000131 0.0000000203 
0.0000000183 0.0000000131 0.0000000203 
0.0000000183 0.0000000131 0.0000000203 
0.0000000183 0.0000000131 0.0000000203 
0.0000000183 0.0000000131 0.0000000203 
0.0000000183 0.0000000131 0.0000000203 
0.0000000183 0.0000000131 0.0000000203 
0.0000000183 0.0000000131 0.0000000203 
0.0000000183 0.0000000131 0.0000000203 
0.0000000183 0.0000000131 0.0000000203 
0.0000000183 0.0000000131 0.0000000203 
0.0000000183 0.0000000131 0.0000000203 
0.0000000183 0.0000000131 0.0000000203 
0.0000000183 0.0000000131 0.0000000203 
0.0000000183 0.0000000131 0.0000000203 
0.0000000183 0.0000000131 0.0000000203 
0.0000000183 0.0000000131 0.0000000203 
0.0000000183 0.0000000131 0.0000000203 
0.0000000183 0.0000000131 0.0000000203 
0.0000000183 0.0000000131 0.0000000203 
0.0000000183 0.0000000131 0.0000000203 
0.0000000183 0.0000000131 0.0000000203 
0.0000000183 0.0000000131 0.0000000203 
0.0000000183 0.0000000131 0.0000000203 
0.0000000183 0.0000000131 0.0000000203 
0.0000000183 0.0000000131 0.0000000203 
0.0000000183 0.0000000131 0.0000000203 
0.0000000183 0.0000000131 0.0000000203 
0.0000000183 0.0000000131 0.0000000203 
0.0000000183 0.0000000131 0.0000000203 
0.0000000183 0.0000000131 0.0000000203 
0.0000000183 0.0000000131 0.0000000203 
0.0000000183 0.0000000131 0.0000000203 
0.0000000183 0.0000000131 0.0000000203 
0.0000000183 0.0000000131 0.0000000203 
0.0000000183 0.0000000131 0.0000000203 
0.0000000183 0.0000000131 0.0000000203 
0.0000000183 0.0000000131 0.0000000203 
0.0000000183 0.0000000131 0.0000000203 
0.0000000183 0.0000000131 0.0000000203 
0.0000000183 0.0000000131 0.0000000203 
0.0000000183 0.0000000131 0.0000000203 
0.0000000183 0.0000000131 0.0000000203 
0.0000000183 0.0000000131 0.0000000203 
0.0000000183 0.0000000131 0.0000000203 
0.0000000183 0.0000000131 0.0000000203 
0.0000000183 0.0000000131 0.0000000203 
0.0000000183 0.0000000131 0.0000000203 
0.0000000183 0.0000000131 0.0000000203 
0.0000000183 0.0000000131 0.0000000203 
0.0000000183 0.0000000131 0.0000000203 
0.0000000183 0.0000000131 0.0000000203 
0.0000000183 0.0000000131 0.0000000203 
0.0000000183 0.0000000131 0.0000000203 
0.0000000183 0.0000000131 0.0000000203 
0.0000000183 0.0000000131 0.0000000203 
0.0000000183 0.0000000131 0.0000000203 
0.0000000183 0.0000000131 0.0000000203 
0.0000000183 0.0000000131 0.0000000203 
0.0000000183 0.0000000131 0.0000000203 
0.0000000183 0.0000000131 0.0000000203 
0.0000000183 0.0000000131 0.0000000203 
0.0000000183 0.0000000131 0.0000000203 
0.0000000183 0.0000000131 0.0000000203 
0.0000000183 0.0000000131 0.0000000203 
0.0000000183 0.0000000131 0.0000000203 
0.0000000183 0.0000000131 0.0000000203 
0.0000000183 0.0000000131 0.0000000203 
0.0000000183 0.0000000131 0.0000000203 
0.0000000183 0.0000000131 0.0000000203 
0.0000000183 0.0000000131 0.0000000203 
0.0000000183 0.0000000131 0.0000000203 
0.0000000183 0.0000000131 0.0000000203 
0.0000000183 0.0000000131 0.0000000203 
0.0000000183 0.0000000131 0.0000000203 
0.0000000183 0.0000000131 0.0000000203 
0.0000000183 0.0000000131 0.0000000203 
0.0000000183 0.0000000131 0.0000000203 
0.0000000183 0.0000000131 0.0000000203 
0.0000000183 0.0000000131 0.0000000203 
0.0000000183 0.0000000131 0.0000000203 
0.0000000183 0.0000000131 0.0000000203 
0.0000000183 0.0000000131 0.0000000203 
0.0000000183 0.0000000131 0.0000000203 
0.0000000183 0.0000000131 0.0000000203 
0.0000000183 0.0000000131 0.0000000203 
0.0000000183 0.0000000131 0.0000000203 
0.0000000183 0.0000000131 0.0000000203 
0.0000000183 0.0000000131 0.0000000203 
0.0000000183 0.0000000131 0.0000000203 
0.0000000183 0.0000000131 0.0000000203 
0.0000000183 0.0000000131 0.0000000203 
0.0000000183 0.0000000131 0.0000000203 
0.0000000183 0.0000000131 0.0000000203 
0.0000000183 0.0000000131 0.0000000203 
0.0000000183 0.0000000131 0.0000000203 
0.0000000183 0.0000000131 0.0000000203 
0.0000000183 0.0000000131 0.0000000203 
0.0000000183 0.0000000131 0.0000000203 
0.0000000183 0.0000000131 0.0000000203 
0.0000000183 0.0000000131 0.0000000203 
0.0000000183 0.0000000131 0.0000000203 
0.0000000183 0.0000000131 0.0000000203 
0.0000000183 0.0000000131 0.0000000203 
0.0000000183 0.0000000131 0.0000000203 
0.0000000183 0.0000000131 0.0000000203 
0.0000000183 0.0000000131 0.0000000203 
0.0000000183 0.0000000131 0.0000000203 
0.0000000183 0.0000000131 0.0000000203 
0.0000000183 0.0000000131 0.0000000203 
0.0000000183 0.0000000131 0.0000000203 
0.0000000183 0.0000000131 0.0000000203 
0.0000000183 0.0000000131 0.0000000203 
0.0000000183 0.0000000131 0.0000000203 
0.0000000183 0.0000000131 0.0000000203 
0.0000000183 0.0000000131 0.0000000203 
0.0000000183 0.0000000131 0.0000000203 
0.0000000183 0.0000000131 0.0000000203 
0.0000000183 0.0000000131 0.0000000203 
0.0000000183 0.0000000131 0.0000000203 
0.0000000183 0.0000000131 0.0000000203 
0.0000000183 0.0000000131 0.0000000203 
0.0000000183 0.0000000131 0.0000000203 
0.0000000183 0.0000000131 0.0000000203 
0.0000000183 0.0000000131 0.0000000203 
0.0000000183 0.0000000131 0.0000000203 
0.0000000183 0.0000000131 0.0000000203 
0.0000000183 0.0000000131 0.0000000203 
0.0000000183 0.0000000131 0.0000000203 
0.0000000183 0.0000000131 0.0000000203 
0.0000000183 0.0000000131 0.0000000203 
0.0000000183 0.0000000131 0.0000000203 
0.0000000183 0.0000000131 0.0000000203 
0.0000000183 0.0000000131 0.0000000203 
0.0000000183 0.0000000131 0.0000000203 
0.0000000183 0.0000000131 0.0000000203 
0.0000000183 0.0000000131 0.0000000203 
0.0000000183 0.0000000131 0.0000000203 
0.0000000183 0.0000000131 0.0000000203 
0.0000000183 0.0000000131 0.0000000203 
0.0000000183 0.0000000131 0.0000000203 
0.0000000183 0.0000000131 0.0000000203 
0.0000000183 0.0000000131 0.0000000203 
0.0000000183 0.0000000131 0.0000000203 
0.0000000183 0.0000000131 0.0000000203 
0.0000000183 0.0000000131 0.0000000203 
0.0000000183 0.0000000131 0.0000000203 
0.0000000183 0.0000000131 0.0000000203 
0.0000000183 0.0000000131 0.0000000203 
0.0000000183 0.0000000131 0.0000000203 
0.0000000183 0.0000000131 0.0000000203 
0.0000000183 0.0000000131 0.0000000203 
0.0000000183 0.0000000131 0.0000000203 
0.0000000183 0.0000000131 0.0000000203 
0.0000000183 0.0000000131 0.0000000203 
0.0000000183 0.0000000131 0.0000000203 
0.0000000183 0.0000000131 0.0000000203 
0.0000000183 0.0000000131 0.0000000203 
0.0000000183 0.0000000131 0.0000000203 
0.0000000183 0.0000000131 0.0000000203 
0.0000000183 0.0000000131 0.0000000203 
0.0000000183 0.0000000131 0.0000000203 
0.0000000183 0.0000000131 0.0000000203 
0.0000000183 0.0000000131 0.0000000203 
0.0000000183 0.0000000131 0.0000000203 
0.0000000183 0.0000000131 0.0000000203 
0.0000000183 0.0000000131 0.0000000203 
0.0000000183 0.0000000131 0.0000000203 
0.0000000183 0.0000000131 0.0000000203 
0.0000000183 0.0000000131 0.0000000203 
0.0000000183 0.0000000131 0.0000000203 
0.0000000183 0.0000000131 0.0000000203 
0.0000000183 0.0000000131 0.0000000203 
0.0000000183 0.0000000131 0.0000000203 
0.0000000183 0.0000000131 0.0000000203 
0.0000000183 0.0000000131 0.0000000203 
0.0000000183 0.0000000131 0.0000000203 
0.0000000183 0.0000000131 0.0000000203 
0.0000000183 0.0000000131 0.0000000203 
0.0000000183 0.0000000131 0.0000000203 
0.0000000183 0.0000000131 0.0000000203 
0.0000000183 0.0000000131 0.0000000203 
0.0000000183 0.0000000131 0.0000000203 
0.0000000183 0.0000000131 0.0000000203 
0.0000000183 0.0000000131 0.0000000203 
0.0000000183 0.0000000131 0.0000000203 
0.0000000183 0.0000000131 0.0000000203 
0.0000000183 0.0000000131 0.0000000203 
0.0000000183 0.0000000131 0.0000000203 
0.0000000183 0.0000000131 0.0000000203 
0.0000000183 0.0000000131 0.0000000203 
0.0000000183 0.0000000131 0.0000000203 
0.0000000183 0.0000000131 0.0000000203 
0.0000000183 0.0000000131 0.0000000203 
0.0000000183 0.0000000131 0.0000000203 
0.0000000183 0.0000000131 0.0000000203 
0.0000000183 0.0000000131 0.0000000203 
0.0000000183 0.0000000131 0.0000000203 
0.0000000183 0.0000000131 0.0000000203 
0.0000000183 0.0000000131 0.0000000203 
0.0000000183 0.0000000131 0.0000000203 
0.0000000183 0.0000000131 0.0000000203 
0.0000000183 0.0000000131 0.0000000203 
0.0000000183 0.0000000131 0.0000000203 
0.0000000183 0.0000000131 0.0000000203 
0.0000000183 0.0000000131 0.0000000203 
0.0000000183 0.0000000131 0.0000000203 
0.0000000183 0.0000000131 0.0000000203 
0.0000000183 0.0000000131 0.0000000203 
0.0000000183 0.0000000131 0.0000000203 
0.0000000183 0.0000000131 0.0000000203 
0.0000000183 0.0000000131 0.0000000203 
0.0000000183 0.0000000131 0.0000000203 
0.0000000183 0.0000000131 0.0000000203 
0.0000000183 0.0000000131 0.0000000203 
0.0000000183 0.0000000131 0.0000000203 
0.0000000183 0.0000000131 0.0000000203 
0.0000000183 0.0000000131 0.0000000203 
0.0000000183 0.0000000131 0.0000000203 
0.0000000183 0.0000000131 0.0000000203 
0.0000000183 0.0000000131 0.0000000203 
0.0000000183 0.0000000131 0.0000000203 
0.0000000183 0.0000000131 0.0000000203 
0.0000000183 0.0000000131 0.0000000203 
0.0000000183 0.0000000131 0.0000000203 
