894.4576 1708.6951 21.8736 2.6516 
911.1222 1702.8766 21.7369 2.6728 
926.0445 1698.1079 21.3188 2.6903 
939.7893 1693.4855 21.0494 2.7054 
952.3847 1689.1197 20.8484 2.7187 
963.8403 1685.2410 20.7872 2.7303 
974.2260 1681.8472 20.8247 2.7409 
983.8609 1678.6785 20.7152 2.7503 
992.9726 1675.7002 20.8604 2.7594 
1001.9798 1672.9071 21.2488 2.7683 
1010.8553 1670.4049 22.3031 2.7769 
1019.4127 1668.0763 23.3529 2.7853 
1027.5090 1666.5780 24.5436 2.7936 
1035.2747 1665.9043 25.6756 2.8022 
1042.8716 1665.7088 26.7526 2.8103 
1050.4087 1665.8170 27.7807 2.8183 
1057.8872 1666.5947 28.7873 2.8260 
1065.1022 1667.6860 29.8868 2.8336 
1072.2204 1669.4635 30.7396 2.8417 
1079.3860 1671.9455 31.6202 2.8509 
1086.3900 1675.3868 32.4126 2.8605 
1093.3020 1679.5446 33.3145 2.8700 
1100.3078 1684.1515 34.1613 2.8796 
1107.0313 1689.3380 34.9455 2.8900 
1113.6844 1695.0378 35.9342 2.9009 
1120.2324 1701.5354 36.5049 2.9118 
1126.8214 1708.4064 37.0136 2.9226 
1133.4449 1715.5493 37.6671 2.9328 
1139.8562 1723.0613 38.2669 2.9431 
1146.0582 1730.6448 38.5602 2.9535 
1151.5648 1738.6440 38.8073 2.9642 
1156.9246 1746.7687 39.0346 2.9746 
1162.1976 1754.7253 39.4250 2.9848 
1167.1495 1762.5689 39.7459 2.9949 
1172.0510 1770.3041 40.0625 3.0049 
1176.6653 1778.2345 40.3299 3.0147 
1180.9939 1786.0149 40.6331 3.0243 
1185.0805 1793.5303 40.7693 3.0341 
1188.7140 1800.9258 40.8899 3.0442 
1191.9592 1808.2975 40.9982 3.0536 
1194.9411 1815.5658 41.1559 3.0633 
1197.5078 1822.7952 41.5277 3.0728 
1199.9256 1829.6903 41.8379 3.0823 
1202.0851 1836.3194 42.1478 3.0912 
1203.9701 1842.8522 42.5028 3.1001 
1205.8497 1849.2532 42.6570 3.1092 
1207.5602 1855.4353 42.7939 3.1177 
1209.3099 1861.2783 42.9032 3.1257 
1210.9051 1867.0047 43.0550 3.1337 
1212.5169 1872.4682 43.1726 3.1415 
1214.0313 1877.8250 43.2597 3.1496 
1215.4131 1883.0457 43.3064 3.1573 
1216.6526 1888.1148 43.3642 3.1644 
1218.0946 1892.7153 43.3328 3.1708 
1219.6184 1897.0540 43.0133 3.1771 
1220.9813 1901.3505 42.9051 3.1833 
1222.0879 1905.6878 42.9159 3.1895 
1223.1004 1909.8792 42.3870 3.1955 
1223.9384 1913.9000 41.8716 3.2014 
1224.5932 1917.7499 41.3821 3.2072 
1225.2243 1921.3179 40.9190 3.2129 
1225.8175 1924.6978 40.4454 3.2184 
1226.3837 1927.9081 39.9753 3.2235 
1226.8717 1931.0246 39.4950 3.2283 
1227.2797 1934.1120 39.0131 3.2331 
1227.8198 1936.9365 38.5346 3.2378 
1228.4551 1939.6322 38.0585 3.2427 
1229.0532 1942.2821 37.5072 3.2476 
1229.6702 1944.8228 36.8764 3.2526 
1230.2996 1947.2493 36.2563 3.2575 
1230.9181 1949.6126 35.6781 3.2621 
1231.5124 1951.8511 35.1086 3.2665 
1232.0929 1953.9942 34.5490 3.2707 
1232.5843 1956.1036 33.9822 3.2748 
1233.1410 1958.1203 33.4309 3.2788 
1233.7404 1960.0258 32.8963 3.2824 
1234.2905 1961.8066 32.3795 3.2859 
1234.7847 1963.4277 31.9015 3.2890 
1235.2996 1964.9271 31.4392 3.2919 
1235.8022 1966.4466 30.9944 3.2945 
1236.2727 1968.0291 30.5809 3.2968 
1236.7454 1969.6563 30.1964 3.2990 
1237.2970 1971.2789 29.8296 3.3012 
1237.8758 1972.8514 29.4844 3.3033 
1238.4551 1974.3853 29.1458 3.3055 
1239.0113 1975.9008 28.8167 3.3075 
1239.4863 1977.4327 28.4881 3.3095 
1239.8821 1978.9584 28.1582 3.3115 
1240.1728 1980.4954 27.8446 3.3133 
1240.4446 1982.0255 27.5378 3.3150 
1240.7995 1983.5205 27.2302 3.3168 
1241.2389 1984.9946 26.9159 3.3186 
1241.7657 1986.4056 26.6011 3.3207 
1242.3155 1987.6868 26.3133 3.3228 
1242.9628 1988.7587 26.0565 3.3250 
1243.7459 1989.6315 25.8309 3.3271 
1244.6682 1990.3772 25.6336 3.3291 
1245.7043 1991.0635 25.4526 3.3312 
1246.8443 1991.7148 25.2801 3.3332 
1247.9997 1992.3359 25.1502 3.3353 
1249.2132 1992.8307 24.9422 3.3374 
1250.4804 1993.2018 24.7470 3.3396 
1251.7954 1993.4601 24.5632 3.3417 
1253.1529 1993.5805 24.3880 3.3437 
1254.5236 1993.5739 24.2205 3.3456 
1255.8785 1993.4618 24.0571 3.3474 
1257.1850 1993.2858 23.8990 3.3489 
1258.4386 1993.0652 23.7448 3.3504 
1259.5984 1992.8572 23.6029 3.3518 
1260.7002 1992.6505 23.4715 3.3533 
1261.7959 1992.4148 23.3477 3.3550 
1262.8773 1992.1901 23.2329 3.3567 
1263.9787 1991.9690 23.1220 3.3585 
1265.1215 1991.7318 23.0049 3.3604 
1266.3074 1991.5000 22.8700 3.3623 
1267.5511 1991.2294 22.7077 3.3642 
1268.8870 1990.8995 22.5222 3.3661 
1270.3024 1990.4696 22.3273 3.3679 
1271.7518 1989.9598 22.1366 3.3697 
1273.2047 1989.3556 21.9561 3.3714 
1274.6105 1988.6712 21.7859 3.3731 
1275.9277 1987.9588 21.6277 3.3747 
1277.1311 1987.2048 21.4840 3.3763 
1278.2399 1986.3722 21.3608 3.3780 
1279.3086 1985.4419 21.2525 3.3797 
1280.3476 1984.4366 21.1524 3.3815 
1281.3739 1983.3316 21.0470 3.3833 
1282.3505 1982.1625 20.9342 3.3853 
1283.2532 1980.9785 20.8140 3.3873 
1284.0963 1979.7861 20.6898 3.3895 
1284.8738 1978.5964 20.5434 3.3918 
1285.5425 1977.4288 20.3627 3.3942 
1286.0046 1976.3641 20.1558 3.3966 
1286.3203 1975.4092 19.9324 3.3990 
1286.4772 1974.5983 19.6957 3.4014 
1286.4520 1973.9587 19.4521 3.4037 
1286.3347 1973.4385 19.2056 3.4057 
1286.1788 1972.9728 18.9599 3.4074 
1286.0126 1972.5382 18.8150 3.4091 
1285.9158 1972.1087 18.7603 3.4109 
1285.9184 1971.6725 18.6918 3.4127 
1286.1231 1971.1773 18.6104 3.4147 
1286.5397 1970.6198 18.5097 3.4168 
1287.1679 1970.0400 18.3916 3.4190 
1288.0316 1969.4732 18.2618 3.4212 
1289.1127 1968.9235 18.1304 3.4236 
1290.3428 1968.4002 18.0173 3.4261 
1291.7221 1967.8362 17.9271 3.4285 
1293.2867 1967.1779 17.8499 3.4309 
1294.9894 1966.4705 17.7793 3.4330 
1296.7441 1965.7748 17.7180 3.4352 
1298.4911 1965.0627 17.7283 3.4373 
1300.1693 1964.3674 17.7350 3.4394 
1301.5962 1963.8171 17.7328 3.4415 
1302.7600 1963.3834 17.6992 3.4436 
1303.6984 1962.9867 17.6443 3.4458 
1304.4884 1962.5506 17.5867 3.4480 
1305.2473 1961.9955 17.5360 3.4503 
1305.9658 1961.3789 17.4979 3.4525 
1306.5791 1960.7729 17.4990 3.4546 
1307.1086 1960.1816 17.5340 3.4568 
1307.5505 1959.5390 17.5114 3.4589 
1307.8482 1958.8391 17.4919 3.4611 
1308.0489 1958.0605 17.4705 3.4630 
1308.0731 1957.2841 17.4602 3.4650 
1308.0017 1956.4534 17.4396 3.4670 
1307.8829 1955.6366 17.3940 3.4690 
1307.7755 1954.8431 17.3532 3.4709 
1307.6674 1954.1751 17.3098 3.4729 
1307.5983 1953.6047 17.2558 3.4748 
1307.5996 1952.9862 17.1776 3.4767 
1307.6641 1952.3209 17.1242 3.4787 
1307.7249 1951.6936 17.0582 3.4807 
1307.7397 1951.1271 16.9615 3.4824 
1307.7302 1950.6355 16.7444 3.4840 
1307.7756 1950.1598 16.5223 3.4855 
1307.8483 1949.6972 16.2920 3.4870 
1307.9438 1949.3120 16.0420 3.4885 
1308.0585 1948.9496 15.7853 3.4901 
1308.1530 1948.5953 15.5172 3.4918 
1308.2518 1948.2052 15.2380 3.4935 
1308.3211 1947.7731 14.9489 3.4951 
1308.3474 1947.2819 14.7042 3.4969 
1308.2948 1946.7895 14.4604 3.4989 
1308.1525 1946.3165 14.2078 3.5008 
1307.8781 1945.8924 13.9526 3.5026 
1307.5602 1945.5451 13.6336 3.5045 
1307.2112 1945.3056 13.3188 3.5064 
1306.8447 1945.1799 13.0034 3.5085 
1306.3911 1945.2039 12.6892 3.5106 
1305.7811 1945.3122 12.3846 3.5127 
1305.0646 1945.4118 12.0909 3.5146 
1304.2668 1945.4993 11.7985 3.5163 
