1764.0925 1012.4951 85.3213 4.4096 
1773.9389 1010.1403 85.6282 4.4208 
1783.1035 1007.9343 85.7615 4.4301 
1791.7258 1005.5161 85.9192 4.4383 
1800.0776 1002.6741 86.1045 4.4456 
1807.9874 999.7873 86.3518 4.4522 
1815.3473 997.2391 86.6452 4.4587 
1822.3441 994.6818 86.7604 4.4649 
1829.2099 992.1605 87.1450 4.4710 
1835.8921 989.9481 87.6630 4.4773 
1842.2876 987.6466 88.7406 4.4832 
1848.2866 985.4387 89.8677 4.4893 
1853.9419 983.9716 91.1205 4.4958 
1859.2662 983.1052 92.3381 4.5026 
1864.6490 982.3980 93.5525 4.5093 
1869.9058 982.0325 94.7163 4.5160 
1874.8818 982.0760 95.8844 4.5221 
1879.9183 982.5360 97.0653 4.5284 
1884.7433 982.9303 97.8924 4.5349 
1889.3454 983.5200 98.6958 4.5416 
1893.9608 984.6371 99.4668 4.5483 
1898.5584 986.2851 100.3677 4.5546 
1903.0905 987.9246 101.2946 4.5602 
1907.2255 990.0138 102.1905 4.5662 
1911.3612 992.4555 103.2317 4.5727 
1915.2620 995.4472 104.0883 4.5786 
1919.0726 998.2766 104.9414 4.5839 
1923.0483 1001.6193 105.9557 4.5889 
1926.7832 1005.5149 106.9053 4.5945 
1930.3641 1009.4256 107.6787 4.6000 
1933.4825 1014.0914 108.3806 4.6055 
1936.5671 1019.2257 108.9822 4.6112 
1939.6481 1024.5263 109.8315 4.6170 
1942.3356 1029.8801 110.5724 4.6232 
1944.8082 1035.4143 111.3027 4.6295 
1947.2165 1041.2796 111.9800 4.6355 
1949.4514 1047.1844 112.6799 4.6418 
1951.3665 1052.9590 113.2473 4.6486 
1952.8233 1058.5284 113.8011 4.6553 
1953.9731 1064.3019 114.3331 4.6615 
1955.1427 1070.2039 114.8938 4.6679 
1956.1013 1076.2800 115.6544 4.6744 
1956.9228 1082.1569 116.3659 4.6813 
1957.3798 1087.7912 116.9819 4.6875 
1957.6497 1093.3536 117.6437 4.6937 
1957.8604 1099.0433 118.1106 4.7000 
1957.9362 1104.6587 118.5227 4.7062 
1958.1360 1109.8848 118.9314 4.7122 
1958.1969 1114.9671 119.3760 4.7184 
1958.2797 1119.6432 119.7957 4.7241 
1958.2499 1124.0713 120.1922 4.7300 
1958.0883 1128.4186 120.5697 4.7358 
1957.8931 1132.6436 120.9545 4.7412 
1957.9052 1136.5331 121.3019 4.7465 
1957.9599 1140.2723 121.3866 4.7519 
1957.7580 1144.0763 121.6878 4.7577 
1957.4817 1147.8346 122.0486 4.7635 
1957.1988 1151.2966 121.9577 4.7691 
1956.7937 1154.5222 121.8902 4.7748 
1956.3048 1157.4977 121.8568 4.7805 
1955.8408 1160.2265 121.8535 4.7860 
1955.3944 1162.7979 121.8346 4.7915 
1954.8886 1165.2366 121.8356 4.7967 
1954.2492 1167.5733 121.8440 4.8018 
1953.5526 1169.8316 121.8471 4.8067 
1952.9936 1171.8293 121.8531 4.8116 
1952.4563 1173.7552 121.8645 4.8166 
1951.8619 1175.6489 121.8518 4.8216 
1951.2773 1177.4266 121.8031 4.8267 
1950.6879 1179.0531 121.7617 4.8318 
1950.0447 1180.6241 121.7434 4.8367 
1949.3237 1182.1596 121.7359 4.8414 
1948.5695 1183.6880 121.7334 4.8461 
1947.7819 1185.1313 121.7316 4.8506 
1947.0751 1186.4671 121.7455 4.8550 
1946.4394 1187.7359 121.7605 4.8594 
1945.8665 1188.8801 121.7925 4.8636 
1945.2927 1189.8898 121.8604 4.8675 
1944.7266 1190.8162 121.9373 4.8713 
1944.0501 1191.8115 122.0268 4.8750 
1943.2556 1192.9172 122.1280 4.8784 
1942.4298 1194.0757 122.2371 4.8819 
1941.6515 1195.2399 122.3453 4.8854 
1940.8925 1196.3367 122.4605 4.8888 
1940.1822 1197.3498 122.5648 4.8921 
1939.4899 1198.3050 122.6734 4.8953 
1938.7831 1199.1824 122.7849 4.8982 
1938.1082 1199.9373 122.9028 4.9010 
1937.4794 1200.5884 123.0428 4.9035 
1936.8957 1201.2403 123.1869 4.9060 
1936.3706 1201.9629 123.3252 4.9085 
1935.9061 1202.7344 123.4404 4.9111 
1935.5192 1203.4894 123.5419 4.9141 
1935.1959 1204.1193 123.6538 4.9173 
1935.0855 1204.4841 123.7894 4.9207 
1935.1348 1204.6506 123.9513 4.9240 
1935.3287 1204.6483 124.1311 4.9273 
1935.5627 1204.6450 124.3258 4.9306 
1935.8271 1204.6608 124.5347 4.9341 
1936.1392 1204.7063 124.7681 4.9375 
1936.5417 1204.7324 124.8917 4.9411 
1937.0638 1204.6938 125.0039 4.9446 
1937.6316 1204.6461 125.1076 4.9483 
1938.1901 1204.5636 125.2100 4.9519 
1938.7117 1204.4388 125.3166 4.9555 
1939.1782 1204.2398 125.4186 4.9591 
1939.5678 1204.0144 125.5173 4.9626 
1939.9167 1203.7480 125.6091 4.9658 
1940.1709 1203.5171 125.7056 4.9690 
1940.3026 1203.3366 125.8018 4.9722 
1940.3596 1203.1687 125.8953 4.9754 
1940.3405 1203.0555 125.9829 4.9786 
1940.2966 1203.0255 126.0625 4.9817 
1940.2351 1203.0418 126.1229 4.9849 
1940.1504 1203.1079 126.1586 4.9881 
1940.0172 1203.1629 126.1677 4.9913 
1939.8423 1203.2614 126.1555 4.9944 
1939.6241 1203.3615 126.1331 4.9974 
1939.3604 1203.5016 126.1080 5.0002 
1939.0529 1203.6566 126.0827 5.0029 
1938.6905 1203.7897 126.0501 5.0055 
1938.2714 1203.9373 126.0105 5.0079 
1937.7745 1204.0731 125.9707 5.0102 
1937.2259 1204.1469 125.9450 5.0124 
1936.7213 1204.1205 125.9296 5.0146 
1936.2743 1204.0207 125.9228 5.0168 
1935.8914 1203.8189 125.9158 5.0190 
1935.5482 1203.5316 125.9069 5.0212 
1935.2407 1203.1991 125.8974 5.0235 
1935.0205 1202.8011 125.8968 5.0258 
1934.9013 1202.3261 125.8875 5.0283 
1934.8509 1201.7571 125.8560 5.0307 
1934.7530 1201.1742 125.8111 5.0331 
1934.6461 1200.5707 125.7585 5.0356 
1934.4848 1200.0090 125.6922 5.0380 
1934.2072 1199.5493 125.6138 5.0404 
1933.8924 1199.1520 125.5228 5.0426 
1933.5564 1198.7790 125.4223 5.0447 
1933.1843 1198.4104 125.3958 5.0467 
1932.8342 1198.0480 125.4802 5.0488 
1932.5500 1197.6254 125.5509 5.0508 
1932.4090 1197.1084 125.6117 5.0528 
1932.3680 1196.5312 125.6589 5.0548 
1932.4055 1195.9082 125.6923 5.0568 
1932.5478 1195.2688 125.7104 5.0586 
1932.7620 1194.6664 125.7138 5.0606 
1932.9656 1194.1822 125.7081 5.0626 
1933.1596 1193.7983 125.6960 5.0646 
1933.3915 1193.4790 125.6722 5.0665 
1933.6543 1193.2259 125.6365 5.0684 
1933.8996 1193.0789 125.6008 5.0702 
1934.1028 1192.9863 125.6001 5.0721 
1934.2682 1192.9113 125.5974 5.0741 
1934.3266 1192.8678 125.6018 5.0761 
1934.3220 1192.8022 125.5969 5.0780 
1934.3257 1192.6210 125.5859 5.0799 
1934.3370 1192.3470 125.5782 5.0817 
1934.4404 1191.9120 125.5831 5.0834 
1934.6247 1191.3518 125.6182 5.0850 
1934.8060 1190.7521 125.6887 5.0865 
1935.0073 1190.0870 125.7990 5.0880 
1935.2169 1189.3371 125.8588 5.0895 
1935.3765 1188.5381 125.9334 5.0911 
1935.5368 1187.6925 126.0116 5.0926 
1935.5998 1186.8531 126.1054 5.0942 
1935.5888 1185.9818 126.1909 5.0959 
1935.4814 1185.1419 126.2681 5.0978 
1935.3579 1184.3445 126.3745 5.0996 
1935.2355 1183.6174 126.4757 5.1014 
1935.1239 1182.9098 126.5746 5.1034 
1935.0335 1182.0943 126.6660 5.1056 
1934.9363 1181.2263 126.8057 5.1080 
1934.8392 1180.3327 126.9388 5.1104 
1934.7666 1179.4294 127.0290 5.1126 
1934.7221 1178.5600 127.0156 5.1146 
1934.6652 1177.7322 126.9983 5.1168 
1934.5559 1176.9633 126.9680 5.1192 
1934.4207 1176.2996 126.9104 5.1216 
1934.3039 1175.6515 126.8431 5.1241 
1934.2047 1174.9689 126.7585 5.1265 
1934.0924 1174.2867 126.6516 5.1288 
1933.9596 1173.5782 126.5228 5.1310 
1933.8132 1172.8000 126.4317 5.1334 
1933.5913 1172.0819 126.3336 5.1359 
1933.2475 1171.4562 126.2173 5.1381 
1932.7088 1170.9471 126.0852 5.1403 
1932.0493 1170.5703 125.8831 5.1424 
1931.2985 1170.2849 125.6788 5.1446 
1930.4595 1170.1001 125.4744 5.1468 
1929.6246 1169.9491 125.2687 5.1491 
1928.7731 1169.8576 125.0636 5.1514 
1927.9635 1169.8034 124.8598 5.1537 
1927.2910 1169.7234 124.6537 5.1558 
1926.6579 1169.6574 124.4524 5.1581 
1925.9614 1169.6548 124.2446 5.1604 
1925.2263 1169.6776 124.0237 5.1627 
1924.4959 1169.7142 123.7834 5.1650 
1923.8150 1169.7287 123.5231 5.1673 
1923.2439 1169.6529 123.2311 5.1696 
1922.7506 1169.5161 122.9215 5.1719 
1922.2966 1169.2985 122.6147 5.1744 
1921.8604 1169.0230 122.3245 5.1770 
1921.4224 1168.7322 122.1059 5.1798 
1920.9704 1168.5048 121.8985 5.1827 
1920.4804 1168.3614 121.6925 5.1858 
1919.9429 1168.3272 121.4851 5.1891 
1919.2984 1168.4153 121.2714 5.1925 
1918.6095 1168.5291 121.0564 5.1961 
1917.9202 1168.6215 120.8440 5.1997 
1917.3118 1168.6048 120.6351 5.2033 
1916.7881 1168.4706 120.4342 5.2069 
1916.3609 1168.1944 120.2355 5.2103 
1915.9818 1167.7716 120.0379 5.2136 
1915.5823 1167.2030 119.8456 5.2166 
1915.1695 1166.4825 119.6577 5.2195 
1914.7322 1165.6280 119.4721 5.2221 
1914.2458 1164.6890 119.2867 5.2245 
1913.7176 1163.6908 119.0949 5.2269 
1913.1850 1162.6639 118.9099 5.2294 
1912.7114 1161.5909 118.7154 5.2319 
1912.2627 1160.5770 118.5151 5.2345 
1911.8321 1159.6328 118.3149 5.2371 
1911.4221 1158.7219 118.1189 5.2399 
1911.0530 1157.8350 117.9326 5.2427 
1910.7414 1156.9786 117.7499 5.2456 
1910.4952 1156.1455 117.5709 5.2488 
1910.3024 1155.3400 117.3852 5.2520 
1910.0997 1154.5958 117.1857 5.2555 
1909.8384 1153.9628 116.9781 5.2589 
1909.5540 1153.3330 116.7558 5.2623 
1909.2751 1152.6231 116.5175 5.2657 
1909.0225 1151.7800 116.2845 5.2689 
1908.7988 1150.8115 116.0655 5.2717 
1908.5790 1149.7742 115.8627 5.2743 
1908.3882 1148.6937 115.6736 5.2767 
1908.2661 1147.5681 115.4956 5.2790 
1908.2236 1146.4178 115.3237 5.2811 
1908.2227 1145.3019 115.1524 5.2831 
1908.2658 1144.2085 114.9843 5.2850 
1908.3494 1143.1486 114.8230 5.2868 
1908.4830 1142.1182 114.6628 5.2884 
1908.6598 1141.1094 114.5128 5.2898 
1908.8596 1140.1119 114.3652 5.2909 
1909.1016 1139.0916 114.2191 5.2917 
1909.3960 1138.0276 114.0717 5.2924 
1909.7082 1136.9208 113.9173 5.2928 
1909.9788 1135.7884 113.7576 5.2932 
1910.1494 1134.6627 113.5868 5.2934 
1910.1861 1133.5082 113.4105 5.2936 
1910.1156 1132.2718 113.2301 5.2941 
1909.9263 1130.9889 113.0460 5.2948 
1909.6579 1129.7076 112.8474 5.2958 
1909.3981 1128.4700 112.6341 5.2970 
1909.1987 1127.3402 112.4254 5.2984 
1909.0301 1126.3670 112.2209 5.2998 
1908.8792 1125.5803 112.0247 5.3014 
1908.6761 1125.0484 111.8218 5.3029 
1908.4522 1124.7135 111.6155 5.3044 
1908.2083 1124.6158 111.3982 5.3058 
1907.9192 1124.7474 111.1783 5.3072 
1907.5407 1125.0718 110.9659 5.3086 
1907.0341 1125.5092 110.7771 5.3098 
1906.3739 1126.0008 110.6165 5.3110 
1905.5537 1126.4065 110.4625 5.3119 
1904.6253 1126.6926 110.3102 5.3126 
1903.6321 1126.9062 110.1691 5.3134 
1902.6235 1127.0511 110.0301 5.3143 
1901.6633 1127.0587 109.9071 5.3151 
1900.8750 1126.7811 109.7861 5.3159 
1900.2971 1126.2170 109.6559 5.3166 
1900.0335 1125.3655 109.4993 5.3173 
1900.0771 1124.2299 109.3140 5.3180 
1900.2910 1122.9188 109.1276 5.3188 
1900.5911 1121.5426 108.9550 5.3198 
1900.8852 1120.2007 108.8153 5.3210 
1901.1841 1118.8591 108.6753 5.3220 
1901.4866 1117.5121 108.5563 5.3230 
1901.7507 1116.1822 108.4562 5.3238 
1901.9858 1114.8310 108.3901 5.3243 
1902.3187 1113.4483 108.3313 5.3245 
1902.7713 1112.0821 108.2597 5.3244 
1903.2993 1110.7605 108.1764 5.3241 
1903.8447 1109.6028 108.0775 5.3238 
1904.3787 1108.6345 107.9498 5.3235 
1904.9505 1107.7880 107.7866 5.3231 
1905.6438 1107.0531 107.5941 5.3228 
1906.2756 1106.4961 107.3366 5.3227 
1906.7644 1106.0826 107.0895 5.3230 
1907.1071 1105.7668 106.8516 5.3235 
1907.4070 1105.4163 106.6192 5.3243 
1907.6587 1105.0682 106.3811 5.3255 
1907.9587 1104.6891 106.1226 5.3268 
1908.3027 1104.2411 105.8395 5.3281 
1908.6855 1103.7302 105.5253 5.3293 
1909.0894 1103.0904 105.1888 5.3302 
1909.5358 1102.3766 104.8493 5.3308 
1910.0605 1101.5303 104.4983 5.3308 
1910.5646 1100.5206 104.1538 5.3306 
1910.8949 1099.4415 103.8227 5.3305 
1910.9855 1098.3529 103.4967 5.3304 
1910.8988 1097.3509 103.1781 5.3302 
1910.6335 1096.5655 102.8729 5.3302 
1910.2721 1095.9287 102.5998 5.3305 
1909.8847 1095.3826 102.3617 5.3312 
1909.4888 1094.8624 102.1428 5.3320 
1909.1536 1094.2490 101.9267 5.3327 
1908.9002 1093.4852 101.7195 5.3335 
1908.6992 1092.6123 101.5302 5.3345 
1908.6298 1091.6820 101.3692 5.3356 
1908.6668 1090.7962 101.2404 5.3370 
1908.7732 1089.9539 101.1452 5.3385 
1908.9372 1089.1254 101.0859 5.3401 
1909.1535 1088.3139 101.0431 5.3418 
1909.3140 1087.5769 101.0438 5.3437 
1909.3533 1086.9049 101.0742 5.3454 
1909.3595 1086.2306 101.1224 5.3469 
1909.4925 1085.6025 101.1768 5.3482 
1909.7165 1085.0250 101.2326 5.3494 
1910.0114 1084.4234 101.2903 5.3505 
1910.2502 1083.8859 101.3516 5.3515 
1910.3395 1083.5466 101.4249 5.3525 
1910.2946 1083.4425 101.5100 5.3533 
1909.9878 1083.7581 101.5969 5.3539 
1909.5143 1084.3605 101.6792 5.3542 
1908.8460 1085.2352 101.7725 5.3543 
1908.0356 1086.2337 101.8712 5.3541 
1907.1375 1087.2397 101.9790 5.3536 
1906.2672 1088.1009 102.0978 5.3528 
1905.3911 1088.7737 102.2069 5.3518 
1904.4441 1089.2869 102.3043 5.3504 
1903.4983 1089.6357 102.3819 5.3488 
1902.4791 1089.8958 102.4390 5.3472 
1901.2776 1090.0905 102.5048 5.3460 
1899.9736 1090.2556 102.5897 5.3454 
1898.6526 1090.2789 102.6166 5.3452 
1897.2708 1090.2098 102.6492 5.3454 
1895.7550 1090.1897 102.6981 5.3459 
1894.1609 1090.2039 102.7492 5.3466 
1892.6347 1090.1897 102.7824 5.3470 
1891.2059 1090.2105 102.7964 5.3472 
1889.9248 1090.2355 102.7946 5.3472 
1888.8148 1090.3242 102.7527 5.3470 
1887.8477 1090.5092 102.6613 5.3471 
1886.9803 1090.7565 102.4704 5.3471 
1886.2563 1090.9274 102.2948 5.3470 
1885.8297 1090.9725 102.1311 5.3468 
1885.4976 1091.0823 101.9911 5.3466 
1885.2461 1091.1894 101.8549 5.3461 
1885.0116 1091.3728 101.7284 5.3456 
1884.7379 1091.7216 101.6196 5.3451 
1884.3458 1092.2661 101.5151 5.3444 
1883.7654 1092.9523 101.4007 5.3433 
1883.0260 1093.6392 101.2965 5.3419 
1882.2298 1094.4168 101.1760 5.3401 
1881.2786 1095.3336 101.0453 5.3383 
1880.1013 1096.3309 100.8937 5.3368 
1878.7218 1097.3721 100.7167 5.3358 
1877.3888 1098.2113 100.5127 5.3351 
1876.2487 1098.8176 100.2980 5.3347 
1875.3622 1099.3122 100.0501 5.3341 
1874.7409 1099.6741 99.7693 5.3330 
1874.3548 1099.9328 99.4799 5.3312 
1874.0501 1100.3206 99.1859 5.3289 
1873.6835 1100.9983 98.9118 5.3262 
1873.3596 1101.8175 98.6622 5.3229 
