886.8826 906.8202 336.0363 3.7040 
900.5082 899.4130 335.0046 3.7209 
912.4091 893.5425 333.6609 3.7336 
923.1386 888.1723 332.6325 3.7441 
932.8610 883.3259 331.6614 3.7529 
941.6205 879.2759 330.8243 3.7599 
949.2802 876.1190 330.0949 3.7663 
956.3051 873.2823 329.1796 3.7719 
963.1644 870.6946 328.3895 3.7770 
969.7487 868.5830 327.9099 3.7823 
976.1638 866.6996 328.0318 3.7871 
982.3263 865.1830 328.1803 3.7925 
988.0431 864.6774 328.6256 3.7976 
993.6285 865.0772 329.0444 3.8035 
999.2367 865.6900 329.5198 3.8097 
1004.8542 866.8128 329.9486 3.8167 
1010.4824 868.7186 330.3777 3.8233 
1016.1527 870.9662 330.9051 3.8302 
1021.7760 873.5230 331.7225 3.8374 
1027.3235 876.6049 332.6924 3.8454 
1032.8020 880.3550 333.6524 3.8529 
1038.1906 884.8627 334.7236 3.8598 
1043.7872 889.6856 335.8265 3.8669 
1049.1539 895.0779 336.8849 3.8740 
1054.4714 900.7731 338.0924 3.8810 
1059.8251 907.2382 338.8326 3.8877 
1065.2635 913.9328 339.5324 3.8943 
1070.8567 920.5905 340.1275 3.9000 
1076.3674 927.5187 340.6986 3.9052 
1081.7183 934.4706 341.1204 3.9105 
1086.4467 941.6877 341.4918 3.9158 
1091.2729 948.9710 342.1118 3.9207 
1096.3763 956.0420 342.8173 3.9250 
1101.6037 962.5463 343.3639 3.9290 
1106.9918 968.6418 343.8974 3.9325 
1112.4013 974.5988 344.4047 3.9354 
1117.8179 980.1632 344.9266 3.9383 
1123.2259 985.2753 345.2291 3.9412 
1128.3350 990.1498 345.5207 3.9442 
1133.0187 994.8806 345.8171 3.9469 
1137.3892 999.3553 346.1913 3.9498 
1141.3430 1003.4779 347.0412 3.9524 
1145.0080 1007.1534 347.8862 3.9552 
1148.0310 1010.7080 348.7711 3.9581 
1150.8300 1014.2797 349.6519 3.9617 
1153.5517 1017.9082 350.5590 3.9660 
1156.0950 1021.5033 351.3854 3.9708 
1158.5653 1024.8899 352.0784 3.9756 
1160.8724 1028.2077 352.8854 3.9807 
1163.1454 1031.4146 353.6409 3.9858 
1165.2629 1034.6176 354.3539 3.9914 
1167.2020 1037.7446 355.0181 3.9970 
1169.1072 1040.5678 355.6363 4.0022 
1171.1886 1042.8947 356.5511 4.0072 
1173.2466 1045.0600 357.6749 4.0123 
1175.1060 1047.1280 358.9783 4.0175 
1176.8494 1049.0957 0.2060 4.0229 
1178.5944 1050.8678 1.3499 4.0281 
1180.2689 1052.4963 2.4391 4.0334 
1181.8592 1053.9575 3.4848 4.0387 
1183.4182 1055.2189 4.4873 4.0438 
1184.8605 1056.3886 5.5093 4.0485 
1186.1778 1057.4837 6.4935 4.0528 
1187.2866 1058.5233 7.4272 4.0567 
1188.2446 1059.5635 8.3076 4.0603 
1189.1795 1060.4754 9.1389 4.0639 
1190.0063 1061.3569 9.9231 4.0674 
1190.7067 1062.1801 10.6537 4.0708 
1191.3455 1062.9211 11.5663 4.0742 
1191.9260 1063.5331 12.4193 4.0776 
1192.4115 1064.0243 13.2310 4.0807 
1192.7892 1064.4089 13.9912 4.0837 
1193.1024 1064.7060 14.7066 4.0864 
1193.3438 1064.8660 15.3711 4.0891 
1193.5806 1064.8812 15.9903 4.0916 
1193.7889 1064.7970 16.5634 4.0941 
1193.9882 1064.6052 17.1004 4.0964 
1194.1147 1064.3232 17.6216 4.0986 
1194.1819 1063.9809 18.1094 4.1006 
1194.1408 1063.6526 18.5623 4.1025 
1193.9754 1063.3980 18.9902 4.1043 
1193.7594 1063.1683 19.3976 4.1062 
1193.5593 1062.9420 19.7854 4.1082 
1193.3555 1062.6971 20.1586 4.1103 
1193.1533 1062.4287 20.5027 4.1124 
1192.9372 1062.1286 20.8206 4.1145 
1192.6600 1061.7964 21.1107 4.1166 
1192.3413 1061.3953 21.3719 4.1185 
1191.9606 1060.9530 21.6212 4.1204 
1191.5337 1060.5192 21.8504 4.1222 
1191.0893 1060.1334 22.0613 4.1241 
1190.6247 1059.7831 22.2461 4.1261 
1190.1684 1059.4355 22.4090 4.1283 
1189.6990 1059.0387 22.5697 4.1306 
1189.3478 1058.4834 22.7359 4.1331 
1189.1111 1057.8009 22.9113 4.1355 
1188.9881 1057.0234 23.0934 4.1378 
1188.9488 1056.2298 23.2749 4.1401 
1188.9633 1055.4652 23.4541 4.1423 
1189.0169 1054.7460 23.6426 4.1444 
1189.1539 1054.0183 23.7459 4.1464 
1189.4044 1053.1889 23.8355 4.1484 
1189.7290 1052.2981 23.9130 4.1503 
1190.1086 1051.3302 23.9817 4.1521 
1190.4339 1050.3078 24.0611 4.1541 
1190.6941 1049.2309 24.1428 4.1563 
1190.8580 1048.1654 24.2266 4.1585 
1190.9475 1047.1236 24.3094 4.1607 
1190.9361 1046.1662 24.3999 4.1630 
1190.8267 1045.2990 24.4973 4.1655 
1190.6698 1044.4783 24.5982 4.1680 
1190.4498 1043.7387 24.6964 4.1707 
1190.2117 1043.0873 24.7882 4.1733 
1189.9797 1042.4898 24.8640 4.1760 
1189.7683 1041.9429 24.9191 4.1788 
1189.5679 1041.3906 24.9533 4.1816 
1189.3889 1040.8554 24.9749 4.1844 
1189.2151 1040.3070 24.9977 4.1872 
1189.0266 1039.7932 25.0284 4.1899 
1188.7927 1039.3324 25.0695 4.1925 
1188.4762 1038.9270 25.1131 4.1951 
1188.0591 1038.6258 25.1537 4.1978 
1187.5186 1038.4004 25.1913 4.2004 
1186.8722 1038.1922 25.2388 4.2030 
1186.2071 1037.9486 25.2948 4.2058 
1185.5388 1037.6808 25.3598 4.2086 
1184.8946 1037.3308 25.4261 4.2115 
1184.2464 1036.9105 25.4908 4.2145 
1183.5692 1036.4712 25.5566 4.2176 
1182.9000 1036.0198 25.6302 4.2209 
1182.2412 1035.5627 25.6980 4.2243 
1181.5611 1035.0774 25.7489 4.2277 
1180.8017 1034.6099 25.7753 4.2311 
1179.9869 1034.1571 25.7890 4.2343 
1179.1068 1033.7786 25.7818 4.2375 
1178.1133 1033.5211 25.7614 4.2405 
1177.0772 1033.3464 25.7327 4.2432 
1176.0616 1033.1793 25.7012 4.2456 
1175.0625 1033.0045 25.7278 4.2481 
1174.1384 1032.8200 25.8997 4.2505 
1173.3158 1032.5967 26.0514 4.2530 
1172.7000 1032.2866 26.1862 4.2555 
1172.2827 1031.9006 26.3013 4.2582 
1172.0639 1031.4764 26.3978 4.2608 
1172.0495 1031.0525 26.4776 4.2635 
1172.2102 1030.6710 26.5416 4.2661 
1172.4631 1030.3674 26.6046 4.2689 
1172.8305 1030.0691 26.6711 4.2717 
1173.3781 1029.7154 26.7376 4.2743 
1174.0731 1029.3211 26.8009 4.2767 
1174.8540 1028.9397 26.8700 4.2791 
1175.6537 1028.5446 27.0102 4.2815 
1176.4279 1028.1432 27.1463 4.2839 
1177.0479 1027.8196 27.2825 4.2864 
1177.4648 1027.5650 27.3984 4.2889 
1177.7042 1027.3101 27.4969 4.2914 
1177.7809 1027.0389 27.5917 4.2939 
1177.8416 1026.6385 27.6902 4.2964 
1177.9355 1026.1265 27.8001 4.2988 
1177.9987 1025.5888 27.9597 4.3011 
1178.0479 1025.0239 28.1545 4.3034 
1178.0918 1024.3988 28.3076 4.3057 
1178.0509 1023.7087 28.4642 4.3079 
1177.9638 1022.9298 28.6144 4.3100 
1177.7335 1022.1436 28.7743 4.3120 
1177.4179 1021.3049 28.9197 4.3142 
1177.0674 1020.4259 29.0536 4.3164 
1176.7106 1019.5463 29.2018 4.3185 
1176.3339 1018.7496 29.3413 4.3206 
1175.9867 1018.0109 29.4695 4.3228 
1175.7088 1017.1852 29.5762 4.3249 
1175.5037 1016.2921 29.6967 4.3270 
1175.2927 1015.4180 29.8050 4.3292 
1175.0789 1014.5361 29.8794 4.3312 
1174.8572 1013.7066 29.8482 4.3329 
1174.6969 1012.8722 29.8054 4.3346 
1174.5601 1012.0424 29.7436 4.3363 
1174.4611 1011.2810 29.6510 4.3381 
1174.3968 1010.5478 29.5416 4.3400 
1174.3367 1009.8279 29.4080 4.3418 
1174.3101 1009.0695 29.2520 4.3436 
1174.3045 1008.2628 29.0773 4.3453 
1174.2855 1007.4330 28.9214 4.3472 
1174.1714 1006.6846 28.7504 4.3492 
1173.9842 1006.0060 28.5571 4.3512 
1173.6713 1005.4110 28.3510 4.3532 
1173.3028 1004.9105 28.0859 4.3552 
1172.8904 1004.5510 27.8164 4.3573 
1172.4229 1004.3342 27.5399 4.3595 
1171.9130 1004.2133 27.2602 4.3618 
1171.2878 1004.1937 26.9849 4.3640 
1170.6349 1004.1416 26.7204 4.3661 
1170.0016 1004.0125 26.4621 4.3681 
