1104.8426 1688.6954 146.2665 1.4437 
1118.5373 1685.4337 146.5079 1.4657 
1130.7676 1682.5595 146.5857 1.4834 
1141.6725 1679.7489 146.5659 1.4978 
1151.3592 1677.1024 146.6117 1.5094 
1160.1638 1674.6918 146.8063 1.5184 
1167.9350 1672.7433 147.1140 1.5262 
1175.0553 1670.8917 147.3431 1.5324 
1181.9077 1669.1602 147.9590 1.5382 
1188.7977 1667.6045 148.8239 1.5440 
1195.6194 1666.2001 150.5296 1.5496 
1202.2695 1665.1356 152.2705 1.5554 
1208.4726 1665.2308 154.1884 1.5610 
1214.4947 1666.5369 156.0545 1.5674 
1220.4471 1668.3601 157.9188 1.5735 
1226.4030 1670.7867 159.6952 1.5795 
1232.2937 1674.3219 161.4668 1.5851 
1238.1081 1678.4256 163.3840 1.5905 
1243.6461 1682.7062 164.9840 1.5960 
1249.1958 1687.5469 166.5231 1.6024 
1254.7089 1693.3344 168.0173 1.6087 
1260.2218 1699.8126 169.6543 1.6147 
1265.8665 1706.7613 171.2496 1.6201 
1271.1533 1714.0852 172.8026 1.6256 
1276.5107 1721.9550 174.6019 1.6312 
1281.7958 1730.6082 175.8781 1.6364 
1287.1593 1739.7026 177.0869 1.6414 
1292.6658 1748.7871 178.4602 1.6455 
1298.0081 1758.3171 179.7917 1.6493 
1303.1625 1767.8860 180.7378 1.6532 
1307.3458 1778.0260 181.6495 1.6573 
1311.5343 1788.2383 182.4482 1.6610 
1315.7998 1798.5178 183.4186 1.6648 
1319.7067 1808.8132 184.1220 1.6686 
1323.4351 1819.0529 184.8107 1.6723 
1326.8305 1829.4801 185.4917 1.6761 
1329.9584 1839.6279 186.2354 1.6801 
1332.8043 1849.3318 186.7746 1.6844 
1335.0416 1858.7978 187.3267 1.6890 
1336.7304 1868.3905 187.8837 1.6936 
1338.2993 1877.9881 188.4779 1.6985 
1339.6658 1887.5685 189.3366 1.7034 
1340.6589 1896.8847 190.1359 1.7086 
1341.1167 1906.0545 190.8103 1.7133 
1341.3004 1915.2302 191.5209 1.7182 
1341.4015 1924.3449 192.1333 1.7232 
1341.1349 1933.3512 192.6891 1.7280 
1340.9774 1941.7477 193.3434 1.7323 
1340.6330 1949.9021 193.8932 1.7368 
1340.3937 1957.7035 194.3746 1.7414 
1340.1906 1965.2093 194.7891 1.7467 
1339.8724 1972.4484 195.1459 1.7520 
1339.4275 1979.3642 195.5004 1.7568 
1339.1723 1985.7310 195.8192 1.7612 
1339.0311 1991.6666 195.8230 1.7658 
1338.7487 1997.3245 195.9625 1.7706 
1338.4146 2002.7104 196.1037 1.7757 
1338.0755 2007.8659 195.6095 1.7806 
1337.6115 2012.8059 195.1411 1.7856 
1336.9979 2017.5730 194.6858 1.7908 
1336.4761 2022.0878 194.2359 1.7961 
1336.1320 2026.4270 193.6943 1.8014 
1335.8844 2030.5800 193.1790 1.8060 
1335.4989 2034.6195 192.6933 1.8104 
1334.9264 2038.6303 192.2266 1.8149 
1334.4505 2042.3333 191.7576 1.8195 
1333.9560 2045.9957 191.3109 1.8242 
1333.4050 2049.6954 190.9102 1.8290 
1332.8784 2053.3405 190.5960 1.8338 
1332.3718 2056.8323 190.2957 1.8384 
1331.7938 2060.1773 190.0353 1.8429 
1331.1174 2063.3694 189.8093 1.8471 
1330.4314 2066.4183 189.6131 1.8512 
1329.6785 2069.3794 189.4036 1.8550 
1328.9583 2072.1899 189.2066 1.8588 
1328.2488 2074.8890 189.0050 1.8623 
1327.5286 2077.4271 188.8091 1.8657 
1326.8629 2079.6953 188.6433 1.8689 
1326.3259 2081.7422 188.4666 1.8717 
1325.8323 2083.7701 188.2926 1.8742 
1325.3414 2085.8405 188.1407 1.8764 
1324.8668 2087.9664 188.0061 1.8787 
1324.4733 2090.1047 187.8767 1.8809 
1324.1527 2092.1409 187.7621 1.8831 
1323.9174 2094.0695 187.6401 1.8850 
1323.6654 2095.9720 187.5156 1.8866 
1323.3537 2097.8182 187.3775 1.8880 
1322.9880 2099.5337 187.2346 1.8893 
1322.6257 2101.0513 187.1161 1.8906 
1322.3066 2102.4487 187.0131 1.8921 
1322.0663 2103.7728 186.9092 1.8938 
1321.8957 2105.0266 186.7925 1.8958 
1321.7725 2106.1611 186.6727 1.8981 
1321.6929 2107.0770 186.5809 1.9009 
1321.8170 2107.6468 186.5358 1.9040 
1322.0949 2107.9557 186.5428 1.9074 
1322.5094 2108.0734 186.5885 1.9107 
1322.9693 2108.1741 186.6570 1.9143 
1323.4613 2108.2770 186.7409 1.9180 
1323.9995 2108.4041 186.8503 1.9218 
1324.6366 2108.4662 186.8323 1.9256 
1325.3971 2108.4350 186.8016 1.9295 
1326.2247 2108.3493 186.7603 1.9333 
1327.0690 2108.1766 186.7147 1.9372 
1327.9168 2107.9265 186.6676 1.9409 
1328.7423 2107.6011 186.6140 1.9446 
1329.5577 2107.2427 186.5531 1.9481 
1330.4014 2106.8410 186.4801 1.9514 
1331.2300 2106.4816 186.4068 1.9544 
1331.9207 2106.2059 186.3475 1.9578 
1332.5313 2105.9752 186.3030 1.9614 
1333.0788 2105.8185 186.2673 1.9652 
1333.6421 2105.7730 186.2347 1.9691 
1334.2369 2105.7935 186.1893 1.9732 
1334.8793 2105.8695 186.1202 1.9774 
1335.5391 2105.9064 186.0208 1.9819 
1336.2517 2105.9456 185.8927 1.9862 
1337.0033 2105.9234 185.7525 1.9905 
1337.7782 2105.9062 185.6125 1.9948 
1338.5249 2105.8859 185.4854 1.9988 
1339.1772 2105.8590 185.3700 2.0028 
1339.7237 2105.8894 185.2652 2.0068 
1340.1225 2105.9309 185.1769 2.0106 
1340.3841 2105.9102 185.1257 2.0145 
1340.6460 2105.7547 185.1042 2.0185 
1340.9029 2105.5263 185.1093 2.0227 
1341.1716 2105.1544 185.1221 2.0269 
1341.3917 2104.6655 185.1366 2.0313 
1341.5394 2104.1234 185.1557 2.0359 
1341.6540 2103.5563 185.1870 2.0409 
1341.7149 2102.9887 185.2069 2.0460 
1341.6221 2102.4234 185.2000 2.0512 
1341.2966 2101.9343 185.1519 2.0563 
1340.7837 2101.5375 185.0840 2.0612 
1340.0489 2101.3041 184.9896 2.0659 
1339.0457 2101.2780 184.8795 2.0703 
1337.9158 2101.3683 184.7582 2.0742 
1336.7965 2101.4805 184.6351 2.0776 
1335.6795 2101.5816 184.6666 2.0809 
1334.6549 2101.6891 184.9173 2.0842 
1333.7587 2101.7544 185.1454 2.0876 
1333.1275 2101.7257 185.3546 2.0914 
1332.7544 2101.6196 185.5405 2.0953 
1332.6838 2101.4792 185.7092 2.0994 
1332.9603 2101.3251 185.8654 2.1036 
1333.5148 2101.2495 186.0148 2.1080 
1334.2040 2101.3065 186.1840 2.1126 
1335.0087 2101.3784 186.3788 2.1171 
1336.0142 2101.3722 186.5922 2.1215 
1337.1887 2101.2787 186.8137 2.1254 
1338.4774 2101.1769 187.0539 2.1292 
1339.7973 2101.0144 187.4158 2.1330 
1341.1211 2100.8112 187.7878 2.1370 
1342.3327 2100.6691 188.1679 2.1410 
1343.3103 2100.5536 188.5206 2.1450 
1344.0212 2100.4288 188.8691 2.1493 
1344.4848 2100.2177 189.2333 2.1536 
1344.7853 2099.8765 189.6220 2.1581 
1344.9902 2099.4055 190.0540 2.1626 
1345.0900 2098.9253 190.6253 2.1669 
1345.1568 2098.4502 191.2982 2.1711 
1345.2233 2097.9491 191.8949 2.1755 
1345.0964 2097.3690 192.5090 2.1800 
1344.6764 2096.7438 193.1297 2.1844 
1343.9308 2096.0239 193.7814 2.1887 
1342.9735 2095.2115 194.4234 2.1931 
1341.8732 2094.3611 195.0478 2.1977 
1340.7779 2093.5415 195.7537 2.2023 
1339.4981 2092.9772 196.4393 2.2070 
1338.2836 2092.4545 197.1230 2.2116 
1337.2319 2091.7070 197.7721 2.2160 
1336.3860 2090.7406 198.4618 2.2204 
1335.5323 2089.7819 199.1386 2.2246 
1334.6867 2088.6979 199.7612 2.2283 
1333.8507 2087.5317 200.2901 2.2314 
1333.0659 2086.2737 200.7945 2.2344 
1332.2412 2085.0742 201.2600 2.2374 
1331.4411 2084.0032 201.6743 2.2403 
1330.7322 2083.0021 202.0678 2.2432 
1330.0760 2081.9908 202.4416 2.2458 
1329.4635 2080.9390 202.7864 2.2481 
1328.9294 2079.8354 203.1056 2.2502 
1328.4863 2078.6289 203.6039 2.2524 
1328.1430 2077.4272 204.0819 2.2547 
1327.7621 2076.2830 204.5253 2.2569 
1327.2895 2075.2282 204.9238 2.2589 
1326.8365 2074.2390 205.2598 2.2610 
1326.4056 2073.3229 205.5724 2.2631 
1325.9514 2072.5425 205.8504 2.2654 
1325.4470 2071.9190 206.0917 2.2677 
1324.8191 2071.2834 206.3301 2.2698 
1324.1504 2070.5784 206.5606 2.2716 
1323.4638 2069.8266 206.7854 2.2731 
