0.0002968868 0.0000403727 0.0002447575 
0.0002975850 0.0000414732 0.0002415895 
0.0002982861 0.0000424839 0.0002385426 
0.0002990159 0.0000434164 0.0002355670 
0.0002997884 0.0000442777 0.0002326283 
0.0003006107 0.0000450721 0.0002297028 
0.0003014865 0.0000458034 0.0002267738 
0.0003024171 0.0000464758 0.0002238300 
0.0003034026 0.0000470934 0.0002208636 
0.0003044428 0.0000476608 0.0002178697 
0.0003055364 0.0000481823 0.0002148453 
0.0003066821 0.0000486622 0.0002117894 
0.0003078779 0.0000491045 0.0002087021 
0.0003091209 0.0000495124 0.0002055857 
0.0003104090 0.0000498899 0.0002024426 
0.0003117363 0.0000502388 0.0001992827 
0.0003130946 0.0000505628 0.0001961154 
0.0003144809 0.0000508676 0.0001929426 
0.0003158897 0.0000511550 0.0001897724 
0.0003173147 0.0000514233 0.0001866111 
0.0003187448 0.0000516716 0.0001834689 
0.0003201809 0.0000519024 0.0001803447 
0.0003216148 0.0000521141 0.0001772510 
0.0003230495 0.0000523084 0.0001741832 
0.0003244844 0.0000524854 0.0001711436 
0.0003259156 0.0000526428 0.0001681388 
0.0003273415 0.0000527825 0.0001651724 
0.0003287550 0.0000529077 0.0001622541 
0.0003301572 0.0000530212 0.0001593810 
0.0003315469 0.0000531215 0.0001565547 
0.0003329267 0.0000532033 0.0001537721 
0.0003342955 0.0000532731 0.0001510343 
0.0003356510 0.0000533352 0.0001483464 
0.0003369922 0.0000533937 0.0001457090 
0.0003383207 0.0000534431 0.0001431199 
0.0003396355 0.0000534828 0.0001405796 
0.0003409357 0.0000535143 0.0001380870 
0.0003422205 0.0000535417 0.0001356410 
0.0003434885 0.0000535682 0.0001332426 
0.0003447384 0.0000535930 0.0001308921 
0.0003459709 0.0000536181 0.0001285902 
0.0003471848 0.0000536416 0.0001263357 
0.0003483798 0.0000536615 0.0001241278 
0.0003495585 0.0000536785 0.0001219630 
0.0003507223 0.0000536934 0.0001198388 
0.0003518721 0.0000537080 0.0001177549 
0.0003530069 0.0000537212 0.0001157098 
0.0003541257 0.0000537334 0.0001137033 
0.0003552278 0.0000537475 0.0001117353 
0.0003563147 0.0000537653 0.0001098060 
0.0003573850 0.0000537838 0.0001079145 
0.0003584389 0.0000538058 0.0001060596 
0.0003594791 0.0000538285 0.0001042398 
0.0003605074 0.0000538539 0.0001024539 
0.0003615224 0.0000538762 0.0001006995 
0.0003625241 0.0000538939 0.0000989753 
0.0003635082 0.0000539063 0.0000972828 
0.0003644745 0.0000539132 0.0000956218 
0.0003654254 0.0000539140 0.0000939899 
0.0003663621 0.0000539087 0.0000923860 
0.0003672841 0.0000538987 0.0000908104 
0.0003681921 0.0000538856 0.0000892626 
0.0003690863 0.0000538681 0.0000877411 
0.0003699669 0.0000538456 0.0000862454 
0.0003708339 0.0000538180 0.0000847757 
0.0003716908 0.0000537825 0.0000833295 
0.0003725362 0.0000537383 0.0000819077 
0.0003733709 0.0000536860 0.0000805094 
0.0003741929 0.0000536264 0.0000791366 
0.0003750013 0.0000535577 0.0000777881 
0.0003757976 0.0000534788 0.0000764622 
0.0003765826 0.0000533894 0.0000751578 
0.0003773569 0.0000532893 0.0000738743 
0.0003781208 0.0000531781 0.0000726110 
0.0003788763 0.0000530554 0.0000713663 
0.0003796219 0.0000529206 0.0000701401 
0.0003803566 0.0000527731 0.0000689319 
0.0003810788 0.0000526132 0.0000677419 
0.0003817869 0.0000524430 0.0000665705 
0.0003824808 0.0000522665 0.0000654172 
0.0003831581 0.0000520813 0.0000642829 
0.0003838206 0.0000518886 0.0000631667 
0.0003844687 0.0000516892 0.0000620680 
0.0003851022 0.0000514853 0.0000609874 
0.0003857219 0.0000512758 0.0000599234 
0.0003863281 0.0000510640 0.0000588740 
0.0003869211 0.0000508508 0.0000578390 
0.0003874997 0.0000506344 0.0000568180 
0.0003880633 0.0000504133 0.0000558112 
0.0003886100 0.0000501861 0.0000548190 
0.0003891403 0.0000499536 0.0000538411 
0.0003896542 0.0000497157 0.0000528771 
0.0003901519 0.0000494727 0.0000519270 
0.0003906336 0.0000492243 0.0000509909 
0.0003910983 0.0000489695 0.0000500696 
0.0003915468 0.0000487089 0.0000491626 
0.0003919797 0.0000484430 0.0000482695 
0.0003923975 0.0000481722 0.0000473898 
0.0003928007 0.0000478968 0.0000465235 
0.0003931895 0.0000476172 0.0000456704 
0.0003935632 0.0000473338 0.0000448312 
0.0003939229 0.0000470467 0.0000440053 
0.0003942679 0.0000467553 0.0000431934 
0.0003945999 0.0000464600 0.0000423943 
0.0003949196 0.0000461605 0.0000416072 
0.0003952275 0.0000458561 0.0000408315 
0.0003955238 0.0000455460 0.0000400666 
0.0003958087 0.0000452304 0.0000393127 
0.0003960826 0.0000449116 0.0000385694 
0.0003963480 0.0000445894 0.0000378354 
0.0003966047 0.0000442654 0.0000371111 
0.0003968525 0.0000439412 0.0000363966 
0.0003970916 0.0000436191 0.0000356915 
0.0003973235 0.0000433037 0.0000349955 
0.0003975472 0.0000429914 0.0000343091 
0.0003977615 0.0000426777 0.0000336329 
0.0003979630 0.0000423608 0.0000329687 
0.0003981546 0.0000420398 0.0000323150 
0.0003983375 0.0000417132 0.0000316713 
0.0003985118 0.0000413825 0.0000310376 
0.0003986788 0.0000410487 0.0000304134 
0.0003988385 0.0000407123 0.0000297991 
0.0003989913 0.0000403730 0.0000291940 
0.0003991375 0.0000400306 0.0000285976 
0.0003992777 0.0000396842 0.0000280095 
0.0003994121 0.0000393337 0.0000274293 
0.0003995411 0.0000389796 0.0000268565 
0.0003996653 0.0000386234 0.0000262907 
0.0003997868 0.0000382698 0.0000257308 
0.0003999046 0.0000379161 0.0000251772 
0.0004000185 0.0000375607 0.0000246298 
0.0004001298 0.0000372026 0.0000240878 
0.0004002384 0.0000368408 0.0000235509 
0.0004003443 0.0000364754 0.0000230192 
0.0004004471 0.0000361058 0.0000224928 
0.0004005467 0.0000357316 0.0000219716 
0.0004006445 0.0000353548 0.0000214562 
0.0004007388 0.0000349727 0.0000209468 
0.0004008311 0.0000345913 0.0000204423 
0.0004009204 0.0000342088 0.0000199436 
0.0004010021 0.0000338250 0.0000194525 
0.0004010781 0.0000334387 0.0000189682 
0.0004011494 0.0000330502 0.0000184902 
0.0004012168 0.0000326589 0.0000180182 
0.0004012810 0.0000322640 0.0000175521 
0.0004013423 0.0000318658 0.0000170917 
0.0004014007 0.0000314648 0.0000166371 
0.0004014563 0.0000310617 0.0000161882 
0.0004015090 0.0000306572 0.0000157451 
0.0004015579 0.0000302497 0.0000153082 
0.0004016036 0.0000298409 0.0000148775 
0.0004016458 0.0000294302 0.0000144530 
0.0004016845 0.0000290156 0.0000140345 
0.0004017196 0.0000285981 0.0000136224 
0.0004017510 0.0000281776 0.0000132166 
0.0004017783 0.0000277543 0.0000128173 
0.0004017999 0.0000273275 0.0000124250 
0.0004018110 0.0000268956 0.0000120415 
0.0004018161 0.0000264593 0.0000116650 
0.0004018169 0.0000260186 0.0000112948 
0.0004018142 0.0000255730 0.0000109304 
0.0004018086 0.0000251215 0.0000105714 
0.0004018003 0.0000246654 0.0000102177 
0.0004017895 0.0000242058 0.0000098691 
0.0004017769 0.0000237449 0.0000095251 
0.0004017624 0.0000232831 0.0000091852 
0.0004017440 0.0000228175 0.0000088503 
0.0004017213 0.0000223476 0.0000085206 
0.0004016941 0.0000218733 0.0000081962 
0.0004016623 0.0000213949 0.0000078771 
0.0004016257 0.0000209122 0.0000075634 
0.0004015840 0.0000204245 0.0000072550 
0.0004015382 0.0000199331 0.0000069522 
0.0004014886 0.0000194382 0.0000066548 
0.0004014332 0.0000189366 0.0000063622 
0.0004013729 0.0000184282 0.0000060747 
0.0004013079 0.0000179125 0.0000057923 
0.0004012382 0.0000173902 0.0000055151 
0.0004011641 0.0000168621 0.0000052429 
0.0004010865 0.0000163289 0.0000049755 
0.0004010063 0.0000157891 0.0000047121 
0.0004009244 0.0000152426 0.0000044519 
0.0004008420 0.0000146889 0.0000041943 
0.0004007583 0.0000141305 0.0000039397 
0.0004006729 0.0000135696 0.0000036879 
0.0004005894 0.0000130142 0.0000034375 
0.0004005046 0.0000124611 0.0000031898 
0.0004004160 0.0000119076 0.0000029455 
0.0004003218 0.0000113519 0.0000027051 
0.0004002217 0.0000107943 0.0000024687 
0.0004001130 0.0000102322 0.0000022369 
0.0003999960 0.0000096677 0.0000020094 
0.0003998710 0.0000091041 0.0000017850 
0.0003997364 0.0000085398 0.0000015645 
0.0003995909 0.0000079743 0.0000013483 
0.0003994333 0.0000074069 0.0000011370 
0.0003992631 0.0000068381 0.0000009305 
0.0003990808 0.0000062684 0.0000007285 
0.0003988861 0.0000056980 0.0000005308 
0.0003986784 0.0000051279 0.0000003372 
0.0003984558 0.0000045586 0.0000001479 
0.0003982149 0.0000039914 -0.0000000364 
0.0003982149 0.0000039914 -0.0000000364 
0.0003982149 0.0000039914 -0.0000000364 
0.0003982149 0.0000039914 -0.0000000364 
0.0003982149 0.0000039914 -0.0000000364 
0.0003982149 0.0000039914 -0.0000000364 
0.0003982149 0.0000039914 -0.0000000364 
0.0003982149 0.0000039914 -0.0000000364 
0.0003982149 0.0000039914 -0.0000000364 
0.0003982149 0.0000039914 -0.0000000364 
0.0003982149 0.0000039914 -0.0000000364 
0.0003982149 0.0000039914 -0.0000000364 
0.0003982149 0.0000039914 -0.0000000364 
0.0003982149 0.0000039914 -0.0000000364 
0.0003982149 0.0000039914 -0.0000000364 
0.0003982149 0.0000039914 -0.0000000364 
0.0003982149 0.0000039914 -0.0000000364 
0.0003982149 0.0000039914 -0.0000000364 
0.0003982149 0.0000039914 -0.0000000364 
0.0003982149 0.0000039914 -0.0000000364 
0.0003982149 0.0000039914 -0.0000000364 
0.0003982149 0.0000039914 -0.0000000364 
0.0003982149 0.0000039914 -0.0000000364 
0.0003982149 0.0000039914 -0.0000000364 
0.0003982149 0.0000039914 -0.0000000364 
0.0003982149 0.0000039914 -0.0000000364 
0.0003982149 0.0000039914 -0.0000000364 
0.0003982149 0.0000039914 -0.0000000364 
0.0003982149 0.0000039914 -0.0000000364 
0.0003982149 0.0000039914 -0.0000000364 
0.0003982149 0.0000039914 -0.0000000364 
0.0003982149 0.0000039914 -0.0000000364 
0.0003982149 0.0000039914 -0.0000000364 
0.0003982149 0.0000039914 -0.0000000364 
0.0003982149 0.0000039914 -0.0000000364 
0.0003982149 0.0000039914 -0.0000000364 
0.0003982149 0.0000039914 -0.0000000364 
0.0003982149 0.0000039914 -0.0000000364 
0.0003982149 0.0000039914 -0.0000000364 
0.0003982149 0.0000039914 -0.0000000364 
0.0003982149 0.0000039914 -0.0000000364 
0.0003982149 0.0000039914 -0.0000000364 
0.0003982149 0.0000039914 -0.0000000364 
0.0003982149 0.0000039914 -0.0000000364 
0.0003982149 0.0000039914 -0.0000000364 
0.0003982149 0.0000039914 -0.0000000364 
0.0003982149 0.0000039914 -0.0000000364 
0.0003982149 0.0000039914 -0.0000000364 
0.0003982149 0.0000039914 -0.0000000364 
0.0003982149 0.0000039914 -0.0000000364 
0.0003982149 0.0000039914 -0.0000000364 
0.0003982149 0.0000039914 -0.0000000364 
0.0003982149 0.0000039914 -0.0000000364 
0.0003982149 0.0000039914 -0.0000000364 
0.0003982149 0.0000039914 -0.0000000364 
0.0003982149 0.0000039914 -0.0000000364 
0.0003982149 0.0000039914 -0.0000000364 
0.0003982149 0.0000039914 -0.0000000364 
0.0003982149 0.0000039914 -0.0000000364 
0.0003982149 0.0000039914 -0.0000000364 
0.0003982149 0.0000039914 -0.0000000364 
0.0003982149 0.0000039914 -0.0000000364 
0.0003982149 0.0000039914 -0.0000000364 
0.0003982149 0.0000039914 -0.0000000364 
0.0003982149 0.0000039914 -0.0000000364 
0.0003982149 0.0000039914 -0.0000000364 
0.0003982149 0.0000039914 -0.0000000364 
0.0003982149 0.0000039914 -0.0000000364 
0.0003982149 0.0000039914 -0.0000000364 
0.0003982149 0.0000039914 -0.0000000364 
0.0003982149 0.0000039914 -0.0000000364 
0.0003982149 0.0000039914 -0.0000000364 
0.0003982149 0.0000039914 -0.0000000364 
0.0003982149 0.0000039914 -0.0000000364 
0.0003982149 0.0000039914 -0.0000000364 
0.0003982149 0.0000039914 -0.0000000364 
0.0003982149 0.0000039914 -0.0000000364 
0.0003982149 0.0000039914 -0.0000000364 
0.0003982149 0.0000039914 -0.0000000364 
0.0003982149 0.0000039914 -0.0000000364 
0.0003982149 0.0000039914 -0.0000000364 
0.0003982149 0.0000039914 -0.0000000364 
0.0003982149 0.0000039914 -0.0000000364 
0.0003982149 0.0000039914 -0.0000000364 
0.0003982149 0.0000039914 -0.0000000364 
0.0003982149 0.0000039914 -0.0000000364 
0.0003982149 0.0000039914 -0.0000000364 
0.0003982149 0.0000039914 -0.0000000364 
0.0003982149 0.0000039914 -0.0000000364 
0.0003982149 0.0000039914 -0.0000000364 
0.0003982149 0.0000039914 -0.0000000364 
0.0003982149 0.0000039914 -0.0000000364 
0.0003982149 0.0000039914 -0.0000000364 
0.0003982149 0.0000039914 -0.0000000364 
0.0003982149 0.0000039914 -0.0000000364 
0.0003982149 0.0000039914 -0.0000000364 
0.0003982149 0.0000039914 -0.0000000364 
0.0003982149 0.0000039914 -0.0000000364 
0.0003982149 0.0000039914 -0.0000000364 
0.0003982149 0.0000039914 -0.0000000364 
0.0003982149 0.0000039914 -0.0000000364 
0.0003982149 0.0000039914 -0.0000000364 
0.0003982149 0.0000039914 -0.0000000364 
0.0003982149 0.0000039914 -0.0000000364 
0.0003982149 0.0000039914 -0.0000000364 
0.0003982149 0.0000039914 -0.0000000364 
0.0003982149 0.0000039914 -0.0000000364 
0.0003982149 0.0000039914 -0.0000000364 
0.0003982149 0.0000039914 -0.0000000364 
0.0003982149 0.0000039914 -0.0000000364 
0.0003982149 0.0000039914 -0.0000000364 
0.0003982149 0.0000039914 -0.0000000364 
0.0003982149 0.0000039914 -0.0000000364 
0.0003982149 0.0000039914 -0.0000000364 
0.0003982149 0.0000039914 -0.0000000364 
0.0003982149 0.0000039914 -0.0000000364 
0.0003982149 0.0000039914 -0.0000000364 
0.0003982149 0.0000039914 -0.0000000364 
0.0003982149 0.0000039914 -0.0000000364 
0.0003982149 0.0000039914 -0.0000000364 
0.0003982149 0.0000039914 -0.0000000364 
0.0003982149 0.0000039914 -0.0000000364 
0.0003982149 0.0000039914 -0.0000000364 
0.0003982149 0.0000039914 -0.0000000364 
0.0003982149 0.0000039914 -0.0000000364 
0.0003982149 0.0000039914 -0.0000000364 
0.0003982149 0.0000039914 -0.0000000364 
0.0003982149 0.0000039914 -0.0000000364 
0.0003982149 0.0000039914 -0.0000000364 
0.0003982149 0.0000039914 -0.0000000364 
0.0003982149 0.0000039914 -0.0000000364 
0.0003982149 0.0000039914 -0.0000000364 
0.0003982149 0.0000039914 -0.0000000364 
0.0003982149 0.0000039914 -0.0000000364 
0.0003982149 0.0000039914 -0.0000000364 
0.0003982149 0.0000039914 -0.0000000364 
0.0003982149 0.0000039914 -0.0000000364 
0.0003982149 0.0000039914 -0.0000000364 
0.0003982149 0.0000039914 -0.0000000364 
0.0003982149 0.0000039914 -0.0000000364 
0.0003982149 0.0000039914 -0.0000000364 
0.0003982149 0.0000039914 -0.0000000364 
0.0003982149 0.0000039914 -0.0000000364 
0.0003982149 0.0000039914 -0.0000000364 
0.0003982149 0.0000039914 -0.0000000364 
0.0003982149 0.0000039914 -0.0000000364 
0.0003982149 0.0000039914 -0.0000000364 
0.0003982149 0.0000039914 -0.0000000364 
0.0003982149 0.0000039914 -0.0000000364 
0.0003982149 0.0000039914 -0.0000000364 
0.0003982149 0.0000039914 -0.0000000364 
0.0003982149 0.0000039914 -0.0000000364 
0.0003982149 0.0000039914 -0.0000000364 
0.0003982149 0.0000039914 -0.0000000364 
0.0003982149 0.0000039914 -0.0000000364 
0.0003982149 0.0000039914 -0.0000000364 
0.0003982149 0.0000039914 -0.0000000364 
0.0003982149 0.0000039914 -0.0000000364 
0.0003982149 0.0000039914 -0.0000000364 
0.0003982149 0.0000039914 -0.0000000364 
0.0003982149 0.0000039914 -0.0000000364 
0.0003982149 0.0000039914 -0.0000000364 
0.0003982149 0.0000039914 -0.0000000364 
0.0003982149 0.0000039914 -0.0000000364 
0.0003982149 0.0000039914 -0.0000000364 
0.0003982149 0.0000039914 -0.0000000364 
0.0003982149 0.0000039914 -0.0000000364 
0.0003982149 0.0000039914 -0.0000000364 
0.0003982149 0.0000039914 -0.0000000364 
0.0003982149 0.0000039914 -0.0000000364 
0.0003982149 0.0000039914 -0.0000000364 
0.0003982149 0.0000039914 -0.0000000364 
0.0003982149 0.0000039914 -0.0000000364 
0.0003982149 0.0000039914 -0.0000000364 
0.0003982149 0.0000039914 -0.0000000364 
0.0003982149 0.0000039914 -0.0000000364 
0.0003982149 0.0000039914 -0.0000000364 
0.0003982149 0.0000039914 -0.0000000364 
0.0003982149 0.0000039914 -0.0000000364 
0.0003982149 0.0000039914 -0.0000000364 
0.0003982149 0.0000039914 -0.0000000364 
0.0003982149 0.0000039914 -0.0000000364 
0.0003982149 0.0000039914 -0.0000000364 
0.0003982149 0.0000039914 -0.0000000364 
0.0003982149 0.0000039914 -0.0000000364 
0.0003982149 0.0000039914 -0.0000000364 
0.0003982149 0.0000039914 -0.0000000364 
0.0003982149 0.0000039914 -0.0000000364 
0.0003982149 0.0000039914 -0.0000000364 
0.0003982149 0.0000039914 -0.0000000364 
0.0003982149 0.0000039914 -0.0000000364 
0.0003982149 0.0000039914 -0.0000000364 
0.0003982149 0.0000039914 -0.0000000364 
0.0003982149 0.0000039914 -0.0000000364 
0.0003982149 0.0000039914 -0.0000000364 
0.0003982149 0.0000039914 -0.0000000364 
0.0003982149 0.0000039914 -0.0000000364 
0.0003982149 0.0000039914 -0.0000000364 
0.0003982149 0.0000039914 -0.0000000364 
0.0003982149 0.0000039914 -0.0000000364 
0.0003982149 0.0000039914 -0.0000000364 
0.0003982149 0.0000039914 -0.0000000364 
0.0003982149 0.0000039914 -0.0000000364 
0.0003982149 0.0000039914 -0.0000000364 
0.0003982149 0.0000039914 -0.0000000364 
0.0003982149 0.0000039914 -0.0000000364 
0.0003982149 0.0000039914 -0.0000000364 
0.0003982149 0.0000039914 -0.0000000364 
0.0003982149 0.0000039914 -0.0000000364 
0.0003982149 0.0000039914 -0.0000000364 
0.0003982149 0.0000039914 -0.0000000364 
0.0003982149 0.0000039914 -0.0000000364 
0.0003982149 0.0000039914 -0.0000000364 
0.0003982149 0.0000039914 -0.0000000364 
0.0003982149 0.0000039914 -0.0000000364 
0.0003982149 0.0000039914 -0.0000000364 
0.0003982149 0.0000039914 -0.0000000364 
0.0003982149 0.0000039914 -0.0000000364 
0.0003982149 0.0000039914 -0.0000000364 
0.0003982149 0.0000039914 -0.0000000364 
0.0003982149 0.0000039914 -0.0000000364 
0.0003982149 0.0000039914 -0.0000000364 
0.0003982149 0.0000039914 -0.0000000364 
0.0003982149 0.0000039914 -0.0000000364 
0.0003982149 0.0000039914 -0.0000000364 
0.0003982149 0.0000039914 -0.0000000364 
0.0003982149 0.0000039914 -0.0000000364 
0.0003982149 0.0000039914 -0.0000000364 
0.0003982149 0.0000039914 -0.0000000364 
0.0003982149 0.0000039914 -0.0000000364 
0.0003982149 0.0000039914 -0.0000000364 
0.0003982149 0.0000039914 -0.0000000364 
0.0003982149 0.0000039914 -0.0000000364 
0.0003982149 0.0000039914 -0.0000000364 
0.0003982149 0.0000039914 -0.0000000364 
0.0003982149 0.0000039914 -0.0000000364 
0.0003982149 0.0000039914 -0.0000000364 
0.0003982149 0.0000039914 -0.0000000364 
0.0003982149 0.0000039914 -0.0000000364 
0.0003982149 0.0000039914 -0.0000000364 
0.0003982149 0.0000039914 -0.0000000364 
0.0003982149 0.0000039914 -0.0000000364 
0.0003982149 0.0000039914 -0.0000000364 
0.0003982149 0.0000039914 -0.0000000364 
0.0003982149 0.0000039914 -0.0000000364 
0.0003982149 0.0000039914 -0.0000000364 
0.0003982149 0.0000039914 -0.0000000364 
0.0003982149 0.0000039914 -0.0000000364 
0.0003982149 0.0000039914 -0.0000000364 
0.0003982149 0.0000039914 -0.0000000364 
0.0003982149 0.0000039914 -0.0000000364 
0.0003982149 0.0000039914 -0.0000000364 
0.0003982149 0.0000039914 -0.0000000364 
0.0003982149 0.0000039914 -0.0000000364 
0.0003982149 0.0000039914 -0.0000000364 
0.0003982149 0.0000039914 -0.0000000364 
0.0003982149 0.0000039914 -0.0000000364 
0.0003982149 0.0000039914 -0.0000000364 
0.0003982149 0.0000039914 -0.0000000364 
0.0003982149 0.0000039914 -0.0000000364 
0.0003982149 0.0000039914 -0.0000000364 
0.0003982149 0.0000039914 -0.0000000364 
0.0003982149 0.0000039914 -0.0000000364 
0.0003982149 0.0000039914 -0.0000000364 
0.0003982149 0.0000039914 -0.0000000364 
0.0003982149 0.0000039914 -0.0000000364 
0.0003982149 0.0000039914 -0.0000000364 
0.0003982149 0.0000039914 -0.0000000364 
0.0003982149 0.0000039914 -0.0000000364 
0.0003982149 0.0000039914 -0.0000000364 
0.0003982149 0.0000039914 -0.0000000364 
0.0003982149 0.0000039914 -0.0000000364 
0.0003982149 0.0000039914 -0.0000000364 
0.0003982149 0.0000039914 -0.0000000364 
0.0003982149 0.0000039914 -0.0000000364 
0.0003982149 0.0000039914 -0.0000000364 
0.0003982149 0.0000039914 -0.0000000364 
0.0003982149 0.0000039914 -0.0000000364 
0.0003982149 0.0000039914 -0.0000000364 
0.0003982149 0.0000039914 -0.0000000364 
0.0003982149 0.0000039914 -0.0000000364 
0.0003982149 0.0000039914 -0.0000000364 
0.0003982149 0.0000039914 -0.0000000364 
0.0003982149 0.0000039914 -0.0000000364 
0.0003982149 0.0000039914 -0.0000000364 
0.0003982149 0.0000039914 -0.0000000364 
0.0003982149 0.0000039914 -0.0000000364 
0.0003982149 0.0000039914 -0.0000000364 
0.0003982149 0.0000039914 -0.0000000364 
0.0003982149 0.0000039914 -0.0000000364 
0.0003982149 0.0000039914 -0.0000000364 
0.0003982149 0.0000039914 -0.0000000364 
0.0003982149 0.0000039914 -0.0000000364 
0.0003982149 0.0000039914 -0.0000000364 
0.0003982149 0.0000039914 -0.0000000364 
0.0003982149 0.0000039914 -0.0000000364 
0.0003982149 0.0000039914 -0.0000000364 
0.0003982149 0.0000039914 -0.0000000364 
0.0003982149 0.0000039914 -0.0000000364 
0.0003982149 0.0000039914 -0.0000000364 
0.0003982149 0.0000039914 -0.0000000364 
0.0003982149 0.0000039914 -0.0000000364 
0.0003982149 0.0000039914 -0.0000000364 
0.0003982149 0.0000039914 -0.0000000364 
0.0003982149 0.0000039914 -0.0000000364 
0.0003982149 0.0000039914 -0.0000000364 
0.0003982149 0.0000039914 -0.0000000364 
0.0003982149 0.0000039914 -0.0000000364 
0.0003982149 0.0000039914 -0.0000000364 
0.0003982149 0.0000039914 -0.0000000364 
0.0003982149 0.0000039914 -0.0000000364 
0.0003982149 0.0000039914 -0.0000000364 
0.0003982149 0.0000039914 -0.0000000364 
0.0003982149 0.0000039914 -0.0000000364 
0.0003982149 0.0000039914 -0.0000000364 
0.0003982149 0.0000039914 -0.0000000364 
0.0003982149 0.0000039914 -0.0000000364 
0.0003982149 0.0000039914 -0.0000000364 
0.0003982149 0.0000039914 -0.0000000364 
0.0003982149 0.0000039914 -0.0000000364 
0.0003982149 0.0000039914 -0.0000000364 
0.0003982149 0.0000039914 -0.0000000364 
0.0003982149 0.0000039914 -0.0000000364 
0.0003982149 0.0000039914 -0.0000000364 
0.0003982149 0.0000039914 -0.0000000364 
0.0003982149 0.0000039914 -0.0000000364 
0.0003982149 0.0000039914 -0.0000000364 
0.0003982149 0.0000039914 -0.0000000364 
0.0003982149 0.0000039914 -0.0000000364 
0.0003982149 0.0000039914 -0.0000000364 
0.0003982149 0.0000039914 -0.0000000364 
0.0003982149 0.0000039914 -0.0000000364 
0.0003982149 0.0000039914 -0.0000000364 
0.0003982149 0.0000039914 -0.0000000364 
0.0003982149 0.0000039914 -0.0000000364 
0.0003982149 0.0000039914 -0.0000000364 
0.0003982149 0.0000039914 -0.0000000364 
0.0003982149 0.0000039914 -0.0000000364 
0.0003982149 0.0000039914 -0.0000000364 
0.0003982149 0.0000039914 -0.0000000364 
0.0003982149 0.0000039914 -0.0000000364 
0.0003982149 0.0000039914 -0.0000000364 
0.0003982149 0.0000039914 -0.0000000364 
0.0003982149 0.0000039914 -0.0000000364 
0.0003982149 0.0000039914 -0.0000000364 
0.0003982149 0.0000039914 -0.0000000364 
0.0003982149 0.0000039914 -0.0000000364 
0.0003982149 0.0000039914 -0.0000000364 
0.0003982149 0.0000039914 -0.0000000364 
0.0003982149 0.0000039914 -0.0000000364 
0.0003982149 0.0000039914 -0.0000000364 
0.0003982149 0.0000039914 -0.0000000364 
0.0003982149 0.0000039914 -0.0000000364 
0.0003982149 0.0000039914 -0.0000000364 
0.0003982149 0.0000039914 -0.0000000364 
0.0003982149 0.0000039914 -0.0000000364 
0.0003982149 0.0000039914 -0.0000000364 
0.0003982149 0.0000039914 -0.0000000364 
0.0003982149 0.0000039914 -0.0000000364 
0.0003982149 0.0000039914 -0.0000000364 
0.0003982149 0.0000039914 -0.0000000364 
0.0003982149 0.0000039914 -0.0000000364 
0.0003982149 0.0000039914 -0.0000000364 
0.0003982149 0.0000039914 -0.0000000364 
0.0003982149 0.0000039914 -0.0000000364 
0.0003982149 0.0000039914 -0.0000000364 
0.0003982149 0.0000039914 -0.0000000364 
0.0003982149 0.0000039914 -0.0000000364 
0.0003982149 0.0000039914 -0.0000000364 
0.0003982149 0.0000039914 -0.0000000364 
0.0003982149 0.0000039914 -0.0000000364 
0.0003982149 0.0000039914 -0.0000000364 
0.0003982149 0.0000039914 -0.0000000364 
0.0003982149 0.0000039914 -0.0000000364 
0.0003982149 0.0000039914 -0.0000000364 
0.0003982149 0.0000039914 -0.0000000364 
0.0003982149 0.0000039914 -0.0000000364 
0.0003982149 0.0000039914 -0.0000000364 
0.0003982149 0.0000039914 -0.0000000364 
0.0003982149 0.0000039914 -0.0000000364 
0.0003982149 0.0000039914 -0.0000000364 
0.0003982149 0.0000039914 -0.0000000364 
0.0003982149 0.0000039914 -0.0000000364 
0.0003982149 0.0000039914 -0.0000000364 
0.0003982149 0.0000039914 -0.0000000364 
0.0003982149 0.0000039914 -0.0000000364 
0.0003982149 0.0000039914 -0.0000000364 
0.0003982149 0.0000039914 -0.0000000364 
0.0003982149 0.0000039914 -0.0000000364 
0.0003982149 0.0000039914 -0.0000000364 
0.0003982149 0.0000039914 -0.0000000364 
0.0003982149 0.0000039914 -0.0000000364 
0.0003982149 0.0000039914 -0.0000000364 
0.0003982149 0.0000039914 -0.0000000364 
0.0003982149 0.0000039914 -0.0000000364 
0.0003982149 0.0000039914 -0.0000000364 
0.0003982149 0.0000039914 -0.0000000364 
0.0003982149 0.0000039914 -0.0000000364 
0.0003982149 0.0000039914 -0.0000000364 
0.0003982149 0.0000039914 -0.0000000364 
0.0003982149 0.0000039914 -0.0000000364 
0.0003982149 0.0000039914 -0.0000000364 
0.0003982149 0.0000039914 -0.0000000364 
0.0003982149 0.0000039914 -0.0000000364 
0.0003982149 0.0000039914 -0.0000000364 
0.0003982149 0.0000039914 -0.0000000364 
0.0003982149 0.0000039914 -0.0000000364 
0.0003982149 0.0000039914 -0.0000000364 
0.0003982149 0.0000039914 -0.0000000364 
0.0003982149 0.0000039914 -0.0000000364 
0.0003982149 0.0000039914 -0.0000000364 
0.0003982149 0.0000039914 -0.0000000364 
0.0003982149 0.0000039914 -0.0000000364 
0.0003982149 0.0000039914 -0.0000000364 
0.0003982149 0.0000039914 -0.0000000364 
0.0003982149 0.0000039914 -0.0000000364 
0.0003982149 0.0000039914 -0.0000000364 
0.0003982149 0.0000039914 -0.0000000364 
0.0003982149 0.0000039914 -0.0000000364 
0.0003982149 0.0000039914 -0.0000000364 
0.0003982149 0.0000039914 -0.0000000364 
0.0003982149 0.0000039914 -0.0000000364 
0.0003982149 0.0000039914 -0.0000000364 
0.0003982149 0.0000039914 -0.0000000364 
0.0003982149 0.0000039914 -0.0000000364 
0.0003982149 0.0000039914 -0.0000000364 
0.0003982149 0.0000039914 -0.0000000364 
0.0003982149 0.0000039914 -0.0000000364 
0.0003982149 0.0000039914 -0.0000000364 
0.0003982149 0.0000039914 -0.0000000364 
0.0003982149 0.0000039914 -0.0000000364 
0.0003982149 0.0000039914 -0.0000000364 
0.0003982149 0.0000039914 -0.0000000364 
0.0003982149 0.0000039914 -0.0000000364 
0.0003982149 0.0000039914 -0.0000000364 
0.0003982149 0.0000039914 -0.0000000364 
0.0003982149 0.0000039914 -0.0000000364 
0.0003982149 0.0000039914 -0.0000000364 
0.0003982149 0.0000039914 -0.0000000364 
0.0003982149 0.0000039914 -0.0000000364 
0.0003982149 0.0000039914 -0.0000000364 
0.0003982149 0.0000039914 -0.0000000364 
0.0003982149 0.0000039914 -0.0000000364 
0.0003982149 0.0000039914 -0.0000000364 
0.0003982149 0.0000039914 -0.0000000364 
0.0003982149 0.0000039914 -0.0000000364 
0.0003982149 0.0000039914 -0.0000000364 
0.0003982149 0.0000039914 -0.0000000364 
0.0003982149 0.0000039914 -0.0000000364 
0.0003982149 0.0000039914 -0.0000000364 
0.0003982149 0.0000039914 -0.0000000364 
0.0003982149 0.0000039914 -0.0000000364 
0.0003982149 0.0000039914 -0.0000000364 
0.0003982149 0.0000039914 -0.0000000364 
0.0003982149 0.0000039914 -0.0000000364 
0.0003982149 0.0000039914 -0.0000000364 
0.0003982149 0.0000039914 -0.0000000364 
0.0003982149 0.0000039914 -0.0000000364 
0.0003982149 0.0000039914 -0.0000000364 
0.0003982149 0.0000039914 -0.0000000364 
0.0003982149 0.0000039914 -0.0000000364 
0.0003982149 0.0000039914 -0.0000000364 
0.0003982149 0.0000039914 -0.0000000364 
0.0003982149 0.0000039914 -0.0000000364 
0.0003982149 0.0000039914 -0.0000000364 
0.0003982149 0.0000039914 -0.0000000364 
0.0003982149 0.0000039914 -0.0000000364 
0.0003982149 0.0000039914 -0.0000000364 
0.0003982149 0.0000039914 -0.0000000364 
0.0003982149 0.0000039914 -0.0000000364 
0.0003982149 0.0000039914 -0.0000000364 
0.0003982149 0.0000039914 -0.0000000364 
0.0003982149 0.0000039914 -0.0000000364 
0.0003982149 0.0000039914 -0.0000000364 
0.0003982149 0.0000039914 -0.0000000364 
0.0003982149 0.0000039914 -0.0000000364 
0.0003982149 0.0000039914 -0.0000000364 
0.0003982149 0.0000039914 -0.0000000364 
0.0003982149 0.0000039914 -0.0000000364 
0.0003982149 0.0000039914 -0.0000000364 
0.0003982149 0.0000039914 -0.0000000364 
0.0003982149 0.0000039914 -0.0000000364 
0.0003982149 0.0000039914 -0.0000000364 
0.0003982149 0.0000039914 -0.0000000364 
0.0003982149 0.0000039914 -0.0000000364 
0.0003982149 0.0000039914 -0.0000000364 
0.0003982149 0.0000039914 -0.0000000364 
0.0003982149 0.0000039914 -0.0000000364 
0.0003982149 0.0000039914 -0.0000000364 
0.0003982149 0.0000039914 -0.0000000364 
0.0003982149 0.0000039914 -0.0000000364 
0.0003982149 0.0000039914 -0.0000000364 
0.0003982149 0.0000039914 -0.0000000364 
0.0003982149 0.0000039914 -0.0000000364 
0.0003982149 0.0000039914 -0.0000000364 
0.0003982149 0.0000039914 -0.0000000364 
0.0003982149 0.0000039914 -0.0000000364 
0.0003982149 0.0000039914 -0.0000000364 
0.0003982149 0.0000039914 -0.0000000364 
0.0003982149 0.0000039914 -0.0000000364 
0.0003982149 0.0000039914 -0.0000000364 
0.0003982149 0.0000039914 -0.0000000364 
0.0003982149 0.0000039914 -0.0000000364 
0.0003982149 0.0000039914 -0.0000000364 
0.0003982149 0.0000039914 -0.0000000364 
0.0003982149 0.0000039914 -0.0000000364 
0.0003982149 0.0000039914 -0.0000000364 
0.0003982149 0.0000039914 -0.0000000364 
0.0003982149 0.0000039914 -0.0000000364 
0.0003982149 0.0000039914 -0.0000000364 
0.0003982149 0.0000039914 -0.0000000364 
0.0003982149 0.0000039914 -0.0000000364 
0.0003982149 0.0000039914 -0.0000000364 
0.0003982149 0.0000039914 -0.0000000364 
0.0003982149 0.0000039914 -0.0000000364 
0.0003982149 0.0000039914 -0.0000000364 
0.0003982149 0.0000039914 -0.0000000364 
0.0003982149 0.0000039914 -0.0000000364 
0.0003982149 0.0000039914 -0.0000000364 
0.0003982149 0.0000039914 -0.0000000364 
0.0003982149 0.0000039914 -0.0000000364 
0.0003982149 0.0000039914 -0.0000000364 
0.0003982149 0.0000039914 -0.0000000364 
0.0003982149 0.0000039914 -0.0000000364 
0.0003982149 0.0000039914 -0.0000000364 
0.0003982149 0.0000039914 -0.0000000364 
0.0003982149 0.0000039914 -0.0000000364 
0.0003982149 0.0000039914 -0.0000000364 
0.0003982149 0.0000039914 -0.0000000364 
0.0003982149 0.0000039914 -0.0000000364 
0.0003982149 0.0000039914 -0.0000000364 
0.0003982149 0.0000039914 -0.0000000364 
0.0003982149 0.0000039914 -0.0000000364 
0.0003982149 0.0000039914 -0.0000000364 
0.0003982149 0.0000039914 -0.0000000364 
0.0003982149 0.0000039914 -0.0000000364 
0.0003982149 0.0000039914 -0.0000000364 
0.0003982149 0.0000039914 -0.0000000364 
0.0003982149 0.0000039914 -0.0000000364 
0.0003982149 0.0000039914 -0.0000000364 
0.0003982149 0.0000039914 -0.0000000364 
0.0003982149 0.0000039914 -0.0000000364 
0.0003982149 0.0000039914 -0.0000000364 
0.0003982149 0.0000039914 -0.0000000364 
0.0003982149 0.0000039914 -0.0000000364 
0.0003982149 0.0000039914 -0.0000000364 
0.0003982149 0.0000039914 -0.0000000364 
0.0003982149 0.0000039914 -0.0000000364 
0.0003982149 0.0000039914 -0.0000000364 
0.0003982149 0.0000039914 -0.0000000364 
0.0003982149 0.0000039914 -0.0000000364 
0.0003982149 0.0000039914 -0.0000000364 
0.0003982149 0.0000039914 -0.0000000364 
0.0003978766 0.0000033635 0.0000000289 
0.0003975386 0.0000027369 0.0000000936 
0.0003971971 0.0000021111 0.0000001596 
0.0003968533 0.0000014876 0.0000002261 
0.0003965113 0.0000008692 0.0000002916 
0.0003961717 0.0000002562 0.0000003558 
0.0003958346 -0.0000003513 0.0000004182 
0.0003955002 -0.0000009535 0.0000004785 
0.0003951684 -0.0000015504 0.0000005366 
0.0003948390 -0.0000021424 0.0000005924 
0.0003945122 -0.0000027294 0.0000006458 
0.0003941876 -0.0000033118 0.0000006966 
0.0003938652 -0.0000038897 0.0000007449 
0.0003935446 -0.0000044633 0.0000007908 
0.0003932255 -0.0000050327 0.0000008343 
0.0003929076 -0.0000055983 0.0000008757 
0.0003925906 -0.0000061602 0.0000009150 
0.0003922742 -0.0000067186 0.0000009526 
0.0003919583 -0.0000072739 0.0000009886 
0.0003916426 -0.0000078262 0.0000010231 
0.0003913270 -0.0000083756 0.0000010563 
0.0003910111 -0.0000089224 0.0000010883 
0.0003906943 -0.0000094669 0.0000011195 
0.0003903779 -0.0000100089 0.0000011501 
0.0003900629 -0.0000105487 0.0000011800 
0.0003897491 -0.0000110861 0.0000012091 
0.0003894359 -0.0000116215 0.0000012378 
0.0003891195 -0.0000121554 0.0000012647 
0.0003888030 -0.0000126877 0.0000012929 
0.0003884857 -0.0000132184 0.0000013214 
0.0003881673 -0.0000137476 0.0000013500 
0.0003878476 -0.0000142754 0.0000013789 
0.0003875265 -0.0000148018 0.0000014081 
0.0003872039 -0.0000153271 0.0000014376 
0.0003868798 -0.0000158512 0.0000014677 
0.0003865541 -0.0000163741 0.0000014983 
0.0003862267 -0.0000168960 0.0000015294 
0.0003858975 -0.0000174169 0.0000015611 
0.0003855664 -0.0000179370 0.0000015934 
0.0003852329 -0.0000184563 0.0000016264 
0.0003848971 -0.0000189748 0.0000016602 
0.0003845588 -0.0000194927 0.0000016950 
0.0003842179 -0.0000200100 0.0000017306 
0.0003838743 -0.0000205268 0.0000017672 
0.0003835278 -0.0000210430 0.0000018049 
0.0003831786 -0.0000215587 0.0000018436 
0.0003828263 -0.0000220738 0.0000018834 
0.0003824712 -0.0000225886 0.0000019246 
0.0003821129 -0.0000231035 0.0000019688 
0.0003817463 -0.0000236179 0.0000020165 
0.0003813763 -0.0000241305 0.0000020657 
0.0003810045 -0.0000246407 0.0000021158 
0.0003806314 -0.0000251486 0.0000021668 
0.0003802573 -0.0000256540 0.0000022187 
0.0003798820 -0.0000261569 0.0000022717 
0.0003795054 -0.0000266573 0.0000023260 
0.0003791272 -0.0000271551 0.0000023821 
0.0003787471 -0.0000276505 0.0000024402 
0.0003783649 -0.0000281434 0.0000025006 
0.0003779806 -0.0000286340 0.0000025634 
0.0003775938 -0.0000291222 0.0000026299 
0.0003772048 -0.0000296085 0.0000027002 
0.0003768129 -0.0000300927 0.0000027737 
0.0003764182 -0.0000305752 0.0000028504 
0.0003760195 -0.0000310569 0.0000029304 
0.0003756187 -0.0000315359 0.0000030125 
0.0003752161 -0.0000320127 0.0000030970 
0.0003748110 -0.0000324878 0.0000031841 
0.0003744038 -0.0000329613 0.0000032738 
0.0003739946 -0.0000334331 0.0000033660 
0.0003735839 -0.0000339040 0.0000034606 
0.0003731719 -0.0000343737 0.0000035575 
0.0003727580 -0.0000348418 0.0000036561 
0.0003723447 -0.0000353086 0.0000037575 
0.0003719340 -0.0000357744 0.0000038618 
0.0003715276 -0.0000362385 0.0000039701 
0.0003711187 -0.0000367014 0.0000040775 
0.0003707098 -0.0000371617 0.0000041835 
0.0003703007 -0.0000376203 0.0000042888 
0.0003698915 -0.0000380777 0.0000043939 
0.0003694821 -0.0000385342 0.0000044993 
0.0003690723 -0.0000389902 0.0000046053 
0.0003686620 -0.0000394457 0.0000047119 
0.0003682516 -0.0000399008 0.0000048188 
0.0003678416 -0.0000403553 0.0000049259 
0.0003674322 -0.0000408086 0.0000050341 
0.0003670237 -0.0000412605 0.0000051418 
0.0003666162 -0.0000417113 0.0000052485 
0.0003662075 -0.0000421605 0.0000053548 
0.0003657965 -0.0000426078 0.0000054611 
0.0003653835 -0.0000430533 0.0000055669 
0.0003649692 -0.0000434971 0.0000056725 
0.0003645537 -0.0000439397 0.0000057779 
0.0003641372 -0.0000443813 0.0000058833 
0.0003637199 -0.0000448224 0.0000059885 
0.0003633017 -0.0000452632 0.0000060938 
0.0003628824 -0.0000457040 0.0000061992 
0.0003624621 -0.0000461449 0.0000063048 
0.0003620407 -0.0000465860 0.0000064107 
0.0003616179 -0.0000470275 0.0000065168 
0.0003611946 -0.0000474693 0.0000066229 
0.0003607706 -0.0000479113 0.0000067291 
0.0003603457 -0.0000483537 0.0000068353 
0.0003599198 -0.0000487964 0.0000069419 
0.0003594924 -0.0000492395 0.0000070488 
0.0003590631 -0.0000496831 0.0000071563 
0.0003586315 -0.0000501271 0.0000072646 
0.0003581969 -0.0000505719 0.0000073738 
0.0003577591 -0.0000510172 0.0000074840 
0.0003573173 -0.0000514633 0.0000075954 
0.0003568709 -0.0000519102 0.0000077083 
0.0003564186 -0.0000523582 0.0000078228 
0.0003559574 -0.0000528075 0.0000079389 
0.0003554874 -0.0000532582 0.0000080571 
0.0003550085 -0.0000537109 0.0000081775 
0.0003545198 -0.0000541663 0.0000083003 
0.0003540204 -0.0000546261 0.0000084256 
0.0003540204 -0.0000546261 0.0000084256 
0.0003540204 -0.0000546261 0.0000084256 
0.0003540204 -0.0000546261 0.0000084256 
0.0003540204 -0.0000546261 0.0000084256 
0.0003540204 -0.0000546261 0.0000084256 
0.0003540204 -0.0000546261 0.0000084256 
0.0003540204 -0.0000546261 0.0000084256 
0.0003540204 -0.0000546261 0.0000084256 
0.0003540204 -0.0000546261 0.0000084256 
0.0003540204 -0.0000546261 0.0000084256 
0.0003540204 -0.0000546261 0.0000084256 
0.0003540204 -0.0000546261 0.0000084256 
0.0003540204 -0.0000546261 0.0000084256 
0.0003540204 -0.0000546261 0.0000084256 
0.0003540204 -0.0000546261 0.0000084256 
0.0003540204 -0.0000546261 0.0000084256 
0.0003540204 -0.0000546261 0.0000084256 
0.0003540204 -0.0000546261 0.0000084256 
0.0003540204 -0.0000546261 0.0000084256 
0.0003540204 -0.0000546261 0.0000084256 
0.0003540204 -0.0000546261 0.0000084256 
0.0003540204 -0.0000546261 0.0000084256 
0.0003540204 -0.0000546261 0.0000084256 
0.0003540204 -0.0000546261 0.0000084256 
0.0003540204 -0.0000546261 0.0000084256 
0.0003540204 -0.0000546261 0.0000084256 
0.0003540204 -0.0000546261 0.0000084256 
0.0003540204 -0.0000546261 0.0000084256 
0.0003540204 -0.0000546261 0.0000084256 
0.0003540204 -0.0000546261 0.0000084256 
0.0003540204 -0.0000546261 0.0000084256 
0.0003540204 -0.0000546261 0.0000084256 
0.0003540204 -0.0000546261 0.0000084256 
0.0003540204 -0.0000546261 0.0000084256 
0.0003540204 -0.0000546261 0.0000084256 
0.0003540204 -0.0000546261 0.0000084256 
0.0003540204 -0.0000546261 0.0000084256 
0.0003540204 -0.0000546261 0.0000084256 
0.0003540204 -0.0000546261 0.0000084256 
0.0003540204 -0.0000546261 0.0000084256 
0.0003540204 -0.0000546261 0.0000084256 
0.0003540204 -0.0000546261 0.0000084256 
0.0003540204 -0.0000546261 0.0000084256 
0.0003540204 -0.0000546261 0.0000084256 
0.0003540204 -0.0000546261 0.0000084256 
0.0003540204 -0.0000546261 0.0000084256 
0.0003540204 -0.0000546261 0.0000084256 
0.0003540204 -0.0000546261 0.0000084256 
0.0003540204 -0.0000546261 0.0000084256 
0.0003540204 -0.0000546261 0.0000084256 
0.0003540204 -0.0000546261 0.0000084256 
0.0003540204 -0.0000546261 0.0000084256 
0.0003540204 -0.0000546261 0.0000084256 
0.0003540204 -0.0000546261 0.0000084256 
0.0003540204 -0.0000546261 0.0000084256 
0.0003540204 -0.0000546261 0.0000084256 
0.0003540204 -0.0000546261 0.0000084256 
0.0003540204 -0.0000546261 0.0000084256 
0.0003540204 -0.0000546261 0.0000084256 
0.0003540204 -0.0000546261 0.0000084256 
0.0003540204 -0.0000546261 0.0000084256 
0.0003540204 -0.0000546261 0.0000084256 
0.0003540204 -0.0000546261 0.0000084256 
0.0003540204 -0.0000546261 0.0000084256 
0.0003540204 -0.0000546261 0.0000084256 
0.0003540204 -0.0000546261 0.0000084256 
0.0003540204 -0.0000546261 0.0000084256 
0.0003540204 -0.0000546261 0.0000084256 
0.0003540204 -0.0000546261 0.0000084256 
0.0003540204 -0.0000546261 0.0000084256 
0.0003540204 -0.0000546261 0.0000084256 
0.0003540204 -0.0000546261 0.0000084256 
0.0003540204 -0.0000546261 0.0000084256 
0.0003540204 -0.0000546261 0.0000084256 
0.0003540204 -0.0000546261 0.0000084256 
0.0003540204 -0.0000546261 0.0000084256 
0.0003540204 -0.0000546261 0.0000084256 
0.0003540204 -0.0000546261 0.0000084256 
0.0003540204 -0.0000546261 0.0000084256 
0.0003540204 -0.0000546261 0.0000084256 
0.0003540204 -0.0000546261 0.0000084256 
0.0003540204 -0.0000546261 0.0000084256 
0.0003540204 -0.0000546261 0.0000084256 
0.0003540204 -0.0000546261 0.0000084256 
0.0003540204 -0.0000546261 0.0000084256 
0.0003540204 -0.0000546261 0.0000084256 
0.0003540204 -0.0000546261 0.0000084256 
0.0003540204 -0.0000546261 0.0000084256 
0.0003540204 -0.0000546261 0.0000084256 
0.0003540204 -0.0000546261 0.0000084256 
0.0003540204 -0.0000546261 0.0000084256 
0.0003540204 -0.0000546261 0.0000084256 
0.0003540204 -0.0000546261 0.0000084256 
0.0003540204 -0.0000546261 0.0000084256 
0.0003540204 -0.0000546261 0.0000084256 
0.0003540204 -0.0000546261 0.0000084256 
0.0003540204 -0.0000546261 0.0000084256 
0.0003540204 -0.0000546261 0.0000084256 
0.0003540204 -0.0000546261 0.0000084256 
0.0003540204 -0.0000546261 0.0000084256 
0.0003540204 -0.0000546261 0.0000084256 
0.0003540204 -0.0000546261 0.0000084256 
0.0003540204 -0.0000546261 0.0000084256 
0.0003540204 -0.0000546261 0.0000084256 
0.0003540204 -0.0000546261 0.0000084256 
0.0003540204 -0.0000546261 0.0000084256 
0.0003540204 -0.0000546261 0.0000084256 
0.0003540204 -0.0000546261 0.0000084256 
0.0003540204 -0.0000546261 0.0000084256 
0.0003540204 -0.0000546261 0.0000084256 
0.0003540204 -0.0000546261 0.0000084256 
0.0003540204 -0.0000546261 0.0000084256 
0.0003540204 -0.0000546261 0.0000084256 
0.0003540204 -0.0000546261 0.0000084256 
0.0003540204 -0.0000546261 0.0000084256 
0.0003540204 -0.0000546261 0.0000084256 
0.0003540204 -0.0000546261 0.0000084256 
0.0003540204 -0.0000546261 0.0000084256 
0.0003540204 -0.0000546261 0.0000084256 
0.0003540204 -0.0000546261 0.0000084256 
0.0003540204 -0.0000546261 0.0000084256 
0.0003540204 -0.0000546261 0.0000084256 
0.0003540204 -0.0000546261 0.0000084256 
0.0003540204 -0.0000546261 0.0000084256 
0.0003540204 -0.0000546261 0.0000084256 
0.0003540204 -0.0000546261 0.0000084256 
0.0003540204 -0.0000546261 0.0000084256 
0.0003540204 -0.0000546261 0.0000084256 
0.0003540204 -0.0000546261 0.0000084256 
0.0003540204 -0.0000546261 0.0000084256 
0.0003540204 -0.0000546261 0.0000084256 
0.0003540204 -0.0000546261 0.0000084256 
0.0003540204 -0.0000546261 0.0000084256 
0.0003540204 -0.0000546261 0.0000084256 
0.0003540204 -0.0000546261 0.0000084256 
0.0003540204 -0.0000546261 0.0000084256 
0.0003540204 -0.0000546261 0.0000084256 
0.0003540204 -0.0000546261 0.0000084256 
0.0003540204 -0.0000546261 0.0000084256 
0.0003540204 -0.0000546261 0.0000084256 
0.0003540204 -0.0000546261 0.0000084256 
0.0003540204 -0.0000546261 0.0000084256 
0.0003540204 -0.0000546261 0.0000084256 
0.0003540204 -0.0000546261 0.0000084256 
0.0003540204 -0.0000546261 0.0000084256 
0.0003540204 -0.0000546261 0.0000084256 
0.0003540204 -0.0000546261 0.0000084256 
0.0003540204 -0.0000546261 0.0000084256 
0.0003540204 -0.0000546261 0.0000084256 
0.0003540204 -0.0000546261 0.0000084256 
0.0003540204 -0.0000546261 0.0000084256 
0.0003540204 -0.0000546261 0.0000084256 
0.0003540204 -0.0000546261 0.0000084256 
0.0003540204 -0.0000546261 0.0000084256 
0.0003540204 -0.0000546261 0.0000084256 
0.0003540204 -0.0000546261 0.0000084256 
0.0003540204 -0.0000546261 0.0000084256 
0.0003540204 -0.0000546261 0.0000084256 
0.0003540204 -0.0000546261 0.0000084256 
0.0003540204 -0.0000546261 0.0000084256 
0.0003540204 -0.0000546261 0.0000084256 
0.0003540204 -0.0000546261 0.0000084256 
0.0003540204 -0.0000546261 0.0000084256 
0.0003540204 -0.0000546261 0.0000084256 
0.0003540204 -0.0000546261 0.0000084256 
0.0003540204 -0.0000546261 0.0000084256 
0.0003540204 -0.0000546261 0.0000084256 
0.0003540204 -0.0000546261 0.0000084256 
0.0003540204 -0.0000546261 0.0000084256 
0.0003540204 -0.0000546261 0.0000084256 
0.0003540204 -0.0000546261 0.0000084256 
0.0003540204 -0.0000546261 0.0000084256 
0.0003540204 -0.0000546261 0.0000084256 
0.0003540204 -0.0000546261 0.0000084256 
0.0003540204 -0.0000546261 0.0000084256 
0.0003540204 -0.0000546261 0.0000084256 
0.0003540204 -0.0000546261 0.0000084256 
0.0003540204 -0.0000546261 0.0000084256 
0.0003540204 -0.0000546261 0.0000084256 
0.0003540204 -0.0000546261 0.0000084256 
0.0003540204 -0.0000546261 0.0000084256 
0.0003540204 -0.0000546261 0.0000084256 
0.0003540204 -0.0000546261 0.0000084256 
0.0003540204 -0.0000546261 0.0000084256 
0.0003540204 -0.0000546261 0.0000084256 
0.0003540204 -0.0000546261 0.0000084256 
0.0003540204 -0.0000546261 0.0000084256 
0.0003540204 -0.0000546261 0.0000084256 
0.0003540204 -0.0000546261 0.0000084256 
0.0003540204 -0.0000546261 0.0000084256 
0.0003540204 -0.0000546261 0.0000084256 
0.0003540204 -0.0000546261 0.0000084256 
0.0003540204 -0.0000546261 0.0000084256 
0.0003540204 -0.0000546261 0.0000084256 
0.0003540204 -0.0000546261 0.0000084256 
0.0003540204 -0.0000546261 0.0000084256 
0.0003540204 -0.0000546261 0.0000084256 
0.0003540204 -0.0000546261 0.0000084256 
0.0003540204 -0.0000546261 0.0000084256 
0.0003540204 -0.0000546261 0.0000084256 
0.0003540204 -0.0000546261 0.0000084256 
0.0003540204 -0.0000546261 0.0000084256 
0.0003540204 -0.0000546261 0.0000084256 
0.0003540204 -0.0000546261 0.0000084256 
0.0003540204 -0.0000546261 0.0000084256 
0.0003540204 -0.0000546261 0.0000084256 
0.0003540204 -0.0000546261 0.0000084256 
0.0003540204 -0.0000546261 0.0000084256 
0.0003540204 -0.0000546261 0.0000084256 
0.0003540204 -0.0000546261 0.0000084256 
0.0003540204 -0.0000546261 0.0000084256 
0.0003540204 -0.0000546261 0.0000084256 
0.0003540204 -0.0000546261 0.0000084256 
0.0003540204 -0.0000546261 0.0000084256 
0.0003536012 -0.0000549257 0.0000085318 
0.0003531843 -0.0000552238 0.0000086367 
0.0003527715 -0.0000555198 0.0000087392 
0.0003523630 -0.0000558135 0.0000088388 
0.0003523630 -0.0000558135 0.0000088388 
0.0003523630 -0.0000558135 0.0000088388 
0.0003523630 -0.0000558135 0.0000088388 
0.0003523630 -0.0000558135 0.0000088388 
0.0003523630 -0.0000558135 0.0000088388 
0.0003523630 -0.0000558135 0.0000088388 
0.0003523630 -0.0000558135 0.0000088388 
0.0003523630 -0.0000558135 0.0000088388 
0.0003523630 -0.0000558135 0.0000088388 
0.0003523630 -0.0000558135 0.0000088388 
0.0003523630 -0.0000558135 0.0000088388 
0.0003523630 -0.0000558135 0.0000088388 
0.0003523630 -0.0000558135 0.0000088388 
0.0003523630 -0.0000558135 0.0000088388 
0.0003523630 -0.0000558135 0.0000088388 
0.0003523630 -0.0000558135 0.0000088388 
0.0003523630 -0.0000558135 0.0000088388 
0.0003523630 -0.0000558135 0.0000088388 
0.0003523630 -0.0000558135 0.0000088388 
0.0003523630 -0.0000558135 0.0000088388 
0.0003523630 -0.0000558135 0.0000088388 
0.0003523630 -0.0000558135 0.0000088388 
0.0003523630 -0.0000558135 0.0000088388 
0.0003523630 -0.0000558135 0.0000088388 
0.0003523630 -0.0000558135 0.0000088388 
0.0003523630 -0.0000558135 0.0000088388 
0.0003523630 -0.0000558135 0.0000088388 
0.0003523630 -0.0000558135 0.0000088388 
0.0003523630 -0.0000558135 0.0000088388 
0.0003523630 -0.0000558135 0.0000088388 
0.0003523630 -0.0000558135 0.0000088388 
0.0003519459 -0.0000560913 0.0000089402 
0.0003515300 -0.0000563685 0.0000090410 
0.0003511163 -0.0000566445 0.0000091408 
0.0003507055 -0.0000569193 0.0000092392 
0.0003502974 -0.0000571932 0.0000093360 
0.0003502974 -0.0000571932 0.0000093360 
0.0003502974 -0.0000571932 0.0000093360 
0.0003502974 -0.0000571932 0.0000093360 
0.0003502974 -0.0000571932 0.0000093360 
0.0003502974 -0.0000571932 0.0000093360 
0.0003502974 -0.0000571932 0.0000093360 
0.0003502974 -0.0000571932 0.0000093360 
0.0003502974 -0.0000571932 0.0000093360 
0.0003502974 -0.0000571932 0.0000093360 
0.0003502974 -0.0000571932 0.0000093360 
0.0003502974 -0.0000571932 0.0000093360 
0.0003502974 -0.0000571932 0.0000093360 
0.0003502974 -0.0000571932 0.0000093360 
0.0003502974 -0.0000571932 0.0000093360 
0.0003502974 -0.0000571932 0.0000093360 
0.0003502974 -0.0000571932 0.0000093360 
0.0003502974 -0.0000571932 0.0000093360 
0.0003502974 -0.0000571932 0.0000093360 
0.0003502974 -0.0000571932 0.0000093360 
0.0003498742 -0.0000574703 0.0000094405 
0.0003494514 -0.0000577472 0.0000095445 
0.0003490298 -0.0000580237 0.0000096480 
0.0003486099 -0.0000582995 0.0000097505 
0.0003481919 -0.0000585748 0.0000098519 
0.0003481919 -0.0000585748 0.0000098519 
0.0003481919 -0.0000585748 0.0000098519 
0.0003481919 -0.0000585748 0.0000098519 
0.0003481919 -0.0000585748 0.0000098519 
0.0003481919 -0.0000585748 0.0000098519 
0.0003481919 -0.0000585748 0.0000098519 
0.0003481919 -0.0000585748 0.0000098519 
0.0003481919 -0.0000585748 0.0000098519 
0.0003481919 -0.0000585748 0.0000098519 
0.0003481919 -0.0000585748 0.0000098519 
0.0003481919 -0.0000585748 0.0000098519 
0.0003481919 -0.0000585748 0.0000098519 
0.0003481919 -0.0000585748 0.0000098519 
0.0003481919 -0.0000585748 0.0000098519 
0.0003481919 -0.0000585748 0.0000098519 
0.0003481919 -0.0000585748 0.0000098519 
0.0003481919 -0.0000585748 0.0000098519 
0.0003481919 -0.0000585748 0.0000098519 
0.0003481919 -0.0000585748 0.0000098519 
0.0003481919 -0.0000585748 0.0000098519 
0.0003481919 -0.0000585748 0.0000098519 
0.0003477586 -0.0000588497 0.0000099593 
0.0003473260 -0.0000591245 0.0000100662 
0.0003468944 -0.0000593990 0.0000101728 
0.0003464639 -0.0000596729 0.0000102789 
0.0003460355 -0.0000599462 0.0000103839 
0.0003460355 -0.0000599462 0.0000103839 
0.0003460355 -0.0000599462 0.0000103839 
0.0003460355 -0.0000599462 0.0000103839 
0.0003460355 -0.0000599462 0.0000103839 
0.0003460355 -0.0000599462 0.0000103839 
0.0003460355 -0.0000599462 0.0000103839 
0.0003460355 -0.0000599462 0.0000103839 
0.0003460355 -0.0000599462 0.0000103839 
0.0003460355 -0.0000599462 0.0000103839 
0.0003460355 -0.0000599462 0.0000103839 
0.0003460355 -0.0000599462 0.0000103839 
0.0003460355 -0.0000599462 0.0000103839 
0.0003460355 -0.0000599462 0.0000103839 
0.0003460355 -0.0000599462 0.0000103839 
0.0003460355 -0.0000599462 0.0000103839 
0.0003460355 -0.0000599462 0.0000103839 
0.0003460355 -0.0000599462 0.0000103839 
0.0003460355 -0.0000599462 0.0000103839 
0.0003460355 -0.0000599462 0.0000103839 
0.0003460355 -0.0000599462 0.0000103839 
0.0003460355 -0.0000599462 0.0000103839 
0.0003460355 -0.0000599462 0.0000103839 
0.0003460355 -0.0000599462 0.0000103839 
0.0003460355 -0.0000599462 0.0000103839 
0.0003460355 -0.0000599462 0.0000103839 
0.0003460355 -0.0000599462 0.0000103839 
0.0003460355 -0.0000599462 0.0000103839 
0.0003460355 -0.0000599462 0.0000103839 
0.0003460355 -0.0000599462 0.0000103839 
0.0003460355 -0.0000599462 0.0000103839 
0.0003460355 -0.0000599462 0.0000103839 
0.0003460355 -0.0000599462 0.0000103839 
0.0003460355 -0.0000599462 0.0000103839 
0.0003460355 -0.0000599462 0.0000103839 
0.0003460355 -0.0000599462 0.0000103839 
0.0003460355 -0.0000599462 0.0000103839 
0.0003460355 -0.0000599462 0.0000103839 
0.0003460355 -0.0000599462 0.0000103839 
0.0003460355 -0.0000599462 0.0000103839 
0.0003460355 -0.0000599462 0.0000103839 
0.0003460355 -0.0000599462 0.0000103839 
0.0003460355 -0.0000599462 0.0000103839 
0.0003460355 -0.0000599462 0.0000103839 
0.0003460355 -0.0000599462 0.0000103839 
0.0003460355 -0.0000599462 0.0000103839 
0.0003460355 -0.0000599462 0.0000103839 
0.0003460355 -0.0000599462 0.0000103839 
0.0003460355 -0.0000599462 0.0000103839 
0.0003460355 -0.0000599462 0.0000103839 
0.0003460355 -0.0000599462 0.0000103839 
0.0003460355 -0.0000599462 0.0000103839 
0.0003460355 -0.0000599462 0.0000103839 
0.0003460355 -0.0000599462 0.0000103839 
0.0003460355 -0.0000599462 0.0000103839 
0.0003460355 -0.0000599462 0.0000103839 
0.0003460355 -0.0000599462 0.0000103839 
0.0003460355 -0.0000599462 0.0000103839 
0.0003460355 -0.0000599462 0.0000103839 
0.0003460355 -0.0000599462 0.0000103839 
0.0003460355 -0.0000599462 0.0000103839 
0.0003460355 -0.0000599462 0.0000103839 
0.0003460355 -0.0000599462 0.0000103839 
0.0003460355 -0.0000599462 0.0000103839 
0.0003460355 -0.0000599462 0.0000103839 
0.0003460355 -0.0000599462 0.0000103839 
0.0003460355 -0.0000599462 0.0000103839 
0.0003460355 -0.0000599462 0.0000103839 
0.0003460355 -0.0000599462 0.0000103839 
0.0003460355 -0.0000599462 0.0000103839 
0.0003460355 -0.0000599462 0.0000103839 
0.0003460355 -0.0000599462 0.0000103839 
0.0003460355 -0.0000599462 0.0000103839 
0.0003460355 -0.0000599462 0.0000103839 
0.0003460355 -0.0000599462 0.0000103839 
0.0003460355 -0.0000599462 0.0000103839 
0.0003460355 -0.0000599462 0.0000103839 
0.0003460355 -0.0000599462 0.0000103839 
0.0003460355 -0.0000599462 0.0000103839 
0.0003460355 -0.0000599462 0.0000103839 
0.0003460355 -0.0000599462 0.0000103839 
0.0003460355 -0.0000599462 0.0000103839 
0.0003460355 -0.0000599462 0.0000103839 
0.0003460355 -0.0000599462 0.0000103839 
0.0003460355 -0.0000599462 0.0000103839 
0.0003460355 -0.0000599462 0.0000103839 
0.0003460355 -0.0000599462 0.0000103839 
0.0003460355 -0.0000599462 0.0000103839 
0.0003460355 -0.0000599462 0.0000103839 
0.0003460355 -0.0000599462 0.0000103839 
0.0003460355 -0.0000599462 0.0000103839 
0.0003460355 -0.0000599462 0.0000103839 
0.0003460355 -0.0000599462 0.0000103839 
0.0003460355 -0.0000599462 0.0000103839 
0.0003460355 -0.0000599462 0.0000103839 
0.0003460355 -0.0000599462 0.0000103839 
0.0003460355 -0.0000599462 0.0000103839 
0.0003460355 -0.0000599462 0.0000103839 
0.0003460355 -0.0000599462 0.0000103839 
0.0003460355 -0.0000599462 0.0000103839 
0.0003460355 -0.0000599462 0.0000103839 
0.0003460355 -0.0000599462 0.0000103839 
0.0003460355 -0.0000599462 0.0000103839 
0.0003460355 -0.0000599462 0.0000103839 
0.0003460355 -0.0000599462 0.0000103839 
0.0003460355 -0.0000599462 0.0000103839 
0.0003460355 -0.0000599462 0.0000103839 
0.0003460355 -0.0000599462 0.0000103839 
0.0003460355 -0.0000599462 0.0000103839 
0.0003460355 -0.0000599462 0.0000103839 
0.0003460355 -0.0000599462 0.0000103839 
0.0003460355 -0.0000599462 0.0000103839 
0.0003460355 -0.0000599462 0.0000103839 
0.0003460355 -0.0000599462 0.0000103839 
0.0003460355 -0.0000599462 0.0000103839 
0.0003460355 -0.0000599462 0.0000103839 
0.0003460355 -0.0000599462 0.0000103839 
0.0003460355 -0.0000599462 0.0000103839 
0.0003460355 -0.0000599462 0.0000103839 
0.0003460355 -0.0000599462 0.0000103839 
0.0003460355 -0.0000599462 0.0000103839 
0.0003460355 -0.0000599462 0.0000103839 
0.0003460355 -0.0000599462 0.0000103839 
0.0003460355 -0.0000599462 0.0000103839 
0.0003460355 -0.0000599462 0.0000103839 
0.0003460355 -0.0000599462 0.0000103839 
0.0003460355 -0.0000599462 0.0000103839 
0.0003460355 -0.0000599462 0.0000103839 
0.0003460355 -0.0000599462 0.0000103839 
0.0003460355 -0.0000599462 0.0000103839 
0.0003460355 -0.0000599462 0.0000103839 
0.0003460355 -0.0000599462 0.0000103839 
0.0003460355 -0.0000599462 0.0000103839 
0.0003460355 -0.0000599462 0.0000103839 
0.0003460355 -0.0000599462 0.0000103839 
0.0003460355 -0.0000599462 0.0000103839 
0.0003460355 -0.0000599462 0.0000103839 
0.0003460355 -0.0000599462 0.0000103839 
0.0003460355 -0.0000599462 0.0000103839 
0.0003460355 -0.0000599462 0.0000103839 
0.0003460355 -0.0000599462 0.0000103839 
0.0003460355 -0.0000599462 0.0000103839 
0.0003460355 -0.0000599462 0.0000103839 
0.0003460355 -0.0000599462 0.0000103839 
0.0003460355 -0.0000599462 0.0000103839 
0.0003460355 -0.0000599462 0.0000103839 
0.0003460355 -0.0000599462 0.0000103839 
0.0003460355 -0.0000599462 0.0000103839 
0.0003460355 -0.0000599462 0.0000103839 
0.0003460355 -0.0000599462 0.0000103839 
0.0003460355 -0.0000599462 0.0000103839 
0.0003460355 -0.0000599462 0.0000103839 
0.0003460355 -0.0000599462 0.0000103839 
0.0003460355 -0.0000599462 0.0000103839 
0.0003460355 -0.0000599462 0.0000103839 
0.0003460355 -0.0000599462 0.0000103839 
0.0003460355 -0.0000599462 0.0000103839 
0.0003460355 -0.0000599462 0.0000103839 
0.0003460355 -0.0000599462 0.0000103839 
0.0003460355 -0.0000599462 0.0000103839 
0.0003460355 -0.0000599462 0.0000103839 
0.0003460355 -0.0000599462 0.0000103839 
0.0003460355 -0.0000599462 0.0000103839 
0.0003460355 -0.0000599462 0.0000103839 
0.0003460355 -0.0000599462 0.0000103839 
0.0003460355 -0.0000599462 0.0000103839 
0.0003460355 -0.0000599462 0.0000103839 
0.0003460355 -0.0000599462 0.0000103839 
0.0003460355 -0.0000599462 0.0000103839 
0.0003460355 -0.0000599462 0.0000103839 
0.0003460355 -0.0000599462 0.0000103839 
0.0003460355 -0.0000599462 0.0000103839 
0.0003460355 -0.0000599462 0.0000103839 
0.0003460355 -0.0000599462 0.0000103839 
0.0003460355 -0.0000599462 0.0000103839 
0.0003460355 -0.0000599462 0.0000103839 
0.0003460355 -0.0000599462 0.0000103839 
0.0003460355 -0.0000599462 0.0000103839 
0.0003460355 -0.0000599462 0.0000103839 
0.0003460355 -0.0000599462 0.0000103839 
0.0003460355 -0.0000599462 0.0000103839 
0.0003460355 -0.0000599462 0.0000103839 
0.0003460355 -0.0000599462 0.0000103839 
0.0003460355 -0.0000599462 0.0000103839 
0.0003460355 -0.0000599462 0.0000103839 
0.0003460355 -0.0000599462 0.0000103839 
0.0003460355 -0.0000599462 0.0000103839 
0.0003460355 -0.0000599462 0.0000103839 
0.0003460355 -0.0000599462 0.0000103839 
0.0003460355 -0.0000599462 0.0000103839 
0.0003460355 -0.0000599462 0.0000103839 
0.0003460355 -0.0000599462 0.0000103839 
0.0003460355 -0.0000599462 0.0000103839 
0.0003460355 -0.0000599462 0.0000103839 
0.0003460355 -0.0000599462 0.0000103839 
0.0003460355 -0.0000599462 0.0000103839 
0.0003460355 -0.0000599462 0.0000103839 
0.0003460355 -0.0000599462 0.0000103839 
0.0003460355 -0.0000599462 0.0000103839 
0.0003460355 -0.0000599462 0.0000103839 
0.0003460355 -0.0000599462 0.0000103839 
0.0003460355 -0.0000599462 0.0000103839 
0.0003460355 -0.0000599462 0.0000103839 
0.0003460355 -0.0000599462 0.0000103839 
0.0003460355 -0.0000599462 0.0000103839 
0.0003460355 -0.0000599462 0.0000103839 
0.0003460355 -0.0000599462 0.0000103839 
0.0003460355 -0.0000599462 0.0000103839 
0.0003460355 -0.0000599462 0.0000103839 
0.0003460355 -0.0000599462 0.0000103839 
0.0003460355 -0.0000599462 0.0000103839 
0.0003460355 -0.0000599462 0.0000103839 
0.0003460355 -0.0000599462 0.0000103839 
0.0003460355 -0.0000599462 0.0000103839 
0.0003460355 -0.0000599462 0.0000103839 
0.0003460355 -0.0000599462 0.0000103839 
0.0003460355 -0.0000599462 0.0000103839 
0.0003460355 -0.0000599462 0.0000103839 
0.0003460355 -0.0000599462 0.0000103839 
0.0003460355 -0.0000599462 0.0000103839 
0.0003460355 -0.0000599462 0.0000103839 
0.0003460355 -0.0000599462 0.0000103839 
0.0003460355 -0.0000599462 0.0000103839 
0.0003460355 -0.0000599462 0.0000103839 
0.0003460355 -0.0000599462 0.0000103839 
0.0003460355 -0.0000599462 0.0000103839 
0.0003460355 -0.0000599462 0.0000103839 
0.0003460355 -0.0000599462 0.0000103839 
0.0003460355 -0.0000599462 0.0000103839 
0.0003460355 -0.0000599462 0.0000103839 
0.0003460355 -0.0000599462 0.0000103839 
0.0003460355 -0.0000599462 0.0000103839 
0.0003460355 -0.0000599462 0.0000103839 
0.0003460355 -0.0000599462 0.0000103839 
0.0003460355 -0.0000599462 0.0000103839 
0.0003460355 -0.0000599462 0.0000103839 
0.0003460355 -0.0000599462 0.0000103839 
0.0003460355 -0.0000599462 0.0000103839 
0.0003460355 -0.0000599462 0.0000103839 
0.0003460355 -0.0000599462 0.0000103839 
0.0003460355 -0.0000599462 0.0000103839 
0.0003460355 -0.0000599462 0.0000103839 
0.0003460355 -0.0000599462 0.0000103839 
0.0003460355 -0.0000599462 0.0000103839 
0.0003460355 -0.0000599462 0.0000103839 
0.0003460355 -0.0000599462 0.0000103839 
0.0003460355 -0.0000599462 0.0000103839 
0.0003460355 -0.0000599462 0.0000103839 
0.0003460355 -0.0000599462 0.0000103839 
0.0003460355 -0.0000599462 0.0000103839 
0.0003460355 -0.0000599462 0.0000103839 
0.0003460355 -0.0000599462 0.0000103839 
0.0003460355 -0.0000599462 0.0000103839 
0.0003460355 -0.0000599462 0.0000103839 
0.0003460355 -0.0000599462 0.0000103839 
0.0003460355 -0.0000599462 0.0000103839 
0.0003460355 -0.0000599462 0.0000103839 
0.0003460355 -0.0000599462 0.0000103839 
0.0003460355 -0.0000599462 0.0000103839 
0.0003460355 -0.0000599462 0.0000103839 
0.0003460355 -0.0000599462 0.0000103839 
0.0003460355 -0.0000599462 0.0000103839 
0.0003460355 -0.0000599462 0.0000103839 
0.0003460355 -0.0000599462 0.0000103839 
0.0003460355 -0.0000599462 0.0000103839 
0.0003460355 -0.0000599462 0.0000103839 
0.0003460355 -0.0000599462 0.0000103839 
0.0003460355 -0.0000599462 0.0000103839 
0.0003460355 -0.0000599462 0.0000103839 
0.0003460355 -0.0000599462 0.0000103839 
0.0003460355 -0.0000599462 0.0000103839 
0.0003460355 -0.0000599462 0.0000103839 
0.0003460355 -0.0000599462 0.0000103839 
0.0003460355 -0.0000599462 0.0000103839 
0.0003460355 -0.0000599462 0.0000103839 
0.0003460355 -0.0000599462 0.0000103839 
0.0003460355 -0.0000599462 0.0000103839 
0.0003460355 -0.0000599462 0.0000103839 
0.0003460355 -0.0000599462 0.0000103839 
0.0003460355 -0.0000599462 0.0000103839 
0.0003460355 -0.0000599462 0.0000103839 
0.0003460355 -0.0000599462 0.0000103839 
0.0003460355 -0.0000599462 0.0000103839 
0.0003460355 -0.0000599462 0.0000103839 
0.0003460355 -0.0000599462 0.0000103839 
0.0003460355 -0.0000599462 0.0000103839 
