0.0001332226 -0.0000966424 0.0002542838 
0.0001343205 -0.0000951685 0.0002512508 
0.0001354012 -0.0000939233 0.0002482874 
0.0001364952 -0.0000928411 0.0002453624 
0.0001376194 -0.0000918834 0.0002424535 
0.0001387830 -0.0000910264 0.0002395446 
0.0001399908 -0.0000902544 0.0002366244 
0.0001412452 -0.0000895557 0.0002336848 
0.0001425472 -0.0000889211 0.0002307209 
0.0001438968 -0.0000883426 0.0002277293 
0.0001452932 -0.0000878138 0.0002247086 
0.0001467351 -0.0000873288 0.0002216583 
0.0001482209 -0.0000868827 0.0002185796 
0.0001497477 -0.0000864713 0.0002154749 
0.0001513139 -0.0000860899 0.0002123465 
0.0001529138 -0.0000857363 0.0002092041 
0.0001545396 -0.0000854068 0.0002060571 
0.0001561883 -0.0000850955 0.0002029072 
0.0001578547 -0.0000848008 0.0001997624 
0.0001595326 -0.0000845238 0.0001966290 
0.0001612114 -0.0000842651 0.0001935165 
0.0001628919 -0.0000840219 0.0001904242 
0.0001645663 -0.0000837957 0.0001873639 
0.0001662369 -0.0000835850 0.0001843321 
0.0001679030 -0.0000833895 0.0001813311 
0.0001695613 -0.0000832120 0.0001783668 
0.0001712100 -0.0000830503 0.0001754430 
0.0001728422 -0.0000829013 0.0001725690 
0.0001744590 -0.0000827629 0.0001697419 
0.0001760595 -0.0000826363 0.0001669627 
0.0001776466 -0.0000825271 0.0001642285 
0.0001792191 -0.0000824290 0.0001615402 
0.0001807751 -0.0000823379 0.0001589024 
0.0001823136 -0.0000822495 0.0001563157 
0.0001838361 -0.0000821693 0.0001537781 
0.0001853417 -0.0000820981 0.0001512901 
0.0001868295 -0.0000820344 0.0001488507 
0.0001882988 -0.0000819743 0.0001464590 
0.0001897481 -0.0000819149 0.0001441161 
0.0001911762 -0.0000818569 0.0001418223 
0.0001925838 -0.0000817989 0.0001395781 
0.0001939698 -0.0000817425 0.0001373822 
0.0001953343 -0.0000816896 0.0001352335 
0.0001966800 -0.0000816396 0.0001331287 
0.0001980083 -0.0000815918 0.0001310652 
0.0001993202 -0.0000815441 0.0001290426 
0.0002006148 -0.0000814980 0.0001270597 
0.0002018911 -0.0000814528 0.0001251160 
0.0002031485 -0.0000814060 0.0001232116 
0.0002043885 -0.0000813558 0.0001213465 
0.0002056102 -0.0000813050 0.0001195196 
0.0002068136 -0.0000812510 0.0001177298 
0.0002080014 -0.0000811965 0.0001159756 
0.0002091756 -0.0000811397 0.0001142558 
0.0002103348 -0.0000810859 0.0001125680 
0.0002114790 -0.0000810367 0.0001109109 
0.0002126049 -0.0000809930 0.0001092855 
0.0002137120 -0.0000809546 0.0001076918 
0.0002148028 -0.0000809224 0.0001061272 
0.0002158783 -0.0000808965 0.0001045909 
0.0002169381 -0.0000808755 0.0001030828 
0.0002179829 -0.0000808580 0.0001016028 
0.0002190128 -0.0000808453 0.0001001494 
0.0002200280 -0.0000808380 0.0000987219 
0.0002210285 -0.0000808361 0.0000973206 
0.0002220181 -0.0000808427 0.0000959429 
0.0002229953 -0.0000808585 0.0000945897 
0.0002239609 -0.0000808833 0.0000932601 
0.0002249136 -0.0000809158 0.0000919554 
0.0002258524 -0.0000809581 0.0000906750 
0.0002267784 -0.0000810111 0.0000894171 
0.0002276923 -0.0000810751 0.0000881810 
0.0002285946 -0.0000811507 0.0000869659 
0.0002294857 -0.0000812380 0.0000857713 
0.0002303674 -0.0000813379 0.0000845955 
0.0002312383 -0.0000814508 0.0000834385 
0.0002320975 -0.0000815775 0.0000822996 
0.0002329435 -0.0000817176 0.0000811791 
0.0002337748 -0.0000818691 0.0000800776 
0.0002345914 -0.0000820282 0.0000789943 
0.0002353912 -0.0000821970 0.0000779301 
0.0002361757 -0.0000823749 0.0000768841 
0.0002369456 -0.0000825608 0.0000758556 
0.0002377006 -0.0000827525 0.0000748455 
0.0002384415 -0.0000829510 0.0000738521 
0.0002391684 -0.0000831530 0.0000728735 
0.0002398820 -0.0000833571 0.0000719096 
0.0002405810 -0.0000835650 0.0000709600 
0.0002412648 -0.0000837781 0.0000700248 
0.0002419317 -0.0000839978 0.0000691044 
0.0002425820 -0.0000842230 0.0000681987 
0.0002432159 -0.0000844539 0.0000673072 
0.0002438337 -0.0000846903 0.0000664300 
0.0002444355 -0.0000849325 0.0000655672 
0.0002450205 -0.0000851813 0.0000647195 
0.0002455896 -0.0000854362 0.0000638865 
0.0002461433 -0.0000856967 0.0000630677 
0.0002466823 -0.0000859623 0.0000622629 
0.0002472070 -0.0000862326 0.0000614719 
0.0002477177 -0.0000865073 0.0000606945 
0.0002482140 -0.0000867859 0.0000599313 
0.0002486970 -0.0000870685 0.0000591816 
0.0002491663 -0.0000873555 0.0000584462 
0.0002496234 -0.0000876465 0.0000577237 
0.0002500689 -0.0000879419 0.0000570136 
0.0002505035 -0.0000882424 0.0000563152 
0.0002509272 -0.0000885488 0.0000556281 
0.0002513402 -0.0000888609 0.0000549525 
0.0002517433 -0.0000891764 0.0000542878 
0.0002521386 -0.0000894963 0.0000536331 
0.0002525262 -0.0000898188 0.0000529884 
0.0002529060 -0.0000901422 0.0000523539 
0.0002532784 -0.0000904643 0.0000517292 
0.0002536449 -0.0000907805 0.0000511140 
0.0002540047 -0.0000910944 0.0000505087 
0.0002543570 -0.0000914101 0.0000499138 
0.0002546995 -0.0000917288 0.0000493308 
0.0002550345 -0.0000920515 0.0000487583 
0.0002553633 -0.0000923797 0.0000481959 
0.0002556860 -0.0000927119 0.0000476435 
0.0002560039 -0.0000930475 0.0000471008 
0.0002563169 -0.0000933854 0.0000465678 
0.0002566259 -0.0000937259 0.0000460440 
0.0002569312 -0.0000940689 0.0000455288 
0.0002572336 -0.0000944152 0.0000450219 
0.0002575334 -0.0000947645 0.0000445228 
0.0002578311 -0.0000951162 0.0000440310 
0.0002581275 -0.0000954686 0.0000435460 
0.0002584246 -0.0000958168 0.0000430670 
0.0002587217 -0.0000961630 0.0000425941 
0.0002590189 -0.0000965082 0.0000421272 
0.0002593176 -0.0000968529 0.0000416656 
0.0002596180 -0.0000971972 0.0000412089 
0.0002599200 -0.0000975407 0.0000407575 
0.0002602235 -0.0000978829 0.0000403115 
0.0002605285 -0.0000982231 0.0000398710 
0.0002608364 -0.0000985579 0.0000394369 
0.0002611458 -0.0000988878 0.0000390100 
0.0002614584 -0.0000992040 0.0000385900 
0.0002617734 -0.0000995044 0.0000381788 
0.0002620901 -0.0000997815 0.0000377782 
0.0002620901 -0.0000997815 0.0000377782 
0.0002620901 -0.0000997815 0.0000377782 
0.0002620901 -0.0000997815 0.0000377782 
0.0002620901 -0.0000997815 0.0000377782 
0.0002620901 -0.0000997815 0.0000377782 
0.0002620901 -0.0000997815 0.0000377782 
0.0002620901 -0.0000997815 0.0000377782 
0.0002620901 -0.0000997815 0.0000377782 
0.0002620901 -0.0000997815 0.0000377782 
0.0002620901 -0.0000997815 0.0000377782 
0.0002620901 -0.0000997815 0.0000377782 
0.0002620901 -0.0000997815 0.0000377782 
0.0002620901 -0.0000997815 0.0000377782 
0.0002620901 -0.0000997815 0.0000377782 
0.0002620901 -0.0000997815 0.0000377782 
0.0002620901 -0.0000997815 0.0000377782 
0.0002620901 -0.0000997815 0.0000377782 
0.0002620901 -0.0000997815 0.0000377782 
0.0002620901 -0.0000997815 0.0000377782 
0.0002620901 -0.0000997815 0.0000377782 
0.0002620901 -0.0000997815 0.0000377782 
0.0002620901 -0.0000997815 0.0000377782 
0.0002620901 -0.0000997815 0.0000377782 
0.0002620901 -0.0000997815 0.0000377782 
0.0002620901 -0.0000997815 0.0000377782 
0.0002620901 -0.0000997815 0.0000377782 
0.0002620901 -0.0000997815 0.0000377782 
0.0002620901 -0.0000997815 0.0000377782 
0.0002620901 -0.0000997815 0.0000377782 
0.0002620901 -0.0000997815 0.0000377782 
0.0002620901 -0.0000997815 0.0000377782 
0.0002620901 -0.0000997815 0.0000377782 
0.0002620901 -0.0000997815 0.0000377782 
0.0002620901 -0.0000997815 0.0000377782 
0.0002620901 -0.0000997815 0.0000377782 
0.0002620901 -0.0000997815 0.0000377782 
0.0002620901 -0.0000997815 0.0000377782 
0.0002620901 -0.0000997815 0.0000377782 
0.0002620901 -0.0000997815 0.0000377782 
0.0002620901 -0.0000997815 0.0000377782 
0.0002620901 -0.0000997815 0.0000377782 
0.0002620901 -0.0000997815 0.0000377782 
0.0002620901 -0.0000997815 0.0000377782 
0.0002620901 -0.0000997815 0.0000377782 
0.0002620901 -0.0000997815 0.0000377782 
0.0002620901 -0.0000997815 0.0000377782 
0.0002620901 -0.0000997815 0.0000377782 
0.0002620901 -0.0000997815 0.0000377782 
0.0002620901 -0.0000997815 0.0000377782 
0.0002620901 -0.0000997815 0.0000377782 
0.0002620901 -0.0000997815 0.0000377782 
0.0002620901 -0.0000997815 0.0000377782 
0.0002620901 -0.0000997815 0.0000377782 
0.0002620901 -0.0000997815 0.0000377782 
0.0002620901 -0.0000997815 0.0000377782 
0.0002620901 -0.0000997815 0.0000377782 
0.0002620901 -0.0000997815 0.0000377782 
0.0002620901 -0.0000997815 0.0000377782 
0.0002620901 -0.0000997815 0.0000377782 
0.0002620901 -0.0000997815 0.0000377782 
0.0002620901 -0.0000997815 0.0000377782 
0.0002620901 -0.0000997815 0.0000377782 
0.0002620901 -0.0000997815 0.0000377782 
0.0002620901 -0.0000997815 0.0000377782 
0.0002620901 -0.0000997815 0.0000377782 
0.0002620901 -0.0000997815 0.0000377782 
0.0002620901 -0.0000997815 0.0000377782 
0.0002620901 -0.0000997815 0.0000377782 
0.0002620901 -0.0000997815 0.0000377782 
0.0002620901 -0.0000997815 0.0000377782 
0.0002620901 -0.0000997815 0.0000377782 
0.0002620901 -0.0000997815 0.0000377782 
0.0002620901 -0.0000997815 0.0000377782 
0.0002620901 -0.0000997815 0.0000377782 
0.0002620901 -0.0000997815 0.0000377782 
0.0002620901 -0.0000997815 0.0000377782 
0.0002620901 -0.0000997815 0.0000377782 
0.0002620901 -0.0000997815 0.0000377782 
0.0002620901 -0.0000997815 0.0000377782 
0.0002620901 -0.0000997815 0.0000377782 
0.0002620901 -0.0000997815 0.0000377782 
0.0002620901 -0.0000997815 0.0000377782 
0.0002620901 -0.0000997815 0.0000377782 
0.0002620901 -0.0000997815 0.0000377782 
0.0002620901 -0.0000997815 0.0000377782 
0.0002620901 -0.0000997815 0.0000377782 
0.0002620901 -0.0000997815 0.0000377782 
0.0002620901 -0.0000997815 0.0000377782 
0.0002620901 -0.0000997815 0.0000377782 
0.0002620901 -0.0000997815 0.0000377782 
0.0002620901 -0.0000997815 0.0000377782 
0.0002620901 -0.0000997815 0.0000377782 
0.0002620901 -0.0000997815 0.0000377782 
0.0002620901 -0.0000997815 0.0000377782 
0.0002620901 -0.0000997815 0.0000377782 
0.0002620901 -0.0000997815 0.0000377782 
0.0002620901 -0.0000997815 0.0000377782 
0.0002620901 -0.0000997815 0.0000377782 
0.0002620901 -0.0000997815 0.0000377782 
0.0002620901 -0.0000997815 0.0000377782 
0.0002620901 -0.0000997815 0.0000377782 
0.0002620901 -0.0000997815 0.0000377782 
0.0002620901 -0.0000997815 0.0000377782 
0.0002620901 -0.0000997815 0.0000377782 
0.0002620901 -0.0000997815 0.0000377782 
0.0002620901 -0.0000997815 0.0000377782 
0.0002620901 -0.0000997815 0.0000377782 
0.0002620901 -0.0000997815 0.0000377782 
0.0002620901 -0.0000997815 0.0000377782 
0.0002620901 -0.0000997815 0.0000377782 
0.0002620901 -0.0000997815 0.0000377782 
0.0002620901 -0.0000997815 0.0000377782 
0.0002620901 -0.0000997815 0.0000377782 
0.0002620901 -0.0000997815 0.0000377782 
0.0002620901 -0.0000997815 0.0000377782 
0.0002620901 -0.0000997815 0.0000377782 
0.0002620901 -0.0000997815 0.0000377782 
0.0002620901 -0.0000997815 0.0000377782 
0.0002620901 -0.0000997815 0.0000377782 
0.0002620901 -0.0000997815 0.0000377782 
0.0002620901 -0.0000997815 0.0000377782 
0.0002620901 -0.0000997815 0.0000377782 
0.0002620901 -0.0000997815 0.0000377782 
0.0002620901 -0.0000997815 0.0000377782 
0.0002620901 -0.0000997815 0.0000377782 
0.0002620901 -0.0000997815 0.0000377782 
0.0002620901 -0.0000997815 0.0000377782 
0.0002620901 -0.0000997815 0.0000377782 
0.0002620901 -0.0000997815 0.0000377782 
0.0002620901 -0.0000997815 0.0000377782 
0.0002620901 -0.0000997815 0.0000377782 
0.0002620901 -0.0000997815 0.0000377782 
0.0002620901 -0.0000997815 0.0000377782 
0.0002620901 -0.0000997815 0.0000377782 
0.0002620901 -0.0000997815 0.0000377782 
0.0002620901 -0.0000997815 0.0000377782 
0.0002620901 -0.0000997815 0.0000377782 
0.0002620901 -0.0000997815 0.0000377782 
0.0002620901 -0.0000997815 0.0000377782 
0.0002620901 -0.0000997815 0.0000377782 
0.0002620901 -0.0000997815 0.0000377782 
0.0002620901 -0.0000997815 0.0000377782 
0.0002620901 -0.0000997815 0.0000377782 
0.0002620901 -0.0000997815 0.0000377782 
0.0002620901 -0.0000997815 0.0000377782 
0.0002620901 -0.0000997815 0.0000377782 
0.0002620901 -0.0000997815 0.0000377782 
0.0002620901 -0.0000997815 0.0000377782 
0.0002620901 -0.0000997815 0.0000377782 
0.0002620901 -0.0000997815 0.0000377782 
0.0002620901 -0.0000997815 0.0000377782 
0.0002620901 -0.0000997815 0.0000377782 
0.0002620901 -0.0000997815 0.0000377782 
0.0002620901 -0.0000997815 0.0000377782 
0.0002620901 -0.0000997815 0.0000377782 
0.0002620901 -0.0000997815 0.0000377782 
0.0002620901 -0.0000997815 0.0000377782 
0.0002620901 -0.0000997815 0.0000377782 
0.0002620901 -0.0000997815 0.0000377782 
0.0002620901 -0.0000997815 0.0000377782 
0.0002620901 -0.0000997815 0.0000377782 
0.0002620901 -0.0000997815 0.0000377782 
0.0002620901 -0.0000997815 0.0000377782 
0.0002620901 -0.0000997815 0.0000377782 
0.0002620901 -0.0000997815 0.0000377782 
0.0002620901 -0.0000997815 0.0000377782 
0.0002620901 -0.0000997815 0.0000377782 
0.0002620901 -0.0000997815 0.0000377782 
0.0002620901 -0.0000997815 0.0000377782 
0.0002620901 -0.0000997815 0.0000377782 
0.0002620901 -0.0000997815 0.0000377782 
0.0002620901 -0.0000997815 0.0000377782 
0.0002620901 -0.0000997815 0.0000377782 
0.0002620901 -0.0000997815 0.0000377782 
0.0002620901 -0.0000997815 0.0000377782 
0.0002620901 -0.0000997815 0.0000377782 
0.0002620901 -0.0000997815 0.0000377782 
0.0002620901 -0.0000997815 0.0000377782 
0.0002620901 -0.0000997815 0.0000377782 
0.0002620901 -0.0000997815 0.0000377782 
0.0002620901 -0.0000997815 0.0000377782 
0.0002620901 -0.0000997815 0.0000377782 
0.0002620901 -0.0000997815 0.0000377782 
0.0002620901 -0.0000997815 0.0000377782 
0.0002620901 -0.0000997815 0.0000377782 
0.0002620901 -0.0000997815 0.0000377782 
0.0002620901 -0.0000997815 0.0000377782 
0.0002620901 -0.0000997815 0.0000377782 
0.0002620901 -0.0000997815 0.0000377782 
0.0002620901 -0.0000997815 0.0000377782 
0.0002620901 -0.0000997815 0.0000377782 
0.0002620901 -0.0000997815 0.0000377782 
0.0002620901 -0.0000997815 0.0000377782 
0.0002620901 -0.0000997815 0.0000377782 
0.0002620901 -0.0000997815 0.0000377782 
0.0002620901 -0.0000997815 0.0000377782 
0.0002620901 -0.0000997815 0.0000377782 
0.0002620901 -0.0000997815 0.0000377782 
0.0002620901 -0.0000997815 0.0000377782 
0.0002620901 -0.0000997815 0.0000377782 
0.0002620901 -0.0000997815 0.0000377782 
0.0002620901 -0.0000997815 0.0000377782 
0.0002620901 -0.0000997815 0.0000377782 
0.0002620901 -0.0000997815 0.0000377782 
0.0002620901 -0.0000997815 0.0000377782 
0.0002620901 -0.0000997815 0.0000377782 
0.0002620901 -0.0000997815 0.0000377782 
0.0002620901 -0.0000997815 0.0000377782 
0.0002620901 -0.0000997815 0.0000377782 
0.0002620901 -0.0000997815 0.0000377782 
0.0002620901 -0.0000997815 0.0000377782 
0.0002620901 -0.0000997815 0.0000377782 
0.0002620901 -0.0000997815 0.0000377782 
0.0002620901 -0.0000997815 0.0000377782 
0.0002620901 -0.0000997815 0.0000377782 
0.0002620901 -0.0000997815 0.0000377782 
0.0002620901 -0.0000997815 0.0000377782 
0.0002620901 -0.0000997815 0.0000377782 
0.0002620901 -0.0000997815 0.0000377782 
0.0002620901 -0.0000997815 0.0000377782 
0.0002620901 -0.0000997815 0.0000377782 
0.0002620901 -0.0000997815 0.0000377782 
0.0002620901 -0.0000997815 0.0000377782 
0.0002620901 -0.0000997815 0.0000377782 
0.0002620901 -0.0000997815 0.0000377782 
0.0002620901 -0.0000997815 0.0000377782 
0.0002620901 -0.0000997815 0.0000377782 
0.0002620901 -0.0000997815 0.0000377782 
0.0002620901 -0.0000997815 0.0000377782 
0.0002620901 -0.0000997815 0.0000377782 
0.0002620901 -0.0000997815 0.0000377782 
0.0002620901 -0.0000997815 0.0000377782 
0.0002620901 -0.0000997815 0.0000377782 
0.0002620901 -0.0000997815 0.0000377782 
0.0002620901 -0.0000997815 0.0000377782 
0.0002620901 -0.0000997815 0.0000377782 
0.0002620901 -0.0000997815 0.0000377782 
0.0002620901 -0.0000997815 0.0000377782 
0.0002620901 -0.0000997815 0.0000377782 
0.0002620901 -0.0000997815 0.0000377782 
0.0002620901 -0.0000997815 0.0000377782 
0.0002620901 -0.0000997815 0.0000377782 
0.0002620901 -0.0000997815 0.0000377782 
0.0002620901 -0.0000997815 0.0000377782 
0.0002620901 -0.0000997815 0.0000377782 
0.0002620901 -0.0000997815 0.0000377782 
0.0002620901 -0.0000997815 0.0000377782 
0.0002620901 -0.0000997815 0.0000377782 
0.0002620901 -0.0000997815 0.0000377782 
0.0002620901 -0.0000997815 0.0000377782 
0.0002620901 -0.0000997815 0.0000377782 
0.0002620901 -0.0000997815 0.0000377782 
0.0002620901 -0.0000997815 0.0000377782 
0.0002620901 -0.0000997815 0.0000377782 
0.0002620901 -0.0000997815 0.0000377782 
0.0002620901 -0.0000997815 0.0000377782 
0.0002620901 -0.0000997815 0.0000377782 
0.0002620901 -0.0000997815 0.0000377782 
0.0002620901 -0.0000997815 0.0000377782 
0.0002620901 -0.0000997815 0.0000377782 
0.0002620901 -0.0000997815 0.0000377782 
0.0002620901 -0.0000997815 0.0000377782 
0.0002620901 -0.0000997815 0.0000377782 
0.0002620901 -0.0000997815 0.0000377782 
0.0002620901 -0.0000997815 0.0000377782 
0.0002620901 -0.0000997815 0.0000377782 
0.0002620901 -0.0000997815 0.0000377782 
0.0002620901 -0.0000997815 0.0000377782 
0.0002620901 -0.0000997815 0.0000377782 
0.0002620901 -0.0000997815 0.0000377782 
0.0002620901 -0.0000997815 0.0000377782 
0.0002620901 -0.0000997815 0.0000377782 
0.0002620901 -0.0000997815 0.0000377782 
0.0002620901 -0.0000997815 0.0000377782 
0.0002620901 -0.0000997815 0.0000377782 
0.0002620901 -0.0000997815 0.0000377782 
0.0002620901 -0.0000997815 0.0000377782 
0.0002620901 -0.0000997815 0.0000377782 
0.0002620901 -0.0000997815 0.0000377782 
0.0002620901 -0.0000997815 0.0000377782 
0.0002620901 -0.0000997815 0.0000377782 
0.0002620901 -0.0000997815 0.0000377782 
0.0002620901 -0.0000997815 0.0000377782 
0.0002620901 -0.0000997815 0.0000377782 
0.0002620901 -0.0000997815 0.0000377782 
0.0002620901 -0.0000997815 0.0000377782 
0.0002620901 -0.0000997815 0.0000377782 
0.0002620901 -0.0000997815 0.0000377782 
0.0002620901 -0.0000997815 0.0000377782 
0.0002620901 -0.0000997815 0.0000377782 
0.0002620901 -0.0000997815 0.0000377782 
0.0002620901 -0.0000997815 0.0000377782 
0.0002620901 -0.0000997815 0.0000377782 
0.0002620901 -0.0000997815 0.0000377782 
0.0002620901 -0.0000997815 0.0000377782 
0.0002620901 -0.0000997815 0.0000377782 
0.0002620901 -0.0000997815 0.0000377782 
0.0002620901 -0.0000997815 0.0000377782 
0.0002620901 -0.0000997815 0.0000377782 
0.0002620901 -0.0000997815 0.0000377782 
0.0002620901 -0.0000997815 0.0000377782 
0.0002620901 -0.0000997815 0.0000377782 
0.0002620901 -0.0000997815 0.0000377782 
0.0002620901 -0.0000997815 0.0000377782 
0.0002620901 -0.0000997815 0.0000377782 
0.0002620901 -0.0000997815 0.0000377782 
0.0002620901 -0.0000997815 0.0000377782 
0.0002620901 -0.0000997815 0.0000377782 
0.0002620901 -0.0000997815 0.0000377782 
0.0002620901 -0.0000997815 0.0000377782 
0.0002620901 -0.0000997815 0.0000377782 
0.0002620901 -0.0000997815 0.0000377782 
0.0002620901 -0.0000997815 0.0000377782 
0.0002620901 -0.0000997815 0.0000377782 
0.0002620901 -0.0000997815 0.0000377782 
0.0002620901 -0.0000997815 0.0000377782 
0.0002620901 -0.0000997815 0.0000377782 
0.0002620901 -0.0000997815 0.0000377782 
0.0002620901 -0.0000997815 0.0000377782 
0.0002620901 -0.0000997815 0.0000377782 
0.0002620901 -0.0000997815 0.0000377782 
0.0002620901 -0.0000997815 0.0000377782 
0.0002620901 -0.0000997815 0.0000377782 
0.0002620901 -0.0000997815 0.0000377782 
0.0002620901 -0.0000997815 0.0000377782 
0.0002620901 -0.0000997815 0.0000377782 
0.0002620901 -0.0000997815 0.0000377782 
0.0002620901 -0.0000997815 0.0000377782 
0.0002620901 -0.0000997815 0.0000377782 
0.0002620901 -0.0000997815 0.0000377782 
0.0002620901 -0.0000997815 0.0000377782 
0.0002620901 -0.0000997815 0.0000377782 
0.0002620901 -0.0000997815 0.0000377782 
0.0002620901 -0.0000997815 0.0000377782 
0.0002620901 -0.0000997815 0.0000377782 
0.0002620901 -0.0000997815 0.0000377782 
0.0002620901 -0.0000997815 0.0000377782 
0.0002620901 -0.0000997815 0.0000377782 
0.0002620901 -0.0000997815 0.0000377782 
0.0002620901 -0.0000997815 0.0000377782 
0.0002620901 -0.0000997815 0.0000377782 
0.0002620901 -0.0000997815 0.0000377782 
0.0002620901 -0.0000997815 0.0000377782 
0.0002620901 -0.0000997815 0.0000377782 
0.0002620901 -0.0000997815 0.0000377782 
0.0002620901 -0.0000997815 0.0000377782 
0.0002620901 -0.0000997815 0.0000377782 
0.0002620901 -0.0000997815 0.0000377782 
0.0002620901 -0.0000997815 0.0000377782 
0.0002620901 -0.0000997815 0.0000377782 
0.0002620901 -0.0000997815 0.0000377782 
0.0002620901 -0.0000997815 0.0000377782 
0.0002620901 -0.0000997815 0.0000377782 
0.0002620901 -0.0000997815 0.0000377782 
0.0002620901 -0.0000997815 0.0000377782 
0.0002620901 -0.0000997815 0.0000377782 
0.0002620901 -0.0000997815 0.0000377782 
0.0002620901 -0.0000997815 0.0000377782 
0.0002620901 -0.0000997815 0.0000377782 
0.0002620901 -0.0000997815 0.0000377782 
0.0002620901 -0.0000997815 0.0000377782 
0.0002620901 -0.0000997815 0.0000377782 
0.0002620901 -0.0000997815 0.0000377782 
0.0002620901 -0.0000997815 0.0000377782 
0.0002620901 -0.0000997815 0.0000377782 
0.0002620901 -0.0000997815 0.0000377782 
0.0002620901 -0.0000997815 0.0000377782 
0.0002620901 -0.0000997815 0.0000377782 
0.0002620901 -0.0000997815 0.0000377782 
0.0002620901 -0.0000997815 0.0000377782 
0.0002620901 -0.0000997815 0.0000377782 
0.0002620901 -0.0000997815 0.0000377782 
0.0002620901 -0.0000997815 0.0000377782 
0.0002620901 -0.0000997815 0.0000377782 
0.0002620901 -0.0000997815 0.0000377782 
0.0002620901 -0.0000997815 0.0000377782 
0.0002620901 -0.0000997815 0.0000377782 
0.0002620901 -0.0000997815 0.0000377782 
0.0002620901 -0.0000997815 0.0000377782 
0.0002620901 -0.0000997815 0.0000377782 
0.0002620901 -0.0000997815 0.0000377782 
0.0002620901 -0.0000997815 0.0000377782 
0.0002620901 -0.0000997815 0.0000377782 
0.0002620901 -0.0000997815 0.0000377782 
0.0002620901 -0.0000997815 0.0000377782 
0.0002620901 -0.0000997815 0.0000377782 
0.0002620901 -0.0000997815 0.0000377782 
0.0002620901 -0.0000997815 0.0000377782 
0.0002620901 -0.0000997815 0.0000377782 
0.0002620901 -0.0000997815 0.0000377782 
0.0002620901 -0.0000997815 0.0000377782 
0.0002620901 -0.0000997815 0.0000377782 
0.0002620901 -0.0000997815 0.0000377782 
0.0002620901 -0.0000997815 0.0000377782 
0.0002620901 -0.0000997815 0.0000377782 
0.0002620901 -0.0000997815 0.0000377782 
0.0002620901 -0.0000997815 0.0000377782 
0.0002620901 -0.0000997815 0.0000377782 
0.0002620901 -0.0000997815 0.0000377782 
0.0002620901 -0.0000997815 0.0000377782 
0.0002620901 -0.0000997815 0.0000377782 
0.0002620901 -0.0000997815 0.0000377782 
0.0002620901 -0.0000997815 0.0000377782 
0.0002620901 -0.0000997815 0.0000377782 
0.0002620901 -0.0000997815 0.0000377782 
0.0002620901 -0.0000997815 0.0000377782 
0.0002620901 -0.0000997815 0.0000377782 
0.0002620901 -0.0000997815 0.0000377782 
0.0002620901 -0.0000997815 0.0000377782 
0.0002620901 -0.0000997815 0.0000377782 
0.0002620901 -0.0000997815 0.0000377782 
0.0002620901 -0.0000997815 0.0000377782 
0.0002620901 -0.0000997815 0.0000377782 
0.0002620901 -0.0000997815 0.0000377782 
0.0002620901 -0.0000997815 0.0000377782 
0.0002620901 -0.0000997815 0.0000377782 
0.0002620901 -0.0000997815 0.0000377782 
0.0002620901 -0.0000997815 0.0000377782 
0.0002620901 -0.0000997815 0.0000377782 
0.0002620901 -0.0000997815 0.0000377782 
0.0002620901 -0.0000997815 0.0000377782 
0.0002620901 -0.0000997815 0.0000377782 
0.0002620901 -0.0000997815 0.0000377782 
0.0002620901 -0.0000997815 0.0000377782 
0.0002620901 -0.0000997815 0.0000377782 
0.0002620901 -0.0000997815 0.0000377782 
0.0002620901 -0.0000997815 0.0000377782 
0.0002620901 -0.0000997815 0.0000377782 
0.0002620901 -0.0000997815 0.0000377782 
0.0002620901 -0.0000997815 0.0000377782 
0.0002620901 -0.0000997815 0.0000377782 
0.0002620901 -0.0000997815 0.0000377782 
0.0002620901 -0.0000997815 0.0000377782 
0.0002620901 -0.0000997815 0.0000377782 
0.0002620901 -0.0000997815 0.0000377782 
0.0002620901 -0.0000997815 0.0000377782 
0.0002620901 -0.0000997815 0.0000377782 
0.0002620901 -0.0000997815 0.0000377782 
0.0002620901 -0.0000997815 0.0000377782 
0.0002620901 -0.0000997815 0.0000377782 
0.0002620901 -0.0000997815 0.0000377782 
0.0002620901 -0.0000997815 0.0000377782 
0.0002620901 -0.0000997815 0.0000377782 
0.0002620901 -0.0000997815 0.0000377782 
0.0002620901 -0.0000997815 0.0000377782 
0.0002620901 -0.0000997815 0.0000377782 
0.0002620901 -0.0000997815 0.0000377782 
0.0002620901 -0.0000997815 0.0000377782 
0.0002620901 -0.0000997815 0.0000377782 
0.0002620901 -0.0000997815 0.0000377782 
0.0002620901 -0.0000997815 0.0000377782 
0.0002620901 -0.0000997815 0.0000377782 
0.0002620901 -0.0000997815 0.0000377782 
0.0002620901 -0.0000997815 0.0000377782 
0.0002620901 -0.0000997815 0.0000377782 
0.0002620901 -0.0000997815 0.0000377782 
0.0002620901 -0.0000997815 0.0000377782 
0.0002620901 -0.0000997815 0.0000377782 
0.0002620901 -0.0000997815 0.0000377782 
0.0002620901 -0.0000997815 0.0000377782 
0.0002620901 -0.0000997815 0.0000377782 
0.0002620901 -0.0000997815 0.0000377782 
0.0002620901 -0.0000997815 0.0000377782 
0.0002620901 -0.0000997815 0.0000377782 
0.0002620901 -0.0000997815 0.0000377782 
0.0002620901 -0.0000997815 0.0000377782 
0.0002620901 -0.0000997815 0.0000377782 
0.0002620901 -0.0000997815 0.0000377782 
0.0002620901 -0.0000997815 0.0000377782 
0.0002620901 -0.0000997815 0.0000377782 
0.0002620901 -0.0000997815 0.0000377782 
0.0002620901 -0.0000997815 0.0000377782 
0.0002620901 -0.0000997815 0.0000377782 
0.0002620901 -0.0000997815 0.0000377782 
0.0002620901 -0.0000997815 0.0000377782 
0.0002620901 -0.0000997815 0.0000377782 
0.0002620901 -0.0000997815 0.0000377782 
0.0002620901 -0.0000997815 0.0000377782 
0.0002620901 -0.0000997815 0.0000377782 
0.0002620901 -0.0000997815 0.0000377782 
0.0002620901 -0.0000997815 0.0000377782 
0.0002620901 -0.0000997815 0.0000377782 
0.0002620901 -0.0000997815 0.0000377782 
0.0002620901 -0.0000997815 0.0000377782 
0.0002620901 -0.0000997815 0.0000377782 
0.0002620901 -0.0000997815 0.0000377782 
0.0002620901 -0.0000997815 0.0000377782 
0.0002620901 -0.0000997815 0.0000377782 
0.0002620901 -0.0000997815 0.0000377782 
0.0002620901 -0.0000997815 0.0000377782 
0.0002620901 -0.0000997815 0.0000377782 
0.0002620901 -0.0000997815 0.0000377782 
0.0002620901 -0.0000997815 0.0000377782 
0.0002620901 -0.0000997815 0.0000377782 
0.0002620901 -0.0000997815 0.0000377782 
0.0002620901 -0.0000997815 0.0000377782 
0.0002620901 -0.0000997815 0.0000377782 
0.0002620901 -0.0000997815 0.0000377782 
0.0002620901 -0.0000997815 0.0000377782 
0.0002620901 -0.0000997815 0.0000377782 
0.0002620901 -0.0000997815 0.0000377782 
0.0002620901 -0.0000997815 0.0000377782 
0.0002620901 -0.0000997815 0.0000377782 
0.0002620901 -0.0000997815 0.0000377782 
0.0002620901 -0.0000997815 0.0000377782 
0.0002620901 -0.0000997815 0.0000377782 
0.0002620901 -0.0000997815 0.0000377782 
0.0002620901 -0.0000997815 0.0000377782 
0.0002620901 -0.0000997815 0.0000377782 
0.0002620901 -0.0000997815 0.0000377782 
0.0002620901 -0.0000997815 0.0000377782 
0.0002620901 -0.0000997815 0.0000377782 
0.0002620901 -0.0000997815 0.0000377782 
0.0002620901 -0.0000997815 0.0000377782 
0.0002620901 -0.0000997815 0.0000377782 
0.0002620901 -0.0000997815 0.0000377782 
0.0002620901 -0.0000997815 0.0000377782 
0.0002620901 -0.0000997815 0.0000377782 
0.0002620901 -0.0000997815 0.0000377782 
0.0002620901 -0.0000997815 0.0000377782 
0.0002620901 -0.0000997815 0.0000377782 
0.0002620901 -0.0000997815 0.0000377782 
0.0002620901 -0.0000997815 0.0000377782 
0.0002620901 -0.0000997815 0.0000377782 
0.0002620901 -0.0000997815 0.0000377782 
0.0002620901 -0.0000997815 0.0000377782 
0.0002620901 -0.0000997815 0.0000377782 
0.0002620901 -0.0000997815 0.0000377782 
0.0002620901 -0.0000997815 0.0000377782 
0.0002620901 -0.0000997815 0.0000377782 
0.0002620901 -0.0000997815 0.0000377782 
0.0002620901 -0.0000997815 0.0000377782 
0.0002620901 -0.0000997815 0.0000377782 
0.0002620901 -0.0000997815 0.0000377782 
0.0002620901 -0.0000997815 0.0000377782 
0.0002620901 -0.0000997815 0.0000377782 
0.0002620901 -0.0000997815 0.0000377782 
0.0002620901 -0.0000997815 0.0000377782 
0.0002620901 -0.0000997815 0.0000377782 
0.0002620901 -0.0000997815 0.0000377782 
0.0002620901 -0.0000997815 0.0000377782 
0.0002620901 -0.0000997815 0.0000377782 
0.0002620901 -0.0000997815 0.0000377782 
0.0002620901 -0.0000997815 0.0000377782 
0.0002620901 -0.0000997815 0.0000377782 
0.0002620901 -0.0000997815 0.0000377782 
0.0002620901 -0.0000997815 0.0000377782 
0.0002620901 -0.0000997815 0.0000377782 
0.0002620901 -0.0000997815 0.0000377782 
0.0002620901 -0.0000997815 0.0000377782 
0.0002620901 -0.0000997815 0.0000377782 
0.0002620901 -0.0000997815 0.0000377782 
0.0002620901 -0.0000997815 0.0000377782 
0.0002620901 -0.0000997815 0.0000377782 
0.0002620901 -0.0000997815 0.0000377782 
0.0002620901 -0.0000997815 0.0000377782 
0.0002620901 -0.0000997815 0.0000377782 
0.0002620901 -0.0000997815 0.0000377782 
0.0002620901 -0.0000997815 0.0000377782 
0.0002620901 -0.0000997815 0.0000377782 
0.0002620901 -0.0000997815 0.0000377782 
0.0002620901 -0.0000997815 0.0000377782 
0.0002620901 -0.0000997815 0.0000377782 
0.0002620901 -0.0000997815 0.0000377782 
0.0002620901 -0.0000997815 0.0000377782 
0.0002620901 -0.0000997815 0.0000377782 
0.0002620901 -0.0000997815 0.0000377782 
0.0002620901 -0.0000997815 0.0000377782 
0.0002620901 -0.0000997815 0.0000377782 
0.0002620901 -0.0000997815 0.0000377782 
0.0002620901 -0.0000997815 0.0000377782 
0.0002620901 -0.0000997815 0.0000377782 
0.0002620901 -0.0000997815 0.0000377782 
0.0002620901 -0.0000997815 0.0000377782 
0.0002620901 -0.0000997815 0.0000377782 
0.0002620901 -0.0000997815 0.0000377782 
0.0002620901 -0.0000997815 0.0000377782 
0.0002620901 -0.0000997815 0.0000377782 
0.0002620901 -0.0000997815 0.0000377782 
0.0002620901 -0.0000997815 0.0000377782 
0.0002620901 -0.0000997815 0.0000377782 
0.0002620901 -0.0000997815 0.0000377782 
0.0002620901 -0.0000997815 0.0000377782 
0.0002620901 -0.0000997815 0.0000377782 
0.0002620901 -0.0000997815 0.0000377782 
0.0002620901 -0.0000997815 0.0000377782 
0.0002620901 -0.0000997815 0.0000377782 
0.0002620901 -0.0000997815 0.0000377782 
0.0002620901 -0.0000997815 0.0000377782 
0.0002620901 -0.0000997815 0.0000377782 
0.0002620901 -0.0000997815 0.0000377782 
0.0002620901 -0.0000997815 0.0000377782 
0.0002620901 -0.0000997815 0.0000377782 
0.0002620901 -0.0000997815 0.0000377782 
0.0002620901 -0.0000997815 0.0000377782 
0.0002620901 -0.0000997815 0.0000377782 
0.0002620901 -0.0000997815 0.0000377782 
0.0002620901 -0.0000997815 0.0000377782 
0.0002620901 -0.0000997815 0.0000377782 
0.0002620901 -0.0000997815 0.0000377782 
0.0002620901 -0.0000997815 0.0000377782 
0.0002620901 -0.0000997815 0.0000377782 
0.0002620901 -0.0000997815 0.0000377782 
0.0002620901 -0.0000997815 0.0000377782 
0.0002620901 -0.0000997815 0.0000377782 
0.0002620901 -0.0000997815 0.0000377782 
0.0002620901 -0.0000997815 0.0000377782 
0.0002620901 -0.0000997815 0.0000377782 
0.0002620901 -0.0000997815 0.0000377782 
0.0002620901 -0.0000997815 0.0000377782 
0.0002620901 -0.0000997815 0.0000377782 
0.0002620901 -0.0000997815 0.0000377782 
0.0002620901 -0.0000997815 0.0000377782 
0.0002620901 -0.0000997815 0.0000377782 
0.0002620901 -0.0000997815 0.0000377782 
0.0002620901 -0.0000997815 0.0000377782 
0.0002620901 -0.0000997815 0.0000377782 
0.0002620901 -0.0000997815 0.0000377782 
0.0002620901 -0.0000997815 0.0000377782 
0.0002620901 -0.0000997815 0.0000377782 
0.0002620901 -0.0000997815 0.0000377782 
0.0002620901 -0.0000997815 0.0000377782 
0.0002620901 -0.0000997815 0.0000377782 
0.0002620901 -0.0000997815 0.0000377782 
0.0002620901 -0.0000997815 0.0000377782 
0.0002620901 -0.0000997815 0.0000377782 
0.0002620901 -0.0000997815 0.0000377782 
0.0002620901 -0.0000997815 0.0000377782 
0.0002620901 -0.0000997815 0.0000377782 
0.0002620901 -0.0000997815 0.0000377782 
0.0002620901 -0.0000997815 0.0000377782 
0.0002620901 -0.0000997815 0.0000377782 
0.0002620901 -0.0000997815 0.0000377782 
0.0002620901 -0.0000997815 0.0000377782 
0.0002620901 -0.0000997815 0.0000377782 
0.0002620901 -0.0000997815 0.0000377782 
0.0002620901 -0.0000997815 0.0000377782 
0.0002620901 -0.0000997815 0.0000377782 
0.0002620901 -0.0000997815 0.0000377782 
0.0002620901 -0.0000997815 0.0000377782 
0.0002620901 -0.0000997815 0.0000377782 
0.0002620901 -0.0000997815 0.0000377782 
0.0002620901 -0.0000997815 0.0000377782 
0.0002620901 -0.0000997815 0.0000377782 
0.0002620901 -0.0000997815 0.0000377782 
0.0002620901 -0.0000997815 0.0000377782 
0.0002620901 -0.0000997815 0.0000377782 
0.0002620901 -0.0000997815 0.0000377782 
0.0002620901 -0.0000997815 0.0000377782 
0.0002620901 -0.0000997815 0.0000377782 
0.0002620901 -0.0000997815 0.0000377782 
0.0002620901 -0.0000997815 0.0000377782 
0.0002620901 -0.0000997815 0.0000377782 
0.0002620901 -0.0000997815 0.0000377782 
0.0002620901 -0.0000997815 0.0000377782 
0.0002620901 -0.0000997815 0.0000377782 
0.0002620901 -0.0000997815 0.0000377782 
0.0002620901 -0.0000997815 0.0000377782 
0.0002620901 -0.0000997815 0.0000377782 
0.0002620901 -0.0000997815 0.0000377782 
0.0002620901 -0.0000997815 0.0000377782 
0.0002620901 -0.0000997815 0.0000377782 
0.0002620901 -0.0000997815 0.0000377782 
0.0002620901 -0.0000997815 0.0000377782 
0.0002620901 -0.0000997815 0.0000377782 
0.0002620901 -0.0000997815 0.0000377782 
0.0002620901 -0.0000997815 0.0000377782 
0.0002620901 -0.0000997815 0.0000377782 
0.0002620901 -0.0000997815 0.0000377782 
0.0002620901 -0.0000997815 0.0000377782 
0.0002620901 -0.0000997815 0.0000377782 
0.0002620901 -0.0000997815 0.0000377782 
0.0002620901 -0.0000997815 0.0000377782 
0.0002620901 -0.0000997815 0.0000377782 
0.0002620901 -0.0000997815 0.0000377782 
0.0002620901 -0.0000997815 0.0000377782 
0.0002620901 -0.0000997815 0.0000377782 
0.0002620901 -0.0000997815 0.0000377782 
0.0002620901 -0.0000997815 0.0000377782 
0.0002620901 -0.0000997815 0.0000377782 
0.0002620901 -0.0000997815 0.0000377782 
0.0002620901 -0.0000997815 0.0000377782 
0.0002620901 -0.0000997815 0.0000377782 
0.0002620901 -0.0000997815 0.0000377782 
0.0002620901 -0.0000997815 0.0000377782 
0.0002620901 -0.0000997815 0.0000377782 
0.0002620901 -0.0000997815 0.0000377782 
0.0002620901 -0.0000997815 0.0000377782 
0.0002620901 -0.0000997815 0.0000377782 
0.0002620901 -0.0000997815 0.0000377782 
0.0002620901 -0.0000997815 0.0000377782 
0.0002620901 -0.0000997815 0.0000377782 
0.0002620901 -0.0000997815 0.0000377782 
0.0002620901 -0.0000997815 0.0000377782 
0.0002620901 -0.0000997815 0.0000377782 
0.0002620901 -0.0000997815 0.0000377782 
0.0002620901 -0.0000997815 0.0000377782 
0.0002620901 -0.0000997815 0.0000377782 
0.0002620901 -0.0000997815 0.0000377782 
0.0002620901 -0.0000997815 0.0000377782 
0.0002620901 -0.0000997815 0.0000377782 
0.0002620901 -0.0000997815 0.0000377782 
0.0002620901 -0.0000997815 0.0000377782 
0.0002620901 -0.0000997815 0.0000377782 
0.0002620901 -0.0000997815 0.0000377782 
0.0002620901 -0.0000997815 0.0000377782 
0.0002620901 -0.0000997815 0.0000377782 
0.0002620901 -0.0000997815 0.0000377782 
0.0002620901 -0.0000997815 0.0000377782 
0.0002620901 -0.0000997815 0.0000377782 
0.0002620901 -0.0000997815 0.0000377782 
0.0002620901 -0.0000997815 0.0000377782 
0.0002620901 -0.0000997815 0.0000377782 
0.0002620901 -0.0000997815 0.0000377782 
0.0002620901 -0.0000997815 0.0000377782 
0.0002620901 -0.0000997815 0.0000377782 
0.0002620901 -0.0000997815 0.0000377782 
0.0002620901 -0.0000997815 0.0000377782 
0.0002620901 -0.0000997815 0.0000377782 
0.0002620901 -0.0000997815 0.0000377782 
0.0002620901 -0.0000997815 0.0000377782 
0.0002620901 -0.0000997815 0.0000377782 
0.0002620901 -0.0000997815 0.0000377782 
0.0002620901 -0.0000997815 0.0000377782 
0.0002620901 -0.0000997815 0.0000377782 
0.0002620901 -0.0000997815 0.0000377782 
0.0002620901 -0.0000997815 0.0000377782 
0.0002620901 -0.0000997815 0.0000377782 
0.0002620901 -0.0000997815 0.0000377782 
0.0002620901 -0.0000997815 0.0000377782 
0.0002620901 -0.0000997815 0.0000377782 
0.0002620901 -0.0000997815 0.0000377782 
0.0002620901 -0.0000997815 0.0000377782 
0.0002620901 -0.0000997815 0.0000377782 
0.0002620901 -0.0000997815 0.0000377782 
0.0002620901 -0.0000997815 0.0000377782 
0.0002620901 -0.0000997815 0.0000377782 
0.0002620901 -0.0000997815 0.0000377782 
0.0002620901 -0.0000997815 0.0000377782 
0.0002620901 -0.0000997815 0.0000377782 
0.0002620901 -0.0000997815 0.0000377782 
0.0002620901 -0.0000997815 0.0000377782 
0.0002620901 -0.0000997815 0.0000377782 
0.0002620901 -0.0000997815 0.0000377782 
0.0002620901 -0.0000997815 0.0000377782 
0.0002620901 -0.0000997815 0.0000377782 
0.0002620901 -0.0000997815 0.0000377782 
0.0002620901 -0.0000997815 0.0000377782 
0.0002620901 -0.0000997815 0.0000377782 
0.0002620901 -0.0000997815 0.0000377782 
0.0002620901 -0.0000997815 0.0000377782 
0.0002620901 -0.0000997815 0.0000377782 
0.0002620901 -0.0000997815 0.0000377782 
0.0002620901 -0.0000997815 0.0000377782 
0.0002620901 -0.0000997815 0.0000377782 
0.0002620901 -0.0000997815 0.0000377782 
0.0002620901 -0.0000997815 0.0000377782 
0.0002620901 -0.0000997815 0.0000377782 
0.0002620901 -0.0000997815 0.0000377782 
0.0002620901 -0.0000997815 0.0000377782 
0.0002620901 -0.0000997815 0.0000377782 
0.0002620901 -0.0000997815 0.0000377782 
0.0002620901 -0.0000997815 0.0000377782 
0.0002620901 -0.0000997815 0.0000377782 
0.0002620901 -0.0000997815 0.0000377782 
0.0002620901 -0.0000997815 0.0000377782 
0.0002620901 -0.0000997815 0.0000377782 
0.0002620901 -0.0000997815 0.0000377782 
0.0002620901 -0.0000997815 0.0000377782 
0.0002620901 -0.0000997815 0.0000377782 
0.0002620901 -0.0000997815 0.0000377782 
0.0002620901 -0.0000997815 0.0000377782 
0.0002620901 -0.0000997815 0.0000377782 
0.0002620901 -0.0000997815 0.0000377782 
0.0002620901 -0.0000997815 0.0000377782 
0.0002620901 -0.0000997815 0.0000377782 
0.0002620901 -0.0000997815 0.0000377782 
0.0002620901 -0.0000997815 0.0000377782 
0.0002620901 -0.0000997815 0.0000377782 
0.0002620901 -0.0000997815 0.0000377782 
0.0002620901 -0.0000997815 0.0000377782 
0.0002620901 -0.0000997815 0.0000377782 
0.0002620901 -0.0000997815 0.0000377782 
0.0002620901 -0.0000997815 0.0000377782 
0.0002620901 -0.0000997815 0.0000377782 
0.0002620901 -0.0000997815 0.0000377782 
0.0002620901 -0.0000997815 0.0000377782 
0.0002620901 -0.0000997815 0.0000377782 
0.0002620901 -0.0000997815 0.0000377782 
0.0002620901 -0.0000997815 0.0000377782 
0.0002620901 -0.0000997815 0.0000377782 
0.0002620901 -0.0000997815 0.0000377782 
0.0002620901 -0.0000997815 0.0000377782 
0.0002620901 -0.0000997815 0.0000377782 
0.0002620901 -0.0000997815 0.0000377782 
0.0002620901 -0.0000997815 0.0000377782 
0.0002620901 -0.0000997815 0.0000377782 
0.0002620901 -0.0000997815 0.0000377782 
0.0002620901 -0.0000997815 0.0000377782 
0.0002620901 -0.0000997815 0.0000377782 
0.0002620901 -0.0000997815 0.0000377782 
0.0002620901 -0.0000997815 0.0000377782 
0.0002620901 -0.0000997815 0.0000377782 
0.0002620901 -0.0000997815 0.0000377782 
0.0002620901 -0.0000997815 0.0000377782 
0.0002620901 -0.0000997815 0.0000377782 
0.0002620901 -0.0000997815 0.0000377782 
0.0002620901 -0.0000997815 0.0000377782 
0.0002620901 -0.0000997815 0.0000377782 
0.0002620901 -0.0000997815 0.0000377782 
0.0002620901 -0.0000997815 0.0000377782 
0.0002620901 -0.0000997815 0.0000377782 
0.0002620901 -0.0000997815 0.0000377782 
0.0002620901 -0.0000997815 0.0000377782 
0.0002620901 -0.0000997815 0.0000377782 
0.0002620901 -0.0000997815 0.0000377782 
0.0002620901 -0.0000997815 0.0000377782 
0.0002620901 -0.0000997815 0.0000377782 
0.0002620901 -0.0000997815 0.0000377782 
0.0002620901 -0.0000997815 0.0000377782 
0.0002620901 -0.0000997815 0.0000377782 
0.0002620901 -0.0000997815 0.0000377782 
0.0002620901 -0.0000997815 0.0000377782 
0.0002620901 -0.0000997815 0.0000377782 
0.0002620901 -0.0000997815 0.0000377782 
0.0002620901 -0.0000997815 0.0000377782 
0.0002620901 -0.0000997815 0.0000377782 
0.0002620901 -0.0000997815 0.0000377782 
0.0002620901 -0.0000997815 0.0000377782 
0.0002620901 -0.0000997815 0.0000377782 
0.0002620901 -0.0000997815 0.0000377782 
0.0002620901 -0.0000997815 0.0000377782 
0.0002620901 -0.0000997815 0.0000377782 
0.0002620901 -0.0000997815 0.0000377782 
0.0002620901 -0.0000997815 0.0000377782 
0.0002620901 -0.0000997815 0.0000377782 
0.0002620901 -0.0000997815 0.0000377782 
0.0002620901 -0.0000997815 0.0000377782 
0.0002620901 -0.0000997815 0.0000377782 
0.0002620901 -0.0000997815 0.0000377782 
0.0002620901 -0.0000997815 0.0000377782 
0.0002620901 -0.0000997815 0.0000377782 
0.0002620901 -0.0000997815 0.0000377782 
0.0002620901 -0.0000997815 0.0000377782 
0.0002620901 -0.0000997815 0.0000377782 
0.0002620901 -0.0000997815 0.0000377782 
0.0002620901 -0.0000997815 0.0000377782 
0.0002620901 -0.0000997815 0.0000377782 
0.0002620901 -0.0000997815 0.0000377782 
0.0002620901 -0.0000997815 0.0000377782 
0.0002620901 -0.0000997815 0.0000377782 
0.0002620901 -0.0000997815 0.0000377782 
0.0002620901 -0.0000997815 0.0000377782 
0.0002620901 -0.0000997815 0.0000377782 
0.0002620901 -0.0000997815 0.0000377782 
0.0002620901 -0.0000997815 0.0000377782 
0.0002620901 -0.0000997815 0.0000377782 
0.0002620901 -0.0000997815 0.0000377782 
0.0002620901 -0.0000997815 0.0000377782 
0.0002620901 -0.0000997815 0.0000377782 
0.0002620901 -0.0000997815 0.0000377782 
0.0002620901 -0.0000997815 0.0000377782 
0.0002620901 -0.0000997815 0.0000377782 
0.0002620901 -0.0000997815 0.0000377782 
0.0002620901 -0.0000997815 0.0000377782 
0.0002620901 -0.0000997815 0.0000377782 
0.0002620901 -0.0000997815 0.0000377782 
0.0002620901 -0.0000997815 0.0000377782 
0.0002620901 -0.0000997815 0.0000377782 
0.0002620901 -0.0000997815 0.0000377782 
0.0002620901 -0.0000997815 0.0000377782 
0.0002620901 -0.0000997815 0.0000377782 
0.0002620901 -0.0000997815 0.0000377782 
0.0002620901 -0.0000997815 0.0000377782 
0.0002620901 -0.0000997815 0.0000377782 
0.0002620901 -0.0000997815 0.0000377782 
0.0002620901 -0.0000997815 0.0000377782 
0.0002620901 -0.0000997815 0.0000377782 
0.0002620901 -0.0000997815 0.0000377782 
0.0002620901 -0.0000997815 0.0000377782 
0.0002620901 -0.0000997815 0.0000377782 
0.0002620901 -0.0000997815 0.0000377782 
0.0002620901 -0.0000997815 0.0000377782 
0.0002620901 -0.0000997815 0.0000377782 
0.0002620901 -0.0000997815 0.0000377782 
0.0002620901 -0.0000997815 0.0000377782 
0.0002620901 -0.0000997815 0.0000377782 
0.0002620901 -0.0000997815 0.0000377782 
0.0002620901 -0.0000997815 0.0000377782 
0.0002620901 -0.0000997815 0.0000377782 
0.0002620901 -0.0000997815 0.0000377782 
0.0002620901 -0.0000997815 0.0000377782 
0.0002620901 -0.0000997815 0.0000377782 
0.0002620901 -0.0000997815 0.0000377782 
0.0002620901 -0.0000997815 0.0000377782 
0.0002620901 -0.0000997815 0.0000377782 
0.0002620901 -0.0000997815 0.0000377782 
0.0002620901 -0.0000997815 0.0000377782 
0.0002620901 -0.0000997815 0.0000377782 
0.0002620901 -0.0000997815 0.0000377782 
0.0002620901 -0.0000997815 0.0000377782 
0.0002620901 -0.0000997815 0.0000377782 
0.0002620901 -0.0000997815 0.0000377782 
0.0002620901 -0.0000997815 0.0000377782 
0.0002620901 -0.0000997815 0.0000377782 
0.0002620901 -0.0000997815 0.0000377782 
0.0002620901 -0.0000997815 0.0000377782 
0.0002620901 -0.0000997815 0.0000377782 
0.0002620901 -0.0000997815 0.0000377782 
0.0002620901 -0.0000997815 0.0000377782 
0.0002620901 -0.0000997815 0.0000377782 
0.0002620901 -0.0000997815 0.0000377782 
0.0002620901 -0.0000997815 0.0000377782 
0.0002620901 -0.0000997815 0.0000377782 
0.0002620901 -0.0000997815 0.0000377782 
0.0002620901 -0.0000997815 0.0000377782 
0.0002620901 -0.0000997815 0.0000377782 
0.0002620901 -0.0000997815 0.0000377782 
0.0002620901 -0.0000997815 0.0000377782 
0.0002620901 -0.0000997815 0.0000377782 
0.0002620901 -0.0000997815 0.0000377782 
0.0002620901 -0.0000997815 0.0000377782 
0.0002620901 -0.0000997815 0.0000377782 
0.0002620901 -0.0000997815 0.0000377782 
0.0002620901 -0.0000997815 0.0000377782 
0.0002620901 -0.0000997815 0.0000377782 
0.0002620901 -0.0000997815 0.0000377782 
0.0002620901 -0.0000997815 0.0000377782 
0.0002620901 -0.0000997815 0.0000377782 
0.0002620901 -0.0000997815 0.0000377782 
0.0002620901 -0.0000997815 0.0000377782 
0.0002620901 -0.0000997815 0.0000377782 
0.0002620901 -0.0000997815 0.0000377782 
0.0002620901 -0.0000997815 0.0000377782 
0.0002620901 -0.0000997815 0.0000377782 
0.0002620901 -0.0000997815 0.0000377782 
0.0002620901 -0.0000997815 0.0000377782 
0.0002620901 -0.0000997815 0.0000377782 
0.0002620901 -0.0000997815 0.0000377782 
0.0002620901 -0.0000997815 0.0000377782 
0.0002620901 -0.0000997815 0.0000377782 
0.0002620901 -0.0000997815 0.0000377782 
0.0002620901 -0.0000997815 0.0000377782 
0.0002620901 -0.0000997815 0.0000377782 
0.0002620901 -0.0000997815 0.0000377782 
0.0002620901 -0.0000997815 0.0000377782 
0.0002620901 -0.0000997815 0.0000377782 
0.0002620901 -0.0000997815 0.0000377782 
0.0002620901 -0.0000997815 0.0000377782 
0.0002620901 -0.0000997815 0.0000377782 
0.0002620901 -0.0000997815 0.0000377782 
0.0002620901 -0.0000997815 0.0000377782 
0.0002620901 -0.0000997815 0.0000377782 
0.0002620901 -0.0000997815 0.0000377782 
0.0002620901 -0.0000997815 0.0000377782 
0.0002620901 -0.0000997815 0.0000377782 
0.0002620901 -0.0000997815 0.0000377782 
0.0002620901 -0.0000997815 0.0000377782 
0.0002620901 -0.0000997815 0.0000377782 
0.0002620901 -0.0000997815 0.0000377782 
0.0002620901 -0.0000997815 0.0000377782 
0.0002620901 -0.0000997815 0.0000377782 
0.0002620901 -0.0000997815 0.0000377782 
0.0002620901 -0.0000997815 0.0000377782 
0.0002620901 -0.0000997815 0.0000377782 
0.0002620901 -0.0000997815 0.0000377782 
0.0002620901 -0.0000997815 0.0000377782 
0.0002620901 -0.0000997815 0.0000377782 
0.0002620901 -0.0000997815 0.0000377782 
0.0002620901 -0.0000997815 0.0000377782 
0.0002620901 -0.0000997815 0.0000377782 
0.0002620901 -0.0000997815 0.0000377782 
0.0002620901 -0.0000997815 0.0000377782 
0.0002620901 -0.0000997815 0.0000377782 
0.0002620901 -0.0000997815 0.0000377782 
0.0002620901 -0.0000997815 0.0000377782 
0.0002620901 -0.0000997815 0.0000377782 
0.0002620901 -0.0000997815 0.0000377782 
0.0002620901 -0.0000997815 0.0000377782 
0.0002620901 -0.0000997815 0.0000377782 
0.0002620901 -0.0000997815 0.0000377782 
0.0002620901 -0.0000997815 0.0000377782 
0.0002620901 -0.0000997815 0.0000377782 
0.0002620901 -0.0000997815 0.0000377782 
0.0002620901 -0.0000997815 0.0000377782 
0.0002620901 -0.0000997815 0.0000377782 
0.0002620901 -0.0000997815 0.0000377782 
0.0002620901 -0.0000997815 0.0000377782 
0.0002620901 -0.0000997815 0.0000377782 
0.0002620901 -0.0000997815 0.0000377782 
0.0002620901 -0.0000997815 0.0000377782 
0.0002620901 -0.0000997815 0.0000377782 
0.0002620901 -0.0000997815 0.0000377782 
0.0002620901 -0.0000997815 0.0000377782 
0.0002620901 -0.0000997815 0.0000377782 
0.0002620901 -0.0000997815 0.0000377782 
0.0002620901 -0.0000997815 0.0000377782 
0.0002620901 -0.0000997815 0.0000377782 
0.0002620901 -0.0000997815 0.0000377782 
0.0002620901 -0.0000997815 0.0000377782 
0.0002620901 -0.0000997815 0.0000377782 
0.0002620901 -0.0000997815 0.0000377782 
0.0002620901 -0.0000997815 0.0000377782 
0.0002620901 -0.0000997815 0.0000377782 
0.0002620901 -0.0000997815 0.0000377782 
0.0002620901 -0.0000997815 0.0000377782 
0.0002620901 -0.0000997815 0.0000377782 
0.0002620901 -0.0000997815 0.0000377782 
0.0002620901 -0.0000997815 0.0000377782 
0.0002620901 -0.0000997815 0.0000377782 
0.0002620901 -0.0000997815 0.0000377782 
0.0002620901 -0.0000997815 0.0000377782 
0.0002620901 -0.0000997815 0.0000377782 
0.0002620901 -0.0000997815 0.0000377782 
0.0002620901 -0.0000997815 0.0000377782 
0.0002620901 -0.0000997815 0.0000377782 
0.0002620901 -0.0000997815 0.0000377782 
0.0002620901 -0.0000997815 0.0000377782 
0.0002620901 -0.0000997815 0.0000377782 
0.0002620901 -0.0000997815 0.0000377782 
0.0002620901 -0.0000997815 0.0000377782 
0.0002620901 -0.0000997815 0.0000377782 
0.0002620901 -0.0000997815 0.0000377782 
0.0002620901 -0.0000997815 0.0000377782 
0.0002620901 -0.0000997815 0.0000377782 
0.0002620901 -0.0000997815 0.0000377782 
0.0002620901 -0.0000997815 0.0000377782 
0.0002620901 -0.0000997815 0.0000377782 
0.0002620901 -0.0000997815 0.0000377782 
0.0002620901 -0.0000997815 0.0000377782 
0.0002620901 -0.0000997815 0.0000377782 
0.0002620901 -0.0000997815 0.0000377782 
0.0002620901 -0.0000997815 0.0000377782 
0.0002620901 -0.0000997815 0.0000377782 
0.0002620901 -0.0000997815 0.0000377782 
0.0002620901 -0.0000997815 0.0000377782 
0.0002620901 -0.0000997815 0.0000377782 
0.0002620901 -0.0000997815 0.0000377782 
0.0002620901 -0.0000997815 0.0000377782 
0.0002620901 -0.0000997815 0.0000377782 
0.0002620901 -0.0000997815 0.0000377782 
0.0002620901 -0.0000997815 0.0000377782 
0.0002620901 -0.0000997815 0.0000377782 
0.0002620901 -0.0000997815 0.0000377782 
0.0002620901 -0.0000997815 0.0000377782 
0.0002620901 -0.0000997815 0.0000377782 
0.0002620901 -0.0000997815 0.0000377782 
0.0002620901 -0.0000997815 0.0000377782 
0.0002620901 -0.0000997815 0.0000377782 
0.0002620901 -0.0000997815 0.0000377782 
0.0002620901 -0.0000997815 0.0000377782 
0.0002620901 -0.0000997815 0.0000377782 
0.0002620901 -0.0000997815 0.0000377782 
0.0002620901 -0.0000997815 0.0000377782 
0.0002620901 -0.0000997815 0.0000377782 
0.0002620901 -0.0000997815 0.0000377782 
0.0002620901 -0.0000997815 0.0000377782 
0.0002620901 -0.0000997815 0.0000377782 
0.0002620901 -0.0000997815 0.0000377782 
0.0002620901 -0.0000997815 0.0000377782 
0.0002620901 -0.0000997815 0.0000377782 
0.0002620901 -0.0000997815 0.0000377782 
0.0002620901 -0.0000997815 0.0000377782 
0.0002620901 -0.0000997815 0.0000377782 
0.0002620901 -0.0000997815 0.0000377782 
0.0002620901 -0.0000997815 0.0000377782 
0.0002620901 -0.0000997815 0.0000377782 
0.0002620901 -0.0000997815 0.0000377782 
0.0002620901 -0.0000997815 0.0000377782 
0.0002620901 -0.0000997815 0.0000377782 
0.0002620901 -0.0000997815 0.0000377782 
0.0002620901 -0.0000997815 0.0000377782 
0.0002620901 -0.0000997815 0.0000377782 
0.0002620901 -0.0000997815 0.0000377782 
0.0002620901 -0.0000997815 0.0000377782 
0.0002620901 -0.0000997815 0.0000377782 
0.0002620901 -0.0000997815 0.0000377782 
0.0002620901 -0.0000997815 0.0000377782 
0.0002620901 -0.0000997815 0.0000377782 
0.0002620901 -0.0000997815 0.0000377782 
0.0002620901 -0.0000997815 0.0000377782 
0.0002620901 -0.0000997815 0.0000377782 
0.0002620901 -0.0000997815 0.0000377782 
0.0002620901 -0.0000997815 0.0000377782 
0.0002620901 -0.0000997815 0.0000377782 
0.0002620901 -0.0000997815 0.0000377782 
0.0002620901 -0.0000997815 0.0000377782 
0.0002620901 -0.0000997815 0.0000377782 
0.0002620901 -0.0000997815 0.0000377782 
0.0002620901 -0.0000997815 0.0000377782 
0.0002620901 -0.0000997815 0.0000377782 
0.0002620901 -0.0000997815 0.0000377782 
0.0002620901 -0.0000997815 0.0000377782 
0.0002620901 -0.0000997815 0.0000377782 
0.0002620901 -0.0000997815 0.0000377782 
0.0002620901 -0.0000997815 0.0000377782 
0.0002620901 -0.0000997815 0.0000377782 
0.0002620901 -0.0000997815 0.0000377782 
0.0002620901 -0.0000997815 0.0000377782 
0.0002620901 -0.0000997815 0.0000377782 
0.0002620901 -0.0000997815 0.0000377782 
0.0002620901 -0.0000997815 0.0000377782 
0.0002620901 -0.0000997815 0.0000377782 
0.0002620901 -0.0000997815 0.0000377782 
0.0002620901 -0.0000997815 0.0000377782 
0.0002620901 -0.0000997815 0.0000377782 
0.0002620901 -0.0000997815 0.0000377782 
0.0002620901 -0.0000997815 0.0000377782 
0.0002620901 -0.0000997815 0.0000377782 
0.0002620901 -0.0000997815 0.0000377782 
0.0002620901 -0.0000997815 0.0000377782 
0.0002620901 -0.0000997815 0.0000377782 
0.0002620901 -0.0000997815 0.0000377782 
0.0002620901 -0.0000997815 0.0000377782 
0.0002620901 -0.0000997815 0.0000377782 
0.0002620901 -0.0000997815 0.0000377782 
0.0002620901 -0.0000997815 0.0000377782 
0.0002620901 -0.0000997815 0.0000377782 
0.0002620901 -0.0000997815 0.0000377782 
0.0002620901 -0.0000997815 0.0000377782 
0.0002620901 -0.0000997815 0.0000377782 
0.0002620901 -0.0000997815 0.0000377782 
0.0002620901 -0.0000997815 0.0000377782 
0.0002620901 -0.0000997815 0.0000377782 
0.0002620901 -0.0000997815 0.0000377782 
0.0002620901 -0.0000997815 0.0000377782 
0.0002620901 -0.0000997815 0.0000377782 
0.0002620901 -0.0000997815 0.0000377782 
0.0002620901 -0.0000997815 0.0000377782 
0.0002620901 -0.0000997815 0.0000377782 
0.0002620901 -0.0000997815 0.0000377782 
0.0002620901 -0.0000997815 0.0000377782 
0.0002620901 -0.0000997815 0.0000377782 
0.0002620901 -0.0000997815 0.0000377782 
0.0002620901 -0.0000997815 0.0000377782 
0.0002620901 -0.0000997815 0.0000377782 
0.0002620901 -0.0000997815 0.0000377782 
0.0002620901 -0.0000997815 0.0000377782 
0.0002620901 -0.0000997815 0.0000377782 
0.0002620901 -0.0000997815 0.0000377782 
0.0002620901 -0.0000997815 0.0000377782 
0.0002620901 -0.0000997815 0.0000377782 
0.0002620901 -0.0000997815 0.0000377782 
0.0002620901 -0.0000997815 0.0000377782 
0.0002620901 -0.0000997815 0.0000377782 
0.0002620901 -0.0000997815 0.0000377782 
0.0002620901 -0.0000997815 0.0000377782 
0.0002620901 -0.0000997815 0.0000377782 
0.0002620901 -0.0000997815 0.0000377782 
0.0002620901 -0.0000997815 0.0000377782 
0.0002620901 -0.0000997815 0.0000377782 
0.0002620901 -0.0000997815 0.0000377782 
0.0002620901 -0.0000997815 0.0000377782 
0.0002620901 -0.0000997815 0.0000377782 
0.0002620901 -0.0000997815 0.0000377782 
0.0002620901 -0.0000997815 0.0000377782 
0.0002620901 -0.0000997815 0.0000377782 
0.0002620901 -0.0000997815 0.0000377782 
0.0002620901 -0.0000997815 0.0000377782 
0.0002620901 -0.0000997815 0.0000377782 
0.0002620901 -0.0000997815 0.0000377782 
0.0002620901 -0.0000997815 0.0000377782 
0.0002620901 -0.0000997815 0.0000377782 
0.0002620901 -0.0000997815 0.0000377782 
0.0002620901 -0.0000997815 0.0000377782 
0.0002620901 -0.0000997815 0.0000377782 
0.0002620901 -0.0000997815 0.0000377782 
0.0002620901 -0.0000997815 0.0000377782 
0.0002620901 -0.0000997815 0.0000377782 
0.0002620901 -0.0000997815 0.0000377782 
0.0002620901 -0.0000997815 0.0000377782 
0.0002620901 -0.0000997815 0.0000377782 
0.0002620901 -0.0000997815 0.0000377782 
0.0002620901 -0.0000997815 0.0000377782 
0.0002620901 -0.0000997815 0.0000377782 
0.0002620901 -0.0000997815 0.0000377782 
0.0002620901 -0.0000997815 0.0000377782 
0.0002620901 -0.0000997815 0.0000377782 
0.0002620901 -0.0000997815 0.0000377782 
0.0002620901 -0.0000997815 0.0000377782 
0.0002620901 -0.0000997815 0.0000377782 
0.0002620901 -0.0000997815 0.0000377782 
0.0002620901 -0.0000997815 0.0000377782 
0.0002620901 -0.0000997815 0.0000377782 
0.0002620901 -0.0000997815 0.0000377782 
0.0002620901 -0.0000997815 0.0000377782 
0.0002620901 -0.0000997815 0.0000377782 
0.0002620901 -0.0000997815 0.0000377782 
0.0002620901 -0.0000997815 0.0000377782 
0.0002620901 -0.0000997815 0.0000377782 
0.0002620901 -0.0000997815 0.0000377782 
0.0002620901 -0.0000997815 0.0000377782 
0.0002620901 -0.0000997815 0.0000377782 
0.0002620901 -0.0000997815 0.0000377782 
0.0002620901 -0.0000997815 0.0000377782 
0.0002620901 -0.0000997815 0.0000377782 
0.0002620901 -0.0000997815 0.0000377782 
0.0002620901 -0.0000997815 0.0000377782 
0.0002620901 -0.0000997815 0.0000377782 
0.0002620901 -0.0000997815 0.0000377782 
0.0002620901 -0.0000997815 0.0000377782 
0.0002620901 -0.0000997815 0.0000377782 
0.0002620901 -0.0000997815 0.0000377782 
0.0002620901 -0.0000997815 0.0000377782 
0.0002620901 -0.0000997815 0.0000377782 
0.0002620901 -0.0000997815 0.0000377782 
0.0002620901 -0.0000997815 0.0000377782 
0.0002620901 -0.0000997815 0.0000377782 
0.0002620901 -0.0000997815 0.0000377782 
0.0002620901 -0.0000997815 0.0000377782 
0.0002620901 -0.0000997815 0.0000377782 
0.0002620901 -0.0000997815 0.0000377782 
0.0002620901 -0.0000997815 0.0000377782 
0.0002620901 -0.0000997815 0.0000377782 
0.0002620901 -0.0000997815 0.0000377782 
0.0002620901 -0.0000997815 0.0000377782 
0.0002620901 -0.0000997815 0.0000377782 
0.0002620901 -0.0000997815 0.0000377782 
0.0002620901 -0.0000997815 0.0000377782 
0.0002620901 -0.0000997815 0.0000377782 
0.0002620901 -0.0000997815 0.0000377782 
0.0002620901 -0.0000997815 0.0000377782 
0.0002620901 -0.0000997815 0.0000377782 
0.0002620901 -0.0000997815 0.0000377782 
0.0002620901 -0.0000997815 0.0000377782 
0.0002620901 -0.0000997815 0.0000377782 
0.0002620901 -0.0000997815 0.0000377782 
0.0002620901 -0.0000997815 0.0000377782 
0.0002620901 -0.0000997815 0.0000377782 
0.0002620901 -0.0000997815 0.0000377782 
0.0002620901 -0.0000997815 0.0000377782 
0.0002620901 -0.0000997815 0.0000377782 
0.0002620901 -0.0000997815 0.0000377782 
0.0002620901 -0.0000997815 0.0000377782 
0.0002620901 -0.0000997815 0.0000377782 
0.0002620901 -0.0000997815 0.0000377782 
0.0002620901 -0.0000997815 0.0000377782 
0.0002620901 -0.0000997815 0.0000377782 
0.0002620901 -0.0000997815 0.0000377782 
0.0002620901 -0.0000997815 0.0000377782 
0.0002620901 -0.0000997815 0.0000377782 
0.0002620901 -0.0000997815 0.0000377782 
0.0002620901 -0.0000997815 0.0000377782 
0.0002620901 -0.0000997815 0.0000377782 
0.0002620901 -0.0000997815 0.0000377782 
0.0002620901 -0.0000997815 0.0000377782 
0.0002620901 -0.0000997815 0.0000377782 
0.0002620901 -0.0000997815 0.0000377782 
0.0002620901 -0.0000997815 0.0000377782 
0.0002620901 -0.0000997815 0.0000377782 
0.0002620901 -0.0000997815 0.0000377782 
0.0002620901 -0.0000997815 0.0000377782 
0.0002620901 -0.0000997815 0.0000377782 
0.0002620901 -0.0000997815 0.0000377782 
0.0002620901 -0.0000997815 0.0000377782 
0.0002620901 -0.0000997815 0.0000377782 
0.0002620901 -0.0000997815 0.0000377782 
0.0002620901 -0.0000997815 0.0000377782 
0.0002620901 -0.0000997815 0.0000377782 
0.0002620901 -0.0000997815 0.0000377782 
0.0002620901 -0.0000997815 0.0000377782 
0.0002620901 -0.0000997815 0.0000377782 
0.0002620901 -0.0000997815 0.0000377782 
0.0002620901 -0.0000997815 0.0000377782 
0.0002620901 -0.0000997815 0.0000377782 
0.0002620901 -0.0000997815 0.0000377782 
0.0002620901 -0.0000997815 0.0000377782 
0.0002620901 -0.0000997815 0.0000377782 
0.0002620901 -0.0000997815 0.0000377782 
0.0002620901 -0.0000997815 0.0000377782 
0.0002620901 -0.0000997815 0.0000377782 
0.0002620901 -0.0000997815 0.0000377782 
0.0002620901 -0.0000997815 0.0000377782 
0.0002620901 -0.0000997815 0.0000377782 
0.0002620901 -0.0000997815 0.0000377782 
0.0002620901 -0.0000997815 0.0000377782 
0.0002620901 -0.0000997815 0.0000377782 
0.0002620901 -0.0000997815 0.0000377782 
0.0002620901 -0.0000997815 0.0000377782 
0.0002620901 -0.0000997815 0.0000377782 
0.0002620901 -0.0000997815 0.0000377782 
0.0002620901 -0.0000997815 0.0000377782 
0.0002620901 -0.0000997815 0.0000377782 
0.0002620901 -0.0000997815 0.0000377782 
0.0002620901 -0.0000997815 0.0000377782 
0.0002620901 -0.0000997815 0.0000377782 
0.0002620901 -0.0000997815 0.0000377782 
0.0002620901 -0.0000997815 0.0000377782 
0.0002620901 -0.0000997815 0.0000377782 
0.0002620901 -0.0000997815 0.0000377782 
0.0002620901 -0.0000997815 0.0000377782 
0.0002620901 -0.0000997815 0.0000377782 
0.0002620901 -0.0000997815 0.0000377782 
0.0002620901 -0.0000997815 0.0000377782 
0.0002620901 -0.0000997815 0.0000377782 
0.0002620901 -0.0000997815 0.0000377782 
0.0002620901 -0.0000997815 0.0000377782 
0.0002620901 -0.0000997815 0.0000377782 
0.0002620901 -0.0000997815 0.0000377782 
0.0002620901 -0.0000997815 0.0000377782 
0.0002620901 -0.0000997815 0.0000377782 
0.0002620901 -0.0000997815 0.0000377782 
0.0002620901 -0.0000997815 0.0000377782 
0.0002620901 -0.0000997815 0.0000377782 
0.0002620901 -0.0000997815 0.0000377782 
0.0002620901 -0.0000997815 0.0000377782 
0.0002620901 -0.0000997815 0.0000377782 
0.0002620901 -0.0000997815 0.0000377782 
0.0002620901 -0.0000997815 0.0000377782 
0.0002620901 -0.0000997815 0.0000377782 
0.0002620901 -0.0000997815 0.0000377782 
0.0002620901 -0.0000997815 0.0000377782 
0.0002620901 -0.0000997815 0.0000377782 
0.0002620901 -0.0000997815 0.0000377782 
0.0002620901 -0.0000997815 0.0000377782 
0.0002620901 -0.0000997815 0.0000377782 
0.0002620901 -0.0000997815 0.0000377782 
0.0002620901 -0.0000997815 0.0000377782 
0.0002620901 -0.0000997815 0.0000377782 
