0.0002714669 -0.0001627100 0.0001501809 
0.0002722245 -0.0001609213 0.0001475897 
0.0002729685 -0.0001594739 0.0001450292 
0.0002737308 -0.0001582592 0.0001424854 
0.0002745285 -0.0001572137 0.0001399462 
0.0002753711 -0.0001562988 0.0001374018 
0.0002762629 -0.0001554896 0.0001348449 
0.0002772058 -0.0001547688 0.0001322708 
0.0002781999 -0.0001541237 0.0001296767 
0.0002792445 -0.0001535440 0.0001270614 
0.0002803377 -0.0001530216 0.0001244249 
0.0002814775 -0.0001525497 0.0001217688 
0.0002826610 -0.0001521225 0.0001190956 
0.0002838844 -0.0001517356 0.0001164093 
0.0002851456 -0.0001513833 0.0001137132 
0.0002864382 -0.0001510632 0.0001110180 
0.0002877540 -0.0001507719 0.0001083339 
0.0002890894 -0.0001505032 0.0001056635 
0.0002904387 -0.0001502559 0.0001030160 
0.0002917954 -0.0001500306 0.0001003979 
0.0002931497 -0.0001498277 0.0000978188 
0.0002945015 -0.0001496448 0.0000952791 
0.0002958432 -0.0001494839 0.0000927905 
0.0002971758 -0.0001493428 0.0000903514 
0.0002984978 -0.0001492212 0.0000879655 
0.0002998052 -0.0001491216 0.0000856398 
0.0003010960 -0.0001490417 0.0000833776 
0.0003023641 -0.0001489780 0.0000811875 
0.0003036099 -0.0001489287 0.0000790662 
0.0003048321 -0.0001488951 0.0000770136 
0.0003060320 -0.0001488828 0.0000750259 
0.0003072067 -0.0001488866 0.0000731015 
0.0003083541 -0.0001489038 0.0000712380 
0.0003083541 -0.0001489038 0.0000712380 
0.0003083541 -0.0001489038 0.0000712380 
0.0003083541 -0.0001489038 0.0000712380 
0.0003083541 -0.0001489038 0.0000712380 
0.0003083541 -0.0001489038 0.0000712380 
0.0003083541 -0.0001489038 0.0000712380 
0.0003083541 -0.0001489038 0.0000712380 
0.0003083541 -0.0001489038 0.0000712380 
0.0003083541 -0.0001489038 0.0000712380 
0.0003083541 -0.0001489038 0.0000712380 
0.0003083541 -0.0001489038 0.0000712380 
0.0003083541 -0.0001489038 0.0000712380 
0.0003083541 -0.0001489038 0.0000712380 
0.0003083541 -0.0001489038 0.0000712380 
0.0003083541 -0.0001489038 0.0000712380 
0.0003083541 -0.0001489038 0.0000712380 
0.0003083541 -0.0001489038 0.0000712380 
0.0003083541 -0.0001489038 0.0000712380 
0.0003083541 -0.0001489038 0.0000712380 
0.0003083541 -0.0001489038 0.0000712380 
0.0003083541 -0.0001489038 0.0000712380 
0.0003083541 -0.0001489038 0.0000712380 
0.0003083541 -0.0001489038 0.0000712380 
0.0003083541 -0.0001489038 0.0000712380 
0.0003083541 -0.0001489038 0.0000712380 
0.0003083541 -0.0001489038 0.0000712380 
0.0003083541 -0.0001489038 0.0000712380 
0.0003083541 -0.0001489038 0.0000712380 
0.0003083541 -0.0001489038 0.0000712380 
0.0003083541 -0.0001489038 0.0000712380 
0.0003083541 -0.0001489038 0.0000712380 
0.0003083541 -0.0001489038 0.0000712380 
0.0003083541 -0.0001489038 0.0000712380 
0.0003083541 -0.0001489038 0.0000712380 
0.0003083541 -0.0001489038 0.0000712380 
0.0003083541 -0.0001489038 0.0000712380 
0.0003083541 -0.0001489038 0.0000712380 
0.0003083541 -0.0001489038 0.0000712380 
0.0003083541 -0.0001489038 0.0000712380 
0.0003083541 -0.0001489038 0.0000712380 
0.0003083541 -0.0001489038 0.0000712380 
0.0003083541 -0.0001489038 0.0000712380 
0.0003083541 -0.0001489038 0.0000712380 
0.0003083541 -0.0001489038 0.0000712380 
0.0003083541 -0.0001489038 0.0000712380 
0.0003083541 -0.0001489038 0.0000712380 
0.0003083541 -0.0001489038 0.0000712380 
0.0003083541 -0.0001489038 0.0000712380 
0.0003083541 -0.0001489038 0.0000712380 
0.0003083541 -0.0001489038 0.0000712380 
0.0003083541 -0.0001489038 0.0000712380 
0.0003083541 -0.0001489038 0.0000712380 
0.0003083541 -0.0001489038 0.0000712380 
0.0003083541 -0.0001489038 0.0000712380 
0.0003083541 -0.0001489038 0.0000712380 
0.0003083541 -0.0001489038 0.0000712380 
0.0003083541 -0.0001489038 0.0000712380 
0.0003083541 -0.0001489038 0.0000712380 
0.0003083541 -0.0001489038 0.0000712380 
0.0003083541 -0.0001489038 0.0000712380 
0.0003083541 -0.0001489038 0.0000712380 
0.0003083541 -0.0001489038 0.0000712380 
0.0003083541 -0.0001489038 0.0000712380 
0.0003083541 -0.0001489038 0.0000712380 
0.0003083541 -0.0001489038 0.0000712380 
0.0003083541 -0.0001489038 0.0000712380 
0.0003083541 -0.0001489038 0.0000712380 
0.0003083541 -0.0001489038 0.0000712380 
0.0003083541 -0.0001489038 0.0000712380 
0.0003083541 -0.0001489038 0.0000712380 
0.0003083541 -0.0001489038 0.0000712380 
0.0003083541 -0.0001489038 0.0000712380 
0.0003083541 -0.0001489038 0.0000712380 
0.0003083541 -0.0001489038 0.0000712380 
0.0003083541 -0.0001489038 0.0000712380 
0.0003083541 -0.0001489038 0.0000712380 
0.0003083541 -0.0001489038 0.0000712380 
0.0003083541 -0.0001489038 0.0000712380 
0.0003083541 -0.0001489038 0.0000712380 
0.0003083541 -0.0001489038 0.0000712380 
0.0003083541 -0.0001489038 0.0000712380 
0.0003083541 -0.0001489038 0.0000712380 
0.0003083541 -0.0001489038 0.0000712380 
0.0003083541 -0.0001489038 0.0000712380 
0.0003083541 -0.0001489038 0.0000712380 
0.0003083541 -0.0001489038 0.0000712380 
0.0003083541 -0.0001489038 0.0000712380 
0.0003083541 -0.0001489038 0.0000712380 
0.0003083541 -0.0001489038 0.0000712380 
0.0003083541 -0.0001489038 0.0000712380 
0.0003083541 -0.0001489038 0.0000712380 
0.0003083541 -0.0001489038 0.0000712380 
0.0003083541 -0.0001489038 0.0000712380 
0.0003083541 -0.0001489038 0.0000712380 
0.0003083541 -0.0001489038 0.0000712380 
0.0003083541 -0.0001489038 0.0000712380 
0.0003083541 -0.0001489038 0.0000712380 
0.0003083541 -0.0001489038 0.0000712380 
0.0003083541 -0.0001489038 0.0000712380 
0.0003083541 -0.0001489038 0.0000712380 
0.0003083541 -0.0001489038 0.0000712380 
0.0003083541 -0.0001489038 0.0000712380 
0.0003083541 -0.0001489038 0.0000712380 
0.0003083541 -0.0001489038 0.0000712380 
0.0003083541 -0.0001489038 0.0000712380 
0.0003083541 -0.0001489038 0.0000712380 
0.0003083541 -0.0001489038 0.0000712380 
0.0003083541 -0.0001489038 0.0000712380 
0.0003083541 -0.0001489038 0.0000712380 
0.0003083541 -0.0001489038 0.0000712380 
0.0003083541 -0.0001489038 0.0000712380 
0.0003083541 -0.0001489038 0.0000712380 
0.0003083541 -0.0001489038 0.0000712380 
0.0003083541 -0.0001489038 0.0000712380 
0.0003083541 -0.0001489038 0.0000712380 
0.0003083541 -0.0001489038 0.0000712380 
0.0003083541 -0.0001489038 0.0000712380 
0.0003083541 -0.0001489038 0.0000712380 
0.0003083541 -0.0001489038 0.0000712380 
0.0003083541 -0.0001489038 0.0000712380 
0.0003083541 -0.0001489038 0.0000712380 
0.0003083541 -0.0001489038 0.0000712380 
0.0003083541 -0.0001489038 0.0000712380 
0.0003083541 -0.0001489038 0.0000712380 
0.0003083541 -0.0001489038 0.0000712380 
0.0003083541 -0.0001489038 0.0000712380 
0.0003083541 -0.0001489038 0.0000712380 
0.0003083541 -0.0001489038 0.0000712380 
0.0003083541 -0.0001489038 0.0000712380 
0.0003083541 -0.0001489038 0.0000712380 
0.0003083541 -0.0001489038 0.0000712380 
0.0003083541 -0.0001489038 0.0000712380 
0.0003083541 -0.0001489038 0.0000712380 
0.0003083541 -0.0001489038 0.0000712380 
0.0003083541 -0.0001489038 0.0000712380 
0.0003083541 -0.0001489038 0.0000712380 
0.0003083541 -0.0001489038 0.0000712380 
0.0003083541 -0.0001489038 0.0000712380 
0.0003083541 -0.0001489038 0.0000712380 
0.0003083541 -0.0001489038 0.0000712380 
0.0003083541 -0.0001489038 0.0000712380 
0.0003083541 -0.0001489038 0.0000712380 
0.0003083541 -0.0001489038 0.0000712380 
0.0003083541 -0.0001489038 0.0000712380 
0.0003083541 -0.0001489038 0.0000712380 
0.0003083541 -0.0001489038 0.0000712380 
0.0003083541 -0.0001489038 0.0000712380 
0.0003083541 -0.0001489038 0.0000712380 
0.0003083541 -0.0001489038 0.0000712380 
0.0003083541 -0.0001489038 0.0000712380 
0.0003083541 -0.0001489038 0.0000712380 
0.0003083541 -0.0001489038 0.0000712380 
0.0003083541 -0.0001489038 0.0000712380 
0.0003083541 -0.0001489038 0.0000712380 
0.0003083541 -0.0001489038 0.0000712380 
0.0003083541 -0.0001489038 0.0000712380 
0.0003083541 -0.0001489038 0.0000712380 
0.0003083541 -0.0001489038 0.0000712380 
0.0003083541 -0.0001489038 0.0000712380 
0.0003083541 -0.0001489038 0.0000712380 
0.0003083541 -0.0001489038 0.0000712380 
0.0003083541 -0.0001489038 0.0000712380 
0.0003083541 -0.0001489038 0.0000712380 
0.0003083541 -0.0001489038 0.0000712380 
0.0003083541 -0.0001489038 0.0000712380 
0.0003083541 -0.0001489038 0.0000712380 
0.0003083541 -0.0001489038 0.0000712380 
0.0003083541 -0.0001489038 0.0000712380 
0.0003083541 -0.0001489038 0.0000712380 
0.0003083541 -0.0001489038 0.0000712380 
0.0003083541 -0.0001489038 0.0000712380 
0.0003083541 -0.0001489038 0.0000712380 
0.0003083541 -0.0001489038 0.0000712380 
0.0003083541 -0.0001489038 0.0000712380 
0.0003083541 -0.0001489038 0.0000712380 
0.0003083541 -0.0001489038 0.0000712380 
0.0003083541 -0.0001489038 0.0000712380 
0.0003083541 -0.0001489038 0.0000712380 
0.0003083541 -0.0001489038 0.0000712380 
0.0003083541 -0.0001489038 0.0000712380 
0.0003083541 -0.0001489038 0.0000712380 
0.0003083541 -0.0001489038 0.0000712380 
0.0003083541 -0.0001489038 0.0000712380 
0.0003083541 -0.0001489038 0.0000712380 
0.0003083541 -0.0001489038 0.0000712380 
0.0003083541 -0.0001489038 0.0000712380 
0.0003083541 -0.0001489038 0.0000712380 
0.0003083541 -0.0001489038 0.0000712380 
0.0003083541 -0.0001489038 0.0000712380 
0.0003083541 -0.0001489038 0.0000712380 
0.0003083541 -0.0001489038 0.0000712380 
0.0003083541 -0.0001489038 0.0000712380 
0.0003083541 -0.0001489038 0.0000712380 
0.0003083541 -0.0001489038 0.0000712380 
0.0003083541 -0.0001489038 0.0000712380 
0.0003083541 -0.0001489038 0.0000712380 
0.0003083541 -0.0001489038 0.0000712380 
0.0003083541 -0.0001489038 0.0000712380 
0.0003083541 -0.0001489038 0.0000712380 
0.0003083541 -0.0001489038 0.0000712380 
0.0003083541 -0.0001489038 0.0000712380 
0.0003083541 -0.0001489038 0.0000712380 
0.0003083541 -0.0001489038 0.0000712380 
0.0003083541 -0.0001489038 0.0000712380 
0.0003083541 -0.0001489038 0.0000712380 
0.0003083541 -0.0001489038 0.0000712380 
0.0003083541 -0.0001489038 0.0000712380 
0.0003083541 -0.0001489038 0.0000712380 
0.0003083541 -0.0001489038 0.0000712380 
0.0003083541 -0.0001489038 0.0000712380 
0.0003083541 -0.0001489038 0.0000712380 
0.0003083541 -0.0001489038 0.0000712380 
0.0003083541 -0.0001489038 0.0000712380 
0.0003083541 -0.0001489038 0.0000712380 
0.0003083541 -0.0001489038 0.0000712380 
0.0003083541 -0.0001489038 0.0000712380 
0.0003083541 -0.0001489038 0.0000712380 
0.0003083541 -0.0001489038 0.0000712380 
0.0003083541 -0.0001489038 0.0000712380 
0.0003083541 -0.0001489038 0.0000712380 
0.0003083541 -0.0001489038 0.0000712380 
0.0003083541 -0.0001489038 0.0000712380 
0.0003083541 -0.0001489038 0.0000712380 
0.0003083541 -0.0001489038 0.0000712380 
0.0003083541 -0.0001489038 0.0000712380 
0.0003083541 -0.0001489038 0.0000712380 
0.0003083541 -0.0001489038 0.0000712380 
0.0003083541 -0.0001489038 0.0000712380 
0.0003083541 -0.0001489038 0.0000712380 
0.0003083541 -0.0001489038 0.0000712380 
0.0003083541 -0.0001489038 0.0000712380 
0.0003083541 -0.0001489038 0.0000712380 
0.0003083541 -0.0001489038 0.0000712380 
0.0003083541 -0.0001489038 0.0000712380 
0.0003083541 -0.0001489038 0.0000712380 
0.0003083541 -0.0001489038 0.0000712380 
0.0003083541 -0.0001489038 0.0000712380 
0.0003083541 -0.0001489038 0.0000712380 
0.0003083541 -0.0001489038 0.0000712380 
0.0003083541 -0.0001489038 0.0000712380 
0.0003083541 -0.0001489038 0.0000712380 
0.0003083541 -0.0001489038 0.0000712380 
0.0003083541 -0.0001489038 0.0000712380 
0.0003083541 -0.0001489038 0.0000712380 
0.0003083541 -0.0001489038 0.0000712380 
0.0003083541 -0.0001489038 0.0000712380 
0.0003083541 -0.0001489038 0.0000712380 
0.0003083541 -0.0001489038 0.0000712380 
0.0003083541 -0.0001489038 0.0000712380 
0.0003083541 -0.0001489038 0.0000712380 
0.0003083541 -0.0001489038 0.0000712380 
0.0003083541 -0.0001489038 0.0000712380 
0.0003083541 -0.0001489038 0.0000712380 
0.0003083541 -0.0001489038 0.0000712380 
0.0003083541 -0.0001489038 0.0000712380 
0.0003083541 -0.0001489038 0.0000712380 
0.0003083541 -0.0001489038 0.0000712380 
0.0003083541 -0.0001489038 0.0000712380 
0.0003083541 -0.0001489038 0.0000712380 
0.0003083541 -0.0001489038 0.0000712380 
0.0003083541 -0.0001489038 0.0000712380 
0.0003083541 -0.0001489038 0.0000712380 
0.0003083541 -0.0001489038 0.0000712380 
0.0003083541 -0.0001489038 0.0000712380 
0.0003083541 -0.0001489038 0.0000712380 
0.0003083541 -0.0001489038 0.0000712380 
0.0003083541 -0.0001489038 0.0000712380 
0.0003083541 -0.0001489038 0.0000712380 
0.0003083541 -0.0001489038 0.0000712380 
0.0003083541 -0.0001489038 0.0000712380 
0.0003083541 -0.0001489038 0.0000712380 
0.0003083541 -0.0001489038 0.0000712380 
0.0003083541 -0.0001489038 0.0000712380 
0.0003083541 -0.0001489038 0.0000712380 
0.0003083541 -0.0001489038 0.0000712380 
0.0003083541 -0.0001489038 0.0000712380 
0.0003083541 -0.0001489038 0.0000712380 
0.0003083541 -0.0001489038 0.0000712380 
0.0003083541 -0.0001489038 0.0000712380 
0.0003083541 -0.0001489038 0.0000712380 
0.0003083541 -0.0001489038 0.0000712380 
0.0003083541 -0.0001489038 0.0000712380 
0.0003083541 -0.0001489038 0.0000712380 
0.0003083541 -0.0001489038 0.0000712380 
0.0003083541 -0.0001489038 0.0000712380 
0.0003083541 -0.0001489038 0.0000712380 
0.0003083541 -0.0001489038 0.0000712380 
0.0003083541 -0.0001489038 0.0000712380 
0.0003083541 -0.0001489038 0.0000712380 
0.0003083541 -0.0001489038 0.0000712380 
0.0003083541 -0.0001489038 0.0000712380 
0.0003083541 -0.0001489038 0.0000712380 
0.0003083541 -0.0001489038 0.0000712380 
0.0003083541 -0.0001489038 0.0000712380 
0.0003083541 -0.0001489038 0.0000712380 
0.0003083541 -0.0001489038 0.0000712380 
0.0003083541 -0.0001489038 0.0000712380 
0.0003083541 -0.0001489038 0.0000712380 
0.0003083541 -0.0001489038 0.0000712380 
0.0003083541 -0.0001489038 0.0000712380 
0.0003083541 -0.0001489038 0.0000712380 
0.0003083541 -0.0001489038 0.0000712380 
0.0003083541 -0.0001489038 0.0000712380 
0.0003083541 -0.0001489038 0.0000712380 
0.0003083541 -0.0001489038 0.0000712380 
0.0003083541 -0.0001489038 0.0000712380 
0.0003083541 -0.0001489038 0.0000712380 
0.0003083541 -0.0001489038 0.0000712380 
0.0003083541 -0.0001489038 0.0000712380 
0.0003083541 -0.0001489038 0.0000712380 
0.0003083541 -0.0001489038 0.0000712380 
0.0003083541 -0.0001489038 0.0000712380 
0.0003083541 -0.0001489038 0.0000712380 
0.0003083541 -0.0001489038 0.0000712380 
0.0003083541 -0.0001489038 0.0000712380 
0.0003083541 -0.0001489038 0.0000712380 
0.0003083541 -0.0001489038 0.0000712380 
0.0003083541 -0.0001489038 0.0000712380 
0.0003083541 -0.0001489038 0.0000712380 
0.0003083541 -0.0001489038 0.0000712380 
0.0003083541 -0.0001489038 0.0000712380 
0.0003083541 -0.0001489038 0.0000712380 
0.0003083541 -0.0001489038 0.0000712380 
0.0003083541 -0.0001489038 0.0000712380 
0.0003083541 -0.0001489038 0.0000712380 
0.0003083541 -0.0001489038 0.0000712380 
0.0003083541 -0.0001489038 0.0000712380 
0.0003083541 -0.0001489038 0.0000712380 
0.0003083541 -0.0001489038 0.0000712380 
0.0003083541 -0.0001489038 0.0000712380 
0.0003083541 -0.0001489038 0.0000712380 
0.0003083541 -0.0001489038 0.0000712380 
0.0003083541 -0.0001489038 0.0000712380 
0.0003083541 -0.0001489038 0.0000712380 
0.0003083541 -0.0001489038 0.0000712380 
0.0003083541 -0.0001489038 0.0000712380 
0.0003083541 -0.0001489038 0.0000712380 
0.0003083541 -0.0001489038 0.0000712380 
0.0003083541 -0.0001489038 0.0000712380 
0.0003083541 -0.0001489038 0.0000712380 
0.0003083541 -0.0001489038 0.0000712380 
0.0003083541 -0.0001489038 0.0000712380 
0.0003083541 -0.0001489038 0.0000712380 
0.0003083541 -0.0001489038 0.0000712380 
0.0003083541 -0.0001489038 0.0000712380 
0.0003083541 -0.0001489038 0.0000712380 
0.0003083541 -0.0001489038 0.0000712380 
0.0003083541 -0.0001489038 0.0000712380 
0.0003083541 -0.0001489038 0.0000712380 
0.0003083541 -0.0001489038 0.0000712380 
0.0003083541 -0.0001489038 0.0000712380 
0.0003083541 -0.0001489038 0.0000712380 
0.0003083541 -0.0001489038 0.0000712380 
0.0003083541 -0.0001489038 0.0000712380 
0.0003083541 -0.0001489038 0.0000712380 
0.0003083541 -0.0001489038 0.0000712380 
0.0003083541 -0.0001489038 0.0000712380 
0.0003083541 -0.0001489038 0.0000712380 
0.0003083541 -0.0001489038 0.0000712380 
0.0003083541 -0.0001489038 0.0000712380 
0.0003083541 -0.0001489038 0.0000712380 
0.0003083541 -0.0001489038 0.0000712380 
0.0003083541 -0.0001489038 0.0000712380 
0.0003083541 -0.0001489038 0.0000712380 
0.0003083541 -0.0001489038 0.0000712380 
0.0003083541 -0.0001489038 0.0000712380 
0.0003083541 -0.0001489038 0.0000712380 
0.0003083541 -0.0001489038 0.0000712380 
0.0003083541 -0.0001489038 0.0000712380 
0.0003083541 -0.0001489038 0.0000712380 
0.0003083541 -0.0001489038 0.0000712380 
0.0003083541 -0.0001489038 0.0000712380 
0.0003083541 -0.0001489038 0.0000712380 
0.0003083541 -0.0001489038 0.0000712380 
0.0003083541 -0.0001489038 0.0000712380 
0.0003083541 -0.0001489038 0.0000712380 
0.0003083541 -0.0001489038 0.0000712380 
0.0003083541 -0.0001489038 0.0000712380 
0.0003083541 -0.0001489038 0.0000712380 
0.0003083541 -0.0001489038 0.0000712380 
0.0003083541 -0.0001489038 0.0000712380 
0.0003083541 -0.0001489038 0.0000712380 
0.0003083541 -0.0001489038 0.0000712380 
0.0003083541 -0.0001489038 0.0000712380 
0.0003083541 -0.0001489038 0.0000712380 
0.0003083541 -0.0001489038 0.0000712380 
0.0003083541 -0.0001489038 0.0000712380 
0.0003083541 -0.0001489038 0.0000712380 
0.0003083541 -0.0001489038 0.0000712380 
0.0003083541 -0.0001489038 0.0000712380 
0.0003083541 -0.0001489038 0.0000712380 
0.0003083541 -0.0001489038 0.0000712380 
0.0003083541 -0.0001489038 0.0000712380 
0.0003083541 -0.0001489038 0.0000712380 
0.0003083541 -0.0001489038 0.0000712380 
0.0003083541 -0.0001489038 0.0000712380 
0.0003083541 -0.0001489038 0.0000712380 
0.0003083541 -0.0001489038 0.0000712380 
0.0003083541 -0.0001489038 0.0000712380 
0.0003083541 -0.0001489038 0.0000712380 
0.0003083541 -0.0001489038 0.0000712380 
0.0003083541 -0.0001489038 0.0000712380 
0.0003083541 -0.0001489038 0.0000712380 
0.0003083541 -0.0001489038 0.0000712380 
0.0003083541 -0.0001489038 0.0000712380 
0.0003083541 -0.0001489038 0.0000712380 
0.0003083541 -0.0001489038 0.0000712380 
0.0003083541 -0.0001489038 0.0000712380 
0.0003083541 -0.0001489038 0.0000712380 
0.0003083541 -0.0001489038 0.0000712380 
0.0003083541 -0.0001489038 0.0000712380 
0.0003083541 -0.0001489038 0.0000712380 
0.0003083541 -0.0001489038 0.0000712380 
0.0003083541 -0.0001489038 0.0000712380 
0.0003083541 -0.0001489038 0.0000712380 
0.0003083541 -0.0001489038 0.0000712380 
0.0003083541 -0.0001489038 0.0000712380 
0.0003083541 -0.0001489038 0.0000712380 
0.0003083541 -0.0001489038 0.0000712380 
0.0003083541 -0.0001489038 0.0000712380 
0.0003083541 -0.0001489038 0.0000712380 
0.0003083541 -0.0001489038 0.0000712380 
0.0003083541 -0.0001489038 0.0000712380 
0.0003083541 -0.0001489038 0.0000712380 
0.0003083541 -0.0001489038 0.0000712380 
0.0003083541 -0.0001489038 0.0000712380 
0.0003083541 -0.0001489038 0.0000712380 
0.0003083541 -0.0001489038 0.0000712380 
0.0003083541 -0.0001489038 0.0000712380 
0.0003083541 -0.0001489038 0.0000712380 
0.0003083541 -0.0001489038 0.0000712380 
0.0003083541 -0.0001489038 0.0000712380 
0.0003083541 -0.0001489038 0.0000712380 
0.0003083541 -0.0001489038 0.0000712380 
0.0003083541 -0.0001489038 0.0000712380 
0.0003083541 -0.0001489038 0.0000712380 
0.0003083541 -0.0001489038 0.0000712380 
0.0003083541 -0.0001489038 0.0000712380 
0.0003083541 -0.0001489038 0.0000712380 
0.0003083541 -0.0001489038 0.0000712380 
0.0003083541 -0.0001489038 0.0000712380 
0.0003083541 -0.0001489038 0.0000712380 
0.0003083541 -0.0001489038 0.0000712380 
0.0003083541 -0.0001489038 0.0000712380 
0.0003083541 -0.0001489038 0.0000712380 
0.0003083541 -0.0001489038 0.0000712380 
0.0003083541 -0.0001489038 0.0000712380 
0.0003083541 -0.0001489038 0.0000712380 
0.0003083541 -0.0001489038 0.0000712380 
0.0003083541 -0.0001489038 0.0000712380 
0.0003083541 -0.0001489038 0.0000712380 
0.0003083541 -0.0001489038 0.0000712380 
0.0003083541 -0.0001489038 0.0000712380 
0.0003083541 -0.0001489038 0.0000712380 
0.0003083541 -0.0001489038 0.0000712380 
0.0003083541 -0.0001489038 0.0000712380 
0.0003083541 -0.0001489038 0.0000712380 
0.0003083541 -0.0001489038 0.0000712380 
0.0003083541 -0.0001489038 0.0000712380 
0.0003083541 -0.0001489038 0.0000712380 
0.0003083541 -0.0001489038 0.0000712380 
0.0003083541 -0.0001489038 0.0000712380 
0.0003083541 -0.0001489038 0.0000712380 
0.0003083541 -0.0001489038 0.0000712380 
0.0003083541 -0.0001489038 0.0000712380 
0.0003083541 -0.0001489038 0.0000712380 
0.0003083541 -0.0001489038 0.0000712380 
0.0003083541 -0.0001489038 0.0000712380 
0.0003083541 -0.0001489038 0.0000712380 
0.0003083541 -0.0001489038 0.0000712380 
0.0003083541 -0.0001489038 0.0000712380 
0.0003083541 -0.0001489038 0.0000712380 
0.0003083541 -0.0001489038 0.0000712380 
0.0003083541 -0.0001489038 0.0000712380 
0.0003083541 -0.0001489038 0.0000712380 
0.0003083541 -0.0001489038 0.0000712380 
0.0003083541 -0.0001489038 0.0000712380 
0.0003083541 -0.0001489038 0.0000712380 
0.0003083541 -0.0001489038 0.0000712380 
0.0003083541 -0.0001489038 0.0000712380 
0.0003083541 -0.0001489038 0.0000712380 
0.0003083541 -0.0001489038 0.0000712380 
0.0003083541 -0.0001489038 0.0000712380 
0.0003083541 -0.0001489038 0.0000712380 
0.0003083541 -0.0001489038 0.0000712380 
0.0003083541 -0.0001489038 0.0000712380 
0.0003083541 -0.0001489038 0.0000712380 
0.0003083541 -0.0001489038 0.0000712380 
0.0003083541 -0.0001489038 0.0000712380 
0.0003083541 -0.0001489038 0.0000712380 
0.0003083541 -0.0001489038 0.0000712380 
0.0003083541 -0.0001489038 0.0000712380 
0.0003083541 -0.0001489038 0.0000712380 
0.0003083541 -0.0001489038 0.0000712380 
0.0003083541 -0.0001489038 0.0000712380 
0.0003083541 -0.0001489038 0.0000712380 
0.0003083541 -0.0001489038 0.0000712380 
0.0003083541 -0.0001489038 0.0000712380 
0.0003083541 -0.0001489038 0.0000712380 
0.0003083541 -0.0001489038 0.0000712380 
0.0003083541 -0.0001489038 0.0000712380 
0.0003083541 -0.0001489038 0.0000712380 
0.0003083541 -0.0001489038 0.0000712380 
0.0003083541 -0.0001489038 0.0000712380 
0.0003083541 -0.0001489038 0.0000712380 
0.0003083541 -0.0001489038 0.0000712380 
0.0003083541 -0.0001489038 0.0000712380 
0.0003083541 -0.0001489038 0.0000712380 
0.0003083541 -0.0001489038 0.0000712380 
0.0003083541 -0.0001489038 0.0000712380 
0.0003083541 -0.0001489038 0.0000712380 
0.0003083541 -0.0001489038 0.0000712380 
0.0003083541 -0.0001489038 0.0000712380 
0.0003083541 -0.0001489038 0.0000712380 
0.0003083541 -0.0001489038 0.0000712380 
0.0003083541 -0.0001489038 0.0000712380 
0.0003083541 -0.0001489038 0.0000712380 
0.0003083541 -0.0001489038 0.0000712380 
0.0003083541 -0.0001489038 0.0000712380 
0.0003083541 -0.0001489038 0.0000712380 
0.0003083541 -0.0001489038 0.0000712380 
0.0003083541 -0.0001489038 0.0000712380 
0.0003083541 -0.0001489038 0.0000712380 
0.0003083541 -0.0001489038 0.0000712380 
0.0003083541 -0.0001489038 0.0000712380 
0.0003083541 -0.0001489038 0.0000712380 
0.0003083541 -0.0001489038 0.0000712380 
0.0003083541 -0.0001489038 0.0000712380 
0.0003083541 -0.0001489038 0.0000712380 
0.0003083541 -0.0001489038 0.0000712380 
0.0003083541 -0.0001489038 0.0000712380 
0.0003083541 -0.0001489038 0.0000712380 
0.0003083541 -0.0001489038 0.0000712380 
0.0003083541 -0.0001489038 0.0000712380 
0.0003083541 -0.0001489038 0.0000712380 
0.0003083541 -0.0001489038 0.0000712380 
0.0003083541 -0.0001489038 0.0000712380 
0.0003083541 -0.0001489038 0.0000712380 
0.0003083541 -0.0001489038 0.0000712380 
0.0003083541 -0.0001489038 0.0000712380 
0.0003083541 -0.0001489038 0.0000712380 
0.0003083541 -0.0001489038 0.0000712380 
0.0003083541 -0.0001489038 0.0000712380 
0.0003083541 -0.0001489038 0.0000712380 
0.0003083541 -0.0001489038 0.0000712380 
0.0003083541 -0.0001489038 0.0000712380 
0.0003083541 -0.0001489038 0.0000712380 
0.0003083541 -0.0001489038 0.0000712380 
0.0003083541 -0.0001489038 0.0000712380 
0.0003083541 -0.0001489038 0.0000712380 
0.0003083541 -0.0001489038 0.0000712380 
0.0003083541 -0.0001489038 0.0000712380 
0.0003083541 -0.0001489038 0.0000712380 
0.0003083541 -0.0001489038 0.0000712380 
0.0003083541 -0.0001489038 0.0000712380 
0.0003083541 -0.0001489038 0.0000712380 
0.0003083541 -0.0001489038 0.0000712380 
0.0003083541 -0.0001489038 0.0000712380 
0.0003083541 -0.0001489038 0.0000712380 
0.0003083541 -0.0001489038 0.0000712380 
0.0003083541 -0.0001489038 0.0000712380 
0.0003083541 -0.0001489038 0.0000712380 
0.0003083541 -0.0001489038 0.0000712380 
0.0003083541 -0.0001489038 0.0000712380 
0.0003083541 -0.0001489038 0.0000712380 
0.0003083541 -0.0001489038 0.0000712380 
0.0003083541 -0.0001489038 0.0000712380 
0.0003083541 -0.0001489038 0.0000712380 
0.0003083541 -0.0001489038 0.0000712380 
0.0003083541 -0.0001489038 0.0000712380 
0.0003083541 -0.0001489038 0.0000712380 
0.0003083541 -0.0001489038 0.0000712380 
0.0003083541 -0.0001489038 0.0000712380 
0.0003083541 -0.0001489038 0.0000712380 
0.0003083541 -0.0001489038 0.0000712380 
0.0003083541 -0.0001489038 0.0000712380 
0.0003083541 -0.0001489038 0.0000712380 
0.0003083541 -0.0001489038 0.0000712380 
0.0003083541 -0.0001489038 0.0000712380 
0.0003083541 -0.0001489038 0.0000712380 
0.0003083541 -0.0001489038 0.0000712380 
0.0003083541 -0.0001489038 0.0000712380 
0.0003083541 -0.0001489038 0.0000712380 
0.0003083541 -0.0001489038 0.0000712380 
0.0003083541 -0.0001489038 0.0000712380 
0.0003083541 -0.0001489038 0.0000712380 
0.0003083541 -0.0001489038 0.0000712380 
0.0003083541 -0.0001489038 0.0000712380 
0.0003083541 -0.0001489038 0.0000712380 
0.0003083541 -0.0001489038 0.0000712380 
0.0003083541 -0.0001489038 0.0000712380 
0.0003083541 -0.0001489038 0.0000712380 
0.0003083541 -0.0001489038 0.0000712380 
0.0003083541 -0.0001489038 0.0000712380 
0.0003083541 -0.0001489038 0.0000712380 
0.0003083541 -0.0001489038 0.0000712380 
0.0003083541 -0.0001489038 0.0000712380 
0.0003083541 -0.0001489038 0.0000712380 
0.0003083541 -0.0001489038 0.0000712380 
0.0003083541 -0.0001489038 0.0000712380 
0.0003083541 -0.0001489038 0.0000712380 
0.0003083541 -0.0001489038 0.0000712380 
0.0003083541 -0.0001489038 0.0000712380 
0.0003083541 -0.0001489038 0.0000712380 
0.0003083541 -0.0001489038 0.0000712380 
0.0003083541 -0.0001489038 0.0000712380 
0.0003083541 -0.0001489038 0.0000712380 
0.0003083541 -0.0001489038 0.0000712380 
0.0003083541 -0.0001489038 0.0000712380 
0.0003083541 -0.0001489038 0.0000712380 
0.0003083541 -0.0001489038 0.0000712380 
0.0003083541 -0.0001489038 0.0000712380 
0.0003083541 -0.0001489038 0.0000712380 
0.0003083541 -0.0001489038 0.0000712380 
0.0003083541 -0.0001489038 0.0000712380 
0.0003083541 -0.0001489038 0.0000712380 
0.0003083541 -0.0001489038 0.0000712380 
0.0003083541 -0.0001489038 0.0000712380 
0.0003083541 -0.0001489038 0.0000712380 
0.0003083541 -0.0001489038 0.0000712380 
0.0003083541 -0.0001489038 0.0000712380 
0.0003083541 -0.0001489038 0.0000712380 
0.0003083541 -0.0001489038 0.0000712380 
0.0003083541 -0.0001489038 0.0000712380 
0.0003083541 -0.0001489038 0.0000712380 
0.0003083541 -0.0001489038 0.0000712380 
0.0003083541 -0.0001489038 0.0000712380 
0.0003083541 -0.0001489038 0.0000712380 
0.0003083541 -0.0001489038 0.0000712380 
0.0003083541 -0.0001489038 0.0000712380 
0.0003083541 -0.0001489038 0.0000712380 
0.0003083541 -0.0001489038 0.0000712380 
0.0003083541 -0.0001489038 0.0000712380 
0.0003083541 -0.0001489038 0.0000712380 
0.0003083541 -0.0001489038 0.0000712380 
0.0003083541 -0.0001489038 0.0000712380 
0.0003083541 -0.0001489038 0.0000712380 
0.0003083541 -0.0001489038 0.0000712380 
0.0003083541 -0.0001489038 0.0000712380 
0.0003083541 -0.0001489038 0.0000712380 
0.0003083541 -0.0001489038 0.0000712380 
0.0003083541 -0.0001489038 0.0000712380 
0.0003083541 -0.0001489038 0.0000712380 
0.0003083541 -0.0001489038 0.0000712380 
0.0003083541 -0.0001489038 0.0000712380 
0.0003083541 -0.0001489038 0.0000712380 
0.0003083541 -0.0001489038 0.0000712380 
0.0003083541 -0.0001489038 0.0000712380 
0.0003083541 -0.0001489038 0.0000712380 
0.0003083541 -0.0001489038 0.0000712380 
0.0003083541 -0.0001489038 0.0000712380 
0.0003083541 -0.0001489038 0.0000712380 
0.0003083541 -0.0001489038 0.0000712380 
0.0003083541 -0.0001489038 0.0000712380 
0.0003083541 -0.0001489038 0.0000712380 
0.0003083541 -0.0001489038 0.0000712380 
0.0003083541 -0.0001489038 0.0000712380 
0.0003083541 -0.0001489038 0.0000712380 
0.0003083541 -0.0001489038 0.0000712380 
0.0003083541 -0.0001489038 0.0000712380 
0.0003083541 -0.0001489038 0.0000712380 
0.0003083541 -0.0001489038 0.0000712380 
0.0003083541 -0.0001489038 0.0000712380 
0.0003083541 -0.0001489038 0.0000712380 
0.0003083541 -0.0001489038 0.0000712380 
0.0003083541 -0.0001489038 0.0000712380 
0.0003083541 -0.0001489038 0.0000712380 
0.0003083541 -0.0001489038 0.0000712380 
0.0003083541 -0.0001489038 0.0000712380 
0.0003083541 -0.0001489038 0.0000712380 
0.0003083541 -0.0001489038 0.0000712380 
0.0003083541 -0.0001489038 0.0000712380 
0.0003083541 -0.0001489038 0.0000712380 
0.0003083541 -0.0001489038 0.0000712380 
0.0003083541 -0.0001489038 0.0000712380 
0.0003083541 -0.0001489038 0.0000712380 
0.0003083541 -0.0001489038 0.0000712380 
0.0003083541 -0.0001489038 0.0000712380 
0.0003083541 -0.0001489038 0.0000712380 
0.0003083541 -0.0001489038 0.0000712380 
0.0003083541 -0.0001489038 0.0000712380 
0.0003083541 -0.0001489038 0.0000712380 
0.0003083541 -0.0001489038 0.0000712380 
0.0003083541 -0.0001489038 0.0000712380 
0.0003083541 -0.0001489038 0.0000712380 
0.0003083541 -0.0001489038 0.0000712380 
0.0003083541 -0.0001489038 0.0000712380 
0.0003083541 -0.0001489038 0.0000712380 
0.0003083541 -0.0001489038 0.0000712380 
0.0003083541 -0.0001489038 0.0000712380 
0.0003083541 -0.0001489038 0.0000712380 
0.0003083541 -0.0001489038 0.0000712380 
0.0003083541 -0.0001489038 0.0000712380 
0.0003083541 -0.0001489038 0.0000712380 
0.0003083541 -0.0001489038 0.0000712380 
0.0003083541 -0.0001489038 0.0000712380 
0.0003083541 -0.0001489038 0.0000712380 
0.0003083541 -0.0001489038 0.0000712380 
0.0003083541 -0.0001489038 0.0000712380 
0.0003083541 -0.0001489038 0.0000712380 
0.0003083541 -0.0001489038 0.0000712380 
0.0003083541 -0.0001489038 0.0000712380 
0.0003083541 -0.0001489038 0.0000712380 
0.0003083541 -0.0001489038 0.0000712380 
0.0003083541 -0.0001489038 0.0000712380 
0.0003083541 -0.0001489038 0.0000712380 
0.0003083541 -0.0001489038 0.0000712380 
0.0003083541 -0.0001489038 0.0000712380 
0.0003083541 -0.0001489038 0.0000712380 
0.0003083541 -0.0001489038 0.0000712380 
0.0003083541 -0.0001489038 0.0000712380 
0.0003083541 -0.0001489038 0.0000712380 
0.0003083541 -0.0001489038 0.0000712380 
0.0003083541 -0.0001489038 0.0000712380 
0.0003083541 -0.0001489038 0.0000712380 
0.0003083541 -0.0001489038 0.0000712380 
0.0003083541 -0.0001489038 0.0000712380 
0.0003083541 -0.0001489038 0.0000712380 
0.0003083541 -0.0001489038 0.0000712380 
0.0003083541 -0.0001489038 0.0000712380 
0.0003083541 -0.0001489038 0.0000712380 
0.0003083541 -0.0001489038 0.0000712380 
0.0003083541 -0.0001489038 0.0000712380 
0.0003083541 -0.0001489038 0.0000712380 
0.0003083541 -0.0001489038 0.0000712380 
0.0003083541 -0.0001489038 0.0000712380 
0.0003083541 -0.0001489038 0.0000712380 
0.0003083541 -0.0001489038 0.0000712380 
0.0003083541 -0.0001489038 0.0000712380 
0.0003083541 -0.0001489038 0.0000712380 
0.0003083541 -0.0001489038 0.0000712380 
0.0003083541 -0.0001489038 0.0000712380 
0.0003083541 -0.0001489038 0.0000712380 
0.0003083541 -0.0001489038 0.0000712380 
0.0003083541 -0.0001489038 0.0000712380 
0.0003083541 -0.0001489038 0.0000712380 
0.0003083541 -0.0001489038 0.0000712380 
0.0003083541 -0.0001489038 0.0000712380 
0.0003083541 -0.0001489038 0.0000712380 
0.0003083541 -0.0001489038 0.0000712380 
0.0003083541 -0.0001489038 0.0000712380 
0.0003083541 -0.0001489038 0.0000712380 
0.0003083541 -0.0001489038 0.0000712380 
0.0003083541 -0.0001489038 0.0000712380 
0.0003083541 -0.0001489038 0.0000712380 
0.0003083541 -0.0001489038 0.0000712380 
0.0003083541 -0.0001489038 0.0000712380 
0.0003083541 -0.0001489038 0.0000712380 
0.0003083541 -0.0001489038 0.0000712380 
0.0003083541 -0.0001489038 0.0000712380 
0.0003083541 -0.0001489038 0.0000712380 
0.0003083541 -0.0001489038 0.0000712380 
0.0003083541 -0.0001489038 0.0000712380 
0.0003083541 -0.0001489038 0.0000712380 
0.0003083541 -0.0001489038 0.0000712380 
0.0003083541 -0.0001489038 0.0000712380 
0.0003083541 -0.0001489038 0.0000712380 
0.0003083541 -0.0001489038 0.0000712380 
0.0003083541 -0.0001489038 0.0000712380 
0.0003083541 -0.0001489038 0.0000712380 
0.0003083541 -0.0001489038 0.0000712380 
0.0003083541 -0.0001489038 0.0000712380 
0.0003083541 -0.0001489038 0.0000712380 
0.0003083541 -0.0001489038 0.0000712380 
0.0003083541 -0.0001489038 0.0000712380 
0.0003083541 -0.0001489038 0.0000712380 
0.0003083541 -0.0001489038 0.0000712380 
0.0003083541 -0.0001489038 0.0000712380 
0.0003083541 -0.0001489038 0.0000712380 
0.0003083541 -0.0001489038 0.0000712380 
0.0003083541 -0.0001489038 0.0000712380 
0.0003083541 -0.0001489038 0.0000712380 
0.0003083541 -0.0001489038 0.0000712380 
0.0003083541 -0.0001489038 0.0000712380 
0.0003083541 -0.0001489038 0.0000712380 
0.0003083541 -0.0001489038 0.0000712380 
0.0003083541 -0.0001489038 0.0000712380 
0.0003083541 -0.0001489038 0.0000712380 
0.0003083541 -0.0001489038 0.0000712380 
0.0003083541 -0.0001489038 0.0000712380 
0.0003083541 -0.0001489038 0.0000712380 
0.0003083541 -0.0001489038 0.0000712380 
0.0003083541 -0.0001489038 0.0000712380 
0.0003083541 -0.0001489038 0.0000712380 
0.0003083541 -0.0001489038 0.0000712380 
0.0003083541 -0.0001489038 0.0000712380 
0.0003083541 -0.0001489038 0.0000712380 
0.0003083541 -0.0001489038 0.0000712380 
0.0003083541 -0.0001489038 0.0000712380 
0.0003083541 -0.0001489038 0.0000712380 
0.0003083541 -0.0001489038 0.0000712380 
0.0003083541 -0.0001489038 0.0000712380 
0.0003083541 -0.0001489038 0.0000712380 
0.0003083541 -0.0001489038 0.0000712380 
0.0003083541 -0.0001489038 0.0000712380 
0.0003083541 -0.0001489038 0.0000712380 
0.0003083541 -0.0001489038 0.0000712380 
0.0003083541 -0.0001489038 0.0000712380 
0.0003083541 -0.0001489038 0.0000712380 
0.0003083541 -0.0001489038 0.0000712380 
0.0003083541 -0.0001489038 0.0000712380 
0.0003083541 -0.0001489038 0.0000712380 
0.0003083541 -0.0001489038 0.0000712380 
0.0003083541 -0.0001489038 0.0000712380 
0.0003083541 -0.0001489038 0.0000712380 
0.0003083541 -0.0001489038 0.0000712380 
0.0003083541 -0.0001489038 0.0000712380 
0.0003083541 -0.0001489038 0.0000712380 
0.0003083541 -0.0001489038 0.0000712380 
0.0003083541 -0.0001489038 0.0000712380 
0.0003083541 -0.0001489038 0.0000712380 
0.0003083541 -0.0001489038 0.0000712380 
0.0003083541 -0.0001489038 0.0000712380 
0.0003083541 -0.0001489038 0.0000712380 
0.0003083541 -0.0001489038 0.0000712380 
0.0003083541 -0.0001489038 0.0000712380 
0.0003083541 -0.0001489038 0.0000712380 
0.0003083541 -0.0001489038 0.0000712380 
0.0003083541 -0.0001489038 0.0000712380 
0.0003083541 -0.0001489038 0.0000712380 
0.0003083541 -0.0001489038 0.0000712380 
0.0003083541 -0.0001489038 0.0000712380 
0.0003083541 -0.0001489038 0.0000712380 
0.0003083541 -0.0001489038 0.0000712380 
0.0003083541 -0.0001489038 0.0000712380 
0.0003083541 -0.0001489038 0.0000712380 
0.0003083541 -0.0001489038 0.0000712380 
0.0003083541 -0.0001489038 0.0000712380 
0.0003083541 -0.0001489038 0.0000712380 
0.0003083541 -0.0001489038 0.0000712380 
0.0003083541 -0.0001489038 0.0000712380 
0.0003083541 -0.0001489038 0.0000712380 
0.0003083541 -0.0001489038 0.0000712380 
0.0003083541 -0.0001489038 0.0000712380 
0.0003083541 -0.0001489038 0.0000712380 
0.0003083541 -0.0001489038 0.0000712380 
0.0003083541 -0.0001489038 0.0000712380 
0.0003083541 -0.0001489038 0.0000712380 
0.0003083541 -0.0001489038 0.0000712380 
0.0003083541 -0.0001489038 0.0000712380 
0.0003083541 -0.0001489038 0.0000712380 
0.0003083541 -0.0001489038 0.0000712380 
0.0003083541 -0.0001489038 0.0000712380 
0.0003083541 -0.0001489038 0.0000712380 
0.0003083541 -0.0001489038 0.0000712380 
0.0003083541 -0.0001489038 0.0000712380 
0.0003083541 -0.0001489038 0.0000712380 
0.0003083541 -0.0001489038 0.0000712380 
0.0003083541 -0.0001489038 0.0000712380 
0.0003083541 -0.0001489038 0.0000712380 
0.0003083541 -0.0001489038 0.0000712380 
0.0003083541 -0.0001489038 0.0000712380 
0.0003083541 -0.0001489038 0.0000712380 
0.0003083541 -0.0001489038 0.0000712380 
0.0003083541 -0.0001489038 0.0000712380 
0.0003083541 -0.0001489038 0.0000712380 
0.0003083541 -0.0001489038 0.0000712380 
0.0003083541 -0.0001489038 0.0000712380 
0.0003083541 -0.0001489038 0.0000712380 
0.0003083541 -0.0001489038 0.0000712380 
0.0003083541 -0.0001489038 0.0000712380 
0.0003083541 -0.0001489038 0.0000712380 
0.0003083541 -0.0001489038 0.0000712380 
0.0003083541 -0.0001489038 0.0000712380 
0.0003083541 -0.0001489038 0.0000712380 
0.0003083541 -0.0001489038 0.0000712380 
0.0003083541 -0.0001489038 0.0000712380 
0.0003083541 -0.0001489038 0.0000712380 
0.0003083541 -0.0001489038 0.0000712380 
0.0003083541 -0.0001489038 0.0000712380 
0.0003083541 -0.0001489038 0.0000712380 
0.0003083541 -0.0001489038 0.0000712380 
0.0003083541 -0.0001489038 0.0000712380 
0.0003083541 -0.0001489038 0.0000712380 
0.0003083541 -0.0001489038 0.0000712380 
0.0003083541 -0.0001489038 0.0000712380 
0.0003083541 -0.0001489038 0.0000712380 
0.0003083541 -0.0001489038 0.0000712380 
0.0003083541 -0.0001489038 0.0000712380 
0.0003083541 -0.0001489038 0.0000712380 
0.0003083541 -0.0001489038 0.0000712380 
0.0003083541 -0.0001489038 0.0000712380 
0.0003083541 -0.0001489038 0.0000712380 
0.0003083541 -0.0001489038 0.0000712380 
0.0003083541 -0.0001489038 0.0000712380 
0.0003083541 -0.0001489038 0.0000712380 
0.0003083541 -0.0001489038 0.0000712380 
0.0003083541 -0.0001489038 0.0000712380 
0.0003083541 -0.0001489038 0.0000712380 
0.0003083541 -0.0001489038 0.0000712380 
0.0003083541 -0.0001489038 0.0000712380 
0.0003083541 -0.0001489038 0.0000712380 
0.0003083541 -0.0001489038 0.0000712380 
0.0003083541 -0.0001489038 0.0000712380 
0.0003083541 -0.0001489038 0.0000712380 
0.0003083541 -0.0001489038 0.0000712380 
0.0003083541 -0.0001489038 0.0000712380 
0.0003083541 -0.0001489038 0.0000712380 
0.0003083541 -0.0001489038 0.0000712380 
0.0003083541 -0.0001489038 0.0000712380 
0.0003083541 -0.0001489038 0.0000712380 
0.0003083541 -0.0001489038 0.0000712380 
0.0003083541 -0.0001489038 0.0000712380 
0.0003083541 -0.0001489038 0.0000712380 
0.0003083541 -0.0001489038 0.0000712380 
0.0003083541 -0.0001489038 0.0000712380 
0.0003083541 -0.0001489038 0.0000712380 
0.0003083541 -0.0001489038 0.0000712380 
0.0003083541 -0.0001489038 0.0000712380 
0.0003083541 -0.0001489038 0.0000712380 
0.0003083541 -0.0001489038 0.0000712380 
0.0003083541 -0.0001489038 0.0000712380 
0.0003083541 -0.0001489038 0.0000712380 
0.0003083541 -0.0001489038 0.0000712380 
0.0003083541 -0.0001489038 0.0000712380 
0.0003083541 -0.0001489038 0.0000712380 
0.0003083541 -0.0001489038 0.0000712380 
0.0003083541 -0.0001489038 0.0000712380 
0.0003083541 -0.0001489038 0.0000712380 
0.0003083541 -0.0001489038 0.0000712380 
0.0003083541 -0.0001489038 0.0000712380 
0.0003083541 -0.0001489038 0.0000712380 
0.0003083541 -0.0001489038 0.0000712380 
0.0003083541 -0.0001489038 0.0000712380 
0.0003083541 -0.0001489038 0.0000712380 
0.0003083541 -0.0001489038 0.0000712380 
0.0003083541 -0.0001489038 0.0000712380 
0.0003083541 -0.0001489038 0.0000712380 
0.0003083541 -0.0001489038 0.0000712380 
0.0003083541 -0.0001489038 0.0000712380 
0.0003083541 -0.0001489038 0.0000712380 
0.0003083541 -0.0001489038 0.0000712380 
0.0003083541 -0.0001489038 0.0000712380 
0.0003083541 -0.0001489038 0.0000712380 
0.0003083541 -0.0001489038 0.0000712380 
0.0003083541 -0.0001489038 0.0000712380 
0.0003083541 -0.0001489038 0.0000712380 
0.0003083541 -0.0001489038 0.0000712380 
0.0003083541 -0.0001489038 0.0000712380 
0.0003083541 -0.0001489038 0.0000712380 
0.0003083541 -0.0001489038 0.0000712380 
0.0003083541 -0.0001489038 0.0000712380 
0.0003083541 -0.0001489038 0.0000712380 
0.0003083541 -0.0001489038 0.0000712380 
0.0003083541 -0.0001489038 0.0000712380 
0.0003083541 -0.0001489038 0.0000712380 
0.0003083541 -0.0001489038 0.0000712380 
0.0003083541 -0.0001489038 0.0000712380 
0.0003083541 -0.0001489038 0.0000712380 
0.0003083541 -0.0001489038 0.0000712380 
0.0003083541 -0.0001489038 0.0000712380 
0.0003083541 -0.0001489038 0.0000712380 
0.0003083541 -0.0001489038 0.0000712380 
0.0003083541 -0.0001489038 0.0000712380 
0.0003083541 -0.0001489038 0.0000712380 
0.0003083541 -0.0001489038 0.0000712380 
0.0003083541 -0.0001489038 0.0000712380 
0.0003083541 -0.0001489038 0.0000712380 
0.0003083541 -0.0001489038 0.0000712380 
0.0003083541 -0.0001489038 0.0000712380 
0.0003083541 -0.0001489038 0.0000712380 
0.0003083541 -0.0001489038 0.0000712380 
0.0003083541 -0.0001489038 0.0000712380 
0.0003083541 -0.0001489038 0.0000712380 
0.0003083541 -0.0001489038 0.0000712380 
0.0003083541 -0.0001489038 0.0000712380 
0.0003083541 -0.0001489038 0.0000712380 
0.0003083541 -0.0001489038 0.0000712380 
0.0003083541 -0.0001489038 0.0000712380 
0.0003083541 -0.0001489038 0.0000712380 
0.0003083541 -0.0001489038 0.0000712380 
0.0003083541 -0.0001489038 0.0000712380 
0.0003083541 -0.0001489038 0.0000712380 
0.0003083541 -0.0001489038 0.0000712380 
0.0003083541 -0.0001489038 0.0000712380 
0.0003083541 -0.0001489038 0.0000712380 
0.0003083541 -0.0001489038 0.0000712380 
0.0003083541 -0.0001489038 0.0000712380 
0.0003083541 -0.0001489038 0.0000712380 
0.0003083541 -0.0001489038 0.0000712380 
0.0003083541 -0.0001489038 0.0000712380 
0.0003083541 -0.0001489038 0.0000712380 
0.0003083541 -0.0001489038 0.0000712380 
0.0003083541 -0.0001489038 0.0000712380 
0.0003083541 -0.0001489038 0.0000712380 
0.0003083541 -0.0001489038 0.0000712380 
0.0003083541 -0.0001489038 0.0000712380 
0.0003083541 -0.0001489038 0.0000712380 
0.0003083541 -0.0001489038 0.0000712380 
0.0003083541 -0.0001489038 0.0000712380 
0.0003083541 -0.0001489038 0.0000712380 
0.0003083541 -0.0001489038 0.0000712380 
0.0003083541 -0.0001489038 0.0000712380 
0.0003083541 -0.0001489038 0.0000712380 
0.0003083541 -0.0001489038 0.0000712380 
0.0003083541 -0.0001489038 0.0000712380 
0.0003083541 -0.0001489038 0.0000712380 
0.0003083541 -0.0001489038 0.0000712380 
0.0003083541 -0.0001489038 0.0000712380 
0.0003083541 -0.0001489038 0.0000712380 
0.0003083541 -0.0001489038 0.0000712380 
0.0003083541 -0.0001489038 0.0000712380 
0.0003083541 -0.0001489038 0.0000712380 
0.0003083541 -0.0001489038 0.0000712380 
0.0003083541 -0.0001489038 0.0000712380 
0.0003083541 -0.0001489038 0.0000712380 
0.0003083541 -0.0001489038 0.0000712380 
0.0003083541 -0.0001489038 0.0000712380 
0.0003083541 -0.0001489038 0.0000712380 
0.0003083541 -0.0001489038 0.0000712380 
0.0003083541 -0.0001489038 0.0000712380 
0.0003083541 -0.0001489038 0.0000712380 
0.0003083541 -0.0001489038 0.0000712380 
0.0003083541 -0.0001489038 0.0000712380 
0.0003083541 -0.0001489038 0.0000712380 
0.0003083541 -0.0001489038 0.0000712380 
0.0003083541 -0.0001489038 0.0000712380 
0.0003083541 -0.0001489038 0.0000712380 
0.0003083541 -0.0001489038 0.0000712380 
0.0003083541 -0.0001489038 0.0000712380 
0.0003083541 -0.0001489038 0.0000712380 
0.0003083541 -0.0001489038 0.0000712380 
0.0003083541 -0.0001489038 0.0000712380 
0.0003083541 -0.0001489038 0.0000712380 
0.0003083541 -0.0001489038 0.0000712380 
0.0003083541 -0.0001489038 0.0000712380 
0.0003083541 -0.0001489038 0.0000712380 
0.0003083541 -0.0001489038 0.0000712380 
0.0003083541 -0.0001489038 0.0000712380 
0.0003083541 -0.0001489038 0.0000712380 
0.0003083541 -0.0001489038 0.0000712380 
0.0003083541 -0.0001489038 0.0000712380 
0.0003083541 -0.0001489038 0.0000712380 
0.0003083541 -0.0001489038 0.0000712380 
0.0003083541 -0.0001489038 0.0000712380 
0.0003083541 -0.0001489038 0.0000712380 
0.0003083541 -0.0001489038 0.0000712380 
0.0003083541 -0.0001489038 0.0000712380 
0.0003083541 -0.0001489038 0.0000712380 
0.0003083541 -0.0001489038 0.0000712380 
0.0003083541 -0.0001489038 0.0000712380 
0.0003083541 -0.0001489038 0.0000712380 
0.0003083541 -0.0001489038 0.0000712380 
0.0003083541 -0.0001489038 0.0000712380 
0.0003083541 -0.0001489038 0.0000712380 
0.0003083541 -0.0001489038 0.0000712380 
0.0003083541 -0.0001489038 0.0000712380 
0.0003083541 -0.0001489038 0.0000712380 
0.0003083541 -0.0001489038 0.0000712380 
0.0003083541 -0.0001489038 0.0000712380 
0.0003083541 -0.0001489038 0.0000712380 
0.0003083541 -0.0001489038 0.0000712380 
0.0003083541 -0.0001489038 0.0000712380 
0.0003083541 -0.0001489038 0.0000712380 
0.0003083541 -0.0001489038 0.0000712380 
0.0003083541 -0.0001489038 0.0000712380 
0.0003083541 -0.0001489038 0.0000712380 
0.0003083541 -0.0001489038 0.0000712380 
0.0003083541 -0.0001489038 0.0000712380 
0.0003083541 -0.0001489038 0.0000712380 
0.0003083541 -0.0001489038 0.0000712380 
0.0003083541 -0.0001489038 0.0000712380 
0.0003083541 -0.0001489038 0.0000712380 
0.0003083541 -0.0001489038 0.0000712380 
0.0003083541 -0.0001489038 0.0000712380 
0.0003083541 -0.0001489038 0.0000712380 
0.0003083541 -0.0001489038 0.0000712380 
0.0003083541 -0.0001489038 0.0000712380 
0.0003083541 -0.0001489038 0.0000712380 
0.0003083541 -0.0001489038 0.0000712380 
0.0003083541 -0.0001489038 0.0000712380 
0.0003083541 -0.0001489038 0.0000712380 
0.0003083541 -0.0001489038 0.0000712380 
0.0003083541 -0.0001489038 0.0000712380 
0.0003083541 -0.0001489038 0.0000712380 
0.0003083541 -0.0001489038 0.0000712380 
0.0003083541 -0.0001489038 0.0000712380 
0.0003083541 -0.0001489038 0.0000712380 
0.0003083541 -0.0001489038 0.0000712380 
0.0003083541 -0.0001489038 0.0000712380 
0.0003083541 -0.0001489038 0.0000712380 
0.0003083541 -0.0001489038 0.0000712380 
0.0003083541 -0.0001489038 0.0000712380 
0.0003083541 -0.0001489038 0.0000712380 
0.0003083541 -0.0001489038 0.0000712380 
0.0003083541 -0.0001489038 0.0000712380 
0.0003083541 -0.0001489038 0.0000712380 
0.0003083541 -0.0001489038 0.0000712380 
0.0003083541 -0.0001489038 0.0000712380 
0.0003083541 -0.0001489038 0.0000712380 
0.0003083541 -0.0001489038 0.0000712380 
0.0003083541 -0.0001489038 0.0000712380 
0.0003083541 -0.0001489038 0.0000712380 
0.0003083541 -0.0001489038 0.0000712380 
0.0003083541 -0.0001489038 0.0000712380 
0.0003083541 -0.0001489038 0.0000712380 
0.0003083541 -0.0001489038 0.0000712380 
0.0003083541 -0.0001489038 0.0000712380 
0.0003083541 -0.0001489038 0.0000712380 
0.0003083541 -0.0001489038 0.0000712380 
0.0003083541 -0.0001489038 0.0000712380 
0.0003083541 -0.0001489038 0.0000712380 
0.0003083541 -0.0001489038 0.0000712380 
0.0003083541 -0.0001489038 0.0000712380 
0.0003083541 -0.0001489038 0.0000712380 
0.0003083541 -0.0001489038 0.0000712380 
0.0003083541 -0.0001489038 0.0000712380 
0.0003083541 -0.0001489038 0.0000712380 
0.0003083541 -0.0001489038 0.0000712380 
0.0003083541 -0.0001489038 0.0000712380 
0.0003083541 -0.0001489038 0.0000712380 
0.0003083541 -0.0001489038 0.0000712380 
0.0003083541 -0.0001489038 0.0000712380 
0.0003083541 -0.0001489038 0.0000712380 
0.0003083541 -0.0001489038 0.0000712380 
0.0003083541 -0.0001489038 0.0000712380 
0.0003083541 -0.0001489038 0.0000712380 
0.0003083541 -0.0001489038 0.0000712380 
0.0003083541 -0.0001489038 0.0000712380 
0.0003083541 -0.0001489038 0.0000712380 
0.0003083541 -0.0001489038 0.0000712380 
0.0003083541 -0.0001489038 0.0000712380 
0.0003083541 -0.0001489038 0.0000712380 
0.0003083541 -0.0001489038 0.0000712380 
0.0003083541 -0.0001489038 0.0000712380 
0.0003083541 -0.0001489038 0.0000712380 
0.0003083541 -0.0001489038 0.0000712380 
0.0003083541 -0.0001489038 0.0000712380 
0.0003083541 -0.0001489038 0.0000712380 
0.0003083541 -0.0001489038 0.0000712380 
0.0003083541 -0.0001489038 0.0000712380 
0.0003083541 -0.0001489038 0.0000712380 
0.0003083541 -0.0001489038 0.0000712380 
0.0003083541 -0.0001489038 0.0000712380 
0.0003083541 -0.0001489038 0.0000712380 
0.0003083541 -0.0001489038 0.0000712380 
0.0003083541 -0.0001489038 0.0000712380 
0.0003083541 -0.0001489038 0.0000712380 
0.0003083541 -0.0001489038 0.0000712380 
0.0003083541 -0.0001489038 0.0000712380 
0.0003083541 -0.0001489038 0.0000712380 
0.0003083541 -0.0001489038 0.0000712380 
0.0003083541 -0.0001489038 0.0000712380 
0.0003083541 -0.0001489038 0.0000712380 
0.0003083541 -0.0001489038 0.0000712380 
0.0003083541 -0.0001489038 0.0000712380 
0.0003083541 -0.0001489038 0.0000712380 
0.0003083541 -0.0001489038 0.0000712380 
0.0003083541 -0.0001489038 0.0000712380 
0.0003083541 -0.0001489038 0.0000712380 
0.0003083541 -0.0001489038 0.0000712380 
0.0003083541 -0.0001489038 0.0000712380 
0.0003083541 -0.0001489038 0.0000712380 
0.0003083541 -0.0001489038 0.0000712380 
0.0003083541 -0.0001489038 0.0000712380 
0.0003083541 -0.0001489038 0.0000712380 
0.0003083541 -0.0001489038 0.0000712380 
0.0003083541 -0.0001489038 0.0000712380 
0.0003083541 -0.0001489038 0.0000712380 
0.0003083541 -0.0001489038 0.0000712380 
0.0003083541 -0.0001489038 0.0000712380 
0.0003083541 -0.0001489038 0.0000712380 
0.0003083541 -0.0001489038 0.0000712380 
0.0003083541 -0.0001489038 0.0000712380 
0.0003083541 -0.0001489038 0.0000712380 
0.0003083541 -0.0001489038 0.0000712380 
0.0003083541 -0.0001489038 0.0000712380 
0.0003083541 -0.0001489038 0.0000712380 
0.0003083541 -0.0001489038 0.0000712380 
0.0003083541 -0.0001489038 0.0000712380 
0.0003083541 -0.0001489038 0.0000712380 
0.0003083541 -0.0001489038 0.0000712380 
0.0003083541 -0.0001489038 0.0000712380 
0.0003083541 -0.0001489038 0.0000712380 
0.0003083541 -0.0001489038 0.0000712380 
0.0003083541 -0.0001489038 0.0000712380 
0.0003083541 -0.0001489038 0.0000712380 
0.0003083541 -0.0001489038 0.0000712380 
0.0003083541 -0.0001489038 0.0000712380 
0.0003083541 -0.0001489038 0.0000712380 
0.0003083541 -0.0001489038 0.0000712380 
0.0003083541 -0.0001489038 0.0000712380 
0.0003083541 -0.0001489038 0.0000712380 
0.0003083541 -0.0001489038 0.0000712380 
0.0003083541 -0.0001489038 0.0000712380 
0.0003083541 -0.0001489038 0.0000712380 
0.0003083541 -0.0001489038 0.0000712380 
0.0003083541 -0.0001489038 0.0000712380 
0.0003083541 -0.0001489038 0.0000712380 
0.0003083541 -0.0001489038 0.0000712380 
0.0003083541 -0.0001489038 0.0000712380 
0.0003083541 -0.0001489038 0.0000712380 
0.0003083541 -0.0001489038 0.0000712380 
0.0003083541 -0.0001489038 0.0000712380 
0.0003083541 -0.0001489038 0.0000712380 
0.0003083541 -0.0001489038 0.0000712380 
0.0003083541 -0.0001489038 0.0000712380 
0.0003083541 -0.0001489038 0.0000712380 
0.0003083541 -0.0001489038 0.0000712380 
0.0003083541 -0.0001489038 0.0000712380 
0.0003083541 -0.0001489038 0.0000712380 
0.0003083541 -0.0001489038 0.0000712380 
0.0003083541 -0.0001489038 0.0000712380 
0.0003083541 -0.0001489038 0.0000712380 
0.0003083541 -0.0001489038 0.0000712380 
0.0003083541 -0.0001489038 0.0000712380 
0.0003083541 -0.0001489038 0.0000712380 
0.0003083541 -0.0001489038 0.0000712380 
0.0003083541 -0.0001489038 0.0000712380 
0.0003083541 -0.0001489038 0.0000712380 
0.0003083541 -0.0001489038 0.0000712380 
0.0003083541 -0.0001489038 0.0000712380 
0.0003083541 -0.0001489038 0.0000712380 
0.0003083541 -0.0001489038 0.0000712380 
0.0003083541 -0.0001489038 0.0000712380 
0.0003083541 -0.0001489038 0.0000712380 
0.0003083541 -0.0001489038 0.0000712380 
0.0003083541 -0.0001489038 0.0000712380 
0.0003083541 -0.0001489038 0.0000712380 
0.0003083541 -0.0001489038 0.0000712380 
0.0003083541 -0.0001489038 0.0000712380 
0.0003083541 -0.0001489038 0.0000712380 
0.0003083541 -0.0001489038 0.0000712380 
0.0003083541 -0.0001489038 0.0000712380 
0.0003083541 -0.0001489038 0.0000712380 
0.0003083541 -0.0001489038 0.0000712380 
0.0003083541 -0.0001489038 0.0000712380 
0.0003083541 -0.0001489038 0.0000712380 
0.0003083541 -0.0001489038 0.0000712380 
0.0003083541 -0.0001489038 0.0000712380 
0.0003083541 -0.0001489038 0.0000712380 
0.0003083541 -0.0001489038 0.0000712380 
0.0003083541 -0.0001489038 0.0000712380 
0.0003083541 -0.0001489038 0.0000712380 
0.0003083541 -0.0001489038 0.0000712380 
0.0003083541 -0.0001489038 0.0000712380 
0.0003083541 -0.0001489038 0.0000712380 
0.0003083541 -0.0001489038 0.0000712380 
0.0003083541 -0.0001489038 0.0000712380 
0.0003083541 -0.0001489038 0.0000712380 
0.0003083541 -0.0001489038 0.0000712380 
0.0003083541 -0.0001489038 0.0000712380 
0.0003083541 -0.0001489038 0.0000712380 
0.0003083541 -0.0001489038 0.0000712380 
0.0003083541 -0.0001489038 0.0000712380 
0.0003083541 -0.0001489038 0.0000712380 
0.0003083541 -0.0001489038 0.0000712380 
0.0003083541 -0.0001489038 0.0000712380 
0.0003083541 -0.0001489038 0.0000712380 
0.0003083541 -0.0001489038 0.0000712380 
0.0003083541 -0.0001489038 0.0000712380 
0.0003083541 -0.0001489038 0.0000712380 
0.0003083541 -0.0001489038 0.0000712380 
0.0003083541 -0.0001489038 0.0000712380 
0.0003083541 -0.0001489038 0.0000712380 
0.0003083541 -0.0001489038 0.0000712380 
0.0003083541 -0.0001489038 0.0000712380 
0.0003083541 -0.0001489038 0.0000712380 
0.0003083541 -0.0001489038 0.0000712380 
0.0003083541 -0.0001489038 0.0000712380 
0.0003083541 -0.0001489038 0.0000712380 
0.0003083541 -0.0001489038 0.0000712380 
0.0003083541 -0.0001489038 0.0000712380 
0.0003083541 -0.0001489038 0.0000712380 
0.0003083541 -0.0001489038 0.0000712380 
0.0003083541 -0.0001489038 0.0000712380 
0.0003083541 -0.0001489038 0.0000712380 
0.0003083541 -0.0001489038 0.0000712380 
0.0003083541 -0.0001489038 0.0000712380 
0.0003083541 -0.0001489038 0.0000712380 
0.0003083541 -0.0001489038 0.0000712380 
0.0003083541 -0.0001489038 0.0000712380 
0.0003083541 -0.0001489038 0.0000712380 
0.0003083541 -0.0001489038 0.0000712380 
0.0003083541 -0.0001489038 0.0000712380 
0.0003083541 -0.0001489038 0.0000712380 
0.0003083541 -0.0001489038 0.0000712380 
0.0003083541 -0.0001489038 0.0000712380 
0.0003083541 -0.0001489038 0.0000712380 
0.0003083541 -0.0001489038 0.0000712380 
0.0003083541 -0.0001489038 0.0000712380 
0.0003083541 -0.0001489038 0.0000712380 
0.0003083541 -0.0001489038 0.0000712380 
0.0003083541 -0.0001489038 0.0000712380 
0.0003083541 -0.0001489038 0.0000712380 
0.0003083541 -0.0001489038 0.0000712380 
0.0003083541 -0.0001489038 0.0000712380 
0.0003083541 -0.0001489038 0.0000712380 
0.0003083541 -0.0001489038 0.0000712380 
0.0003083541 -0.0001489038 0.0000712380 
0.0003083541 -0.0001489038 0.0000712380 
0.0003083541 -0.0001489038 0.0000712380 
0.0003083541 -0.0001489038 0.0000712380 
0.0003083541 -0.0001489038 0.0000712380 
0.0003083541 -0.0001489038 0.0000712380 
0.0003083541 -0.0001489038 0.0000712380 
0.0003083541 -0.0001489038 0.0000712380 
0.0003083541 -0.0001489038 0.0000712380 
0.0003083541 -0.0001489038 0.0000712380 
0.0003083541 -0.0001489038 0.0000712380 
0.0003083541 -0.0001489038 0.0000712380 
0.0003083541 -0.0001489038 0.0000712380 
0.0003083541 -0.0001489038 0.0000712380 
0.0003083541 -0.0001489038 0.0000712380 
0.0003083541 -0.0001489038 0.0000712380 
0.0003083541 -0.0001489038 0.0000712380 
0.0003083541 -0.0001489038 0.0000712380 
0.0003083541 -0.0001489038 0.0000712380 
0.0003083541 -0.0001489038 0.0000712380 
0.0003083541 -0.0001489038 0.0000712380 
0.0003083541 -0.0001489038 0.0000712380 
0.0003083541 -0.0001489038 0.0000712380 
0.0003083541 -0.0001489038 0.0000712380 
0.0003083541 -0.0001489038 0.0000712380 
0.0003083541 -0.0001489038 0.0000712380 
0.0003083541 -0.0001489038 0.0000712380 
0.0003083541 -0.0001489038 0.0000712380 
0.0003083541 -0.0001489038 0.0000712380 
0.0003083541 -0.0001489038 0.0000712380 
0.0003083541 -0.0001489038 0.0000712380 
0.0003083541 -0.0001489038 0.0000712380 
0.0003083541 -0.0001489038 0.0000712380 
0.0003083541 -0.0001489038 0.0000712380 
0.0003083541 -0.0001489038 0.0000712380 
0.0003083541 -0.0001489038 0.0000712380 
0.0003083541 -0.0001489038 0.0000712380 
0.0003083541 -0.0001489038 0.0000712380 
0.0003083541 -0.0001489038 0.0000712380 
0.0003083541 -0.0001489038 0.0000712380 
0.0003083541 -0.0001489038 0.0000712380 
0.0003083541 -0.0001489038 0.0000712380 
0.0003083541 -0.0001489038 0.0000712380 
0.0003083541 -0.0001489038 0.0000712380 
0.0003083541 -0.0001489038 0.0000712380 
0.0003083541 -0.0001489038 0.0000712380 
0.0003083541 -0.0001489038 0.0000712380 
0.0003083541 -0.0001489038 0.0000712380 
0.0003083541 -0.0001489038 0.0000712380 
0.0003083541 -0.0001489038 0.0000712380 
0.0003083541 -0.0001489038 0.0000712380 
0.0003083541 -0.0001489038 0.0000712380 
0.0003083541 -0.0001489038 0.0000712380 
0.0003083541 -0.0001489038 0.0000712380 
0.0003083541 -0.0001489038 0.0000712380 
0.0003083541 -0.0001489038 0.0000712380 
0.0003083541 -0.0001489038 0.0000712380 
0.0003083541 -0.0001489038 0.0000712380 
0.0003083541 -0.0001489038 0.0000712380 
0.0003083541 -0.0001489038 0.0000712380 
0.0003083541 -0.0001489038 0.0000712380 
0.0003083541 -0.0001489038 0.0000712380 
0.0003083541 -0.0001489038 0.0000712380 
0.0003083541 -0.0001489038 0.0000712380 
0.0003083541 -0.0001489038 0.0000712380 
0.0003083541 -0.0001489038 0.0000712380 
0.0003083541 -0.0001489038 0.0000712380 
0.0003083541 -0.0001489038 0.0000712380 
0.0003083541 -0.0001489038 0.0000712380 
0.0003083541 -0.0001489038 0.0000712380 
0.0003083541 -0.0001489038 0.0000712380 
0.0003083541 -0.0001489038 0.0000712380 
0.0003083541 -0.0001489038 0.0000712380 
0.0003083541 -0.0001489038 0.0000712380 
0.0003083541 -0.0001489038 0.0000712380 
0.0003083541 -0.0001489038 0.0000712380 
0.0003083541 -0.0001489038 0.0000712380 
0.0003083541 -0.0001489038 0.0000712380 
0.0003083541 -0.0001489038 0.0000712380 
0.0003083541 -0.0001489038 0.0000712380 
0.0003083541 -0.0001489038 0.0000712380 
0.0003083541 -0.0001489038 0.0000712380 
0.0003083541 -0.0001489038 0.0000712380 
0.0003083541 -0.0001489038 0.0000712380 
0.0003083541 -0.0001489038 0.0000712380 
0.0003083541 -0.0001489038 0.0000712380 
0.0003083541 -0.0001489038 0.0000712380 
0.0003083541 -0.0001489038 0.0000712380 
0.0003083541 -0.0001489038 0.0000712380 
0.0003083541 -0.0001489038 0.0000712380 
0.0003083541 -0.0001489038 0.0000712380 
0.0003083541 -0.0001489038 0.0000712380 
0.0003083541 -0.0001489038 0.0000712380 
0.0003083541 -0.0001489038 0.0000712380 
0.0003083541 -0.0001489038 0.0000712380 
0.0003083541 -0.0001489038 0.0000712380 
0.0003083541 -0.0001489038 0.0000712380 
0.0003083541 -0.0001489038 0.0000712380 
0.0003083541 -0.0001489038 0.0000712380 
0.0003083541 -0.0001489038 0.0000712380 
0.0003083541 -0.0001489038 0.0000712380 
0.0003083541 -0.0001489038 0.0000712380 
0.0003083541 -0.0001489038 0.0000712380 
0.0003083541 -0.0001489038 0.0000712380 
0.0003083541 -0.0001489038 0.0000712380 
0.0003083541 -0.0001489038 0.0000712380 
0.0003083541 -0.0001489038 0.0000712380 
0.0003083541 -0.0001489038 0.0000712380 
0.0003083541 -0.0001489038 0.0000712380 
0.0003083541 -0.0001489038 0.0000712380 
0.0003083541 -0.0001489038 0.0000712380 
0.0003083541 -0.0001489038 0.0000712380 
0.0003083541 -0.0001489038 0.0000712380 
0.0003083541 -0.0001489038 0.0000712380 
0.0003083541 -0.0001489038 0.0000712380 
0.0003083541 -0.0001489038 0.0000712380 
0.0003083541 -0.0001489038 0.0000712380 
0.0003083541 -0.0001489038 0.0000712380 
0.0003083541 -0.0001489038 0.0000712380 
0.0003083541 -0.0001489038 0.0000712380 
0.0003083541 -0.0001489038 0.0000712380 
0.0003083541 -0.0001489038 0.0000712380 
0.0003083541 -0.0001489038 0.0000712380 
0.0003083541 -0.0001489038 0.0000712380 
0.0003083541 -0.0001489038 0.0000712380 
0.0003083541 -0.0001489038 0.0000712380 
0.0003083541 -0.0001489038 0.0000712380 
0.0003083541 -0.0001489038 0.0000712380 
0.0003083541 -0.0001489038 0.0000712380 
0.0003083541 -0.0001489038 0.0000712380 
0.0003083541 -0.0001489038 0.0000712380 
0.0003083541 -0.0001489038 0.0000712380 
0.0003083541 -0.0001489038 0.0000712380 
0.0003083541 -0.0001489038 0.0000712380 
0.0003083541 -0.0001489038 0.0000712380 
0.0003083541 -0.0001489038 0.0000712380 
0.0003083541 -0.0001489038 0.0000712380 
0.0003083541 -0.0001489038 0.0000712380 
