0.0002052770 0.0000515402 0.0003383741 
0.0002061141 0.0000525828 0.0003350908 
0.0002069486 0.0000535480 0.0003319353 
0.0002078072 0.0000544442 0.0003288556 
0.0002087047 0.0000552762 0.0003258158 
0.0002096489 0.0000560469 0.0003227911 
0.0002106438 0.0000567589 0.0003197642 
0.0002116912 0.0000574155 0.0003167229 
0.0002127917 0.0000580203 0.0003136591 
0.0002139452 0.0000585774 0.0003105676 
0.0002151509 0.0000590908 0.0003074451 
0.0002164075 0.0000595644 0.0003042901 
0.0002177133 0.0000600019 0.0003011029 
0.0002190653 0.0000604064 0.0002978853 
0.0002204617 0.0000607816 0.0002946398 
0.0002218966 0.0000611291 0.0002913762 
0.0002233615 0.0000614526 0.0002881042 
0.0002248537 0.0000617577 0.0002848253 
0.0002263676 0.0000620458 0.0002815477 
0.0002278970 0.0000623156 0.0002782776 
0.0002294305 0.0000625656 0.0002750254 
0.0002309691 0.0000627986 0.0002717899 
0.0002325048 0.0000630130 0.0002685834 
0.0002340405 0.0000632102 0.0002654013 
0.0002355759 0.0000633902 0.0002622457 
0.0002371072 0.0000635506 0.0002591230 
0.0002386326 0.0000636931 0.0002560369 
0.0002401448 0.0000638210 0.0002529974 
0.0002416451 0.0000639370 0.0002500016 
0.0002431323 0.0000640396 0.0002470509 
0.0002446090 0.0000641233 0.0002441423 
0.0002460741 0.0000641946 0.0002412769 
0.0002475254 0.0000642579 0.0002384597 
0.0002489621 0.0000643174 0.0002356913 
0.0002503857 0.0000643674 0.0002329695 
0.0002517951 0.0000644074 0.0002302949 
0.0002531894 0.0000644388 0.0002276665 
0.0002545678 0.0000644657 0.0002250833 
0.0002559289 0.0000644910 0.0002225462 
0.0002572713 0.0000645143 0.0002200557 
0.0002585958 0.0000645374 0.0002176125 
0.0002599012 0.0000645584 0.0002152156 
0.0002611871 0.0000645753 0.0002128641 
0.0002624560 0.0000645887 0.0002105548 
0.0002637093 0.0000645995 0.0002082854 
0.0002649477 0.0000646093 0.0002060553 
0.0002661704 0.0000646170 0.0002038633 
0.0002673765 0.0000646231 0.0002017091 
0.0002685650 0.0000646304 0.0001995926 
0.0002697375 0.0000646408 0.0001975142 
0.0002708925 0.0000646512 0.0001954729 
0.0002720303 0.0000646642 0.0001934678 
0.0002731534 0.0000646771 0.0001914973 
0.0002742638 0.0000646921 0.0001895602 
0.0002753600 0.0000647035 0.0001876542 
0.0002764419 0.0000647097 0.0001857782 
0.0002775051 0.0000647099 0.0001839335 
0.0002785492 0.0000647040 0.0001821203 
0.0002795766 0.0000646915 0.0001803360 
0.0002805886 0.0000646722 0.0001785798 
0.0002815845 0.0000646477 0.0001768518 
0.0002825652 0.0000646198 0.0001751515 
0.0002835308 0.0000645870 0.0001734776 
0.0002844816 0.0000645487 0.0001718293 
0.0002854173 0.0000645051 0.0001702071 
0.0002863416 0.0000644533 0.0001686085 
0.0002872527 0.0000643929 0.0001670345 
0.0002881517 0.0000643244 0.0001654840 
0.0002890367 0.0000642485 0.0001639591 
0.0002899063 0.0000641636 0.0001624586 
0.0002907623 0.0000640686 0.0001609808 
0.0002916057 0.0000639632 0.0001595244 
0.0002924372 0.0000638471 0.0001580887 
0.0002932572 0.0000637201 0.0001566730 
0.0002940677 0.0000635815 0.0001552758 
0.0002948675 0.0000634311 0.0001538967 
0.0002956553 0.0000632680 0.0001525354 
0.0002964295 0.0000630926 0.0001511921 
0.0002971886 0.0000629068 0.0001498671 
0.0002979322 0.0000627149 0.0001485600 
0.0002986578 0.0000625146 0.0001472720 
0.0002993674 0.0000623073 0.0001460018 
0.0003000616 0.0000620940 0.0001447490 
0.0003007401 0.0000618769 0.0001435141 
0.0003014039 0.0000616549 0.0001422955 
0.0003020533 0.0000614311 0.0001410913 
0.0003026890 0.0000612061 0.0001399013 
0.0003033096 0.0000609783 0.0001387250 
0.0003039145 0.0000607458 0.0001375626 
0.0003045018 0.0000605071 0.0001364145 
0.0003050721 0.0000602632 0.0001352803 
0.0003056255 0.0000600139 0.0001341596 
0.0003061624 0.0000597598 0.0001330524 
0.0003066827 0.0000595004 0.0001319585 
0.0003071855 0.0000592345 0.0001308792 
0.0003076718 0.0000589629 0.0001298135 
0.0003081423 0.0000586860 0.0001287610 
0.0003085975 0.0000584042 0.0001277214 
0.0003090379 0.0000581178 0.0001266944 
0.0003094640 0.0000578273 0.0001256800 
0.0003098746 0.0000575331 0.0001246789 
0.0003102710 0.0000572354 0.0001236906 
0.0003106525 0.0000569333 0.0001227157 
0.0003110210 0.0000566277 0.0001217531 
0.0003113774 0.0000563184 0.0001208018 
0.0003117223 0.0000560046 0.0001198611 
0.0003120558 0.0000556856 0.0001189306 
0.0003123782 0.0000553616 0.0001180104 
0.0003126902 0.0000550349 0.0001171000 
0.0003129941 0.0000547054 0.0001161982 
0.0003132899 0.0000543746 0.0001153053 
0.0003135772 0.0000540440 0.0001144213 
0.0003138565 0.0000537159 0.0001135461 
0.0003141289 0.0000533954 0.0001126794 
0.0003143938 0.0000530787 0.0001118214 
0.0003146498 0.0000527615 0.0001109728 
0.0003148931 0.0000524418 0.0001101357 
0.0003151269 0.0000521186 0.0001093082 
0.0003153523 0.0000517910 0.0001084901 
0.0003155694 0.0000514604 0.0001076813 
0.0003157796 0.0000511276 0.0001068815 
0.0003159827 0.0000507933 0.0001060909 
0.0003161794 0.0000504571 0.0001053087 
0.0003163699 0.0000501186 0.0001045346 
0.0003165549 0.0000497772 0.0001037680 
0.0003167347 0.0000494326 0.0001030084 
0.0003169099 0.0000490852 0.0001022553 
0.0003170813 0.0000487365 0.0001015081 
0.0003172510 0.0000483911 0.0001007659 
0.0003174180 0.0000480461 0.0001000289 
0.0003175822 0.0000477000 0.0000992970 
0.0003177450 0.0000473517 0.0000985693 
0.0003179063 0.0000470003 0.0000978455 
0.0003180661 0.0000466457 0.0000971259 
0.0003182243 0.0000462874 0.0000964103 
0.0003183809 0.0000459250 0.0000956988 
0.0003185372 0.0000455606 0.0000949917 
0.0003186919 0.0000451916 0.0000942893 
0.0003188460 0.0000448237 0.0000935907 
0.0003189987 0.0000444549 0.0000928964 
0.0003191457 0.0000440854 0.0000922086 
0.0003192887 0.0000437140 0.0000915262 
0.0003194291 0.0000433409 0.0000908487 
0.0003195677 0.0000429656 0.0000901758 
0.0003197052 0.0000425871 0.0000895073 
0.0003198419 0.0000422060 0.0000888432 
0.0003199780 0.0000418227 0.0000881834 
0.0003201136 0.0000414378 0.0000875278 
0.0003202486 0.0000410520 0.0000868764 
0.0003203823 0.0000406640 0.0000862298 
0.0003205153 0.0000402755 0.0000855877 
0.0003206474 0.0000398857 0.0000849502 
0.0003207786 0.0000394927 0.0000843173 
0.0003209089 0.0000390971 0.0000836890 
0.0003210381 0.0000386990 0.0000830654 
0.0003211660 0.0000382982 0.0000824467 
0.0003212910 0.0000378940 0.0000818334 
0.0003214084 0.0000374847 0.0000812271 
0.0003215227 0.0000370709 0.0000806263 
0.0003216356 0.0000366525 0.0000800300 
0.0003217481 0.0000362294 0.0000794380 
0.0003218607 0.0000358008 0.0000788498 
0.0003219735 0.0000353680 0.0000782655 
0.0003220869 0.0000349321 0.0000776848 
0.0003222015 0.0000344951 0.0000771072 
0.0003223176 0.0000340579 0.0000765324 
0.0003224335 0.0000336180 0.0000759612 
0.0003225488 0.0000331749 0.0000753936 
0.0003226633 0.0000327285 0.0000748299 
0.0003227769 0.0000322791 0.0000742700 
0.0003228895 0.0000318264 0.0000737140 
0.0003230009 0.0000313700 0.0000731618 
0.0003231120 0.0000309110 0.0000726137 
0.0003232234 0.0000304500 0.0000720696 
0.0003233334 0.0000299840 0.0000715289 
0.0003234426 0.0000295128 0.0000709918 
0.0003235512 0.0000290362 0.0000704585 
0.0003236593 0.0000285550 0.0000699289 
0.0003237673 0.0000280700 0.0000694031 
0.0003238758 0.0000275821 0.0000688807 
0.0003239860 0.0000270903 0.0000683610 
0.0003240983 0.0000265947 0.0000678435 
0.0003242142 0.0000260946 0.0000673273 
0.0003243329 0.0000255923 0.0000668129 
0.0003244541 0.0000250899 0.0000663003 
0.0003245810 0.0000245947 0.0000657880 
0.0003247110 0.0000241044 0.0000652772 
0.0003248413 0.0000236166 0.0000647690 
0.0003249710 0.0000231297 0.0000642634 
0.0003251003 0.0000226437 0.0000637605 
0.0003252275 0.0000221569 0.0000632610 
0.0003253529 0.0000216708 0.0000627645 
0.0003254773 0.0000211883 0.0000622699 
0.0003255998 0.0000207080 0.0000617780 
0.0003257195 0.0000202294 0.0000612893 
0.0003258353 0.0000197522 0.0000608043 
0.0003259468 0.0000192764 0.0000603229 
0.0003260559 0.0000188022 0.0000598451 
0.0003261631 0.0000183295 0.0000593706 
0.0003262698 0.0000178589 0.0000588989 
0.0003263762 0.0000173902 0.0000584300 
0.0003264825 0.0000169233 0.0000579639 
0.0003265894 0.0000164581 0.0000575003 
0.0003266970 0.0000159945 0.0000570392 
0.0003268041 0.0000155316 0.0000565804 
0.0003269112 0.0000150697 0.0000561241 
0.0003270175 0.0000146085 0.0000556704 
0.0003271230 0.0000141482 0.0000552195 
0.0003272278 0.0000136896 0.0000547714 
0.0003273306 0.0000132363 0.0000543265 
0.0003274316 0.0000127848 0.0000538850 
0.0003275306 0.0000123426 0.0000534466 
0.0003276286 0.0000119029 0.0000530109 
0.0003277258 0.0000114647 0.0000525779 
0.0003278221 0.0000110282 0.0000521476 
0.0003279175 0.0000105936 0.0000517201 
0.0003280114 0.0000101611 0.0000512956 
0.0003281036 0.0000097307 0.0000508745 
0.0003281948 0.0000093017 0.0000504562 
0.0003282852 0.0000088730 0.0000500405 
0.0003283748 0.0000084442 0.0000496274 
0.0003284636 0.0000080147 0.0000492168 
0.0003285520 0.0000075844 0.0000488084 
0.0003286399 0.0000071532 0.0000484021 
0.0003287286 0.0000067228 0.0000479982 
0.0003288098 0.0000062972 0.0000475980 
0.0003288854 0.0000058694 0.0000472016 
0.0003289598 0.0000054410 0.0000468084 
0.0003290343 0.0000050119 0.0000464176 
0.0003291091 0.0000045818 0.0000460289 
0.0003291842 0.0000041505 0.0000456425 
0.0003292604 0.0000037184 0.0000452578 
0.0003293395 0.0000032850 0.0000448741 
0.0003294210 0.0000028505 0.0000444913 
0.0003295044 0.0000024154 0.0000441098 
0.0003295895 0.0000019797 0.0000437297 
0.0003296761 0.0000015430 0.0000433508 
0.0003297640 0.0000011056 0.0000429733 
0.0003298530 0.0000006674 0.0000425973 
0.0003299428 0.0000002282 0.0000422227 
0.0003300334 -0.0000002115 0.0000418498 
0.0003301239 -0.0000006520 0.0000414785 
0.0003302152 -0.0000010888 0.0000411090 
0.0003303075 -0.0000015260 0.0000407412 
0.0003304007 -0.0000019636 0.0000403751 
0.0003304947 -0.0000024021 0.0000400109 
0.0003305894 -0.0000028414 0.0000396486 
0.0003306776 -0.0000032837 0.0000392923 
0.0003307655 -0.0000037271 0.0000389387 
0.0003308550 -0.0000041709 0.0000385863 
0.0003309472 -0.0000046152 0.0000382347 
0.0003310424 -0.0000050603 0.0000378837 
0.0003311404 -0.0000055060 0.0000375337 
0.0003312380 -0.0000059514 0.0000371853 
0.0003313364 -0.0000063969 0.0000368382 
0.0003314363 -0.0000068428 0.0000364925 
0.0003315381 -0.0000072892 0.0000361479 
0.0003316422 -0.0000077363 0.0000358044 
0.0003317491 -0.0000081841 0.0000354621 
0.0003318595 -0.0000086320 0.0000351207 
0.0003319725 -0.0000090809 0.0000347804 
0.0003320872 -0.0000095311 0.0000344414 
0.0003322039 -0.0000099825 0.0000341036 
0.0003323215 -0.0000104368 0.0000337679 
0.0003324411 -0.0000108933 0.0000334338 
0.0003325622 -0.0000113513 0.0000331017 
0.0003326842 -0.0000118100 0.0000327720 
0.0003328088 -0.0000122696 0.0000324444 
0.0003329373 -0.0000127326 0.0000321185 
0.0003330684 -0.0000131974 0.0000317937 
0.0003332024 -0.0000136651 0.0000314707 
0.0003333397 -0.0000141356 0.0000311495 
0.0003334818 -0.0000146085 0.0000308300 
0.0003336289 -0.0000150834 0.0000305123 
0.0003337810 -0.0000155601 0.0000301965 
0.0003339379 -0.0000160388 0.0000298826 
0.0003340992 -0.0000165194 0.0000295704 
0.0003342642 -0.0000170024 0.0000292601 
0.0003344322 -0.0000174879 0.0000289514 
0.0003346025 -0.0000179764 0.0000286449 
0.0003347735 -0.0000184659 0.0000283408 
0.0003349458 -0.0000189569 0.0000280388 
0.0003351252 -0.0000194526 0.0000277387 
0.0003353094 -0.0000199516 0.0000274406 
0.0003354985 -0.0000204537 0.0000271444 
0.0003356911 -0.0000209595 0.0000268506 
0.0003358874 -0.0000214682 0.0000265588 
0.0003360886 -0.0000219803 0.0000262685 
0.0003362940 -0.0000224954 0.0000259797 
0.0003365040 -0.0000230142 0.0000256920 
0.0003367189 -0.0000235359 0.0000254058 
0.0003369387 -0.0000240597 0.0000251214 
0.0003371633 -0.0000245846 0.0000248387 
0.0003373923 -0.0000251100 0.0000245579 
0.0003376251 -0.0000256355 0.0000242790 
0.0003378618 -0.0000261608 0.0000240021 
0.0003381019 -0.0000266863 0.0000237271 
0.0003383450 -0.0000272123 0.0000234541 
0.0003385904 -0.0000277388 0.0000231829 
0.0003388382 -0.0000282657 0.0000229135 
0.0003390911 -0.0000287923 0.0000226462 
0.0003393454 -0.0000293183 0.0000223807 
0.0003396002 -0.0000298444 0.0000221166 
0.0003398553 -0.0000303708 0.0000218538 
0.0003401095 -0.0000308975 0.0000215926 
0.0003403633 -0.0000314248 0.0000213327 
0.0003406162 -0.0000319529 0.0000210741 
0.0003408650 -0.0000324809 0.0000208171 
0.0003411161 -0.0000330085 0.0000205629 
0.0003413666 -0.0000335356 0.0000203101 
0.0003416168 -0.0000340618 0.0000200585 
0.0003418651 -0.0000345886 0.0000198080 
0.0003421118 -0.0000351171 0.0000195586 
0.0003423565 -0.0000356477 0.0000193106 
0.0003426018 -0.0000361800 0.0000190641 
0.0003428487 -0.0000367135 0.0000188190 
0.0003430966 -0.0000372476 0.0000185747 
0.0003433451 -0.0000377821 0.0000183309 
0.0003435940 -0.0000383171 0.0000180876 
0.0003438432 -0.0000388524 0.0000178447 
0.0003440926 -0.0000393881 0.0000176025 
0.0003443419 -0.0000399242 0.0000173611 
0.0003445919 -0.0000404607 0.0000171210 
0.0003448440 -0.0000409976 0.0000168828 
0.0003450980 -0.0000415357 0.0000166462 
0.0003453509 -0.0000420746 0.0000164109 
0.0003456026 -0.0000426154 0.0000161815 
0.0003458527 -0.0000431572 0.0000159549 
0.0003461042 -0.0000437031 0.0000157292 
0.0003463557 -0.0000442500 0.0000155052 
0.0003466058 -0.0000447990 0.0000152812 
0.0003468551 -0.0000453486 0.0000150578 
0.0003471038 -0.0000458978 0.0000148350 
0.0003473519 -0.0000464453 0.0000146119 
0.0003475992 -0.0000469908 0.0000143887 
0.0003478443 -0.0000475340 0.0000141649 
0.0003480854 -0.0000480753 0.0000139409 
0.0003483222 -0.0000486154 0.0000137172 
0.0003485549 -0.0000491549 0.0000134945 
0.0003487839 -0.0000496947 0.0000132737 
0.0003490079 -0.0000502347 0.0000130544 
0.0003492273 -0.0000507748 0.0000128370 
0.0003494414 -0.0000513152 0.0000126218 
0.0003496495 -0.0000518556 0.0000124089 
0.0003498513 -0.0000523966 0.0000121988 
0.0003500463 -0.0000529385 0.0000119915 
0.0003502336 -0.0000534816 0.0000117874 
0.0003504122 -0.0000540262 0.0000115868 
0.0003505807 -0.0000545729 0.0000113899 
0.0003507395 -0.0000551199 0.0000111962 
0.0003508846 -0.0000556692 0.0000110064 
0.0003510142 -0.0000562212 0.0000108213 
0.0003511264 -0.0000567766 0.0000106420 
0.0003512184 -0.0000573364 0.0000104695 
0.0003512855 -0.0000579023 0.0000103055 
0.0003513214 -0.0000584775 0.0000101521 
0.0003513159 -0.0000590659 0.0000100115 
0.0003512508 -0.0000596759 0.0000098854 
0.0003512508 -0.0000596759 0.0000098854 
0.0003512508 -0.0000596759 0.0000098854 
0.0003512508 -0.0000596759 0.0000098854 
0.0003512508 -0.0000596759 0.0000098854 
0.0003512508 -0.0000596759 0.0000098854 
0.0003512508 -0.0000596759 0.0000098854 
0.0003512508 -0.0000596759 0.0000098854 
0.0003512508 -0.0000596759 0.0000098854 
0.0003512508 -0.0000596759 0.0000098854 
0.0003512508 -0.0000596759 0.0000098854 
0.0003512508 -0.0000596759 0.0000098854 
0.0003512508 -0.0000596759 0.0000098854 
0.0003512508 -0.0000596759 0.0000098854 
0.0003512508 -0.0000596759 0.0000098854 
0.0003512508 -0.0000596759 0.0000098854 
0.0003512508 -0.0000596759 0.0000098854 
0.0003512508 -0.0000596759 0.0000098854 
0.0003512508 -0.0000596759 0.0000098854 
0.0003512508 -0.0000596759 0.0000098854 
0.0003512508 -0.0000596759 0.0000098854 
0.0003512508 -0.0000596759 0.0000098854 
0.0003512508 -0.0000596759 0.0000098854 
0.0003512508 -0.0000596759 0.0000098854 
0.0003512508 -0.0000596759 0.0000098854 
0.0003512508 -0.0000596759 0.0000098854 
0.0003512508 -0.0000596759 0.0000098854 
0.0003512508 -0.0000596759 0.0000098854 
0.0003512508 -0.0000596759 0.0000098854 
0.0003512508 -0.0000596759 0.0000098854 
0.0003512508 -0.0000596759 0.0000098854 
0.0003512508 -0.0000596759 0.0000098854 
0.0003512508 -0.0000596759 0.0000098854 
0.0003512508 -0.0000596759 0.0000098854 
0.0003512508 -0.0000596759 0.0000098854 
0.0003512508 -0.0000596759 0.0000098854 
0.0003512508 -0.0000596759 0.0000098854 
0.0003512508 -0.0000596759 0.0000098854 
0.0003512508 -0.0000596759 0.0000098854 
0.0003512508 -0.0000596759 0.0000098854 
0.0003512508 -0.0000596759 0.0000098854 
0.0003512508 -0.0000596759 0.0000098854 
0.0003512508 -0.0000596759 0.0000098854 
0.0003512508 -0.0000596759 0.0000098854 
0.0003512508 -0.0000596759 0.0000098854 
0.0003512508 -0.0000596759 0.0000098854 
0.0003512508 -0.0000596759 0.0000098854 
0.0003512508 -0.0000596759 0.0000098854 
0.0003512508 -0.0000596759 0.0000098854 
0.0003512508 -0.0000596759 0.0000098854 
0.0003512508 -0.0000596759 0.0000098854 
0.0003512508 -0.0000596759 0.0000098854 
0.0003512508 -0.0000596759 0.0000098854 
0.0003512508 -0.0000596759 0.0000098854 
0.0003512508 -0.0000596759 0.0000098854 
0.0003512508 -0.0000596759 0.0000098854 
0.0003512508 -0.0000596759 0.0000098854 
0.0003512508 -0.0000596759 0.0000098854 
0.0003512508 -0.0000596759 0.0000098854 
0.0003512508 -0.0000596759 0.0000098854 
0.0003512508 -0.0000596759 0.0000098854 
0.0003512508 -0.0000596759 0.0000098854 
0.0003512508 -0.0000596759 0.0000098854 
0.0003512508 -0.0000596759 0.0000098854 
0.0003512508 -0.0000596759 0.0000098854 
0.0003512508 -0.0000596759 0.0000098854 
0.0003512508 -0.0000596759 0.0000098854 
0.0003512508 -0.0000596759 0.0000098854 
0.0003512508 -0.0000596759 0.0000098854 
0.0003512508 -0.0000596759 0.0000098854 
0.0003512508 -0.0000596759 0.0000098854 
0.0003512508 -0.0000596759 0.0000098854 
0.0003512508 -0.0000596759 0.0000098854 
0.0003512508 -0.0000596759 0.0000098854 
0.0003512508 -0.0000596759 0.0000098854 
0.0003512508 -0.0000596759 0.0000098854 
0.0003512508 -0.0000596759 0.0000098854 
0.0003512508 -0.0000596759 0.0000098854 
0.0003512508 -0.0000596759 0.0000098854 
0.0003512508 -0.0000596759 0.0000098854 
0.0003512508 -0.0000596759 0.0000098854 
0.0003512508 -0.0000596759 0.0000098854 
0.0003512508 -0.0000596759 0.0000098854 
0.0003512508 -0.0000596759 0.0000098854 
0.0003512508 -0.0000596759 0.0000098854 
0.0003512508 -0.0000596759 0.0000098854 
0.0003512508 -0.0000596759 0.0000098854 
0.0003512508 -0.0000596759 0.0000098854 
0.0003512508 -0.0000596759 0.0000098854 
0.0003512508 -0.0000596759 0.0000098854 
0.0003512508 -0.0000596759 0.0000098854 
0.0003512508 -0.0000596759 0.0000098854 
0.0003512508 -0.0000596759 0.0000098854 
0.0003512508 -0.0000596759 0.0000098854 
0.0003512508 -0.0000596759 0.0000098854 
0.0003512508 -0.0000596759 0.0000098854 
0.0003512508 -0.0000596759 0.0000098854 
0.0003512508 -0.0000596759 0.0000098854 
0.0003512508 -0.0000596759 0.0000098854 
0.0003512508 -0.0000596759 0.0000098854 
0.0003512508 -0.0000596759 0.0000098854 
0.0003512508 -0.0000596759 0.0000098854 
0.0003512508 -0.0000596759 0.0000098854 
0.0003512508 -0.0000596759 0.0000098854 
0.0003512508 -0.0000596759 0.0000098854 
0.0003512508 -0.0000596759 0.0000098854 
0.0003512508 -0.0000596759 0.0000098854 
0.0003512508 -0.0000596759 0.0000098854 
0.0003512508 -0.0000596759 0.0000098854 
0.0003512508 -0.0000596759 0.0000098854 
0.0003512508 -0.0000596759 0.0000098854 
0.0003512508 -0.0000596759 0.0000098854 
0.0003512508 -0.0000596759 0.0000098854 
0.0003512508 -0.0000596759 0.0000098854 
0.0003512508 -0.0000596759 0.0000098854 
0.0003512508 -0.0000596759 0.0000098854 
0.0003512508 -0.0000596759 0.0000098854 
0.0003512508 -0.0000596759 0.0000098854 
0.0003512508 -0.0000596759 0.0000098854 
0.0003512508 -0.0000596759 0.0000098854 
0.0003512508 -0.0000596759 0.0000098854 
0.0003512508 -0.0000596759 0.0000098854 
0.0003512508 -0.0000596759 0.0000098854 
0.0003512508 -0.0000596759 0.0000098854 
0.0003512508 -0.0000596759 0.0000098854 
0.0003512508 -0.0000596759 0.0000098854 
0.0003512508 -0.0000596759 0.0000098854 
0.0003512508 -0.0000596759 0.0000098854 
0.0003512508 -0.0000596759 0.0000098854 
0.0003512508 -0.0000596759 0.0000098854 
0.0003512508 -0.0000596759 0.0000098854 
0.0003512508 -0.0000596759 0.0000098854 
0.0003512508 -0.0000596759 0.0000098854 
0.0003512508 -0.0000596759 0.0000098854 
0.0003512508 -0.0000596759 0.0000098854 
0.0003512508 -0.0000596759 0.0000098854 
0.0003512508 -0.0000596759 0.0000098854 
0.0003512508 -0.0000596759 0.0000098854 
0.0003512508 -0.0000596759 0.0000098854 
0.0003512508 -0.0000596759 0.0000098854 
0.0003512508 -0.0000596759 0.0000098854 
0.0003512508 -0.0000596759 0.0000098854 
0.0003512508 -0.0000596759 0.0000098854 
0.0003512508 -0.0000596759 0.0000098854 
0.0003512508 -0.0000596759 0.0000098854 
0.0003512508 -0.0000596759 0.0000098854 
0.0003512508 -0.0000596759 0.0000098854 
0.0003512508 -0.0000596759 0.0000098854 
0.0003512508 -0.0000596759 0.0000098854 
0.0003512508 -0.0000596759 0.0000098854 
0.0003512508 -0.0000596759 0.0000098854 
0.0003512508 -0.0000596759 0.0000098854 
0.0003512508 -0.0000596759 0.0000098854 
0.0003512508 -0.0000596759 0.0000098854 
0.0003512508 -0.0000596759 0.0000098854 
0.0003512508 -0.0000596759 0.0000098854 
0.0003512508 -0.0000596759 0.0000098854 
0.0003512508 -0.0000596759 0.0000098854 
0.0003512508 -0.0000596759 0.0000098854 
0.0003512508 -0.0000596759 0.0000098854 
0.0003512508 -0.0000596759 0.0000098854 
0.0003512508 -0.0000596759 0.0000098854 
0.0003512508 -0.0000596759 0.0000098854 
0.0003512508 -0.0000596759 0.0000098854 
0.0003512508 -0.0000596759 0.0000098854 
0.0003512508 -0.0000596759 0.0000098854 
0.0003512508 -0.0000596759 0.0000098854 
0.0003512508 -0.0000596759 0.0000098854 
0.0003512508 -0.0000596759 0.0000098854 
0.0003512508 -0.0000596759 0.0000098854 
0.0003512508 -0.0000596759 0.0000098854 
0.0003512508 -0.0000596759 0.0000098854 
0.0003512508 -0.0000596759 0.0000098854 
0.0003512508 -0.0000596759 0.0000098854 
0.0003512508 -0.0000596759 0.0000098854 
0.0003512508 -0.0000596759 0.0000098854 
0.0003512508 -0.0000596759 0.0000098854 
0.0003512508 -0.0000596759 0.0000098854 
0.0003512508 -0.0000596759 0.0000098854 
0.0003512508 -0.0000596759 0.0000098854 
0.0003512508 -0.0000596759 0.0000098854 
0.0003512508 -0.0000596759 0.0000098854 
0.0003512508 -0.0000596759 0.0000098854 
0.0003512508 -0.0000596759 0.0000098854 
0.0003512508 -0.0000596759 0.0000098854 
0.0003512508 -0.0000596759 0.0000098854 
0.0003512508 -0.0000596759 0.0000098854 
0.0003512508 -0.0000596759 0.0000098854 
0.0003512508 -0.0000596759 0.0000098854 
0.0003512508 -0.0000596759 0.0000098854 
0.0003512508 -0.0000596759 0.0000098854 
0.0003512508 -0.0000596759 0.0000098854 
0.0003512508 -0.0000596759 0.0000098854 
0.0003512508 -0.0000596759 0.0000098854 
0.0003512508 -0.0000596759 0.0000098854 
0.0003512508 -0.0000596759 0.0000098854 
0.0003512508 -0.0000596759 0.0000098854 
0.0003512508 -0.0000596759 0.0000098854 
0.0003512508 -0.0000596759 0.0000098854 
0.0003512508 -0.0000596759 0.0000098854 
0.0003512508 -0.0000596759 0.0000098854 
0.0003512508 -0.0000596759 0.0000098854 
0.0003512508 -0.0000596759 0.0000098854 
0.0003512508 -0.0000596759 0.0000098854 
0.0003512508 -0.0000596759 0.0000098854 
0.0003512508 -0.0000596759 0.0000098854 
0.0003512508 -0.0000596759 0.0000098854 
0.0003512508 -0.0000596759 0.0000098854 
0.0003512508 -0.0000596759 0.0000098854 
0.0003512508 -0.0000596759 0.0000098854 
0.0003512508 -0.0000596759 0.0000098854 
0.0003512508 -0.0000596759 0.0000098854 
0.0003512508 -0.0000596759 0.0000098854 
0.0003512508 -0.0000596759 0.0000098854 
0.0003512508 -0.0000596759 0.0000098854 
0.0003512508 -0.0000596759 0.0000098854 
0.0003512508 -0.0000596759 0.0000098854 
0.0003512508 -0.0000596759 0.0000098854 
0.0003512508 -0.0000596759 0.0000098854 
0.0003512508 -0.0000596759 0.0000098854 
0.0003512508 -0.0000596759 0.0000098854 
0.0003512508 -0.0000596759 0.0000098854 
0.0003512508 -0.0000596759 0.0000098854 
0.0003512508 -0.0000596759 0.0000098854 
0.0003512508 -0.0000596759 0.0000098854 
0.0003512508 -0.0000596759 0.0000098854 
0.0003512508 -0.0000596759 0.0000098854 
0.0003512508 -0.0000596759 0.0000098854 
0.0003512508 -0.0000596759 0.0000098854 
0.0003512508 -0.0000596759 0.0000098854 
0.0003512508 -0.0000596759 0.0000098854 
0.0003512508 -0.0000596759 0.0000098854 
0.0003512508 -0.0000596759 0.0000098854 
0.0003512508 -0.0000596759 0.0000098854 
0.0003512508 -0.0000596759 0.0000098854 
0.0003512508 -0.0000596759 0.0000098854 
0.0003512508 -0.0000596759 0.0000098854 
0.0003512508 -0.0000596759 0.0000098854 
0.0003512508 -0.0000596759 0.0000098854 
0.0003512508 -0.0000596759 0.0000098854 
0.0003512508 -0.0000596759 0.0000098854 
0.0003512508 -0.0000596759 0.0000098854 
0.0003512508 -0.0000596759 0.0000098854 
0.0003512508 -0.0000596759 0.0000098854 
0.0003512508 -0.0000596759 0.0000098854 
0.0003512508 -0.0000596759 0.0000098854 
0.0003512508 -0.0000596759 0.0000098854 
0.0003512508 -0.0000596759 0.0000098854 
0.0003512508 -0.0000596759 0.0000098854 
0.0003512508 -0.0000596759 0.0000098854 
0.0003512508 -0.0000596759 0.0000098854 
0.0003512508 -0.0000596759 0.0000098854 
0.0003512508 -0.0000596759 0.0000098854 
0.0003512508 -0.0000596759 0.0000098854 
0.0003512508 -0.0000596759 0.0000098854 
0.0003512508 -0.0000596759 0.0000098854 
0.0003512508 -0.0000596759 0.0000098854 
0.0003512508 -0.0000596759 0.0000098854 
0.0003512508 -0.0000596759 0.0000098854 
0.0003512508 -0.0000596759 0.0000098854 
0.0003512508 -0.0000596759 0.0000098854 
0.0003512508 -0.0000596759 0.0000098854 
0.0003512508 -0.0000596759 0.0000098854 
0.0003512508 -0.0000596759 0.0000098854 
0.0003512508 -0.0000596759 0.0000098854 
0.0003512508 -0.0000596759 0.0000098854 
0.0003512508 -0.0000596759 0.0000098854 
0.0003512508 -0.0000596759 0.0000098854 
0.0003512508 -0.0000596759 0.0000098854 
0.0003512508 -0.0000596759 0.0000098854 
0.0003512508 -0.0000596759 0.0000098854 
0.0003512508 -0.0000596759 0.0000098854 
0.0003512508 -0.0000596759 0.0000098854 
0.0003512508 -0.0000596759 0.0000098854 
0.0003512508 -0.0000596759 0.0000098854 
0.0003512508 -0.0000596759 0.0000098854 
0.0003512508 -0.0000596759 0.0000098854 
0.0003512508 -0.0000596759 0.0000098854 
0.0003512508 -0.0000596759 0.0000098854 
0.0003512508 -0.0000596759 0.0000098854 
0.0003512508 -0.0000596759 0.0000098854 
0.0003512508 -0.0000596759 0.0000098854 
0.0003512508 -0.0000596759 0.0000098854 
0.0003512508 -0.0000596759 0.0000098854 
0.0003512508 -0.0000596759 0.0000098854 
0.0003512508 -0.0000596759 0.0000098854 
0.0003512508 -0.0000596759 0.0000098854 
0.0003512508 -0.0000596759 0.0000098854 
0.0003512508 -0.0000596759 0.0000098854 
0.0003512508 -0.0000596759 0.0000098854 
0.0003512508 -0.0000596759 0.0000098854 
0.0003512508 -0.0000596759 0.0000098854 
0.0003512508 -0.0000596759 0.0000098854 
0.0003512508 -0.0000596759 0.0000098854 
0.0003512508 -0.0000596759 0.0000098854 
0.0003512508 -0.0000596759 0.0000098854 
0.0003512508 -0.0000596759 0.0000098854 
0.0003512508 -0.0000596759 0.0000098854 
0.0003512508 -0.0000596759 0.0000098854 
0.0003512508 -0.0000596759 0.0000098854 
0.0003512508 -0.0000596759 0.0000098854 
0.0003512508 -0.0000596759 0.0000098854 
0.0003512508 -0.0000596759 0.0000098854 
0.0003512508 -0.0000596759 0.0000098854 
0.0003512508 -0.0000596759 0.0000098854 
0.0003512508 -0.0000596759 0.0000098854 
0.0003512508 -0.0000596759 0.0000098854 
0.0003512508 -0.0000596759 0.0000098854 
0.0003512508 -0.0000596759 0.0000098854 
0.0003512508 -0.0000596759 0.0000098854 
0.0003512508 -0.0000596759 0.0000098854 
0.0003512508 -0.0000596759 0.0000098854 
0.0003512508 -0.0000596759 0.0000098854 
0.0003512508 -0.0000596759 0.0000098854 
0.0003512508 -0.0000596759 0.0000098854 
0.0003512508 -0.0000596759 0.0000098854 
0.0003512508 -0.0000596759 0.0000098854 
0.0003512508 -0.0000596759 0.0000098854 
0.0003512508 -0.0000596759 0.0000098854 
0.0003512508 -0.0000596759 0.0000098854 
0.0003512508 -0.0000596759 0.0000098854 
0.0003512508 -0.0000596759 0.0000098854 
0.0003512508 -0.0000596759 0.0000098854 
0.0003512508 -0.0000596759 0.0000098854 
0.0003512508 -0.0000596759 0.0000098854 
0.0003512508 -0.0000596759 0.0000098854 
0.0003512508 -0.0000596759 0.0000098854 
0.0003512508 -0.0000596759 0.0000098854 
0.0003512508 -0.0000596759 0.0000098854 
0.0003512508 -0.0000596759 0.0000098854 
0.0003512508 -0.0000596759 0.0000098854 
0.0003512508 -0.0000596759 0.0000098854 
0.0003512508 -0.0000596759 0.0000098854 
0.0003512508 -0.0000596759 0.0000098854 
0.0003512508 -0.0000596759 0.0000098854 
0.0003512508 -0.0000596759 0.0000098854 
0.0003512508 -0.0000596759 0.0000098854 
0.0003512508 -0.0000596759 0.0000098854 
0.0003512508 -0.0000596759 0.0000098854 
0.0003512508 -0.0000596759 0.0000098854 
0.0003512508 -0.0000596759 0.0000098854 
0.0003512508 -0.0000596759 0.0000098854 
0.0003512508 -0.0000596759 0.0000098854 
0.0003512508 -0.0000596759 0.0000098854 
0.0003512508 -0.0000596759 0.0000098854 
0.0003512508 -0.0000596759 0.0000098854 
0.0003512508 -0.0000596759 0.0000098854 
0.0003512508 -0.0000596759 0.0000098854 
0.0003512508 -0.0000596759 0.0000098854 
0.0003512508 -0.0000596759 0.0000098854 
0.0003512508 -0.0000596759 0.0000098854 
0.0003512508 -0.0000596759 0.0000098854 
0.0003512508 -0.0000596759 0.0000098854 
0.0003512508 -0.0000596759 0.0000098854 
0.0003512508 -0.0000596759 0.0000098854 
0.0003512508 -0.0000596759 0.0000098854 
0.0003512508 -0.0000596759 0.0000098854 
0.0003512508 -0.0000596759 0.0000098854 
0.0003512508 -0.0000596759 0.0000098854 
0.0003512508 -0.0000596759 0.0000098854 
0.0003512508 -0.0000596759 0.0000098854 
0.0003512508 -0.0000596759 0.0000098854 
0.0003512508 -0.0000596759 0.0000098854 
0.0003512508 -0.0000596759 0.0000098854 
0.0003512508 -0.0000596759 0.0000098854 
0.0003512508 -0.0000596759 0.0000098854 
0.0003512508 -0.0000596759 0.0000098854 
0.0003512508 -0.0000596759 0.0000098854 
0.0003512508 -0.0000596759 0.0000098854 
0.0003512508 -0.0000596759 0.0000098854 
0.0003512508 -0.0000596759 0.0000098854 
0.0003512508 -0.0000596759 0.0000098854 
0.0003512508 -0.0000596759 0.0000098854 
0.0003512508 -0.0000596759 0.0000098854 
0.0003512508 -0.0000596759 0.0000098854 
0.0003512508 -0.0000596759 0.0000098854 
0.0003512508 -0.0000596759 0.0000098854 
0.0003512508 -0.0000596759 0.0000098854 
0.0003512508 -0.0000596759 0.0000098854 
0.0003512508 -0.0000596759 0.0000098854 
0.0003512508 -0.0000596759 0.0000098854 
0.0003512508 -0.0000596759 0.0000098854 
0.0003512508 -0.0000596759 0.0000098854 
0.0003512508 -0.0000596759 0.0000098854 
0.0003512508 -0.0000596759 0.0000098854 
0.0003512508 -0.0000596759 0.0000098854 
0.0003512508 -0.0000596759 0.0000098854 
0.0003512508 -0.0000596759 0.0000098854 
0.0003512508 -0.0000596759 0.0000098854 
0.0003512508 -0.0000596759 0.0000098854 
0.0003512508 -0.0000596759 0.0000098854 
0.0003512508 -0.0000596759 0.0000098854 
0.0003512508 -0.0000596759 0.0000098854 
0.0003512508 -0.0000596759 0.0000098854 
0.0003512508 -0.0000596759 0.0000098854 
0.0003512508 -0.0000596759 0.0000098854 
0.0003512508 -0.0000596759 0.0000098854 
0.0003512508 -0.0000596759 0.0000098854 
0.0003512508 -0.0000596759 0.0000098854 
0.0003512508 -0.0000596759 0.0000098854 
0.0003512508 -0.0000596759 0.0000098854 
0.0003512508 -0.0000596759 0.0000098854 
0.0003512508 -0.0000596759 0.0000098854 
0.0003512508 -0.0000596759 0.0000098854 
0.0003512508 -0.0000596759 0.0000098854 
0.0003512508 -0.0000596759 0.0000098854 
0.0003512508 -0.0000596759 0.0000098854 
0.0003512508 -0.0000596759 0.0000098854 
0.0003512508 -0.0000596759 0.0000098854 
0.0003512508 -0.0000596759 0.0000098854 
0.0003512508 -0.0000596759 0.0000098854 
0.0003512508 -0.0000596759 0.0000098854 
0.0003512508 -0.0000596759 0.0000098854 
0.0003512508 -0.0000596759 0.0000098854 
0.0003512508 -0.0000596759 0.0000098854 
0.0003512508 -0.0000596759 0.0000098854 
0.0003512508 -0.0000596759 0.0000098854 
0.0003512508 -0.0000596759 0.0000098854 
0.0003512508 -0.0000596759 0.0000098854 
0.0003512508 -0.0000596759 0.0000098854 
0.0003512508 -0.0000596759 0.0000098854 
0.0003512508 -0.0000596759 0.0000098854 
0.0003512508 -0.0000596759 0.0000098854 
0.0003512508 -0.0000596759 0.0000098854 
0.0003512508 -0.0000596759 0.0000098854 
0.0003512508 -0.0000596759 0.0000098854 
0.0003512508 -0.0000596759 0.0000098854 
0.0003512508 -0.0000596759 0.0000098854 
0.0003512508 -0.0000596759 0.0000098854 
0.0003512508 -0.0000596759 0.0000098854 
0.0003512508 -0.0000596759 0.0000098854 
0.0003512508 -0.0000596759 0.0000098854 
0.0003512508 -0.0000596759 0.0000098854 
0.0003512508 -0.0000596759 0.0000098854 
0.0003512508 -0.0000596759 0.0000098854 
0.0003512508 -0.0000596759 0.0000098854 
0.0003512508 -0.0000596759 0.0000098854 
0.0003512508 -0.0000596759 0.0000098854 
0.0003512508 -0.0000596759 0.0000098854 
0.0003512508 -0.0000596759 0.0000098854 
0.0003512508 -0.0000596759 0.0000098854 
0.0003512508 -0.0000596759 0.0000098854 
0.0003512508 -0.0000596759 0.0000098854 
0.0003512508 -0.0000596759 0.0000098854 
0.0003512508 -0.0000596759 0.0000098854 
0.0003512508 -0.0000596759 0.0000098854 
0.0003512508 -0.0000596759 0.0000098854 
0.0003512508 -0.0000596759 0.0000098854 
0.0003512508 -0.0000596759 0.0000098854 
0.0003512508 -0.0000596759 0.0000098854 
0.0003512508 -0.0000596759 0.0000098854 
0.0003512508 -0.0000596759 0.0000098854 
0.0003512508 -0.0000596759 0.0000098854 
0.0003512508 -0.0000596759 0.0000098854 
0.0003512508 -0.0000596759 0.0000098854 
0.0003512508 -0.0000596759 0.0000098854 
0.0003512508 -0.0000596759 0.0000098854 
0.0003512508 -0.0000596759 0.0000098854 
0.0003512508 -0.0000596759 0.0000098854 
0.0003512508 -0.0000596759 0.0000098854 
0.0003512508 -0.0000596759 0.0000098854 
0.0003512508 -0.0000596759 0.0000098854 
0.0003512508 -0.0000596759 0.0000098854 
0.0003512508 -0.0000596759 0.0000098854 
0.0003512508 -0.0000596759 0.0000098854 
0.0003512508 -0.0000596759 0.0000098854 
0.0003512508 -0.0000596759 0.0000098854 
0.0003512508 -0.0000596759 0.0000098854 
0.0003512508 -0.0000596759 0.0000098854 
0.0003512508 -0.0000596759 0.0000098854 
0.0003512508 -0.0000596759 0.0000098854 
0.0003512508 -0.0000596759 0.0000098854 
0.0003512508 -0.0000596759 0.0000098854 
0.0003512508 -0.0000596759 0.0000098854 
0.0003512508 -0.0000596759 0.0000098854 
0.0003512508 -0.0000596759 0.0000098854 
0.0003512508 -0.0000596759 0.0000098854 
0.0003512508 -0.0000596759 0.0000098854 
0.0003512508 -0.0000596759 0.0000098854 
0.0003512508 -0.0000596759 0.0000098854 
0.0003512508 -0.0000596759 0.0000098854 
0.0003512508 -0.0000596759 0.0000098854 
0.0003512508 -0.0000596759 0.0000098854 
0.0003512508 -0.0000596759 0.0000098854 
0.0003512508 -0.0000596759 0.0000098854 
0.0003512508 -0.0000596759 0.0000098854 
0.0003512508 -0.0000596759 0.0000098854 
0.0003512508 -0.0000596759 0.0000098854 
0.0003512508 -0.0000596759 0.0000098854 
0.0003512508 -0.0000596759 0.0000098854 
0.0003512508 -0.0000596759 0.0000098854 
0.0003512508 -0.0000596759 0.0000098854 
0.0003512508 -0.0000596759 0.0000098854 
0.0003512508 -0.0000596759 0.0000098854 
0.0003512508 -0.0000596759 0.0000098854 
0.0003512508 -0.0000596759 0.0000098854 
0.0003512508 -0.0000596759 0.0000098854 
0.0003512508 -0.0000596759 0.0000098854 
0.0003512508 -0.0000596759 0.0000098854 
0.0003512508 -0.0000596759 0.0000098854 
0.0003512508 -0.0000596759 0.0000098854 
0.0003512508 -0.0000596759 0.0000098854 
0.0003512508 -0.0000596759 0.0000098854 
0.0003512508 -0.0000596759 0.0000098854 
0.0003512508 -0.0000596759 0.0000098854 
0.0003512508 -0.0000596759 0.0000098854 
0.0003512508 -0.0000596759 0.0000098854 
0.0003512508 -0.0000596759 0.0000098854 
0.0003512508 -0.0000596759 0.0000098854 
0.0003512508 -0.0000596759 0.0000098854 
0.0003512508 -0.0000596759 0.0000098854 
0.0003512508 -0.0000596759 0.0000098854 
0.0003512508 -0.0000596759 0.0000098854 
0.0003512508 -0.0000596759 0.0000098854 
0.0003512508 -0.0000596759 0.0000098854 
0.0003512508 -0.0000596759 0.0000098854 
0.0003512508 -0.0000596759 0.0000098854 
0.0003512508 -0.0000596759 0.0000098854 
0.0003512508 -0.0000596759 0.0000098854 
0.0003512508 -0.0000596759 0.0000098854 
0.0003512508 -0.0000596759 0.0000098854 
0.0003512508 -0.0000596759 0.0000098854 
0.0003512508 -0.0000596759 0.0000098854 
0.0003512508 -0.0000596759 0.0000098854 
0.0003512508 -0.0000596759 0.0000098854 
0.0003512508 -0.0000596759 0.0000098854 
0.0003512508 -0.0000596759 0.0000098854 
0.0003512508 -0.0000596759 0.0000098854 
0.0003512508 -0.0000596759 0.0000098854 
0.0003512508 -0.0000596759 0.0000098854 
0.0003512508 -0.0000596759 0.0000098854 
0.0003512508 -0.0000596759 0.0000098854 
0.0003512508 -0.0000596759 0.0000098854 
0.0003512508 -0.0000596759 0.0000098854 
0.0003512508 -0.0000596759 0.0000098854 
0.0003512508 -0.0000596759 0.0000098854 
0.0003512508 -0.0000596759 0.0000098854 
0.0003512508 -0.0000596759 0.0000098854 
0.0003512508 -0.0000596759 0.0000098854 
0.0003512508 -0.0000596759 0.0000098854 
0.0003512508 -0.0000596759 0.0000098854 
0.0003512508 -0.0000596759 0.0000098854 
0.0003512508 -0.0000596759 0.0000098854 
0.0003512508 -0.0000596759 0.0000098854 
0.0003512508 -0.0000596759 0.0000098854 
0.0003512508 -0.0000596759 0.0000098854 
0.0003512508 -0.0000596759 0.0000098854 
0.0003512508 -0.0000596759 0.0000098854 
0.0003512508 -0.0000596759 0.0000098854 
0.0003512508 -0.0000596759 0.0000098854 
0.0003512508 -0.0000596759 0.0000098854 
0.0003512508 -0.0000596759 0.0000098854 
0.0003512508 -0.0000596759 0.0000098854 
0.0003512508 -0.0000596759 0.0000098854 
0.0003512508 -0.0000596759 0.0000098854 
0.0003512508 -0.0000596759 0.0000098854 
0.0003512508 -0.0000596759 0.0000098854 
0.0003512508 -0.0000596759 0.0000098854 
0.0003512508 -0.0000596759 0.0000098854 
0.0003512508 -0.0000596759 0.0000098854 
0.0003512508 -0.0000596759 0.0000098854 
0.0003512508 -0.0000596759 0.0000098854 
0.0003512508 -0.0000596759 0.0000098854 
0.0003512508 -0.0000596759 0.0000098854 
0.0003512508 -0.0000596759 0.0000098854 
0.0003512508 -0.0000596759 0.0000098854 
0.0003512508 -0.0000596759 0.0000098854 
0.0003512508 -0.0000596759 0.0000098854 
0.0003512508 -0.0000596759 0.0000098854 
0.0003512508 -0.0000596759 0.0000098854 
0.0003512508 -0.0000596759 0.0000098854 
0.0003512508 -0.0000596759 0.0000098854 
0.0003512508 -0.0000596759 0.0000098854 
0.0003512508 -0.0000596759 0.0000098854 
0.0003512508 -0.0000596759 0.0000098854 
0.0003512508 -0.0000596759 0.0000098854 
0.0003512508 -0.0000596759 0.0000098854 
0.0003512508 -0.0000596759 0.0000098854 
0.0003512508 -0.0000596759 0.0000098854 
0.0003512508 -0.0000596759 0.0000098854 
0.0003512508 -0.0000596759 0.0000098854 
0.0003512508 -0.0000596759 0.0000098854 
0.0003512508 -0.0000596759 0.0000098854 
0.0003512508 -0.0000596759 0.0000098854 
0.0003512508 -0.0000596759 0.0000098854 
0.0003512508 -0.0000596759 0.0000098854 
0.0003512508 -0.0000596759 0.0000098854 
0.0003512508 -0.0000596759 0.0000098854 
0.0003512508 -0.0000596759 0.0000098854 
0.0003512508 -0.0000596759 0.0000098854 
0.0003512508 -0.0000596759 0.0000098854 
0.0003512508 -0.0000596759 0.0000098854 
0.0003512508 -0.0000596759 0.0000098854 
0.0003512508 -0.0000596759 0.0000098854 
0.0003512508 -0.0000596759 0.0000098854 
0.0003512508 -0.0000596759 0.0000098854 
0.0003512508 -0.0000596759 0.0000098854 
0.0003512508 -0.0000596759 0.0000098854 
0.0003512508 -0.0000596759 0.0000098854 
0.0003512508 -0.0000596759 0.0000098854 
0.0003512508 -0.0000596759 0.0000098854 
0.0003512508 -0.0000596759 0.0000098854 
0.0003512508 -0.0000596759 0.0000098854 
0.0003512508 -0.0000596759 0.0000098854 
0.0003512508 -0.0000596759 0.0000098854 
0.0003512508 -0.0000596759 0.0000098854 
0.0003512508 -0.0000596759 0.0000098854 
0.0003512508 -0.0000596759 0.0000098854 
0.0003512508 -0.0000596759 0.0000098854 
0.0003512508 -0.0000596759 0.0000098854 
0.0003512508 -0.0000596759 0.0000098854 
0.0003512508 -0.0000596759 0.0000098854 
0.0003512508 -0.0000596759 0.0000098854 
0.0003512508 -0.0000596759 0.0000098854 
0.0003512508 -0.0000596759 0.0000098854 
0.0003512508 -0.0000596759 0.0000098854 
0.0003512508 -0.0000596759 0.0000098854 
0.0003512508 -0.0000596759 0.0000098854 
0.0003512508 -0.0000596759 0.0000098854 
0.0003512508 -0.0000596759 0.0000098854 
0.0003512508 -0.0000596759 0.0000098854 
0.0003512508 -0.0000596759 0.0000098854 
0.0003512508 -0.0000596759 0.0000098854 
0.0003512508 -0.0000596759 0.0000098854 
0.0003512508 -0.0000596759 0.0000098854 
0.0003512508 -0.0000596759 0.0000098854 
0.0003512508 -0.0000596759 0.0000098854 
0.0003512508 -0.0000596759 0.0000098854 
0.0003512508 -0.0000596759 0.0000098854 
0.0003512508 -0.0000596759 0.0000098854 
0.0003512508 -0.0000596759 0.0000098854 
0.0003512508 -0.0000596759 0.0000098854 
0.0003512508 -0.0000596759 0.0000098854 
0.0003512508 -0.0000596759 0.0000098854 
0.0003512508 -0.0000596759 0.0000098854 
0.0003512508 -0.0000596759 0.0000098854 
0.0003512508 -0.0000596759 0.0000098854 
0.0003512508 -0.0000596759 0.0000098854 
0.0003512508 -0.0000596759 0.0000098854 
0.0003512508 -0.0000596759 0.0000098854 
0.0003512508 -0.0000596759 0.0000098854 
0.0003512508 -0.0000596759 0.0000098854 
0.0003512508 -0.0000596759 0.0000098854 
0.0003512508 -0.0000596759 0.0000098854 
0.0003512508 -0.0000596759 0.0000098854 
0.0003512508 -0.0000596759 0.0000098854 
0.0003512508 -0.0000596759 0.0000098854 
0.0003512508 -0.0000596759 0.0000098854 
0.0003512508 -0.0000596759 0.0000098854 
0.0003512508 -0.0000596759 0.0000098854 
0.0003512508 -0.0000596759 0.0000098854 
0.0003512508 -0.0000596759 0.0000098854 
0.0003512508 -0.0000596759 0.0000098854 
0.0003512508 -0.0000596759 0.0000098854 
0.0003512508 -0.0000596759 0.0000098854 
0.0003512508 -0.0000596759 0.0000098854 
0.0003512508 -0.0000596759 0.0000098854 
0.0003512508 -0.0000596759 0.0000098854 
0.0003512508 -0.0000596759 0.0000098854 
0.0003512508 -0.0000596759 0.0000098854 
0.0003512508 -0.0000596759 0.0000098854 
0.0003512508 -0.0000596759 0.0000098854 
0.0003512508 -0.0000596759 0.0000098854 
0.0003512508 -0.0000596759 0.0000098854 
0.0003512508 -0.0000596759 0.0000098854 
0.0003512508 -0.0000596759 0.0000098854 
0.0003512508 -0.0000596759 0.0000098854 
0.0003512508 -0.0000596759 0.0000098854 
0.0003512508 -0.0000596759 0.0000098854 
0.0003512508 -0.0000596759 0.0000098854 
0.0003512508 -0.0000596759 0.0000098854 
0.0003512508 -0.0000596759 0.0000098854 
0.0003512508 -0.0000596759 0.0000098854 
0.0003512508 -0.0000596759 0.0000098854 
0.0003512508 -0.0000596759 0.0000098854 
0.0003512508 -0.0000596759 0.0000098854 
0.0003512508 -0.0000596759 0.0000098854 
0.0003512508 -0.0000596759 0.0000098854 
0.0003512508 -0.0000596759 0.0000098854 
0.0003512508 -0.0000596759 0.0000098854 
0.0003512508 -0.0000596759 0.0000098854 
0.0003512508 -0.0000596759 0.0000098854 
0.0003512508 -0.0000596759 0.0000098854 
0.0003512508 -0.0000596759 0.0000098854 
0.0003512508 -0.0000596759 0.0000098854 
0.0003512508 -0.0000596759 0.0000098854 
0.0003512508 -0.0000596759 0.0000098854 
0.0003512508 -0.0000596759 0.0000098854 
0.0003512508 -0.0000596759 0.0000098854 
0.0003512508 -0.0000596759 0.0000098854 
0.0003512508 -0.0000596759 0.0000098854 
0.0003512508 -0.0000596759 0.0000098854 
0.0003512508 -0.0000596759 0.0000098854 
0.0003512508 -0.0000596759 0.0000098854 
0.0003512508 -0.0000596759 0.0000098854 
0.0003512508 -0.0000596759 0.0000098854 
0.0003512508 -0.0000596759 0.0000098854 
0.0003512508 -0.0000596759 0.0000098854 
0.0003512508 -0.0000596759 0.0000098854 
0.0003512508 -0.0000596759 0.0000098854 
0.0003512508 -0.0000596759 0.0000098854 
0.0003512508 -0.0000596759 0.0000098854 
0.0003512508 -0.0000596759 0.0000098854 
0.0003512508 -0.0000596759 0.0000098854 
0.0003512508 -0.0000596759 0.0000098854 
0.0003512508 -0.0000596759 0.0000098854 
0.0003512508 -0.0000596759 0.0000098854 
0.0003512508 -0.0000596759 0.0000098854 
0.0003512508 -0.0000596759 0.0000098854 
0.0003512508 -0.0000596759 0.0000098854 
0.0003512508 -0.0000596759 0.0000098854 
0.0003512508 -0.0000596759 0.0000098854 
0.0003512508 -0.0000596759 0.0000098854 
0.0003512508 -0.0000596759 0.0000098854 
0.0003512508 -0.0000596759 0.0000098854 
0.0003512508 -0.0000596759 0.0000098854 
0.0003512508 -0.0000596759 0.0000098854 
0.0003512508 -0.0000596759 0.0000098854 
0.0003512508 -0.0000596759 0.0000098854 
0.0003512508 -0.0000596759 0.0000098854 
0.0003512508 -0.0000596759 0.0000098854 
0.0003512508 -0.0000596759 0.0000098854 
0.0003512508 -0.0000596759 0.0000098854 
0.0003512508 -0.0000596759 0.0000098854 
0.0003512508 -0.0000596759 0.0000098854 
0.0003512508 -0.0000596759 0.0000098854 
0.0003512508 -0.0000596759 0.0000098854 
0.0003512508 -0.0000596759 0.0000098854 
0.0003512508 -0.0000596759 0.0000098854 
0.0003512508 -0.0000596759 0.0000098854 
0.0003512508 -0.0000596759 0.0000098854 
0.0003512508 -0.0000596759 0.0000098854 
0.0003512508 -0.0000596759 0.0000098854 
0.0003512508 -0.0000596759 0.0000098854 
0.0003512508 -0.0000596759 0.0000098854 
0.0003512508 -0.0000596759 0.0000098854 
0.0003512508 -0.0000596759 0.0000098854 
0.0003512508 -0.0000596759 0.0000098854 
0.0003512508 -0.0000596759 0.0000098854 
0.0003512508 -0.0000596759 0.0000098854 
0.0003512508 -0.0000596759 0.0000098854 
0.0003512508 -0.0000596759 0.0000098854 
0.0003512508 -0.0000596759 0.0000098854 
0.0003512508 -0.0000596759 0.0000098854 
0.0003512508 -0.0000596759 0.0000098854 
0.0003512508 -0.0000596759 0.0000098854 
0.0003512508 -0.0000596759 0.0000098854 
0.0003512508 -0.0000596759 0.0000098854 
0.0003512508 -0.0000596759 0.0000098854 
0.0003512508 -0.0000596759 0.0000098854 
0.0003512508 -0.0000596759 0.0000098854 
0.0003512508 -0.0000596759 0.0000098854 
0.0003512508 -0.0000596759 0.0000098854 
0.0003512508 -0.0000596759 0.0000098854 
0.0003512508 -0.0000596759 0.0000098854 
0.0003512508 -0.0000596759 0.0000098854 
0.0003512508 -0.0000596759 0.0000098854 
0.0003512508 -0.0000596759 0.0000098854 
0.0003512508 -0.0000596759 0.0000098854 
0.0003512508 -0.0000596759 0.0000098854 
0.0003512508 -0.0000596759 0.0000098854 
0.0003512508 -0.0000596759 0.0000098854 
0.0003512508 -0.0000596759 0.0000098854 
0.0003512508 -0.0000596759 0.0000098854 
0.0003512508 -0.0000596759 0.0000098854 
0.0003512508 -0.0000596759 0.0000098854 
0.0003512508 -0.0000596759 0.0000098854 
0.0003512508 -0.0000596759 0.0000098854 
0.0003512508 -0.0000596759 0.0000098854 
0.0003512508 -0.0000596759 0.0000098854 
0.0003512508 -0.0000596759 0.0000098854 
0.0003512508 -0.0000596759 0.0000098854 
0.0003512508 -0.0000596759 0.0000098854 
0.0003512508 -0.0000596759 0.0000098854 
0.0003512508 -0.0000596759 0.0000098854 
0.0003512508 -0.0000596759 0.0000098854 
0.0003512508 -0.0000596759 0.0000098854 
0.0003512508 -0.0000596759 0.0000098854 
0.0003512508 -0.0000596759 0.0000098854 
0.0003512508 -0.0000596759 0.0000098854 
0.0003512508 -0.0000596759 0.0000098854 
0.0003512508 -0.0000596759 0.0000098854 
0.0003512508 -0.0000596759 0.0000098854 
0.0003512508 -0.0000596759 0.0000098854 
0.0003512508 -0.0000596759 0.0000098854 
0.0003512508 -0.0000596759 0.0000098854 
0.0003512508 -0.0000596759 0.0000098854 
0.0003512508 -0.0000596759 0.0000098854 
0.0003512508 -0.0000596759 0.0000098854 
0.0003512508 -0.0000596759 0.0000098854 
0.0003512508 -0.0000596759 0.0000098854 
0.0003512508 -0.0000596759 0.0000098854 
0.0003512508 -0.0000596759 0.0000098854 
0.0003512508 -0.0000596759 0.0000098854 
0.0003512508 -0.0000596759 0.0000098854 
0.0003512508 -0.0000596759 0.0000098854 
0.0003512508 -0.0000596759 0.0000098854 
0.0003512508 -0.0000596759 0.0000098854 
0.0003512508 -0.0000596759 0.0000098854 
0.0003512508 -0.0000596759 0.0000098854 
0.0003512508 -0.0000596759 0.0000098854 
0.0003512508 -0.0000596759 0.0000098854 
0.0003512508 -0.0000596759 0.0000098854 
0.0003512508 -0.0000596759 0.0000098854 
0.0003512508 -0.0000596759 0.0000098854 
0.0003512508 -0.0000596759 0.0000098854 
0.0003512508 -0.0000596759 0.0000098854 
0.0003512508 -0.0000596759 0.0000098854 
0.0003512508 -0.0000596759 0.0000098854 
0.0003512508 -0.0000596759 0.0000098854 
0.0003512508 -0.0000596759 0.0000098854 
0.0003512508 -0.0000596759 0.0000098854 
0.0003512508 -0.0000596759 0.0000098854 
0.0003512508 -0.0000596759 0.0000098854 
0.0003512508 -0.0000596759 0.0000098854 
0.0003512508 -0.0000596759 0.0000098854 
0.0003512508 -0.0000596759 0.0000098854 
0.0003512508 -0.0000596759 0.0000098854 
0.0003512508 -0.0000596759 0.0000098854 
0.0003512508 -0.0000596759 0.0000098854 
0.0003512508 -0.0000596759 0.0000098854 
0.0003512508 -0.0000596759 0.0000098854 
0.0003512508 -0.0000596759 0.0000098854 
0.0003512508 -0.0000596759 0.0000098854 
0.0003512508 -0.0000596759 0.0000098854 
0.0003512508 -0.0000596759 0.0000098854 
0.0003512508 -0.0000596759 0.0000098854 
0.0003512508 -0.0000596759 0.0000098854 
0.0003512508 -0.0000596759 0.0000098854 
0.0003512508 -0.0000596759 0.0000098854 
0.0003512508 -0.0000596759 0.0000098854 
0.0003512508 -0.0000596759 0.0000098854 
0.0003512508 -0.0000596759 0.0000098854 
0.0003512508 -0.0000596759 0.0000098854 
0.0003512508 -0.0000596759 0.0000098854 
0.0003512508 -0.0000596759 0.0000098854 
0.0003512508 -0.0000596759 0.0000098854 
0.0003512508 -0.0000596759 0.0000098854 
0.0003512508 -0.0000596759 0.0000098854 
0.0003512508 -0.0000596759 0.0000098854 
0.0003512508 -0.0000596759 0.0000098854 
0.0003512508 -0.0000596759 0.0000098854 
0.0003512508 -0.0000596759 0.0000098854 
0.0003512508 -0.0000596759 0.0000098854 
0.0003512508 -0.0000596759 0.0000098854 
0.0003512508 -0.0000596759 0.0000098854 
0.0003512508 -0.0000596759 0.0000098854 
0.0003512508 -0.0000596759 0.0000098854 
0.0003512508 -0.0000596759 0.0000098854 
0.0003512508 -0.0000596759 0.0000098854 
0.0003512508 -0.0000596759 0.0000098854 
0.0003512508 -0.0000596759 0.0000098854 
0.0003512508 -0.0000596759 0.0000098854 
0.0003512508 -0.0000596759 0.0000098854 
0.0003512508 -0.0000596759 0.0000098854 
0.0003512508 -0.0000596759 0.0000098854 
0.0003512508 -0.0000596759 0.0000098854 
0.0003512508 -0.0000596759 0.0000098854 
0.0003512508 -0.0000596759 0.0000098854 
0.0003512508 -0.0000596759 0.0000098854 
0.0003512508 -0.0000596759 0.0000098854 
0.0003512508 -0.0000596759 0.0000098854 
0.0003512508 -0.0000596759 0.0000098854 
0.0003512508 -0.0000596759 0.0000098854 
0.0003512508 -0.0000596759 0.0000098854 
0.0003512508 -0.0000596759 0.0000098854 
0.0003512508 -0.0000596759 0.0000098854 
0.0003512508 -0.0000596759 0.0000098854 
0.0003512508 -0.0000596759 0.0000098854 
0.0003512508 -0.0000596759 0.0000098854 
0.0003512508 -0.0000596759 0.0000098854 
0.0003512508 -0.0000596759 0.0000098854 
0.0003512508 -0.0000596759 0.0000098854 
0.0003512508 -0.0000596759 0.0000098854 
0.0003512508 -0.0000596759 0.0000098854 
0.0003512508 -0.0000596759 0.0000098854 
0.0003512508 -0.0000596759 0.0000098854 
0.0003512508 -0.0000596759 0.0000098854 
0.0003512508 -0.0000596759 0.0000098854 
0.0003512508 -0.0000596759 0.0000098854 
0.0003512508 -0.0000596759 0.0000098854 
0.0003512508 -0.0000596759 0.0000098854 
0.0003512508 -0.0000596759 0.0000098854 
0.0003512508 -0.0000596759 0.0000098854 
0.0003512508 -0.0000596759 0.0000098854 
0.0003512508 -0.0000596759 0.0000098854 
0.0003512508 -0.0000596759 0.0000098854 
0.0003512508 -0.0000596759 0.0000098854 
0.0003512508 -0.0000596759 0.0000098854 
0.0003512508 -0.0000596759 0.0000098854 
0.0003512508 -0.0000596759 0.0000098854 
0.0003512508 -0.0000596759 0.0000098854 
0.0003512508 -0.0000596759 0.0000098854 
0.0003512508 -0.0000596759 0.0000098854 
0.0003512508 -0.0000596759 0.0000098854 
0.0003512508 -0.0000596759 0.0000098854 
0.0003512508 -0.0000596759 0.0000098854 
0.0003512508 -0.0000596759 0.0000098854 
0.0003512508 -0.0000596759 0.0000098854 
0.0003512508 -0.0000596759 0.0000098854 
0.0003512508 -0.0000596759 0.0000098854 
0.0003512508 -0.0000596759 0.0000098854 
0.0003512508 -0.0000596759 0.0000098854 
0.0003512508 -0.0000596759 0.0000098854 
0.0003512508 -0.0000596759 0.0000098854 
0.0003512508 -0.0000596759 0.0000098854 
0.0003512508 -0.0000596759 0.0000098854 
0.0003512508 -0.0000596759 0.0000098854 
0.0003512508 -0.0000596759 0.0000098854 
0.0003512508 -0.0000596759 0.0000098854 
0.0003512508 -0.0000596759 0.0000098854 
0.0003512508 -0.0000596759 0.0000098854 
0.0003512508 -0.0000596759 0.0000098854 
0.0003512508 -0.0000596759 0.0000098854 
0.0003512508 -0.0000596759 0.0000098854 
0.0003512508 -0.0000596759 0.0000098854 
0.0003512508 -0.0000596759 0.0000098854 
0.0003512508 -0.0000596759 0.0000098854 
0.0003512508 -0.0000596759 0.0000098854 
0.0003512508 -0.0000596759 0.0000098854 
0.0003512508 -0.0000596759 0.0000098854 
0.0003512508 -0.0000596759 0.0000098854 
0.0003512508 -0.0000596759 0.0000098854 
0.0003512508 -0.0000596759 0.0000098854 
0.0003512508 -0.0000596759 0.0000098854 
0.0003512508 -0.0000596759 0.0000098854 
0.0003512508 -0.0000596759 0.0000098854 
0.0003512508 -0.0000596759 0.0000098854 
0.0003512508 -0.0000596759 0.0000098854 
0.0003512508 -0.0000596759 0.0000098854 
0.0003512508 -0.0000596759 0.0000098854 
0.0003512508 -0.0000596759 0.0000098854 
0.0003512508 -0.0000596759 0.0000098854 
0.0003512508 -0.0000596759 0.0000098854 
0.0003512508 -0.0000596759 0.0000098854 
0.0003512508 -0.0000596759 0.0000098854 
0.0003512508 -0.0000596759 0.0000098854 
0.0003512508 -0.0000596759 0.0000098854 
0.0003512508 -0.0000596759 0.0000098854 
0.0003512508 -0.0000596759 0.0000098854 
0.0003512508 -0.0000596759 0.0000098854 
0.0003512508 -0.0000596759 0.0000098854 
0.0003512508 -0.0000596759 0.0000098854 
0.0003512508 -0.0000596759 0.0000098854 
0.0003512508 -0.0000596759 0.0000098854 
0.0003512508 -0.0000596759 0.0000098854 
0.0003512508 -0.0000596759 0.0000098854 
0.0003512508 -0.0000596759 0.0000098854 
0.0003512508 -0.0000596759 0.0000098854 
0.0003512508 -0.0000596759 0.0000098854 
0.0003512508 -0.0000596759 0.0000098854 
0.0003512508 -0.0000596759 0.0000098854 
0.0003512508 -0.0000596759 0.0000098854 
0.0003512508 -0.0000596759 0.0000098854 
0.0003512508 -0.0000596759 0.0000098854 
0.0003512508 -0.0000596759 0.0000098854 
0.0003512508 -0.0000596759 0.0000098854 
0.0003512508 -0.0000596759 0.0000098854 
0.0003512508 -0.0000596759 0.0000098854 
0.0003512508 -0.0000596759 0.0000098854 
0.0003512508 -0.0000596759 0.0000098854 
0.0003512508 -0.0000596759 0.0000098854 
0.0003512508 -0.0000596759 0.0000098854 
0.0003512508 -0.0000596759 0.0000098854 
0.0003512508 -0.0000596759 0.0000098854 
0.0003512508 -0.0000596759 0.0000098854 
0.0003512508 -0.0000596759 0.0000098854 
0.0003512508 -0.0000596759 0.0000098854 
0.0003512508 -0.0000596759 0.0000098854 
0.0003512508 -0.0000596759 0.0000098854 
0.0003512508 -0.0000596759 0.0000098854 
0.0003512508 -0.0000596759 0.0000098854 
0.0003512508 -0.0000596759 0.0000098854 
0.0003512508 -0.0000596759 0.0000098854 
0.0003512508 -0.0000596759 0.0000098854 
0.0003512508 -0.0000596759 0.0000098854 
0.0003512508 -0.0000596759 0.0000098854 
0.0003512508 -0.0000596759 0.0000098854 
0.0003512508 -0.0000596759 0.0000098854 
0.0003512508 -0.0000596759 0.0000098854 
0.0003512508 -0.0000596759 0.0000098854 
0.0003512508 -0.0000596759 0.0000098854 
0.0003512508 -0.0000596759 0.0000098854 
0.0003512508 -0.0000596759 0.0000098854 
0.0003512508 -0.0000596759 0.0000098854 
0.0003512508 -0.0000596759 0.0000098854 
0.0003512508 -0.0000596759 0.0000098854 
0.0003512508 -0.0000596759 0.0000098854 
0.0003512508 -0.0000596759 0.0000098854 
0.0003512508 -0.0000596759 0.0000098854 
0.0003512508 -0.0000596759 0.0000098854 
0.0003512508 -0.0000596759 0.0000098854 
0.0003512508 -0.0000596759 0.0000098854 
0.0003512508 -0.0000596759 0.0000098854 
0.0003512508 -0.0000596759 0.0000098854 
0.0003512508 -0.0000596759 0.0000098854 
0.0003512508 -0.0000596759 0.0000098854 
0.0003512508 -0.0000596759 0.0000098854 
0.0003512508 -0.0000596759 0.0000098854 
0.0003512508 -0.0000596759 0.0000098854 
0.0003512508 -0.0000596759 0.0000098854 
0.0003512508 -0.0000596759 0.0000098854 
0.0003512508 -0.0000596759 0.0000098854 
0.0003512508 -0.0000596759 0.0000098854 
0.0003512508 -0.0000596759 0.0000098854 
0.0003512508 -0.0000596759 0.0000098854 
0.0003512508 -0.0000596759 0.0000098854 
0.0003512508 -0.0000596759 0.0000098854 
0.0003512508 -0.0000596759 0.0000098854 
0.0003512508 -0.0000596759 0.0000098854 
0.0003512508 -0.0000596759 0.0000098854 
0.0003512508 -0.0000596759 0.0000098854 
0.0003512508 -0.0000596759 0.0000098854 
0.0003512508 -0.0000596759 0.0000098854 
0.0003512508 -0.0000596759 0.0000098854 
0.0003512508 -0.0000596759 0.0000098854 
0.0003512508 -0.0000596759 0.0000098854 
0.0003512508 -0.0000596759 0.0000098854 
0.0003512508 -0.0000596759 0.0000098854 
0.0003512508 -0.0000596759 0.0000098854 
0.0003512508 -0.0000596759 0.0000098854 
0.0003512508 -0.0000596759 0.0000098854 
0.0003512508 -0.0000596759 0.0000098854 
0.0003512508 -0.0000596759 0.0000098854 
0.0003512508 -0.0000596759 0.0000098854 
0.0003512508 -0.0000596759 0.0000098854 
0.0003512508 -0.0000596759 0.0000098854 
0.0003512508 -0.0000596759 0.0000098854 
0.0003512508 -0.0000596759 0.0000098854 
0.0003512508 -0.0000596759 0.0000098854 
0.0003512508 -0.0000596759 0.0000098854 
0.0003512508 -0.0000596759 0.0000098854 
0.0003512508 -0.0000596759 0.0000098854 
0.0003512508 -0.0000596759 0.0000098854 
0.0003512508 -0.0000596759 0.0000098854 
0.0003512508 -0.0000596759 0.0000098854 
0.0003512508 -0.0000596759 0.0000098854 
0.0003512508 -0.0000596759 0.0000098854 
0.0003512508 -0.0000596759 0.0000098854 
0.0003512508 -0.0000596759 0.0000098854 
0.0003512508 -0.0000596759 0.0000098854 
0.0003512508 -0.0000596759 0.0000098854 
0.0003512508 -0.0000596759 0.0000098854 
0.0003512508 -0.0000596759 0.0000098854 
0.0003512508 -0.0000596759 0.0000098854 
0.0003512508 -0.0000596759 0.0000098854 
0.0003512508 -0.0000596759 0.0000098854 
0.0003512508 -0.0000596759 0.0000098854 
0.0003512508 -0.0000596759 0.0000098854 
0.0003512508 -0.0000596759 0.0000098854 
0.0003512508 -0.0000596759 0.0000098854 
0.0003512508 -0.0000596759 0.0000098854 
0.0003512508 -0.0000596759 0.0000098854 
0.0003512508 -0.0000596759 0.0000098854 
0.0003512508 -0.0000596759 0.0000098854 
0.0003512508 -0.0000596759 0.0000098854 
0.0003512508 -0.0000596759 0.0000098854 
0.0003512508 -0.0000596759 0.0000098854 
0.0003512508 -0.0000596759 0.0000098854 
0.0003512508 -0.0000596759 0.0000098854 
0.0003512508 -0.0000596759 0.0000098854 
0.0003512508 -0.0000596759 0.0000098854 
0.0003512508 -0.0000596759 0.0000098854 
0.0003512508 -0.0000596759 0.0000098854 
0.0003512508 -0.0000596759 0.0000098854 
0.0003512508 -0.0000596759 0.0000098854 
0.0003512508 -0.0000596759 0.0000098854 
0.0003512508 -0.0000596759 0.0000098854 
0.0003512508 -0.0000596759 0.0000098854 
0.0003512508 -0.0000596759 0.0000098854 
0.0003512508 -0.0000596759 0.0000098854 
0.0003512508 -0.0000596759 0.0000098854 
0.0003512508 -0.0000596759 0.0000098854 
0.0003512508 -0.0000596759 0.0000098854 
0.0003512508 -0.0000596759 0.0000098854 
0.0003512508 -0.0000596759 0.0000098854 
0.0003512508 -0.0000596759 0.0000098854 
0.0003512508 -0.0000596759 0.0000098854 
0.0003512508 -0.0000596759 0.0000098854 
0.0003512508 -0.0000596759 0.0000098854 
0.0003512508 -0.0000596759 0.0000098854 
0.0003512508 -0.0000596759 0.0000098854 
0.0003512508 -0.0000596759 0.0000098854 
0.0003512508 -0.0000596759 0.0000098854 
0.0003512508 -0.0000596759 0.0000098854 
0.0003512508 -0.0000596759 0.0000098854 
0.0003512508 -0.0000596759 0.0000098854 
0.0003512508 -0.0000596759 0.0000098854 
0.0003512508 -0.0000596759 0.0000098854 
0.0003512508 -0.0000596759 0.0000098854 
0.0003512508 -0.0000596759 0.0000098854 
0.0003512508 -0.0000596759 0.0000098854 
0.0003512508 -0.0000596759 0.0000098854 
0.0003512508 -0.0000596759 0.0000098854 
0.0003512508 -0.0000596759 0.0000098854 
0.0003512508 -0.0000596759 0.0000098854 
0.0003512508 -0.0000596759 0.0000098854 
0.0003512508 -0.0000596759 0.0000098854 
0.0003512508 -0.0000596759 0.0000098854 
0.0003512508 -0.0000596759 0.0000098854 
0.0003512508 -0.0000596759 0.0000098854 
0.0003512508 -0.0000596759 0.0000098854 
0.0003512508 -0.0000596759 0.0000098854 
