0.0001142399 -0.0000660865 0.0002620335 
0.0001154061 -0.0000647181 0.0002589304 
0.0001165526 -0.0000635390 0.0002559131 
0.0001177091 -0.0000624988 0.0002529452 
0.0001188918 -0.0000615679 0.0002500008 
0.0001201099 -0.0000607281 0.0002470618 
0.0001213683 -0.0000599668 0.0002441152 
0.0001226697 -0.0000592744 0.0002411523 
0.0001240152 -0.0000586429 0.0002381669 
0.0001254051 -0.0000580656 0.0002351555 
0.0001268391 -0.0000575362 0.0002321158 
0.0001283163 -0.0000570494 0.0002290474 
0.0001298350 -0.0000566004 0.0002259508 
0.0001313929 -0.0000561855 0.0002228283 
0.0001329887 -0.0000557998 0.0002196819 
0.0001346168 -0.0000554413 0.0002165210 
0.0001362697 -0.0000551065 0.0002133548 
0.0001379447 -0.0000547894 0.0002101850 
0.0001396367 -0.0000544884 0.0002070193 
0.0001413397 -0.0000542046 0.0002038639 
0.0001430430 -0.0000539389 0.0002007286 
0.0001447475 -0.0000536884 0.0001976127 
0.0001464454 -0.0000534546 0.0001945281 
0.0001481390 -0.0000532360 0.0001914711 
0.0001498278 -0.0000530325 0.0001884441 
0.0001515084 -0.0000528467 0.0001854531 
0.0001531791 -0.0000526766 0.0001825017 
0.0001548331 -0.0000525191 0.0001795991 
0.0001564715 -0.0000523718 0.0001767427 
0.0001580934 -0.0000522364 0.0001739332 
0.0001597016 -0.0000521182 0.0001711678 
0.0001612952 -0.0000520109 0.0001684474 
0.0001628723 -0.0000519105 0.0001657766 
0.0001644315 -0.0000518128 0.0001631561 
0.0001659746 -0.0000517231 0.0001605839 
0.0001675005 -0.0000516422 0.0001580604 
0.0001690086 -0.0000515688 0.0001555848 
0.0001704979 -0.0000514987 0.0001531561 
0.0001719670 -0.0000514294 0.0001507754 
0.0001734147 -0.0000513614 0.0001484430 
0.0001748418 -0.0000512932 0.0001461594 
0.0001762471 -0.0000512265 0.0001439234 
0.0001776307 -0.0000511633 0.0001417339 
0.0001789955 -0.0000511030 0.0001395874 
0.0001803428 -0.0000510449 0.0001374814 
0.0001816735 -0.0000509869 0.0001354155 
0.0001829867 -0.0000509306 0.0001333885 
0.0001842815 -0.0000508752 0.0001314000 
0.0001855572 -0.0000508182 0.0001294502 
0.0001868153 -0.0000507579 0.0001275389 
0.0001880548 -0.0000506972 0.0001256652 
0.0001892758 -0.0000506335 0.0001238279 
0.0001904811 -0.0000505695 0.0001220256 
0.0001916725 -0.0000505032 0.0001202570 
0.0001928487 -0.0000504401 0.0001185198 
0.0001940097 -0.0000503818 0.0001168128 
0.0001951521 -0.0000503290 0.0001151368 
0.0001962755 -0.0000502818 0.0001134919 
0.0001973822 -0.0000502408 0.0001118757 
0.0001984733 -0.0000502063 0.0001102873 
0.0001995483 -0.0000501769 0.0001087268 
0.0002006078 -0.0000501510 0.0001071939 
0.0002016519 -0.0000501300 0.0001056872 
0.0002026809 -0.0000501144 0.0001042062 
0.0002036948 -0.0000501042 0.0001027508 
0.0002046974 -0.0000501026 0.0001013187 
0.0002056868 -0.0000501101 0.0000999109 
0.0002066641 -0.0000501264 0.0000985265 
0.0002076280 -0.0000501504 0.0000971668 
0.0002085773 -0.0000501841 0.0000958309 
0.0002095133 -0.0000502284 0.0000945173 
0.0002104366 -0.0000502837 0.0000932252 
0.0002113478 -0.0000503504 0.0000919538 
0.0002122471 -0.0000504289 0.0000907026 
0.0002131366 -0.0000505198 0.0000894699 
0.0002140148 -0.0000506239 0.0000882554 
0.0002148807 -0.0000507417 0.0000870589 
0.0002157328 -0.0000508728 0.0000858804 
0.0002165695 -0.0000510154 0.0000847205 
0.0002173908 -0.0000511655 0.0000835785 
0.0002181945 -0.0000513254 0.0000824555 
0.0002189822 -0.0000514941 0.0000813502 
0.0002197545 -0.0000516706 0.0000802624 
0.0002205111 -0.0000518527 0.0000791924 
0.0002212529 -0.0000520415 0.0000781390 
0.0002219800 -0.0000522335 0.0000771001 
0.0002226930 -0.0000524276 0.0000760756 
0.0002233908 -0.0000526256 0.0000750650 
0.0002240725 -0.0000528288 0.0000740684 
0.0002247365 -0.0000530387 0.0000730865 
0.0002253832 -0.0000532543 0.0000721189 
0.0002260127 -0.0000534756 0.0000711652 
0.0002266253 -0.0000537024 0.0000702254 
0.0002272211 -0.0000539351 0.0000692995 
0.0002277993 -0.0000541744 0.0000683885 
0.0002283606 -0.0000544200 0.0000674917 
0.0002289059 -0.0000546711 0.0000666088 
0.0002294355 -0.0000549275 0.0000657394 
0.0002299501 -0.0000551888 0.0000648833 
0.0002304499 -0.0000554545 0.0000640403 
0.0002309344 -0.0000557244 0.0000632112 
0.0002314046 -0.0000559983 0.0000623952 
0.0002318602 -0.0000562768 0.0000615930 
0.0002323026 -0.0000565596 0.0000608034 
0.0002327327 -0.0000568468 0.0000600258 
0.0002331509 -0.0000571392 0.0000592594 
0.0002335572 -0.0000574378 0.0000585039 
0.0002339521 -0.0000577422 0.0000577594 
0.0002343361 -0.0000580503 0.0000570255 
0.0002347115 -0.0000583628 0.0000563010 
0.0002350783 -0.0000586780 0.0000555862 
0.0002354362 -0.0000589944 0.0000548811 
0.0002357858 -0.0000593098 0.0000541855 
0.0002361284 -0.0000596193 0.0000534992 
0.0002364632 -0.0000599266 0.0000528224 
0.0002367892 -0.0000602362 0.0000521558 
0.0002371040 -0.0000605493 0.0000515009 
0.0002374100 -0.0000608670 0.0000508564 
0.0002377082 -0.0000611906 0.0000502218 
0.0002379987 -0.0000615187 0.0000495972 
0.0002382826 -0.0000618506 0.0000489823 
0.0002385600 -0.0000621853 0.0000483772 
0.0002388314 -0.0000625232 0.0000477814 
0.0002390972 -0.0000628644 0.0000471943 
0.0002393581 -0.0000632096 0.0000466157 
0.0002396143 -0.0000635590 0.0000460450 
0.0002398663 -0.0000639121 0.0000454818 
0.0002401148 -0.0000642674 0.0000449257 
0.0002403620 -0.0000646204 0.0000443757 
0.0002406068 -0.0000649738 0.0000438320 
0.0002408493 -0.0000653289 0.0000432947 
0.0002410906 -0.0000656867 0.0000427628 
0.0002413310 -0.0000660482 0.0000422361 
0.0002415702 -0.0000664133 0.0000417148 
0.0002418081 -0.0000667824 0.0000411991 
0.0002420444 -0.0000671563 0.0000406886 
0.0002422806 -0.0000675327 0.0000401840 
0.0002425153 -0.0000679144 0.0000396857 
0.0002427498 -0.0000682952 0.0000391923 
0.0002429835 -0.0000686769 0.0000387048 
0.0002432123 -0.0000690605 0.0000382246 
0.0002434381 -0.0000694465 0.0000377512 
0.0002436617 -0.0000698345 0.0000372840 
0.0002438840 -0.0000702250 0.0000368228 
0.0002441057 -0.0000706187 0.0000363674 
0.0002443273 -0.0000710152 0.0000359178 
0.0002445487 -0.0000714139 0.0000354740 
0.0002447702 -0.0000718140 0.0000350358 
0.0002449920 -0.0000722149 0.0000346034 
0.0002452131 -0.0000726180 0.0000341771 
0.0002454340 -0.0000730224 0.0000337570 
0.0002456547 -0.0000734276 0.0000333431 
0.0002458753 -0.0000738336 0.0000329355 
0.0002460959 -0.0000742403 0.0000325341 
0.0002463166 -0.0000746475 0.0000321390 
0.0002465373 -0.0000750552 0.0000317502 
0.0002467569 -0.0000754638 0.0000313680 
0.0002469723 -0.0000758742 0.0000309937 
0.0002471869 -0.0000762861 0.0000306258 
0.0002474023 -0.0000766993 0.0000302636 
0.0002476194 -0.0000771140 0.0000299069 
0.0002478388 -0.0000775313 0.0000295553 
0.0002480608 -0.0000779494 0.0000292087 
0.0002482860 -0.0000783671 0.0000288671 
0.0002485151 -0.0000787821 0.0000285301 
0.0002487483 -0.0000791935 0.0000281975 
0.0002489839 -0.0000796032 0.0000278704 
0.0002492218 -0.0000800111 0.0000275492 
0.0002494617 -0.0000804161 0.0000272349 
0.0002497031 -0.0000808172 0.0000269286 
0.0002499439 -0.0000812140 0.0000266322 
0.0002501766 -0.0000816087 0.0000263504 
0.0002501766 -0.0000816087 0.0000263504 
0.0002501766 -0.0000816087 0.0000263504 
0.0002501766 -0.0000816087 0.0000263504 
0.0002501766 -0.0000816087 0.0000263504 
0.0002501766 -0.0000816087 0.0000263504 
0.0002501766 -0.0000816087 0.0000263504 
0.0002501766 -0.0000816087 0.0000263504 
0.0002501766 -0.0000816087 0.0000263504 
0.0002501766 -0.0000816087 0.0000263504 
0.0002501766 -0.0000816087 0.0000263504 
0.0002501766 -0.0000816087 0.0000263504 
0.0002501766 -0.0000816087 0.0000263504 
0.0002501766 -0.0000816087 0.0000263504 
0.0002501766 -0.0000816087 0.0000263504 
0.0002501766 -0.0000816087 0.0000263504 
0.0002501766 -0.0000816087 0.0000263504 
0.0002501766 -0.0000816087 0.0000263504 
0.0002501766 -0.0000816087 0.0000263504 
0.0002501766 -0.0000816087 0.0000263504 
0.0002501766 -0.0000816087 0.0000263504 
0.0002501766 -0.0000816087 0.0000263504 
0.0002501766 -0.0000816087 0.0000263504 
0.0002501766 -0.0000816087 0.0000263504 
0.0002501766 -0.0000816087 0.0000263504 
0.0002501766 -0.0000816087 0.0000263504 
0.0002501766 -0.0000816087 0.0000263504 
0.0002501766 -0.0000816087 0.0000263504 
0.0002501766 -0.0000816087 0.0000263504 
0.0002501766 -0.0000816087 0.0000263504 
0.0002501766 -0.0000816087 0.0000263504 
0.0002501766 -0.0000816087 0.0000263504 
0.0002501766 -0.0000816087 0.0000263504 
0.0002501766 -0.0000816087 0.0000263504 
0.0002501766 -0.0000816087 0.0000263504 
0.0002501766 -0.0000816087 0.0000263504 
0.0002501766 -0.0000816087 0.0000263504 
0.0002501766 -0.0000816087 0.0000263504 
0.0002501766 -0.0000816087 0.0000263504 
0.0002501766 -0.0000816087 0.0000263504 
0.0002501766 -0.0000816087 0.0000263504 
0.0002501766 -0.0000816087 0.0000263504 
0.0002501766 -0.0000816087 0.0000263504 
0.0002501766 -0.0000816087 0.0000263504 
0.0002501766 -0.0000816087 0.0000263504 
0.0002501766 -0.0000816087 0.0000263504 
0.0002501766 -0.0000816087 0.0000263504 
0.0002501766 -0.0000816087 0.0000263504 
0.0002501766 -0.0000816087 0.0000263504 
0.0002501766 -0.0000816087 0.0000263504 
0.0002501766 -0.0000816087 0.0000263504 
0.0002501766 -0.0000816087 0.0000263504 
0.0002501766 -0.0000816087 0.0000263504 
0.0002501766 -0.0000816087 0.0000263504 
0.0002501766 -0.0000816087 0.0000263504 
0.0002501766 -0.0000816087 0.0000263504 
0.0002501766 -0.0000816087 0.0000263504 
0.0002501766 -0.0000816087 0.0000263504 
0.0002501766 -0.0000816087 0.0000263504 
0.0002501766 -0.0000816087 0.0000263504 
0.0002501766 -0.0000816087 0.0000263504 
0.0002501766 -0.0000816087 0.0000263504 
0.0002501766 -0.0000816087 0.0000263504 
0.0002501766 -0.0000816087 0.0000263504 
0.0002501766 -0.0000816087 0.0000263504 
0.0002501766 -0.0000816087 0.0000263504 
0.0002501766 -0.0000816087 0.0000263504 
0.0002501766 -0.0000816087 0.0000263504 
0.0002501766 -0.0000816087 0.0000263504 
0.0002501766 -0.0000816087 0.0000263504 
0.0002501766 -0.0000816087 0.0000263504 
0.0002501766 -0.0000816087 0.0000263504 
0.0002501766 -0.0000816087 0.0000263504 
0.0002501766 -0.0000816087 0.0000263504 
0.0002501766 -0.0000816087 0.0000263504 
0.0002501766 -0.0000816087 0.0000263504 
0.0002501766 -0.0000816087 0.0000263504 
0.0002501766 -0.0000816087 0.0000263504 
0.0002501766 -0.0000816087 0.0000263504 
0.0002501766 -0.0000816087 0.0000263504 
0.0002501766 -0.0000816087 0.0000263504 
0.0002501766 -0.0000816087 0.0000263504 
0.0002501766 -0.0000816087 0.0000263504 
0.0002501766 -0.0000816087 0.0000263504 
0.0002501766 -0.0000816087 0.0000263504 
0.0002501766 -0.0000816087 0.0000263504 
0.0002501766 -0.0000816087 0.0000263504 
0.0002501766 -0.0000816087 0.0000263504 
0.0002501766 -0.0000816087 0.0000263504 
0.0002501766 -0.0000816087 0.0000263504 
0.0002501766 -0.0000816087 0.0000263504 
0.0002501766 -0.0000816087 0.0000263504 
0.0002501766 -0.0000816087 0.0000263504 
0.0002501766 -0.0000816087 0.0000263504 
0.0002501766 -0.0000816087 0.0000263504 
0.0002501766 -0.0000816087 0.0000263504 
0.0002501766 -0.0000816087 0.0000263504 
0.0002501766 -0.0000816087 0.0000263504 
0.0002501766 -0.0000816087 0.0000263504 
0.0002501766 -0.0000816087 0.0000263504 
0.0002501766 -0.0000816087 0.0000263504 
0.0002501766 -0.0000816087 0.0000263504 
0.0002501766 -0.0000816087 0.0000263504 
0.0002501766 -0.0000816087 0.0000263504 
0.0002501766 -0.0000816087 0.0000263504 
0.0002501766 -0.0000816087 0.0000263504 
0.0002501766 -0.0000816087 0.0000263504 
0.0002501766 -0.0000816087 0.0000263504 
0.0002501766 -0.0000816087 0.0000263504 
0.0002501766 -0.0000816087 0.0000263504 
0.0002501766 -0.0000816087 0.0000263504 
0.0002501766 -0.0000816087 0.0000263504 
0.0002501766 -0.0000816087 0.0000263504 
0.0002501766 -0.0000816087 0.0000263504 
0.0002501766 -0.0000816087 0.0000263504 
0.0002501766 -0.0000816087 0.0000263504 
0.0002501766 -0.0000816087 0.0000263504 
0.0002501766 -0.0000816087 0.0000263504 
0.0002501766 -0.0000816087 0.0000263504 
0.0002501766 -0.0000816087 0.0000263504 
0.0002501766 -0.0000816087 0.0000263504 
0.0002501766 -0.0000816087 0.0000263504 
0.0002501766 -0.0000816087 0.0000263504 
0.0002501766 -0.0000816087 0.0000263504 
0.0002501766 -0.0000816087 0.0000263504 
0.0002501766 -0.0000816087 0.0000263504 
0.0002501766 -0.0000816087 0.0000263504 
0.0002501766 -0.0000816087 0.0000263504 
0.0002501766 -0.0000816087 0.0000263504 
0.0002501766 -0.0000816087 0.0000263504 
0.0002501766 -0.0000816087 0.0000263504 
0.0002501766 -0.0000816087 0.0000263504 
0.0002501766 -0.0000816087 0.0000263504 
0.0002501766 -0.0000816087 0.0000263504 
0.0002501766 -0.0000816087 0.0000263504 
0.0002501766 -0.0000816087 0.0000263504 
0.0002501766 -0.0000816087 0.0000263504 
0.0002501766 -0.0000816087 0.0000263504 
0.0002501766 -0.0000816087 0.0000263504 
0.0002501766 -0.0000816087 0.0000263504 
0.0002501766 -0.0000816087 0.0000263504 
0.0002501766 -0.0000816087 0.0000263504 
0.0002501766 -0.0000816087 0.0000263504 
0.0002501766 -0.0000816087 0.0000263504 
0.0002501766 -0.0000816087 0.0000263504 
0.0002501766 -0.0000816087 0.0000263504 
0.0002501766 -0.0000816087 0.0000263504 
0.0002501766 -0.0000816087 0.0000263504 
0.0002501766 -0.0000816087 0.0000263504 
0.0002501766 -0.0000816087 0.0000263504 
0.0002501766 -0.0000816087 0.0000263504 
0.0002501766 -0.0000816087 0.0000263504 
0.0002501766 -0.0000816087 0.0000263504 
0.0002501766 -0.0000816087 0.0000263504 
0.0002501766 -0.0000816087 0.0000263504 
0.0002501766 -0.0000816087 0.0000263504 
0.0002501766 -0.0000816087 0.0000263504 
0.0002501766 -0.0000816087 0.0000263504 
0.0002501766 -0.0000816087 0.0000263504 
0.0002501766 -0.0000816087 0.0000263504 
0.0002501766 -0.0000816087 0.0000263504 
0.0002501766 -0.0000816087 0.0000263504 
0.0002501766 -0.0000816087 0.0000263504 
0.0002501766 -0.0000816087 0.0000263504 
0.0002501766 -0.0000816087 0.0000263504 
0.0002501766 -0.0000816087 0.0000263504 
0.0002501766 -0.0000816087 0.0000263504 
0.0002501766 -0.0000816087 0.0000263504 
0.0002501766 -0.0000816087 0.0000263504 
0.0002501766 -0.0000816087 0.0000263504 
0.0002501766 -0.0000816087 0.0000263504 
0.0002501766 -0.0000816087 0.0000263504 
0.0002501766 -0.0000816087 0.0000263504 
0.0002501766 -0.0000816087 0.0000263504 
0.0002501766 -0.0000816087 0.0000263504 
0.0002501766 -0.0000816087 0.0000263504 
0.0002501766 -0.0000816087 0.0000263504 
0.0002501766 -0.0000816087 0.0000263504 
0.0002501766 -0.0000816087 0.0000263504 
0.0002501766 -0.0000816087 0.0000263504 
0.0002501766 -0.0000816087 0.0000263504 
0.0002501766 -0.0000816087 0.0000263504 
0.0002501766 -0.0000816087 0.0000263504 
0.0002501766 -0.0000816087 0.0000263504 
0.0002501766 -0.0000816087 0.0000263504 
0.0002501766 -0.0000816087 0.0000263504 
0.0002501766 -0.0000816087 0.0000263504 
0.0002501766 -0.0000816087 0.0000263504 
0.0002501766 -0.0000816087 0.0000263504 
0.0002501766 -0.0000816087 0.0000263504 
0.0002501766 -0.0000816087 0.0000263504 
0.0002501766 -0.0000816087 0.0000263504 
0.0002501766 -0.0000816087 0.0000263504 
0.0002501766 -0.0000816087 0.0000263504 
0.0002501766 -0.0000816087 0.0000263504 
0.0002501766 -0.0000816087 0.0000263504 
0.0002501766 -0.0000816087 0.0000263504 
0.0002501766 -0.0000816087 0.0000263504 
0.0002501766 -0.0000816087 0.0000263504 
0.0002501766 -0.0000816087 0.0000263504 
0.0002501766 -0.0000816087 0.0000263504 
0.0002501766 -0.0000816087 0.0000263504 
0.0002501766 -0.0000816087 0.0000263504 
0.0002501766 -0.0000816087 0.0000263504 
0.0002501766 -0.0000816087 0.0000263504 
0.0002501766 -0.0000816087 0.0000263504 
0.0002501766 -0.0000816087 0.0000263504 
0.0002501766 -0.0000816087 0.0000263504 
0.0002501766 -0.0000816087 0.0000263504 
0.0002501766 -0.0000816087 0.0000263504 
0.0002501766 -0.0000816087 0.0000263504 
0.0002501766 -0.0000816087 0.0000263504 
0.0002501766 -0.0000816087 0.0000263504 
0.0002501766 -0.0000816087 0.0000263504 
0.0002501766 -0.0000816087 0.0000263504 
0.0002501766 -0.0000816087 0.0000263504 
0.0002501766 -0.0000816087 0.0000263504 
0.0002501766 -0.0000816087 0.0000263504 
0.0002501766 -0.0000816087 0.0000263504 
0.0002501766 -0.0000816087 0.0000263504 
0.0002501766 -0.0000816087 0.0000263504 
0.0002501766 -0.0000816087 0.0000263504 
0.0002501766 -0.0000816087 0.0000263504 
0.0002501766 -0.0000816087 0.0000263504 
0.0002501766 -0.0000816087 0.0000263504 
0.0002501766 -0.0000816087 0.0000263504 
0.0002501766 -0.0000816087 0.0000263504 
0.0002501766 -0.0000816087 0.0000263504 
0.0002501766 -0.0000816087 0.0000263504 
0.0002501766 -0.0000816087 0.0000263504 
0.0002501766 -0.0000816087 0.0000263504 
0.0002501766 -0.0000816087 0.0000263504 
0.0002501766 -0.0000816087 0.0000263504 
0.0002501766 -0.0000816087 0.0000263504 
0.0002501766 -0.0000816087 0.0000263504 
0.0002501766 -0.0000816087 0.0000263504 
0.0002501766 -0.0000816087 0.0000263504 
0.0002501766 -0.0000816087 0.0000263504 
0.0002501766 -0.0000816087 0.0000263504 
0.0002501766 -0.0000816087 0.0000263504 
0.0002501766 -0.0000816087 0.0000263504 
0.0002501766 -0.0000816087 0.0000263504 
0.0002501766 -0.0000816087 0.0000263504 
0.0002501766 -0.0000816087 0.0000263504 
0.0002501766 -0.0000816087 0.0000263504 
0.0002501766 -0.0000816087 0.0000263504 
0.0002501766 -0.0000816087 0.0000263504 
0.0002501766 -0.0000816087 0.0000263504 
0.0002501766 -0.0000816087 0.0000263504 
0.0002501766 -0.0000816087 0.0000263504 
0.0002501766 -0.0000816087 0.0000263504 
0.0002501766 -0.0000816087 0.0000263504 
0.0002501766 -0.0000816087 0.0000263504 
0.0002501766 -0.0000816087 0.0000263504 
0.0002501766 -0.0000816087 0.0000263504 
0.0002501766 -0.0000816087 0.0000263504 
0.0002501766 -0.0000816087 0.0000263504 
0.0002501766 -0.0000816087 0.0000263504 
0.0002501766 -0.0000816087 0.0000263504 
0.0002501766 -0.0000816087 0.0000263504 
0.0002501766 -0.0000816087 0.0000263504 
0.0002501766 -0.0000816087 0.0000263504 
0.0002501766 -0.0000816087 0.0000263504 
0.0002501766 -0.0000816087 0.0000263504 
0.0002501766 -0.0000816087 0.0000263504 
0.0002501766 -0.0000816087 0.0000263504 
0.0002501766 -0.0000816087 0.0000263504 
0.0002501766 -0.0000816087 0.0000263504 
0.0002501766 -0.0000816087 0.0000263504 
0.0002501766 -0.0000816087 0.0000263504 
0.0002501766 -0.0000816087 0.0000263504 
0.0002501766 -0.0000816087 0.0000263504 
0.0002501766 -0.0000816087 0.0000263504 
0.0002501766 -0.0000816087 0.0000263504 
0.0002501766 -0.0000816087 0.0000263504 
0.0002501766 -0.0000816087 0.0000263504 
0.0002501766 -0.0000816087 0.0000263504 
0.0002501766 -0.0000816087 0.0000263504 
0.0002501766 -0.0000816087 0.0000263504 
0.0002501766 -0.0000816087 0.0000263504 
0.0002501766 -0.0000816087 0.0000263504 
0.0002501766 -0.0000816087 0.0000263504 
0.0002501766 -0.0000816087 0.0000263504 
0.0002501766 -0.0000816087 0.0000263504 
0.0002501766 -0.0000816087 0.0000263504 
0.0002501766 -0.0000816087 0.0000263504 
0.0002501766 -0.0000816087 0.0000263504 
0.0002501766 -0.0000816087 0.0000263504 
0.0002501766 -0.0000816087 0.0000263504 
0.0002501766 -0.0000816087 0.0000263504 
0.0002501766 -0.0000816087 0.0000263504 
0.0002501766 -0.0000816087 0.0000263504 
0.0002501766 -0.0000816087 0.0000263504 
0.0002501766 -0.0000816087 0.0000263504 
0.0002501766 -0.0000816087 0.0000263504 
0.0002501766 -0.0000816087 0.0000263504 
0.0002501766 -0.0000816087 0.0000263504 
0.0002501766 -0.0000816087 0.0000263504 
0.0002501766 -0.0000816087 0.0000263504 
0.0002501766 -0.0000816087 0.0000263504 
0.0002501766 -0.0000816087 0.0000263504 
0.0002501766 -0.0000816087 0.0000263504 
0.0002501766 -0.0000816087 0.0000263504 
0.0002501766 -0.0000816087 0.0000263504 
0.0002501766 -0.0000816087 0.0000263504 
0.0002501766 -0.0000816087 0.0000263504 
0.0002501766 -0.0000816087 0.0000263504 
0.0002501766 -0.0000816087 0.0000263504 
0.0002501766 -0.0000816087 0.0000263504 
0.0002501766 -0.0000816087 0.0000263504 
0.0002501766 -0.0000816087 0.0000263504 
0.0002501766 -0.0000816087 0.0000263504 
0.0002501766 -0.0000816087 0.0000263504 
0.0002501766 -0.0000816087 0.0000263504 
0.0002501766 -0.0000816087 0.0000263504 
0.0002501766 -0.0000816087 0.0000263504 
0.0002501766 -0.0000816087 0.0000263504 
0.0002501766 -0.0000816087 0.0000263504 
0.0002501766 -0.0000816087 0.0000263504 
0.0002501766 -0.0000816087 0.0000263504 
0.0002501766 -0.0000816087 0.0000263504 
0.0002501766 -0.0000816087 0.0000263504 
0.0002501766 -0.0000816087 0.0000263504 
0.0002501766 -0.0000816087 0.0000263504 
0.0002501766 -0.0000816087 0.0000263504 
0.0002501766 -0.0000816087 0.0000263504 
0.0002501766 -0.0000816087 0.0000263504 
0.0002501766 -0.0000816087 0.0000263504 
0.0002501766 -0.0000816087 0.0000263504 
0.0002501766 -0.0000816087 0.0000263504 
0.0002501766 -0.0000816087 0.0000263504 
0.0002501766 -0.0000816087 0.0000263504 
0.0002501766 -0.0000816087 0.0000263504 
0.0002501766 -0.0000816087 0.0000263504 
0.0002501766 -0.0000816087 0.0000263504 
0.0002501766 -0.0000816087 0.0000263504 
0.0002501766 -0.0000816087 0.0000263504 
0.0002501766 -0.0000816087 0.0000263504 
0.0002501766 -0.0000816087 0.0000263504 
0.0002501766 -0.0000816087 0.0000263504 
0.0002501766 -0.0000816087 0.0000263504 
0.0002501766 -0.0000816087 0.0000263504 
0.0002501766 -0.0000816087 0.0000263504 
0.0002501766 -0.0000816087 0.0000263504 
0.0002501766 -0.0000816087 0.0000263504 
0.0002501766 -0.0000816087 0.0000263504 
0.0002501766 -0.0000816087 0.0000263504 
0.0002501766 -0.0000816087 0.0000263504 
0.0002501766 -0.0000816087 0.0000263504 
0.0002501766 -0.0000816087 0.0000263504 
0.0002501766 -0.0000816087 0.0000263504 
0.0002501766 -0.0000816087 0.0000263504 
0.0002501766 -0.0000816087 0.0000263504 
0.0002501766 -0.0000816087 0.0000263504 
0.0002501766 -0.0000816087 0.0000263504 
0.0002501766 -0.0000816087 0.0000263504 
0.0002501766 -0.0000816087 0.0000263504 
0.0002501766 -0.0000816087 0.0000263504 
0.0002501766 -0.0000816087 0.0000263504 
0.0002501766 -0.0000816087 0.0000263504 
0.0002501766 -0.0000816087 0.0000263504 
0.0002501766 -0.0000816087 0.0000263504 
0.0002501766 -0.0000816087 0.0000263504 
0.0002501766 -0.0000816087 0.0000263504 
0.0002501766 -0.0000816087 0.0000263504 
0.0002501766 -0.0000816087 0.0000263504 
0.0002501766 -0.0000816087 0.0000263504 
0.0002501766 -0.0000816087 0.0000263504 
0.0002501766 -0.0000816087 0.0000263504 
0.0002501766 -0.0000816087 0.0000263504 
0.0002501766 -0.0000816087 0.0000263504 
0.0002501766 -0.0000816087 0.0000263504 
0.0002501766 -0.0000816087 0.0000263504 
0.0002501766 -0.0000816087 0.0000263504 
0.0002501766 -0.0000816087 0.0000263504 
0.0002501766 -0.0000816087 0.0000263504 
0.0002501766 -0.0000816087 0.0000263504 
0.0002501766 -0.0000816087 0.0000263504 
0.0002501766 -0.0000816087 0.0000263504 
0.0002501766 -0.0000816087 0.0000263504 
0.0002501766 -0.0000816087 0.0000263504 
0.0002501766 -0.0000816087 0.0000263504 
0.0002501766 -0.0000816087 0.0000263504 
0.0002501766 -0.0000816087 0.0000263504 
0.0002501766 -0.0000816087 0.0000263504 
0.0002501766 -0.0000816087 0.0000263504 
0.0002501766 -0.0000816087 0.0000263504 
0.0002501766 -0.0000816087 0.0000263504 
0.0002501766 -0.0000816087 0.0000263504 
0.0002501766 -0.0000816087 0.0000263504 
0.0002501766 -0.0000816087 0.0000263504 
0.0002501766 -0.0000816087 0.0000263504 
0.0002501766 -0.0000816087 0.0000263504 
0.0002501766 -0.0000816087 0.0000263504 
0.0002501766 -0.0000816087 0.0000263504 
0.0002501766 -0.0000816087 0.0000263504 
0.0002501766 -0.0000816087 0.0000263504 
0.0002501766 -0.0000816087 0.0000263504 
0.0002501766 -0.0000816087 0.0000263504 
0.0002501766 -0.0000816087 0.0000263504 
0.0002501766 -0.0000816087 0.0000263504 
0.0002501766 -0.0000816087 0.0000263504 
0.0002501766 -0.0000816087 0.0000263504 
0.0002501766 -0.0000816087 0.0000263504 
0.0002501766 -0.0000816087 0.0000263504 
0.0002501766 -0.0000816087 0.0000263504 
0.0002501766 -0.0000816087 0.0000263504 
0.0002501766 -0.0000816087 0.0000263504 
0.0002501766 -0.0000816087 0.0000263504 
0.0002501766 -0.0000816087 0.0000263504 
0.0002501766 -0.0000816087 0.0000263504 
0.0002501766 -0.0000816087 0.0000263504 
0.0002501766 -0.0000816087 0.0000263504 
0.0002501766 -0.0000816087 0.0000263504 
0.0002501766 -0.0000816087 0.0000263504 
0.0002501766 -0.0000816087 0.0000263504 
0.0002501766 -0.0000816087 0.0000263504 
0.0002501766 -0.0000816087 0.0000263504 
0.0002501766 -0.0000816087 0.0000263504 
0.0002501766 -0.0000816087 0.0000263504 
0.0002501766 -0.0000816087 0.0000263504 
0.0002501766 -0.0000816087 0.0000263504 
0.0002501766 -0.0000816087 0.0000263504 
0.0002501766 -0.0000816087 0.0000263504 
0.0002501766 -0.0000816087 0.0000263504 
0.0002501766 -0.0000816087 0.0000263504 
0.0002501766 -0.0000816087 0.0000263504 
0.0002501766 -0.0000816087 0.0000263504 
0.0002501766 -0.0000816087 0.0000263504 
0.0002501766 -0.0000816087 0.0000263504 
0.0002501766 -0.0000816087 0.0000263504 
0.0002501766 -0.0000816087 0.0000263504 
0.0002501766 -0.0000816087 0.0000263504 
0.0002501766 -0.0000816087 0.0000263504 
0.0002501766 -0.0000816087 0.0000263504 
0.0002501766 -0.0000816087 0.0000263504 
0.0002501766 -0.0000816087 0.0000263504 
0.0002501766 -0.0000816087 0.0000263504 
0.0002501766 -0.0000816087 0.0000263504 
0.0002501766 -0.0000816087 0.0000263504 
0.0002501766 -0.0000816087 0.0000263504 
0.0002501766 -0.0000816087 0.0000263504 
0.0002501766 -0.0000816087 0.0000263504 
0.0002501766 -0.0000816087 0.0000263504 
0.0002501766 -0.0000816087 0.0000263504 
0.0002501766 -0.0000816087 0.0000263504 
0.0002501766 -0.0000816087 0.0000263504 
0.0002501766 -0.0000816087 0.0000263504 
0.0002501766 -0.0000816087 0.0000263504 
0.0002501766 -0.0000816087 0.0000263504 
0.0002501766 -0.0000816087 0.0000263504 
0.0002501766 -0.0000816087 0.0000263504 
0.0002501766 -0.0000816087 0.0000263504 
0.0002501766 -0.0000816087 0.0000263504 
0.0002501766 -0.0000816087 0.0000263504 
0.0002501766 -0.0000816087 0.0000263504 
0.0002501766 -0.0000816087 0.0000263504 
0.0002501766 -0.0000816087 0.0000263504 
0.0002501766 -0.0000816087 0.0000263504 
0.0002501766 -0.0000816087 0.0000263504 
0.0002501766 -0.0000816087 0.0000263504 
0.0002501766 -0.0000816087 0.0000263504 
0.0002501766 -0.0000816087 0.0000263504 
0.0002501766 -0.0000816087 0.0000263504 
0.0002501766 -0.0000816087 0.0000263504 
0.0002501766 -0.0000816087 0.0000263504 
0.0002501766 -0.0000816087 0.0000263504 
0.0002501766 -0.0000816087 0.0000263504 
0.0002501766 -0.0000816087 0.0000263504 
0.0002501766 -0.0000816087 0.0000263504 
0.0002501766 -0.0000816087 0.0000263504 
0.0002501766 -0.0000816087 0.0000263504 
0.0002501766 -0.0000816087 0.0000263504 
0.0002501766 -0.0000816087 0.0000263504 
0.0002501766 -0.0000816087 0.0000263504 
0.0002501766 -0.0000816087 0.0000263504 
0.0002501766 -0.0000816087 0.0000263504 
0.0002501766 -0.0000816087 0.0000263504 
0.0002501766 -0.0000816087 0.0000263504 
0.0002501766 -0.0000816087 0.0000263504 
0.0002501766 -0.0000816087 0.0000263504 
0.0002501766 -0.0000816087 0.0000263504 
0.0002501766 -0.0000816087 0.0000263504 
0.0002501766 -0.0000816087 0.0000263504 
0.0002501766 -0.0000816087 0.0000263504 
0.0002501766 -0.0000816087 0.0000263504 
0.0002501766 -0.0000816087 0.0000263504 
0.0002501766 -0.0000816087 0.0000263504 
0.0002501766 -0.0000816087 0.0000263504 
0.0002501766 -0.0000816087 0.0000263504 
0.0002501766 -0.0000816087 0.0000263504 
0.0002501766 -0.0000816087 0.0000263504 
0.0002501766 -0.0000816087 0.0000263504 
0.0002501766 -0.0000816087 0.0000263504 
0.0002501766 -0.0000816087 0.0000263504 
0.0002501766 -0.0000816087 0.0000263504 
0.0002501766 -0.0000816087 0.0000263504 
0.0002501766 -0.0000816087 0.0000263504 
0.0002501766 -0.0000816087 0.0000263504 
0.0002501766 -0.0000816087 0.0000263504 
0.0002501766 -0.0000816087 0.0000263504 
0.0002501766 -0.0000816087 0.0000263504 
0.0002501766 -0.0000816087 0.0000263504 
0.0002501766 -0.0000816087 0.0000263504 
0.0002501766 -0.0000816087 0.0000263504 
0.0002501766 -0.0000816087 0.0000263504 
0.0002501766 -0.0000816087 0.0000263504 
0.0002501766 -0.0000816087 0.0000263504 
0.0002501766 -0.0000816087 0.0000263504 
0.0002501766 -0.0000816087 0.0000263504 
0.0002501766 -0.0000816087 0.0000263504 
0.0002501766 -0.0000816087 0.0000263504 
0.0002501766 -0.0000816087 0.0000263504 
0.0002501766 -0.0000816087 0.0000263504 
0.0002501766 -0.0000816087 0.0000263504 
0.0002501766 -0.0000816087 0.0000263504 
0.0002501766 -0.0000816087 0.0000263504 
0.0002501766 -0.0000816087 0.0000263504 
0.0002501766 -0.0000816087 0.0000263504 
0.0002501766 -0.0000816087 0.0000263504 
0.0002501766 -0.0000816087 0.0000263504 
0.0002501766 -0.0000816087 0.0000263504 
0.0002501766 -0.0000816087 0.0000263504 
0.0002501766 -0.0000816087 0.0000263504 
0.0002501766 -0.0000816087 0.0000263504 
0.0002501766 -0.0000816087 0.0000263504 
0.0002501766 -0.0000816087 0.0000263504 
0.0002501766 -0.0000816087 0.0000263504 
0.0002501766 -0.0000816087 0.0000263504 
0.0002501766 -0.0000816087 0.0000263504 
0.0002501766 -0.0000816087 0.0000263504 
0.0002501766 -0.0000816087 0.0000263504 
0.0002501766 -0.0000816087 0.0000263504 
0.0002501766 -0.0000816087 0.0000263504 
0.0002501766 -0.0000816087 0.0000263504 
0.0002501766 -0.0000816087 0.0000263504 
0.0002501766 -0.0000816087 0.0000263504 
0.0002501766 -0.0000816087 0.0000263504 
0.0002501766 -0.0000816087 0.0000263504 
0.0002501766 -0.0000816087 0.0000263504 
0.0002501766 -0.0000816087 0.0000263504 
0.0002501766 -0.0000816087 0.0000263504 
0.0002501766 -0.0000816087 0.0000263504 
0.0002501766 -0.0000816087 0.0000263504 
0.0002501766 -0.0000816087 0.0000263504 
0.0002501766 -0.0000816087 0.0000263504 
0.0002501766 -0.0000816087 0.0000263504 
0.0002501766 -0.0000816087 0.0000263504 
0.0002501766 -0.0000816087 0.0000263504 
0.0002501766 -0.0000816087 0.0000263504 
0.0002501766 -0.0000816087 0.0000263504 
0.0002501766 -0.0000816087 0.0000263504 
0.0002501766 -0.0000816087 0.0000263504 
0.0002501766 -0.0000816087 0.0000263504 
0.0002501766 -0.0000816087 0.0000263504 
0.0002501766 -0.0000816087 0.0000263504 
0.0002501766 -0.0000816087 0.0000263504 
0.0002501766 -0.0000816087 0.0000263504 
0.0002501766 -0.0000816087 0.0000263504 
0.0002501766 -0.0000816087 0.0000263504 
0.0002501766 -0.0000816087 0.0000263504 
0.0002501766 -0.0000816087 0.0000263504 
0.0002501766 -0.0000816087 0.0000263504 
0.0002501766 -0.0000816087 0.0000263504 
0.0002501766 -0.0000816087 0.0000263504 
0.0002501766 -0.0000816087 0.0000263504 
0.0002501766 -0.0000816087 0.0000263504 
0.0002501766 -0.0000816087 0.0000263504 
0.0002501766 -0.0000816087 0.0000263504 
0.0002501766 -0.0000816087 0.0000263504 
0.0002501766 -0.0000816087 0.0000263504 
0.0002501766 -0.0000816087 0.0000263504 
0.0002501766 -0.0000816087 0.0000263504 
0.0002501766 -0.0000816087 0.0000263504 
0.0002501766 -0.0000816087 0.0000263504 
0.0002501766 -0.0000816087 0.0000263504 
0.0002501766 -0.0000816087 0.0000263504 
0.0002501766 -0.0000816087 0.0000263504 
0.0002501766 -0.0000816087 0.0000263504 
0.0002501766 -0.0000816087 0.0000263504 
0.0002501766 -0.0000816087 0.0000263504 
0.0002501766 -0.0000816087 0.0000263504 
0.0002501766 -0.0000816087 0.0000263504 
0.0002501766 -0.0000816087 0.0000263504 
0.0002501766 -0.0000816087 0.0000263504 
0.0002501766 -0.0000816087 0.0000263504 
0.0002501766 -0.0000816087 0.0000263504 
0.0002501766 -0.0000816087 0.0000263504 
0.0002501766 -0.0000816087 0.0000263504 
0.0002501766 -0.0000816087 0.0000263504 
0.0002501766 -0.0000816087 0.0000263504 
0.0002501766 -0.0000816087 0.0000263504 
0.0002501766 -0.0000816087 0.0000263504 
0.0002501766 -0.0000816087 0.0000263504 
0.0002501766 -0.0000816087 0.0000263504 
0.0002501766 -0.0000816087 0.0000263504 
0.0002501766 -0.0000816087 0.0000263504 
0.0002501766 -0.0000816087 0.0000263504 
0.0002501766 -0.0000816087 0.0000263504 
0.0002501766 -0.0000816087 0.0000263504 
0.0002501766 -0.0000816087 0.0000263504 
0.0002501766 -0.0000816087 0.0000263504 
0.0002501766 -0.0000816087 0.0000263504 
0.0002501766 -0.0000816087 0.0000263504 
0.0002501766 -0.0000816087 0.0000263504 
0.0002501766 -0.0000816087 0.0000263504 
0.0002501766 -0.0000816087 0.0000263504 
0.0002501766 -0.0000816087 0.0000263504 
0.0002501766 -0.0000816087 0.0000263504 
0.0002501766 -0.0000816087 0.0000263504 
0.0002501766 -0.0000816087 0.0000263504 
0.0002501766 -0.0000816087 0.0000263504 
0.0002501766 -0.0000816087 0.0000263504 
0.0002501766 -0.0000816087 0.0000263504 
0.0002501766 -0.0000816087 0.0000263504 
0.0002501766 -0.0000816087 0.0000263504 
0.0002501766 -0.0000816087 0.0000263504 
0.0002501766 -0.0000816087 0.0000263504 
0.0002501766 -0.0000816087 0.0000263504 
0.0002501766 -0.0000816087 0.0000263504 
0.0002501766 -0.0000816087 0.0000263504 
0.0002501766 -0.0000816087 0.0000263504 
0.0002501766 -0.0000816087 0.0000263504 
0.0002501766 -0.0000816087 0.0000263504 
0.0002501766 -0.0000816087 0.0000263504 
0.0002501766 -0.0000816087 0.0000263504 
0.0002501766 -0.0000816087 0.0000263504 
0.0002501766 -0.0000816087 0.0000263504 
0.0002501766 -0.0000816087 0.0000263504 
0.0002501766 -0.0000816087 0.0000263504 
0.0002501766 -0.0000816087 0.0000263504 
0.0002501766 -0.0000816087 0.0000263504 
0.0002501766 -0.0000816087 0.0000263504 
0.0002501766 -0.0000816087 0.0000263504 
0.0002501766 -0.0000816087 0.0000263504 
0.0002501766 -0.0000816087 0.0000263504 
0.0002501766 -0.0000816087 0.0000263504 
0.0002501766 -0.0000816087 0.0000263504 
0.0002501766 -0.0000816087 0.0000263504 
0.0002501766 -0.0000816087 0.0000263504 
0.0002501766 -0.0000816087 0.0000263504 
0.0002501766 -0.0000816087 0.0000263504 
0.0002501766 -0.0000816087 0.0000263504 
0.0002501766 -0.0000816087 0.0000263504 
0.0002501766 -0.0000816087 0.0000263504 
0.0002501766 -0.0000816087 0.0000263504 
0.0002501766 -0.0000816087 0.0000263504 
0.0002501766 -0.0000816087 0.0000263504 
0.0002501766 -0.0000816087 0.0000263504 
0.0002501766 -0.0000816087 0.0000263504 
0.0002501766 -0.0000816087 0.0000263504 
0.0002501766 -0.0000816087 0.0000263504 
0.0002501766 -0.0000816087 0.0000263504 
0.0002501766 -0.0000816087 0.0000263504 
0.0002501766 -0.0000816087 0.0000263504 
0.0002501766 -0.0000816087 0.0000263504 
0.0002501766 -0.0000816087 0.0000263504 
0.0002501766 -0.0000816087 0.0000263504 
0.0002501766 -0.0000816087 0.0000263504 
0.0002501766 -0.0000816087 0.0000263504 
0.0002501766 -0.0000816087 0.0000263504 
0.0002501766 -0.0000816087 0.0000263504 
0.0002501766 -0.0000816087 0.0000263504 
0.0002501766 -0.0000816087 0.0000263504 
0.0002501766 -0.0000816087 0.0000263504 
0.0002501766 -0.0000816087 0.0000263504 
0.0002501766 -0.0000816087 0.0000263504 
0.0002501766 -0.0000816087 0.0000263504 
0.0002501766 -0.0000816087 0.0000263504 
0.0002501766 -0.0000816087 0.0000263504 
0.0002501766 -0.0000816087 0.0000263504 
0.0002501766 -0.0000816087 0.0000263504 
0.0002501766 -0.0000816087 0.0000263504 
0.0002501766 -0.0000816087 0.0000263504 
0.0002501766 -0.0000816087 0.0000263504 
0.0002501766 -0.0000816087 0.0000263504 
0.0002501766 -0.0000816087 0.0000263504 
0.0002501766 -0.0000816087 0.0000263504 
0.0002501766 -0.0000816087 0.0000263504 
0.0002501766 -0.0000816087 0.0000263504 
0.0002501766 -0.0000816087 0.0000263504 
0.0002501766 -0.0000816087 0.0000263504 
0.0002501766 -0.0000816087 0.0000263504 
0.0002501766 -0.0000816087 0.0000263504 
0.0002501766 -0.0000816087 0.0000263504 
0.0002501766 -0.0000816087 0.0000263504 
0.0002501766 -0.0000816087 0.0000263504 
0.0002501766 -0.0000816087 0.0000263504 
0.0002501766 -0.0000816087 0.0000263504 
0.0002501766 -0.0000816087 0.0000263504 
0.0002501766 -0.0000816087 0.0000263504 
0.0002501766 -0.0000816087 0.0000263504 
0.0002501766 -0.0000816087 0.0000263504 
0.0002501766 -0.0000816087 0.0000263504 
0.0002501766 -0.0000816087 0.0000263504 
0.0002501766 -0.0000816087 0.0000263504 
0.0002501766 -0.0000816087 0.0000263504 
0.0002501766 -0.0000816087 0.0000263504 
0.0002501766 -0.0000816087 0.0000263504 
0.0002501766 -0.0000816087 0.0000263504 
0.0002501766 -0.0000816087 0.0000263504 
0.0002501766 -0.0000816087 0.0000263504 
0.0002501766 -0.0000816087 0.0000263504 
0.0002501766 -0.0000816087 0.0000263504 
0.0002501766 -0.0000816087 0.0000263504 
0.0002501766 -0.0000816087 0.0000263504 
0.0002501766 -0.0000816087 0.0000263504 
0.0002501766 -0.0000816087 0.0000263504 
0.0002501766 -0.0000816087 0.0000263504 
0.0002501766 -0.0000816087 0.0000263504 
0.0002501766 -0.0000816087 0.0000263504 
0.0002501766 -0.0000816087 0.0000263504 
0.0002501766 -0.0000816087 0.0000263504 
0.0002501766 -0.0000816087 0.0000263504 
0.0002501766 -0.0000816087 0.0000263504 
0.0002501766 -0.0000816087 0.0000263504 
0.0002501766 -0.0000816087 0.0000263504 
0.0002501766 -0.0000816087 0.0000263504 
0.0002501766 -0.0000816087 0.0000263504 
0.0002501766 -0.0000816087 0.0000263504 
0.0002501766 -0.0000816087 0.0000263504 
0.0002501766 -0.0000816087 0.0000263504 
0.0002501766 -0.0000816087 0.0000263504 
0.0002501766 -0.0000816087 0.0000263504 
0.0002501766 -0.0000816087 0.0000263504 
0.0002501766 -0.0000816087 0.0000263504 
0.0002501766 -0.0000816087 0.0000263504 
0.0002501766 -0.0000816087 0.0000263504 
0.0002501766 -0.0000816087 0.0000263504 
0.0002501766 -0.0000816087 0.0000263504 
0.0002501766 -0.0000816087 0.0000263504 
0.0002501766 -0.0000816087 0.0000263504 
0.0002501766 -0.0000816087 0.0000263504 
0.0002501766 -0.0000816087 0.0000263504 
0.0002501766 -0.0000816087 0.0000263504 
0.0002501766 -0.0000816087 0.0000263504 
0.0002501766 -0.0000816087 0.0000263504 
0.0002501766 -0.0000816087 0.0000263504 
0.0002501766 -0.0000816087 0.0000263504 
0.0002501766 -0.0000816087 0.0000263504 
0.0002501766 -0.0000816087 0.0000263504 
0.0002501766 -0.0000816087 0.0000263504 
0.0002501766 -0.0000816087 0.0000263504 
0.0002501766 -0.0000816087 0.0000263504 
0.0002501766 -0.0000816087 0.0000263504 
0.0002501766 -0.0000816087 0.0000263504 
0.0002501766 -0.0000816087 0.0000263504 
0.0002501766 -0.0000816087 0.0000263504 
0.0002501766 -0.0000816087 0.0000263504 
0.0002501766 -0.0000816087 0.0000263504 
0.0002501766 -0.0000816087 0.0000263504 
0.0002501766 -0.0000816087 0.0000263504 
0.0002501766 -0.0000816087 0.0000263504 
0.0002501766 -0.0000816087 0.0000263504 
0.0002501766 -0.0000816087 0.0000263504 
0.0002501766 -0.0000816087 0.0000263504 
0.0002501766 -0.0000816087 0.0000263504 
0.0002501766 -0.0000816087 0.0000263504 
0.0002501766 -0.0000816087 0.0000263504 
0.0002501766 -0.0000816087 0.0000263504 
0.0002501766 -0.0000816087 0.0000263504 
0.0002501766 -0.0000816087 0.0000263504 
0.0002501766 -0.0000816087 0.0000263504 
0.0002501766 -0.0000816087 0.0000263504 
0.0002501766 -0.0000816087 0.0000263504 
0.0002501766 -0.0000816087 0.0000263504 
0.0002501766 -0.0000816087 0.0000263504 
0.0002501766 -0.0000816087 0.0000263504 
0.0002501766 -0.0000816087 0.0000263504 
0.0002501766 -0.0000816087 0.0000263504 
0.0002501766 -0.0000816087 0.0000263504 
0.0002501766 -0.0000816087 0.0000263504 
0.0002501766 -0.0000816087 0.0000263504 
0.0002501766 -0.0000816087 0.0000263504 
0.0002501766 -0.0000816087 0.0000263504 
0.0002501766 -0.0000816087 0.0000263504 
0.0002501766 -0.0000816087 0.0000263504 
0.0002501766 -0.0000816087 0.0000263504 
0.0002501766 -0.0000816087 0.0000263504 
0.0002501766 -0.0000816087 0.0000263504 
0.0002501766 -0.0000816087 0.0000263504 
0.0002501766 -0.0000816087 0.0000263504 
0.0002501766 -0.0000816087 0.0000263504 
0.0002501766 -0.0000816087 0.0000263504 
0.0002501766 -0.0000816087 0.0000263504 
0.0002501766 -0.0000816087 0.0000263504 
0.0002501766 -0.0000816087 0.0000263504 
0.0002501766 -0.0000816087 0.0000263504 
0.0002501766 -0.0000816087 0.0000263504 
0.0002501766 -0.0000816087 0.0000263504 
0.0002501766 -0.0000816087 0.0000263504 
0.0002501766 -0.0000816087 0.0000263504 
0.0002501766 -0.0000816087 0.0000263504 
0.0002501766 -0.0000816087 0.0000263504 
0.0002501766 -0.0000816087 0.0000263504 
0.0002501766 -0.0000816087 0.0000263504 
0.0002501766 -0.0000816087 0.0000263504 
0.0002501766 -0.0000816087 0.0000263504 
0.0002501766 -0.0000816087 0.0000263504 
0.0002501766 -0.0000816087 0.0000263504 
0.0002501766 -0.0000816087 0.0000263504 
0.0002501766 -0.0000816087 0.0000263504 
0.0002501766 -0.0000816087 0.0000263504 
0.0002501766 -0.0000816087 0.0000263504 
0.0002501766 -0.0000816087 0.0000263504 
0.0002501766 -0.0000816087 0.0000263504 
0.0002501766 -0.0000816087 0.0000263504 
0.0002501766 -0.0000816087 0.0000263504 
0.0002501766 -0.0000816087 0.0000263504 
0.0002501766 -0.0000816087 0.0000263504 
0.0002501766 -0.0000816087 0.0000263504 
0.0002501766 -0.0000816087 0.0000263504 
0.0002501766 -0.0000816087 0.0000263504 
0.0002501766 -0.0000816087 0.0000263504 
0.0002501766 -0.0000816087 0.0000263504 
0.0002501766 -0.0000816087 0.0000263504 
0.0002501766 -0.0000816087 0.0000263504 
0.0002501766 -0.0000816087 0.0000263504 
0.0002501766 -0.0000816087 0.0000263504 
0.0002501766 -0.0000816087 0.0000263504 
0.0002501766 -0.0000816087 0.0000263504 
0.0002501766 -0.0000816087 0.0000263504 
0.0002501766 -0.0000816087 0.0000263504 
0.0002501766 -0.0000816087 0.0000263504 
0.0002501766 -0.0000816087 0.0000263504 
0.0002501766 -0.0000816087 0.0000263504 
0.0002501766 -0.0000816087 0.0000263504 
0.0002501766 -0.0000816087 0.0000263504 
0.0002501766 -0.0000816087 0.0000263504 
0.0002501766 -0.0000816087 0.0000263504 
0.0002501766 -0.0000816087 0.0000263504 
0.0002501766 -0.0000816087 0.0000263504 
0.0002501766 -0.0000816087 0.0000263504 
0.0002501766 -0.0000816087 0.0000263504 
0.0002501766 -0.0000816087 0.0000263504 
0.0002501766 -0.0000816087 0.0000263504 
0.0002501766 -0.0000816087 0.0000263504 
0.0002501766 -0.0000816087 0.0000263504 
0.0002501766 -0.0000816087 0.0000263504 
0.0002501766 -0.0000816087 0.0000263504 
0.0002501766 -0.0000816087 0.0000263504 
0.0002501766 -0.0000816087 0.0000263504 
0.0002501766 -0.0000816087 0.0000263504 
0.0002501766 -0.0000816087 0.0000263504 
0.0002501766 -0.0000816087 0.0000263504 
0.0002501766 -0.0000816087 0.0000263504 
0.0002501766 -0.0000816087 0.0000263504 
0.0002501766 -0.0000816087 0.0000263504 
0.0002501766 -0.0000816087 0.0000263504 
0.0002501766 -0.0000816087 0.0000263504 
0.0002501766 -0.0000816087 0.0000263504 
0.0002501766 -0.0000816087 0.0000263504 
0.0002501766 -0.0000816087 0.0000263504 
0.0002501766 -0.0000816087 0.0000263504 
0.0002501766 -0.0000816087 0.0000263504 
0.0002501766 -0.0000816087 0.0000263504 
0.0002501766 -0.0000816087 0.0000263504 
0.0002501766 -0.0000816087 0.0000263504 
0.0002501766 -0.0000816087 0.0000263504 
0.0002501766 -0.0000816087 0.0000263504 
0.0002501766 -0.0000816087 0.0000263504 
0.0002501766 -0.0000816087 0.0000263504 
0.0002501766 -0.0000816087 0.0000263504 
0.0002501766 -0.0000816087 0.0000263504 
0.0002501766 -0.0000816087 0.0000263504 
0.0002501766 -0.0000816087 0.0000263504 
0.0002501766 -0.0000816087 0.0000263504 
0.0002501766 -0.0000816087 0.0000263504 
0.0002501766 -0.0000816087 0.0000263504 
0.0002501766 -0.0000816087 0.0000263504 
0.0002501766 -0.0000816087 0.0000263504 
0.0002501766 -0.0000816087 0.0000263504 
0.0002501766 -0.0000816087 0.0000263504 
0.0002501766 -0.0000816087 0.0000263504 
0.0002501766 -0.0000816087 0.0000263504 
0.0002501766 -0.0000816087 0.0000263504 
0.0002501766 -0.0000816087 0.0000263504 
0.0002501766 -0.0000816087 0.0000263504 
0.0002501766 -0.0000816087 0.0000263504 
0.0002501766 -0.0000816087 0.0000263504 
0.0002501766 -0.0000816087 0.0000263504 
0.0002501766 -0.0000816087 0.0000263504 
0.0002501766 -0.0000816087 0.0000263504 
0.0002501766 -0.0000816087 0.0000263504 
0.0002501766 -0.0000816087 0.0000263504 
0.0002501766 -0.0000816087 0.0000263504 
0.0002501766 -0.0000816087 0.0000263504 
0.0002501766 -0.0000816087 0.0000263504 
0.0002501766 -0.0000816087 0.0000263504 
0.0002501766 -0.0000816087 0.0000263504 
0.0002501766 -0.0000816087 0.0000263504 
0.0002501766 -0.0000816087 0.0000263504 
0.0002501766 -0.0000816087 0.0000263504 
0.0002501766 -0.0000816087 0.0000263504 
0.0002501766 -0.0000816087 0.0000263504 
0.0002501766 -0.0000816087 0.0000263504 
0.0002501766 -0.0000816087 0.0000263504 
0.0002501766 -0.0000816087 0.0000263504 
0.0002501766 -0.0000816087 0.0000263504 
0.0002501766 -0.0000816087 0.0000263504 
0.0002501766 -0.0000816087 0.0000263504 
0.0002501766 -0.0000816087 0.0000263504 
0.0002501766 -0.0000816087 0.0000263504 
0.0002501766 -0.0000816087 0.0000263504 
0.0002501766 -0.0000816087 0.0000263504 
0.0002501766 -0.0000816087 0.0000263504 
0.0002501766 -0.0000816087 0.0000263504 
0.0002501766 -0.0000816087 0.0000263504 
0.0002501766 -0.0000816087 0.0000263504 
0.0002501766 -0.0000816087 0.0000263504 
0.0002501766 -0.0000816087 0.0000263504 
0.0002501766 -0.0000816087 0.0000263504 
0.0002501766 -0.0000816087 0.0000263504 
0.0002501766 -0.0000816087 0.0000263504 
0.0002501766 -0.0000816087 0.0000263504 
0.0002501766 -0.0000816087 0.0000263504 
0.0002501766 -0.0000816087 0.0000263504 
0.0002501766 -0.0000816087 0.0000263504 
0.0002501766 -0.0000816087 0.0000263504 
0.0002501766 -0.0000816087 0.0000263504 
0.0002501766 -0.0000816087 0.0000263504 
0.0002501766 -0.0000816087 0.0000263504 
0.0002501766 -0.0000816087 0.0000263504 
0.0002501766 -0.0000816087 0.0000263504 
0.0002501766 -0.0000816087 0.0000263504 
0.0002501766 -0.0000816087 0.0000263504 
0.0002501766 -0.0000816087 0.0000263504 
0.0002501766 -0.0000816087 0.0000263504 
0.0002501766 -0.0000816087 0.0000263504 
0.0002501766 -0.0000816087 0.0000263504 
0.0002501766 -0.0000816087 0.0000263504 
0.0002501766 -0.0000816087 0.0000263504 
0.0002501766 -0.0000816087 0.0000263504 
0.0002501766 -0.0000816087 0.0000263504 
0.0002501766 -0.0000816087 0.0000263504 
0.0002501766 -0.0000816087 0.0000263504 
0.0002501766 -0.0000816087 0.0000263504 
0.0002501766 -0.0000816087 0.0000263504 
0.0002501766 -0.0000816087 0.0000263504 
0.0002501766 -0.0000816087 0.0000263504 
0.0002501766 -0.0000816087 0.0000263504 
0.0002501766 -0.0000816087 0.0000263504 
0.0002501766 -0.0000816087 0.0000263504 
0.0002501766 -0.0000816087 0.0000263504 
0.0002501766 -0.0000816087 0.0000263504 
0.0002501766 -0.0000816087 0.0000263504 
0.0002501766 -0.0000816087 0.0000263504 
0.0002501766 -0.0000816087 0.0000263504 
0.0002501766 -0.0000816087 0.0000263504 
0.0002501766 -0.0000816087 0.0000263504 
0.0002501766 -0.0000816087 0.0000263504 
0.0002501766 -0.0000816087 0.0000263504 
0.0002501766 -0.0000816087 0.0000263504 
0.0002501766 -0.0000816087 0.0000263504 
0.0002501766 -0.0000816087 0.0000263504 
0.0002501766 -0.0000816087 0.0000263504 
0.0002501766 -0.0000816087 0.0000263504 
0.0002501766 -0.0000816087 0.0000263504 
0.0002501766 -0.0000816087 0.0000263504 
0.0002501766 -0.0000816087 0.0000263504 
0.0002501766 -0.0000816087 0.0000263504 
0.0002501766 -0.0000816087 0.0000263504 
0.0002501766 -0.0000816087 0.0000263504 
0.0002501766 -0.0000816087 0.0000263504 
0.0002501766 -0.0000816087 0.0000263504 
0.0002501766 -0.0000816087 0.0000263504 
0.0002501766 -0.0000816087 0.0000263504 
0.0002501766 -0.0000816087 0.0000263504 
0.0002501766 -0.0000816087 0.0000263504 
0.0002501766 -0.0000816087 0.0000263504 
0.0002501766 -0.0000816087 0.0000263504 
0.0002501766 -0.0000816087 0.0000263504 
0.0002501766 -0.0000816087 0.0000263504 
0.0002501766 -0.0000816087 0.0000263504 
0.0002501766 -0.0000816087 0.0000263504 
0.0002501766 -0.0000816087 0.0000263504 
0.0002501766 -0.0000816087 0.0000263504 
0.0002501766 -0.0000816087 0.0000263504 
0.0002501766 -0.0000816087 0.0000263504 
0.0002501766 -0.0000816087 0.0000263504 
0.0002501766 -0.0000816087 0.0000263504 
0.0002501766 -0.0000816087 0.0000263504 
0.0002501766 -0.0000816087 0.0000263504 
0.0002501766 -0.0000816087 0.0000263504 
0.0002501766 -0.0000816087 0.0000263504 
0.0002501766 -0.0000816087 0.0000263504 
0.0002501766 -0.0000816087 0.0000263504 
0.0002501766 -0.0000816087 0.0000263504 
0.0002501766 -0.0000816087 0.0000263504 
0.0002501766 -0.0000816087 0.0000263504 
0.0002501766 -0.0000816087 0.0000263504 
0.0002501766 -0.0000816087 0.0000263504 
0.0002501766 -0.0000816087 0.0000263504 
0.0002501766 -0.0000816087 0.0000263504 
0.0002501766 -0.0000816087 0.0000263504 
0.0002501766 -0.0000816087 0.0000263504 
0.0002501766 -0.0000816087 0.0000263504 
0.0002501766 -0.0000816087 0.0000263504 
0.0002501766 -0.0000816087 0.0000263504 
0.0002501766 -0.0000816087 0.0000263504 
0.0002501766 -0.0000816087 0.0000263504 
0.0002501766 -0.0000816087 0.0000263504 
0.0002501766 -0.0000816087 0.0000263504 
0.0002501766 -0.0000816087 0.0000263504 
0.0002501766 -0.0000816087 0.0000263504 
0.0002501766 -0.0000816087 0.0000263504 
0.0002501766 -0.0000816087 0.0000263504 
0.0002501766 -0.0000816087 0.0000263504 
0.0002501766 -0.0000816087 0.0000263504 
0.0002501766 -0.0000816087 0.0000263504 
0.0002501766 -0.0000816087 0.0000263504 
0.0002501766 -0.0000816087 0.0000263504 
0.0002501766 -0.0000816087 0.0000263504 
0.0002501766 -0.0000816087 0.0000263504 
0.0002501766 -0.0000816087 0.0000263504 
0.0002501766 -0.0000816087 0.0000263504 
0.0002501766 -0.0000816087 0.0000263504 
0.0002501766 -0.0000816087 0.0000263504 
0.0002501766 -0.0000816087 0.0000263504 
0.0002501766 -0.0000816087 0.0000263504 
0.0002501766 -0.0000816087 0.0000263504 
0.0002501766 -0.0000816087 0.0000263504 
0.0002501766 -0.0000816087 0.0000263504 
0.0002501766 -0.0000816087 0.0000263504 
0.0002501766 -0.0000816087 0.0000263504 
0.0002501766 -0.0000816087 0.0000263504 
0.0002501766 -0.0000816087 0.0000263504 
0.0002501766 -0.0000816087 0.0000263504 
0.0002501766 -0.0000816087 0.0000263504 
0.0002501766 -0.0000816087 0.0000263504 
0.0002501766 -0.0000816087 0.0000263504 
0.0002501766 -0.0000816087 0.0000263504 
0.0002501766 -0.0000816087 0.0000263504 
0.0002501766 -0.0000816087 0.0000263504 
0.0002501766 -0.0000816087 0.0000263504 
0.0002501766 -0.0000816087 0.0000263504 
0.0002501766 -0.0000816087 0.0000263504 
0.0002501766 -0.0000816087 0.0000263504 
0.0002501766 -0.0000816087 0.0000263504 
0.0002501766 -0.0000816087 0.0000263504 
0.0002501766 -0.0000816087 0.0000263504 
0.0002501766 -0.0000816087 0.0000263504 
0.0002501766 -0.0000816087 0.0000263504 
0.0002501766 -0.0000816087 0.0000263504 
0.0002501766 -0.0000816087 0.0000263504 
0.0002501766 -0.0000816087 0.0000263504 
0.0002501766 -0.0000816087 0.0000263504 
0.0002501766 -0.0000816087 0.0000263504 
0.0002501766 -0.0000816087 0.0000263504 
0.0002501766 -0.0000816087 0.0000263504 
0.0002501766 -0.0000816087 0.0000263504 
0.0002501766 -0.0000816087 0.0000263504 
0.0002501766 -0.0000816087 0.0000263504 
0.0002501766 -0.0000816087 0.0000263504 
0.0002501766 -0.0000816087 0.0000263504 
0.0002501766 -0.0000816087 0.0000263504 
0.0002501766 -0.0000816087 0.0000263504 
0.0002501766 -0.0000816087 0.0000263504 
0.0002501766 -0.0000816087 0.0000263504 
0.0002501766 -0.0000816087 0.0000263504 
0.0002501766 -0.0000816087 0.0000263504 
0.0002501766 -0.0000816087 0.0000263504 
0.0002501766 -0.0000816087 0.0000263504 
0.0002501766 -0.0000816087 0.0000263504 
0.0002501766 -0.0000816087 0.0000263504 
0.0002501766 -0.0000816087 0.0000263504 
0.0002501766 -0.0000816087 0.0000263504 
0.0002501766 -0.0000816087 0.0000263504 
0.0002501766 -0.0000816087 0.0000263504 
0.0002501766 -0.0000816087 0.0000263504 
0.0002501766 -0.0000816087 0.0000263504 
0.0002501766 -0.0000816087 0.0000263504 
0.0002501766 -0.0000816087 0.0000263504 
0.0002501766 -0.0000816087 0.0000263504 
0.0002501766 -0.0000816087 0.0000263504 
0.0002501766 -0.0000816087 0.0000263504 
0.0002501766 -0.0000816087 0.0000263504 
0.0002501766 -0.0000816087 0.0000263504 
0.0002501766 -0.0000816087 0.0000263504 
0.0002501766 -0.0000816087 0.0000263504 
0.0002501766 -0.0000816087 0.0000263504 
0.0002501766 -0.0000816087 0.0000263504 
0.0002501766 -0.0000816087 0.0000263504 
0.0002501766 -0.0000816087 0.0000263504 
0.0002501766 -0.0000816087 0.0000263504 
0.0002501766 -0.0000816087 0.0000263504 
0.0002501766 -0.0000816087 0.0000263504 
0.0002501766 -0.0000816087 0.0000263504 
0.0002501766 -0.0000816087 0.0000263504 
0.0002501766 -0.0000816087 0.0000263504 
0.0002501766 -0.0000816087 0.0000263504 
0.0002501766 -0.0000816087 0.0000263504 
0.0002501766 -0.0000816087 0.0000263504 
0.0002501766 -0.0000816087 0.0000263504 
0.0002501766 -0.0000816087 0.0000263504 
0.0002501766 -0.0000816087 0.0000263504 
0.0002501766 -0.0000816087 0.0000263504 
0.0002501766 -0.0000816087 0.0000263504 
0.0002501766 -0.0000816087 0.0000263504 
0.0002501766 -0.0000816087 0.0000263504 
0.0002501766 -0.0000816087 0.0000263504 
0.0002501766 -0.0000816087 0.0000263504 
0.0002501766 -0.0000816087 0.0000263504 
0.0002501766 -0.0000816087 0.0000263504 
0.0002501766 -0.0000816087 0.0000263504 
0.0002501766 -0.0000816087 0.0000263504 
0.0002501766 -0.0000816087 0.0000263504 
0.0002501766 -0.0000816087 0.0000263504 
0.0002501766 -0.0000816087 0.0000263504 
0.0002501766 -0.0000816087 0.0000263504 
0.0002501766 -0.0000816087 0.0000263504 
0.0002501766 -0.0000816087 0.0000263504 
0.0002501766 -0.0000816087 0.0000263504 
0.0002501766 -0.0000816087 0.0000263504 
0.0002501766 -0.0000816087 0.0000263504 
0.0002501766 -0.0000816087 0.0000263504 
0.0002501766 -0.0000816087 0.0000263504 
0.0002501766 -0.0000816087 0.0000263504 
0.0002501766 -0.0000816087 0.0000263504 
0.0002501766 -0.0000816087 0.0000263504 
0.0002501766 -0.0000816087 0.0000263504 
0.0002501766 -0.0000816087 0.0000263504 
0.0002501766 -0.0000816087 0.0000263504 
0.0002501766 -0.0000816087 0.0000263504 
0.0002501766 -0.0000816087 0.0000263504 
0.0002501766 -0.0000816087 0.0000263504 
0.0002501766 -0.0000816087 0.0000263504 
0.0002501766 -0.0000816087 0.0000263504 
0.0002501766 -0.0000816087 0.0000263504 
0.0002501766 -0.0000816087 0.0000263504 
0.0002501766 -0.0000816087 0.0000263504 
0.0002501766 -0.0000816087 0.0000263504 
0.0002501766 -0.0000816087 0.0000263504 
0.0002501766 -0.0000816087 0.0000263504 
0.0002501766 -0.0000816087 0.0000263504 
0.0002501766 -0.0000816087 0.0000263504 
0.0002501766 -0.0000816087 0.0000263504 
0.0002501766 -0.0000816087 0.0000263504 
0.0002501766 -0.0000816087 0.0000263504 
0.0002501766 -0.0000816087 0.0000263504 
0.0002501766 -0.0000816087 0.0000263504 
0.0002501766 -0.0000816087 0.0000263504 
0.0002501766 -0.0000816087 0.0000263504 
0.0002501766 -0.0000816087 0.0000263504 
0.0002501766 -0.0000816087 0.0000263504 
0.0002501766 -0.0000816087 0.0000263504 
0.0002501766 -0.0000816087 0.0000263504 
0.0002501766 -0.0000816087 0.0000263504 
0.0002501766 -0.0000816087 0.0000263504 
0.0002501766 -0.0000816087 0.0000263504 
0.0002501766 -0.0000816087 0.0000263504 
0.0002501766 -0.0000816087 0.0000263504 
0.0002501766 -0.0000816087 0.0000263504 
0.0002501766 -0.0000816087 0.0000263504 
0.0002501766 -0.0000816087 0.0000263504 
0.0002501766 -0.0000816087 0.0000263504 
0.0002501766 -0.0000816087 0.0000263504 
0.0002501766 -0.0000816087 0.0000263504 
0.0002501766 -0.0000816087 0.0000263504 
0.0002501766 -0.0000816087 0.0000263504 
0.0002501766 -0.0000816087 0.0000263504 
0.0002501766 -0.0000816087 0.0000263504 
0.0002501766 -0.0000816087 0.0000263504 
0.0002501766 -0.0000816087 0.0000263504 
0.0002501766 -0.0000816087 0.0000263504 
0.0002501766 -0.0000816087 0.0000263504 
0.0002501766 -0.0000816087 0.0000263504 
0.0002501766 -0.0000816087 0.0000263504 
0.0002501766 -0.0000816087 0.0000263504 
0.0002501766 -0.0000816087 0.0000263504 
0.0002501766 -0.0000816087 0.0000263504 
0.0002501766 -0.0000816087 0.0000263504 
0.0002501766 -0.0000816087 0.0000263504 
0.0002501766 -0.0000816087 0.0000263504 
0.0002501766 -0.0000816087 0.0000263504 
0.0002501766 -0.0000816087 0.0000263504 
0.0002501766 -0.0000816087 0.0000263504 
0.0002501766 -0.0000816087 0.0000263504 
0.0002501766 -0.0000816087 0.0000263504 
0.0002501766 -0.0000816087 0.0000263504 
0.0002501766 -0.0000816087 0.0000263504 
0.0002501766 -0.0000816087 0.0000263504 
0.0002501766 -0.0000816087 0.0000263504 
0.0002501766 -0.0000816087 0.0000263504 
0.0002501766 -0.0000816087 0.0000263504 
0.0002501766 -0.0000816087 0.0000263504 
0.0002501766 -0.0000816087 0.0000263504 
0.0002501766 -0.0000816087 0.0000263504 
0.0002501766 -0.0000816087 0.0000263504 
0.0002501766 -0.0000816087 0.0000263504 
0.0002501766 -0.0000816087 0.0000263504 
0.0002501766 -0.0000816087 0.0000263504 
0.0002501766 -0.0000816087 0.0000263504 
0.0002501766 -0.0000816087 0.0000263504 
0.0002501766 -0.0000816087 0.0000263504 
0.0002501766 -0.0000816087 0.0000263504 
0.0002501766 -0.0000816087 0.0000263504 
0.0002501766 -0.0000816087 0.0000263504 
0.0002501766 -0.0000816087 0.0000263504 
0.0002501766 -0.0000816087 0.0000263504 
0.0002501766 -0.0000816087 0.0000263504 
0.0002501766 -0.0000816087 0.0000263504 
0.0002501766 -0.0000816087 0.0000263504 
0.0002501766 -0.0000816087 0.0000263504 
0.0002501766 -0.0000816087 0.0000263504 
0.0002501766 -0.0000816087 0.0000263504 
0.0002501766 -0.0000816087 0.0000263504 
0.0002501766 -0.0000816087 0.0000263504 
0.0002501766 -0.0000816087 0.0000263504 
0.0002501766 -0.0000816087 0.0000263504 
0.0002501766 -0.0000816087 0.0000263504 
0.0002501766 -0.0000816087 0.0000263504 
0.0002501766 -0.0000816087 0.0000263504 
0.0002501766 -0.0000816087 0.0000263504 
0.0002501766 -0.0000816087 0.0000263504 
0.0002501766 -0.0000816087 0.0000263504 
0.0002501766 -0.0000816087 0.0000263504 
0.0002501766 -0.0000816087 0.0000263504 
0.0002501766 -0.0000816087 0.0000263504 
0.0002501766 -0.0000816087 0.0000263504 
0.0002501766 -0.0000816087 0.0000263504 
0.0002501766 -0.0000816087 0.0000263504 
0.0002501766 -0.0000816087 0.0000263504 
0.0002501766 -0.0000816087 0.0000263504 
0.0002501766 -0.0000816087 0.0000263504 
0.0002501766 -0.0000816087 0.0000263504 
0.0002501766 -0.0000816087 0.0000263504 
0.0002501766 -0.0000816087 0.0000263504 
0.0002501766 -0.0000816087 0.0000263504 
0.0002501766 -0.0000816087 0.0000263504 
0.0002501766 -0.0000816087 0.0000263504 
0.0002501766 -0.0000816087 0.0000263504 
0.0002501766 -0.0000816087 0.0000263504 
0.0002501766 -0.0000816087 0.0000263504 
0.0002501766 -0.0000816087 0.0000263504 
0.0002501766 -0.0000816087 0.0000263504 
0.0002501766 -0.0000816087 0.0000263504 
0.0002501766 -0.0000816087 0.0000263504 
0.0002501766 -0.0000816087 0.0000263504 
0.0002501766 -0.0000816087 0.0000263504 
0.0002501766 -0.0000816087 0.0000263504 
0.0002501766 -0.0000816087 0.0000263504 
0.0002501766 -0.0000816087 0.0000263504 
0.0002501766 -0.0000816087 0.0000263504 
0.0002501766 -0.0000816087 0.0000263504 
0.0002501766 -0.0000816087 0.0000263504 
0.0002501766 -0.0000816087 0.0000263504 
0.0002501766 -0.0000816087 0.0000263504 
0.0002501766 -0.0000816087 0.0000263504 
0.0002501766 -0.0000816087 0.0000263504 
0.0002501766 -0.0000816087 0.0000263504 
0.0002501766 -0.0000816087 0.0000263504 
0.0002501766 -0.0000816087 0.0000263504 
0.0002501766 -0.0000816087 0.0000263504 
0.0002501766 -0.0000816087 0.0000263504 
0.0002501766 -0.0000816087 0.0000263504 
0.0002501766 -0.0000816087 0.0000263504 
0.0002501766 -0.0000816087 0.0000263504 
0.0002501766 -0.0000816087 0.0000263504 
0.0002501766 -0.0000816087 0.0000263504 
0.0002501766 -0.0000816087 0.0000263504 
0.0002501766 -0.0000816087 0.0000263504 
0.0002501766 -0.0000816087 0.0000263504 
0.0002501766 -0.0000816087 0.0000263504 
0.0002501766 -0.0000816087 0.0000263504 
0.0002501766 -0.0000816087 0.0000263504 
0.0002501766 -0.0000816087 0.0000263504 
0.0002501766 -0.0000816087 0.0000263504 
0.0002501766 -0.0000816087 0.0000263504 
0.0002501766 -0.0000816087 0.0000263504 
0.0002501766 -0.0000816087 0.0000263504 
0.0002501766 -0.0000816087 0.0000263504 
0.0002501766 -0.0000816087 0.0000263504 
0.0002501766 -0.0000816087 0.0000263504 
0.0002501766 -0.0000816087 0.0000263504 
0.0002501766 -0.0000816087 0.0000263504 
0.0002501766 -0.0000816087 0.0000263504 
0.0002501766 -0.0000816087 0.0000263504 
0.0002501766 -0.0000816087 0.0000263504 
0.0002501766 -0.0000816087 0.0000263504 
0.0002501766 -0.0000816087 0.0000263504 
0.0002501766 -0.0000816087 0.0000263504 
0.0002501766 -0.0000816087 0.0000263504 
0.0002501766 -0.0000816087 0.0000263504 
0.0002501766 -0.0000816087 0.0000263504 
0.0002501766 -0.0000816087 0.0000263504 
0.0002501766 -0.0000816087 0.0000263504 
0.0002501766 -0.0000816087 0.0000263504 
0.0002501766 -0.0000816087 0.0000263504 
