0.0000016497 0.0000016071 0.0000030665 
0.0000016529 0.0000016050 0.0000030585 
0.0000016560 0.0000016029 0.0000030506 
0.0000016590 0.0000016009 0.0000030427 
0.0000016618 0.0000015989 0.0000030348 
0.0000016647 0.0000015969 0.0000030269 
0.0000016674 0.0000015950 0.0000030190 
0.0000016700 0.0000015931 0.0000030112 
0.0000016726 0.0000015912 0.0000030034 
0.0000016751 0.0000015894 0.0000029955 
0.0000016775 0.0000015876 0.0000029877 
0.0000016799 0.0000015858 0.0000029800 
0.0000016822 0.0000015840 0.0000029722 
0.0000016844 0.0000015822 0.0000029644 
0.0000016866 0.0000015805 0.0000029567 
0.0000016887 0.0000015788 0.0000029489 
0.0000016907 0.0000015771 0.0000029412 
0.0000016927 0.0000015754 0.0000029335 
0.0000016946 0.0000015737 0.0000029257 
0.0000016964 0.0000015721 0.0000029181 
0.0000016982 0.0000015705 0.0000029104 
0.0000017000 0.0000015688 0.0000029027 
0.0000017016 0.0000015672 0.0000028950 
0.0000017033 0.0000015657 0.0000028874 
0.0000017048 0.0000015641 0.0000028797 
0.0000017063 0.0000015625 0.0000028721 
0.0000017078 0.0000015610 0.0000028645 
0.0000017092 0.0000015594 0.0000028568 
0.0000017106 0.0000015579 0.0000028492 
0.0000017119 0.0000015564 0.0000028416 
0.0000017132 0.0000015549 0.0000028340 
0.0000017144 0.0000015534 0.0000028264 
0.0000017156 0.0000015519 0.0000028188 
0.0000017168 0.0000015504 0.0000028113 
0.0000017179 0.0000015490 0.0000028037 
0.0000017190 0.0000015475 0.0000027962 
0.0000017201 0.0000015461 0.0000027886 
0.0000017211 0.0000015447 0.0000027811 
0.0000017221 0.0000015433 0.0000027736 
0.0000017232 0.0000015419 0.0000027661 
0.0000017242 0.0000015405 0.0000027586 
0.0000017252 0.0000015391 0.0000027511 
0.0000017262 0.0000015378 0.0000027437 
0.0000017272 0.0000015365 0.0000027362 
0.0000017282 0.0000015352 0.0000027288 
0.0000017291 0.0000015339 0.0000027213 
0.0000017301 0.0000015326 0.0000027139 
0.0000017310 0.0000015313 0.0000027065 
0.0000017319 0.0000015300 0.0000026990 
0.0000017328 0.0000015288 0.0000026916 
0.0000017336 0.0000015275 0.0000026842 
0.0000017345 0.0000015263 0.0000026768 
0.0000017353 0.0000015251 0.0000026695 
0.0000017361 0.0000015239 0.0000026621 
0.0000017369 0.0000015227 0.0000026547 
0.0000017377 0.0000015215 0.0000026473 
0.0000017384 0.0000015204 0.0000026399 
0.0000017392 0.0000015192 0.0000026326 
0.0000017399 0.0000015181 0.0000026252 
0.0000017406 0.0000015170 0.0000026178 
0.0000017413 0.0000015159 0.0000026104 
0.0000017420 0.0000015148 0.0000026030 
0.0000017426 0.0000015137 0.0000025956 
0.0000017432 0.0000015126 0.0000025883 
0.0000017438 0.0000015116 0.0000025809 
0.0000017443 0.0000015105 0.0000025735 
0.0000017448 0.0000015095 0.0000025661 
0.0000017453 0.0000015085 0.0000025588 
0.0000017458 0.0000015074 0.0000025514 
0.0000017463 0.0000015065 0.0000025441 
0.0000017467 0.0000015055 0.0000025367 
0.0000017471 0.0000015045 0.0000025294 
0.0000017475 0.0000015036 0.0000025220 
0.0000017479 0.0000015026 0.0000025147 
0.0000017483 0.0000015017 0.0000025075 
0.0000017487 0.0000015009 0.0000025002 
0.0000017493 0.0000015000 0.0000024930 
0.0000017498 0.0000014992 0.0000024858 
0.0000017504 0.0000014984 0.0000024786 
0.0000017510 0.0000014975 0.0000024714 
0.0000017516 0.0000014968 0.0000024643 
0.0000017522 0.0000014960 0.0000024571 
0.0000017529 0.0000014952 0.0000024500 
0.0000017535 0.0000014945 0.0000024429 
0.0000017542 0.0000014937 0.0000024358 
0.0000017548 0.0000014929 0.0000024288 
0.0000017554 0.0000014922 0.0000024217 
0.0000017560 0.0000014914 0.0000024147 
0.0000017566 0.0000014906 0.0000024077 
0.0000017572 0.0000014899 0.0000024008 
0.0000017578 0.0000014891 0.0000023938 
0.0000017584 0.0000014883 0.0000023869 
0.0000017590 0.0000014876 0.0000023801 
0.0000017596 0.0000014868 0.0000023732 
0.0000017602 0.0000014860 0.0000023665 
0.0000017608 0.0000014852 0.0000023598 
0.0000017614 0.0000014844 0.0000023531 
0.0000017620 0.0000014837 0.0000023465 
0.0000017626 0.0000014830 0.0000023399 
0.0000017631 0.0000014823 0.0000023334 
0.0000017636 0.0000014816 0.0000023269 
0.0000017640 0.0000014809 0.0000023204 
0.0000017644 0.0000014802 0.0000023140 
0.0000017648 0.0000014795 0.0000023076 
0.0000017651 0.0000014788 0.0000023012 
0.0000017654 0.0000014781 0.0000022948 
0.0000017657 0.0000014775 0.0000022884 
0.0000017660 0.0000014768 0.0000022821 
0.0000017662 0.0000014761 0.0000022757 
0.0000017660 0.0000014755 0.0000022692 
0.0000017658 0.0000014748 0.0000022628 
0.0000017657 0.0000014741 0.0000022566 
0.0000017656 0.0000014734 0.0000022505 
0.0000017656 0.0000014728 0.0000022444 
0.0000017655 0.0000014721 0.0000022384 
0.0000017655 0.0000014714 0.0000022324 
0.0000017654 0.0000014707 0.0000022265 
0.0000017654 0.0000014700 0.0000022207 
0.0000017653 0.0000014693 0.0000022149 
0.0000017652 0.0000014686 0.0000022091 
0.0000017652 0.0000014679 0.0000022034 
0.0000017652 0.0000014672 0.0000021977 
0.0000017651 0.0000014665 0.0000021921 
0.0000017651 0.0000014658 0.0000021864 
0.0000017651 0.0000014651 0.0000021808 
0.0000017651 0.0000014644 0.0000021753 
0.0000017651 0.0000014637 0.0000021697 
0.0000017651 0.0000014630 0.0000021642 
0.0000017652 0.0000014622 0.0000021587 
0.0000017652 0.0000014615 0.0000021532 
0.0000017652 0.0000014607 0.0000021478 
0.0000017652 0.0000014600 0.0000021424 
0.0000017653 0.0000014592 0.0000021370 
0.0000017653 0.0000014584 0.0000021316 
0.0000017653 0.0000014577 0.0000021263 
0.0000017653 0.0000014570 0.0000021209 
0.0000017653 0.0000014562 0.0000021156 
0.0000017652 0.0000014554 0.0000021103 
0.0000017652 0.0000014547 0.0000021050 
0.0000017652 0.0000014539 0.0000020998 
0.0000017651 0.0000014531 0.0000020945 
0.0000017651 0.0000014524 0.0000020893 
0.0000017650 0.0000014516 0.0000020841 
0.0000017650 0.0000014508 0.0000020789 
0.0000017649 0.0000014500 0.0000020737 
0.0000017649 0.0000014492 0.0000020686 
0.0000017648 0.0000014483 0.0000020634 
0.0000017648 0.0000014475 0.0000020583 
0.0000017648 0.0000014466 0.0000020531 
0.0000017647 0.0000014458 0.0000020480 
0.0000017647 0.0000014449 0.0000020429 
0.0000017646 0.0000014441 0.0000020378 
0.0000017646 0.0000014432 0.0000020327 
0.0000017645 0.0000014423 0.0000020276 
0.0000017645 0.0000014414 0.0000020225 
0.0000017644 0.0000014405 0.0000020174 
0.0000017643 0.0000014396 0.0000020124 
0.0000017643 0.0000014387 0.0000020073 
0.0000017640 0.0000014377 0.0000020021 
0.0000017637 0.0000014368 0.0000019970 
0.0000017635 0.0000014359 0.0000019919 
0.0000017633 0.0000014349 0.0000019869 
0.0000017631 0.0000014340 0.0000019819 
0.0000017629 0.0000014330 0.0000019770 
0.0000017628 0.0000014320 0.0000019720 
0.0000017626 0.0000014311 0.0000019671 
0.0000017625 0.0000014301 0.0000019622 
0.0000017623 0.0000014291 0.0000019573 
0.0000017622 0.0000014281 0.0000019524 
0.0000017622 0.0000014271 0.0000019476 
0.0000017621 0.0000014261 0.0000019427 
0.0000017621 0.0000014251 0.0000019379 
0.0000017621 0.0000014241 0.0000019331 
0.0000017621 0.0000014231 0.0000019283 
0.0000017622 0.0000014221 0.0000019236 
0.0000017623 0.0000014211 0.0000019188 
0.0000017623 0.0000014201 0.0000019141 
0.0000017625 0.0000014191 0.0000019094 
0.0000017626 0.0000014181 0.0000019047 
0.0000017627 0.0000014171 0.0000019000 
0.0000017629 0.0000014161 0.0000018953 
0.0000017631 0.0000014151 0.0000018906 
0.0000017632 0.0000014141 0.0000018859 
0.0000017634 0.0000014131 0.0000018813 
0.0000017636 0.0000014121 0.0000018766 
0.0000017638 0.0000014111 0.0000018719 
0.0000017640 0.0000014101 0.0000018673 
0.0000017642 0.0000014092 0.0000018627 
0.0000017645 0.0000014082 0.0000018580 
0.0000017647 0.0000014072 0.0000018534 
0.0000017649 0.0000014062 0.0000018488 
0.0000017651 0.0000014052 0.0000018441 
0.0000017654 0.0000014043 0.0000018395 
0.0000017656 0.0000014033 0.0000018349 
0.0000017658 0.0000014023 0.0000018303 
0.0000017661 0.0000014013 0.0000018257 
0.0000017663 0.0000014004 0.0000018212 
0.0000017665 0.0000013994 0.0000018166 
0.0000017668 0.0000013984 0.0000018120 
0.0000017670 0.0000013975 0.0000018075 
0.0000017673 0.0000013965 0.0000018029 
0.0000017676 0.0000013956 0.0000017984 
0.0000017678 0.0000013946 0.0000017938 
0.0000017681 0.0000013937 0.0000017893 
0.0000017684 0.0000013927 0.0000017848 
0.0000017687 0.0000013918 0.0000017803 
0.0000017690 0.0000013908 0.0000017758 
0.0000017693 0.0000013899 0.0000017713 
0.0000017696 0.0000013889 0.0000017668 
0.0000017699 0.0000013880 0.0000017624 
0.0000017702 0.0000013871 0.0000017579 
0.0000017705 0.0000013861 0.0000017534 
0.0000017709 0.0000013852 0.0000017490 
0.0000017711 0.0000013842 0.0000017446 
0.0000017714 0.0000013833 0.0000017401 
0.0000017716 0.0000013824 0.0000017357 
0.0000017719 0.0000013815 0.0000017313 
0.0000017721 0.0000013806 0.0000017269 
0.0000017723 0.0000013796 0.0000017225 
0.0000017724 0.0000013787 0.0000017181 
0.0000017726 0.0000013778 0.0000017137 
0.0000017728 0.0000013769 0.0000017093 
0.0000017729 0.0000013760 0.0000017050 
0.0000017731 0.0000013751 0.0000017007 
0.0000017732 0.0000013742 0.0000016964 
0.0000017734 0.0000013733 0.0000016921 
0.0000017734 0.0000013724 0.0000016877 
0.0000017735 0.0000013716 0.0000016835 
0.0000017736 0.0000013707 0.0000016792 
0.0000017736 0.0000013698 0.0000016749 
0.0000017737 0.0000013690 0.0000016707 
0.0000017737 0.0000013681 0.0000016665 
0.0000017737 0.0000013672 0.0000016623 
0.0000017737 0.0000013664 0.0000016581 
0.0000017737 0.0000013656 0.0000016539 
0.0000017736 0.0000013647 0.0000016497 
0.0000017735 0.0000013639 0.0000016456 
0.0000017735 0.0000013631 0.0000016414 
0.0000017734 0.0000013622 0.0000016373 
0.0000017733 0.0000013614 0.0000016332 
0.0000017732 0.0000013606 0.0000016291 
0.0000017731 0.0000013598 0.0000016250 
0.0000017730 0.0000013590 0.0000016210 
0.0000017729 0.0000013582 0.0000016169 
0.0000017728 0.0000013574 0.0000016129 
0.0000017727 0.0000013566 0.0000016089 
0.0000017726 0.0000013558 0.0000016049 
0.0000017724 0.0000013550 0.0000016009 
0.0000017723 0.0000013542 0.0000015969 
0.0000017722 0.0000013535 0.0000015930 
0.0000017720 0.0000013527 0.0000015890 
0.0000017719 0.0000013519 0.0000015851 
0.0000017717 0.0000013511 0.0000015811 
0.0000017716 0.0000013504 0.0000015772 
0.0000017714 0.0000013496 0.0000015733 
0.0000017713 0.0000013488 0.0000015694 
0.0000017711 0.0000013481 0.0000015655 
0.0000017709 0.0000013473 0.0000015616 
0.0000017707 0.0000013466 0.0000015578 
0.0000017704 0.0000013458 0.0000015539 
0.0000017702 0.0000013450 0.0000015500 
0.0000017700 0.0000013443 0.0000015462 
0.0000017697 0.0000013435 0.0000015423 
0.0000017695 0.0000013428 0.0000015385 
0.0000017692 0.0000013421 0.0000015346 
0.0000017689 0.0000013413 0.0000015308 
0.0000017686 0.0000013406 0.0000015270 
0.0000017683 0.0000013398 0.0000015232 
0.0000017680 0.0000013391 0.0000015194 
0.0000017677 0.0000013384 0.0000015156 
0.0000017674 0.0000013376 0.0000015118 
0.0000017670 0.0000013369 0.0000015081 
0.0000017667 0.0000013362 0.0000015043 
0.0000017664 0.0000013354 0.0000015006 
0.0000017660 0.0000013347 0.0000014968 
0.0000017657 0.0000013340 0.0000014931 
0.0000017653 0.0000013333 0.0000014894 
0.0000017650 0.0000013326 0.0000014857 
0.0000017646 0.0000013319 0.0000014820 
0.0000017642 0.0000013312 0.0000014783 
0.0000017638 0.0000013305 0.0000014746 
0.0000017635 0.0000013298 0.0000014710 
0.0000017631 0.0000013291 0.0000014673 
0.0000017627 0.0000013284 0.0000014636 
0.0000017622 0.0000013277 0.0000014600 
0.0000017618 0.0000013270 0.0000014564 
0.0000017614 0.0000013263 0.0000014527 
0.0000017609 0.0000013256 0.0000014491 
0.0000017604 0.0000013249 0.0000014455 
0.0000017600 0.0000013242 0.0000014419 
0.0000017595 0.0000013235 0.0000014383 
0.0000017590 0.0000013228 0.0000014347 
0.0000017585 0.0000013221 0.0000014311 
0.0000017580 0.0000013214 0.0000014276 
0.0000017574 0.0000013207 0.0000014240 
0.0000017569 0.0000013200 0.0000014205 
0.0000017563 0.0000013193 0.0000014169 
0.0000017558 0.0000013186 0.0000014134 
0.0000017552 0.0000013179 0.0000014099 
0.0000017546 0.0000013172 0.0000014064 
0.0000017540 0.0000013165 0.0000014028 
0.0000017534 0.0000013158 0.0000013993 
0.0000017528 0.0000013151 0.0000013958 
0.0000017522 0.0000013144 0.0000013924 
0.0000017516 0.0000013137 0.0000013889 
0.0000017510 0.0000013130 0.0000013854 
0.0000017503 0.0000013123 0.0000013819 
0.0000017496 0.0000013116 0.0000013784 
0.0000017490 0.0000013109 0.0000013750 
0.0000017483 0.0000013102 0.0000013715 
0.0000017476 0.0000013095 0.0000013681 
0.0000017469 0.0000013088 0.0000013646 
0.0000017461 0.0000013080 0.0000013612 
0.0000017454 0.0000013073 0.0000013577 
0.0000017447 0.0000013066 0.0000013543 
0.0000017439 0.0000013059 0.0000013508 
0.0000017432 0.0000013051 0.0000013474 
0.0000017424 0.0000013044 0.0000013439 
0.0000017416 0.0000013036 0.0000013405 
0.0000017408 0.0000013029 0.0000013371 
0.0000017400 0.0000013022 0.0000013336 
0.0000017392 0.0000013014 0.0000013302 
0.0000017384 0.0000013007 0.0000013268 
0.0000017376 0.0000012999 0.0000013234 
0.0000017367 0.0000012992 0.0000013200 
0.0000017359 0.0000012984 0.0000013165 
0.0000017350 0.0000012977 0.0000013131 
0.0000017341 0.0000012969 0.0000013097 
0.0000017333 0.0000012962 0.0000013063 
0.0000017324 0.0000012954 0.0000013029 
0.0000017315 0.0000012946 0.0000012995 
0.0000017305 0.0000012939 0.0000012961 
0.0000017296 0.0000012931 0.0000012927 
0.0000017287 0.0000012923 0.0000012893 
0.0000017278 0.0000012915 0.0000012859 
0.0000017268 0.0000012908 0.0000012825 
0.0000017259 0.0000012900 0.0000012791 
0.0000017249 0.0000012892 0.0000012757 
0.0000017240 0.0000012884 0.0000012723 
0.0000017230 0.0000012876 0.0000012689 
0.0000017220 0.0000012868 0.0000012656 
0.0000017211 0.0000012860 0.0000012622 
0.0000017201 0.0000012852 0.0000012588 
0.0000017191 0.0000012844 0.0000012554 
0.0000017181 0.0000012836 0.0000012521 
0.0000017171 0.0000012828 0.0000012487 
0.0000017160 0.0000012820 0.0000012453 
0.0000017150 0.0000012812 0.0000012420 
0.0000017140 0.0000012804 0.0000012386 
0.0000017129 0.0000012795 0.0000012352 
0.0000017119 0.0000012787 0.0000012319 
0.0000017109 0.0000012779 0.0000012285 
0.0000017098 0.0000012770 0.0000012252 
0.0000017088 0.0000012762 0.0000012218 
0.0000017077 0.0000012753 0.0000012185 
0.0000017066 0.0000012745 0.0000012151 
0.0000017056 0.0000012736 0.0000012118 
0.0000017045 0.0000012728 0.0000012085 
0.0000017033 0.0000012719 0.0000012051 
0.0000017022 0.0000012711 0.0000012018 
0.0000017011 0.0000012702 0.0000011985 
0.0000016999 0.0000012694 0.0000011951 
0.0000016987 0.0000012686 0.0000011918 
0.0000016975 0.0000012678 0.0000011885 
0.0000016963 0.0000012669 0.0000011852 
0.0000016951 0.0000012661 0.0000011819 
0.0000016939 0.0000012653 0.0000011786 
0.0000016927 0.0000012645 0.0000011753 
0.0000016914 0.0000012636 0.0000011720 
0.0000016902 0.0000012628 0.0000011687 
0.0000016889 0.0000012620 0.0000011654 
0.0000016877 0.0000012612 0.0000011622 
0.0000016865 0.0000012604 0.0000011589 
0.0000016852 0.0000012595 0.0000011556 
0.0000016840 0.0000012587 0.0000011524 
0.0000016828 0.0000012579 0.0000011491 
0.0000016815 0.0000012571 0.0000011458 
0.0000016803 0.0000012562 0.0000011426 
0.0000016791 0.0000012554 0.0000011393 
0.0000016779 0.0000012546 0.0000011361 
0.0000016766 0.0000012537 0.0000011328 
0.0000016754 0.0000012529 0.0000011295 
0.0000016742 0.0000012520 0.0000011263 
0.0000016730 0.0000012512 0.0000011230 
0.0000016717 0.0000012503 0.0000011198 
0.0000016705 0.0000012495 0.0000011165 
0.0000016692 0.0000012486 0.0000011133 
0.0000016679 0.0000012478 0.0000011100 
0.0000016666 0.0000012470 0.0000011068 
0.0000016653 0.0000012462 0.0000011036 
0.0000016640 0.0000012453 0.0000011004 
0.0000016626 0.0000012445 0.0000010972 
0.0000016613 0.0000012437 0.0000010940 
0.0000016599 0.0000012429 0.0000010908 
0.0000016586 0.0000012421 0.0000010876 
0.0000016572 0.0000012413 0.0000010844 
0.0000016558 0.0000012405 0.0000010812 
0.0000016544 0.0000012397 0.0000010780 
0.0000016530 0.0000012388 0.0000010748 
0.0000016516 0.0000012380 0.0000010716 
0.0000016502 0.0000012372 0.0000010685 
0.0000016489 0.0000012364 0.0000010653 
0.0000016475 0.0000012356 0.0000010621 
0.0000016461 0.0000012347 0.0000010589 
0.0000016447 0.0000012339 0.0000010558 
0.0000016433 0.0000012331 0.0000010526 
0.0000016419 0.0000012322 0.0000010495 
0.0000016406 0.0000012314 0.0000010463 
0.0000016392 0.0000012306 0.0000010431 
0.0000016378 0.0000012297 0.0000010400 
0.0000016365 0.0000012288 0.0000010368 
0.0000016352 0.0000012280 0.0000010337 
0.0000016338 0.0000012271 0.0000010305 
0.0000016325 0.0000012262 0.0000010273 
0.0000016312 0.0000012254 0.0000010242 
0.0000016299 0.0000012245 0.0000010210 
0.0000016287 0.0000012236 0.0000010179 
0.0000016274 0.0000012227 0.0000010147 
0.0000016262 0.0000012218 0.0000010115 
0.0000016249 0.0000012209 0.0000010084 
0.0000016237 0.0000012200 0.0000010052 
0.0000016224 0.0000012190 0.0000010021 
0.0000016212 0.0000012181 0.0000009989 
0.0000016200 0.0000012172 0.0000009957 
0.0000016187 0.0000012162 0.0000009926 
0.0000016175 0.0000012153 0.0000009894 
0.0000016163 0.0000012143 0.0000009863 
0.0000016151 0.0000012134 0.0000009832 
0.0000016139 0.0000012124 0.0000009800 
0.0000016127 0.0000012114 0.0000009769 
0.0000016115 0.0000012104 0.0000009738 
0.0000016103 0.0000012094 0.0000009707 
0.0000016092 0.0000012085 0.0000009676 
0.0000016081 0.0000012075 0.0000009645 
0.0000016069 0.0000012065 0.0000009615 
0.0000016058 0.0000012055 0.0000009584 
0.0000016047 0.0000012044 0.0000009554 
0.0000016037 0.0000012034 0.0000009523 
0.0000016027 0.0000012024 0.0000009493 
0.0000016017 0.0000012013 0.0000009463 
0.0000016008 0.0000012002 0.0000009434 
0.0000015999 0.0000011992 0.0000009404 
0.0000015990 0.0000011981 0.0000009374 
0.0000015982 0.0000011969 0.0000009345 
0.0000015973 0.0000011958 0.0000009316 
0.0000015965 0.0000011947 0.0000009287 
0.0000015957 0.0000011935 0.0000009258 
0.0000015950 0.0000011924 0.0000009229 
0.0000015942 0.0000011912 0.0000009201 
0.0000015935 0.0000011900 0.0000009173 
0.0000015928 0.0000011888 0.0000009145 
0.0000015921 0.0000011876 0.0000009117 
0.0000015915 0.0000011863 0.0000009089 
0.0000015909 0.0000011851 0.0000009062 
0.0000015903 0.0000011838 0.0000009035 
0.0000015898 0.0000011826 0.0000009008 
0.0000015893 0.0000011813 0.0000008982 
0.0000015888 0.0000011800 0.0000008956 
0.0000015884 0.0000011787 0.0000008930 
0.0000015880 0.0000011774 0.0000008905 
0.0000015876 0.0000011761 0.0000008879 
0.0000015873 0.0000011748 0.0000008855 
0.0000015871 0.0000011735 0.0000008830 
0.0000015869 0.0000011722 0.0000008806 
0.0000015867 0.0000011708 0.0000008783 
0.0000015866 0.0000011695 0.0000008760 
0.0000015865 0.0000011682 0.0000008737 
0.0000015864 0.0000011668 0.0000008714 
0.0000015864 0.0000011655 0.0000008692 
0.0000015864 0.0000011641 0.0000008670 
0.0000015864 0.0000011628 0.0000008649 
0.0000015864 0.0000011615 0.0000008628 
0.0000015865 0.0000011601 0.0000008607 
0.0000015866 0.0000011588 0.0000008587 
0.0000015866 0.0000011574 0.0000008567 
0.0000015867 0.0000011561 0.0000008548 
0.0000015868 0.0000011547 0.0000008529 
0.0000015869 0.0000011534 0.0000008510 
0.0000015870 0.0000011520 0.0000008491 
0.0000015871 0.0000011507 0.0000008473 
0.0000015873 0.0000011493 0.0000008455 
0.0000015874 0.0000011480 0.0000008438 
0.0000015875 0.0000011467 0.0000008421 
0.0000015876 0.0000011453 0.0000008404 
0.0000015877 0.0000011440 0.0000008387 
0.0000015878 0.0000011427 0.0000008371 
0.0000015879 0.0000011414 0.0000008355 
0.0000015879 0.0000011401 0.0000008340 
0.0000015880 0.0000011388 0.0000008324 
0.0000015881 0.0000011375 0.0000008309 
0.0000015881 0.0000011362 0.0000008294 
0.0000015881 0.0000011350 0.0000008280 
0.0000015881 0.0000011337 0.0000008265 
0.0000015880 0.0000011324 0.0000008251 
0.0000015880 0.0000011312 0.0000008237 
0.0000015879 0.0000011299 0.0000008223 
0.0000015878 0.0000011287 0.0000008210 
0.0000015876 0.0000011275 0.0000008196 
0.0000015874 0.0000011262 0.0000008183 
0.0000015872 0.0000011250 0.0000008170 
0.0000015870 0.0000011238 0.0000008157 
0.0000015867 0.0000011226 0.0000008144 
0.0000015865 0.0000011214 0.0000008132 
0.0000015862 0.0000011202 0.0000008120 
0.0000015859 0.0000011190 0.0000008107 
0.0000015856 0.0000011178 0.0000008095 
0.0000015852 0.0000011167 0.0000008083 
0.0000015848 0.0000011155 0.0000008071 
0.0000015844 0.0000011143 0.0000008060 
0.0000015840 0.0000011131 0.0000008048 
0.0000015836 0.0000011120 0.0000008037 
0.0000015831 0.0000011108 0.0000008025 
0.0000015827 0.0000011097 0.0000008014 
0.0000015822 0.0000011085 0.0000008003 
0.0000015817 0.0000011074 0.0000007992 
0.0000015811 0.0000011062 0.0000007981 
0.0000015806 0.0000011051 0.0000007970 
0.0000015800 0.0000011039 0.0000007960 
0.0000015794 0.0000011028 0.0000007949 
0.0000015788 0.0000011017 0.0000007938 
0.0000015782 0.0000011005 0.0000007928 
0.0000015776 0.0000010994 0.0000007918 
0.0000015770 0.0000010983 0.0000007907 
0.0000015764 0.0000010972 0.0000007897 
0.0000015757 0.0000010960 0.0000007887 
0.0000015751 0.0000010949 0.0000007877 
0.0000015744 0.0000010938 0.0000007867 
0.0000015737 0.0000010927 0.0000007857 
0.0000015731 0.0000010916 0.0000007847 
0.0000015724 0.0000010906 0.0000007837 
0.0000015717 0.0000010895 0.0000007827 
0.0000015710 0.0000010884 0.0000007818 
0.0000015704 0.0000010873 0.0000007808 
0.0000015697 0.0000010863 0.0000007799 
0.0000015690 0.0000010852 0.0000007789 
0.0000015682 0.0000010841 0.0000007779 
0.0000015675 0.0000010831 0.0000007770 
0.0000015667 0.0000010820 0.0000007760 
0.0000015660 0.0000010809 0.0000007750 
0.0000015652 0.0000010799 0.0000007741 
0.0000015645 0.0000010788 0.0000007731 
0.0000015637 0.0000010778 0.0000007722 
0.0000015629 0.0000010768 0.0000007712 
0.0000015621 0.0000010757 0.0000007703 
0.0000015613 0.0000010747 0.0000007694 
0.0000015605 0.0000010737 0.0000007684 
0.0000015597 0.0000010727 0.0000007675 
0.0000015588 0.0000010716 0.0000007666 
0.0000015580 0.0000010706 0.0000007657 
0.0000015571 0.0000010696 0.0000007648 
0.0000015562 0.0000010686 0.0000007638 
0.0000015553 0.0000010676 0.0000007629 
0.0000015544 0.0000010666 0.0000007620 
0.0000015534 0.0000010656 0.0000007611 
0.0000015525 0.0000010646 0.0000007602 
0.0000015515 0.0000010636 0.0000007593 
0.0000015506 0.0000010626 0.0000007584 
0.0000015496 0.0000010616 0.0000007575 
0.0000015486 0.0000010606 0.0000007567 
0.0000015476 0.0000010596 0.0000007558 
0.0000015466 0.0000010586 0.0000007549 
0.0000015456 0.0000010577 0.0000007540 
0.0000015446 0.0000010567 0.0000007531 
0.0000015435 0.0000010557 0.0000007522 
0.0000015425 0.0000010547 0.0000007513 
0.0000015414 0.0000010537 0.0000007504 
0.0000015403 0.0000010528 0.0000007495 
0.0000015393 0.0000010518 0.0000007486 
0.0000015382 0.0000010508 0.0000007477 
0.0000015371 0.0000010498 0.0000007468 
0.0000015360 0.0000010489 0.0000007459 
0.0000015349 0.0000010479 0.0000007450 
0.0000015338 0.0000010470 0.0000007441 
0.0000015327 0.0000010460 0.0000007433 
0.0000015316 0.0000010450 0.0000007424 
0.0000015305 0.0000010441 0.0000007415 
0.0000015294 0.0000010432 0.0000007406 
0.0000015283 0.0000010422 0.0000007397 
0.0000015272 0.0000010413 0.0000007389 
0.0000015261 0.0000010403 0.0000007380 
0.0000015251 0.0000010394 0.0000007371 
0.0000015240 0.0000010385 0.0000007362 
0.0000015229 0.0000010376 0.0000007354 
0.0000015218 0.0000010366 0.0000007345 
0.0000015207 0.0000010357 0.0000007336 
0.0000015196 0.0000010348 0.0000007328 
0.0000015185 0.0000010339 0.0000007319 
0.0000015174 0.0000010329 0.0000007310 
0.0000015164 0.0000010320 0.0000007302 
0.0000015153 0.0000010311 0.0000007293 
0.0000015142 0.0000010301 0.0000007284 
0.0000015132 0.0000010292 0.0000007276 
0.0000015121 0.0000010283 0.0000007267 
0.0000015111 0.0000010273 0.0000007258 
0.0000015100 0.0000010264 0.0000007250 
0.0000015090 0.0000010255 0.0000007241 
0.0000015080 0.0000010246 0.0000007233 
0.0000015070 0.0000010237 0.0000007224 
0.0000015060 0.0000010228 0.0000007216 
0.0000015050 0.0000010219 0.0000007208 
0.0000015040 0.0000010210 0.0000007199 
0.0000015031 0.0000010201 0.0000007191 
0.0000015021 0.0000010192 0.0000007183 
0.0000015012 0.0000010183 0.0000007174 
0.0000015003 0.0000010174 0.0000007166 
0.0000014994 0.0000010165 0.0000007158 
0.0000014985 0.0000010157 0.0000007150 
0.0000014976 0.0000010148 0.0000007142 
0.0000014967 0.0000010139 0.0000007134 
0.0000014959 0.0000010131 0.0000007126 
0.0000014950 0.0000010122 0.0000007118 
0.0000014942 0.0000010114 0.0000007110 
0.0000014934 0.0000010105 0.0000007102 
0.0000014926 0.0000010097 0.0000007094 
0.0000014918 0.0000010088 0.0000007086 
0.0000014910 0.0000010080 0.0000007078 
0.0000014902 0.0000010071 0.0000007070 
0.0000014894 0.0000010063 0.0000007063 
0.0000014886 0.0000010055 0.0000007055 
0.0000014878 0.0000010047 0.0000007047 
0.0000014871 0.0000010038 0.0000007039 
0.0000014863 0.0000010030 0.0000007031 
0.0000014856 0.0000010022 0.0000007023 
0.0000014849 0.0000010014 0.0000007016 
0.0000014841 0.0000010006 0.0000007008 
0.0000014834 0.0000009998 0.0000007000 
0.0000014827 0.0000009990 0.0000006992 
0.0000014820 0.0000009982 0.0000006984 
0.0000014813 0.0000009974 0.0000006977 
0.0000014806 0.0000009966 0.0000006969 
0.0000014799 0.0000009959 0.0000006961 
0.0000014792 0.0000009951 0.0000006953 
0.0000014785 0.0000009943 0.0000006945 
0.0000014779 0.0000009935 0.0000006937 
0.0000014772 0.0000009928 0.0000006930 
0.0000014765 0.0000009920 0.0000006922 
0.0000014759 0.0000009912 0.0000006914 
0.0000014752 0.0000009905 0.0000006906 
0.0000014746 0.0000009897 0.0000006898 
0.0000014740 0.0000009890 0.0000006891 
0.0000014733 0.0000009882 0.0000006883 
0.0000014727 0.0000009875 0.0000006875 
0.0000014721 0.0000009867 0.0000006867 
0.0000014715 0.0000009860 0.0000006860 
0.0000014710 0.0000009852 0.0000006852 
0.0000014704 0.0000009845 0.0000006844 
0.0000014699 0.0000009838 0.0000006837 
0.0000014693 0.0000009831 0.0000006829 
0.0000014688 0.0000009823 0.0000006821 
0.0000014683 0.0000009816 0.0000006814 
0.0000014678 0.0000009809 0.0000006806 
0.0000014674 0.0000009802 0.0000006798 
0.0000014669 0.0000009795 0.0000006791 
0.0000014665 0.0000009789 0.0000006783 
0.0000014661 0.0000009782 0.0000006776 
0.0000014657 0.0000009775 0.0000006768 
0.0000014653 0.0000009768 0.0000006761 
0.0000014650 0.0000009762 0.0000006753 
0.0000014647 0.0000009755 0.0000006746 
0.0000014643 0.0000009748 0.0000006739 
0.0000014640 0.0000009742 0.0000006731 
0.0000014638 0.0000009735 0.0000006724 
0.0000014635 0.0000009729 0.0000006717 
0.0000014633 0.0000009723 0.0000006709 
0.0000014630 0.0000009717 0.0000006702 
0.0000014628 0.0000009710 0.0000006695 
0.0000014626 0.0000009704 0.0000006688 
0.0000014624 0.0000009698 0.0000006681 
0.0000014623 0.0000009692 0.0000006674 
0.0000014621 0.0000009686 0.0000006667 
0.0000014620 0.0000009681 0.0000006660 
0.0000014618 0.0000009675 0.0000006654 
0.0000014617 0.0000009669 0.0000006647 
0.0000014616 0.0000009663 0.0000006640 
0.0000014615 0.0000009658 0.0000006634 
0.0000014615 0.0000009652 0.0000006627 
0.0000014614 0.0000009647 0.0000006621 
0.0000014613 0.0000009641 0.0000006614 
0.0000014613 0.0000009636 0.0000006608 
0.0000014613 0.0000009631 0.0000006602 
0.0000014613 0.0000009625 0.0000006595 
0.0000014612 0.0000009620 0.0000006589 
0.0000014612 0.0000009615 0.0000006583 
0.0000014613 0.0000009610 0.0000006577 
0.0000014613 0.0000009605 0.0000006571 
0.0000014613 0.0000009600 0.0000006565 
0.0000014614 0.0000009595 0.0000006560 
0.0000014614 0.0000009590 0.0000006554 
0.0000014615 0.0000009585 0.0000006548 
0.0000014615 0.0000009581 0.0000006543 
0.0000014616 0.0000009576 0.0000006537 
0.0000014616 0.0000009571 0.0000006532 
0.0000014617 0.0000009567 0.0000006526 
0.0000014618 0.0000009562 0.0000006521 
0.0000014618 0.0000009557 0.0000006516 
0.0000014619 0.0000009553 0.0000006510 
0.0000014620 0.0000009548 0.0000006505 
0.0000014620 0.0000009543 0.0000006500 
0.0000014621 0.0000009539 0.0000006494 
0.0000014621 0.0000009534 0.0000006489 
0.0000014622 0.0000009529 0.0000006484 
0.0000014622 0.0000009525 0.0000006479 
0.0000014623 0.0000009520 0.0000006474 
0.0000014623 0.0000009516 0.0000006468 
0.0000014623 0.0000009511 0.0000006463 
0.0000014623 0.0000009506 0.0000006458 
0.0000014623 0.0000009502 0.0000006453 
0.0000014624 0.0000009497 0.0000006448 
0.0000014624 0.0000009493 0.0000006443 
0.0000014624 0.0000009488 0.0000006438 
0.0000014624 0.0000009484 0.0000006433 
0.0000014623 0.0000009479 0.0000006428 
0.0000014623 0.0000009475 0.0000006423 
0.0000014623 0.0000009470 0.0000006418 
0.0000014623 0.0000009466 0.0000006413 
0.0000014623 0.0000009461 0.0000006408 
0.0000014622 0.0000009457 0.0000006403 
0.0000014622 0.0000009452 0.0000006398 
0.0000014621 0.0000009448 0.0000006393 
0.0000014620 0.0000009443 0.0000006388 
0.0000014620 0.0000009438 0.0000006383 
0.0000014619 0.0000009434 0.0000006378 
0.0000014618 0.0000009429 0.0000006374 
0.0000014617 0.0000009425 0.0000006369 
0.0000014616 0.0000009420 0.0000006364 
0.0000014615 0.0000009416 0.0000006359 
0.0000014614 0.0000009411 0.0000006354 
0.0000014613 0.0000009407 0.0000006349 
0.0000014612 0.0000009402 0.0000006344 
0.0000014611 0.0000009398 0.0000006339 
0.0000014609 0.0000009393 0.0000006335 
0.0000014608 0.0000009388 0.0000006330 
0.0000014607 0.0000009384 0.0000006325 
0.0000014605 0.0000009379 0.0000006320 
0.0000014604 0.0000009375 0.0000006315 
0.0000014602 0.0000009370 0.0000006310 
0.0000014601 0.0000009366 0.0000006305 
0.0000014599 0.0000009361 0.0000006300 
0.0000014597 0.0000009357 0.0000006295 
0.0000014596 0.0000009352 0.0000006291 
0.0000014594 0.0000009348 0.0000006286 
0.0000014592 0.0000009343 0.0000006281 
0.0000014591 0.0000009339 0.0000006276 
0.0000014589 0.0000009335 0.0000006271 
0.0000014587 0.0000009330 0.0000006266 
0.0000014585 0.0000009326 0.0000006262 
0.0000014584 0.0000009321 0.0000006257 
0.0000014582 0.0000009317 0.0000006252 
0.0000014580 0.0000009313 0.0000006247 
0.0000014579 0.0000009308 0.0000006242 
0.0000014577 0.0000009304 0.0000006238 
0.0000014576 0.0000009300 0.0000006233 
0.0000014575 0.0000009296 0.0000006228 
0.0000014574 0.0000009292 0.0000006223 
0.0000014572 0.0000009288 0.0000006219 
0.0000014571 0.0000009284 0.0000006214 
0.0000014571 0.0000009280 0.0000006209 
0.0000014570 0.0000009276 0.0000006205 
0.0000014569 0.0000009272 0.0000006200 
0.0000014568 0.0000009269 0.0000006196 
0.0000014567 0.0000009265 0.0000006191 
0.0000014566 0.0000009261 0.0000006186 
0.0000014566 0.0000009258 0.0000006182 
0.0000014565 0.0000009254 0.0000006178 
0.0000014565 0.0000009251 0.0000006173 
0.0000014564 0.0000009247 0.0000006169 
0.0000014564 0.0000009244 0.0000006165 
0.0000014564 0.0000009241 0.0000006161 
0.0000014564 0.0000009238 0.0000006157 
0.0000014564 0.0000009235 0.0000006153 
0.0000014564 0.0000009232 0.0000006149 
0.0000014565 0.0000009229 0.0000006146 
0.0000014565 0.0000009226 0.0000006142 
0.0000014566 0.0000009223 0.0000006139 
0.0000014566 0.0000009220 0.0000006136 
0.0000014567 0.0000009217 0.0000006134 
0.0000014568 0.0000009214 0.0000006131 
0.0000014569 0.0000009211 0.0000006129 
0.0000014570 0.0000009208 0.0000006127 
0.0000014571 0.0000009205 0.0000006125 
0.0000014572 0.0000009202 0.0000006123 
0.0000014573 0.0000009199 0.0000006121 
0.0000014575 0.0000009196 0.0000006119 
0.0000014576 0.0000009194 0.0000006118 
0.0000014578 0.0000009191 0.0000006116 
0.0000014579 0.0000009188 0.0000006115 
0.0000014581 0.0000009185 0.0000006114 
0.0000014583 0.0000009182 0.0000006113 
0.0000014585 0.0000009180 0.0000006112 
0.0000014587 0.0000009177 0.0000006111 
0.0000014589 0.0000009174 0.0000006110 
0.0000014591 0.0000009172 0.0000006109 
0.0000014593 0.0000009169 0.0000006109 
0.0000014595 0.0000009167 0.0000006108 
0.0000014598 0.0000009164 0.0000006108 
0.0000014600 0.0000009162 0.0000006107 
0.0000014603 0.0000009159 0.0000006107 
0.0000014605 0.0000009157 0.0000006107 
0.0000014608 0.0000009154 0.0000006107 
0.0000014611 0.0000009152 0.0000006106 
0.0000014613 0.0000009149 0.0000006106 
0.0000014616 0.0000009147 0.0000006106 
0.0000014619 0.0000009145 0.0000006106 
0.0000014622 0.0000009142 0.0000006106 
0.0000014625 0.0000009140 0.0000006106 
0.0000014627 0.0000009137 0.0000006106 
0.0000014630 0.0000009135 0.0000006106 
0.0000014633 0.0000009133 0.0000006106 
0.0000014636 0.0000009130 0.0000006107 
0.0000014639 0.0000009128 0.0000006107 
0.0000014642 0.0000009125 0.0000006107 
0.0000014644 0.0000009123 0.0000006108 
0.0000014647 0.0000009120 0.0000006108 
0.0000014650 0.0000009117 0.0000006109 
0.0000014652 0.0000009115 0.0000006110 
0.0000014654 0.0000009112 0.0000006111 
0.0000014656 0.0000009109 0.0000006111 
0.0000014658 0.0000009106 0.0000006112 
0.0000014660 0.0000009102 0.0000006113 
0.0000014662 0.0000009099 0.0000006114 
0.0000014663 0.0000009096 0.0000006115 
0.0000014664 0.0000009093 0.0000006115 
0.0000014665 0.0000009089 0.0000006116 
0.0000014666 0.0000009086 0.0000006117 
0.0000014667 0.0000009082 0.0000006118 
0.0000014668 0.0000009079 0.0000006118 
0.0000014668 0.0000009075 0.0000006119 
0.0000014668 0.0000009071 0.0000006119 
0.0000014668 0.0000009068 0.0000006120 
0.0000014668 0.0000009064 0.0000006120 
0.0000014668 0.0000009060 0.0000006120 
0.0000014667 0.0000009056 0.0000006120 
0.0000014666 0.0000009052 0.0000006120 
0.0000014665 0.0000009048 0.0000006120 
0.0000014664 0.0000009044 0.0000006120 
0.0000014663 0.0000009039 0.0000006120 
0.0000014661 0.0000009035 0.0000006120 
0.0000014660 0.0000009031 0.0000006119 
0.0000014658 0.0000009026 0.0000006119 
0.0000014656 0.0000009022 0.0000006118 
0.0000014653 0.0000009017 0.0000006117 
0.0000014651 0.0000009012 0.0000006116 
0.0000014648 0.0000009007 0.0000006115 
0.0000014645 0.0000009003 0.0000006115 
0.0000014642 0.0000008998 0.0000006114 
0.0000014639 0.0000008993 0.0000006113 
0.0000014636 0.0000008988 0.0000006111 
0.0000014632 0.0000008983 0.0000006110 
0.0000014629 0.0000008978 0.0000006108 
0.0000014625 0.0000008973 0.0000006105 
0.0000014621 0.0000008968 0.0000006103 
0.0000014617 0.0000008963 0.0000006100 
0.0000014613 0.0000008958 0.0000006097 
0.0000014609 0.0000008954 0.0000006093 
0.0000014605 0.0000008949 0.0000006090 
0.0000014601 0.0000008944 0.0000006086 
0.0000014596 0.0000008939 0.0000006083 
0.0000014591 0.0000008934 0.0000006079 
0.0000014586 0.0000008929 0.0000006075 
0.0000014581 0.0000008923 0.0000006072 
0.0000014576 0.0000008918 0.0000006068 
0.0000014571 0.0000008913 0.0000006064 
0.0000014565 0.0000008907 0.0000006060 
0.0000014560 0.0000008902 0.0000006057 
0.0000014554 0.0000008896 0.0000006053 
0.0000014548 0.0000008891 0.0000006049 
0.0000014542 0.0000008885 0.0000006045 
0.0000014535 0.0000008879 0.0000006041 
0.0000014529 0.0000008873 0.0000006037 
0.0000014523 0.0000008868 0.0000006032 
0.0000014516 0.0000008862 0.0000006028 
0.0000014509 0.0000008856 0.0000006024 
0.0000014502 0.0000008850 0.0000006020 
0.0000014495 0.0000008844 0.0000006015 
0.0000014488 0.0000008838 0.0000006011 
0.0000014481 0.0000008832 0.0000006007 
0.0000014474 0.0000008826 0.0000006002 
0.0000014467 0.0000008820 0.0000005998 
0.0000014459 0.0000008813 0.0000005993 
0.0000014452 0.0000008807 0.0000005988 
0.0000014444 0.0000008801 0.0000005984 
0.0000014436 0.0000008795 0.0000005979 
0.0000014429 0.0000008789 0.0000005974 
0.0000014421 0.0000008782 0.0000005969 
0.0000014413 0.0000008776 0.0000005964 
0.0000014405 0.0000008770 0.0000005960 
0.0000014397 0.0000008763 0.0000005955 
0.0000014389 0.0000008757 0.0000005950 
0.0000014381 0.0000008751 0.0000005945 
0.0000014372 0.0000008744 0.0000005940 
0.0000014364 0.0000008738 0.0000005934 
0.0000014356 0.0000008731 0.0000005929 
0.0000014347 0.0000008725 0.0000005924 
0.0000014339 0.0000008718 0.0000005919 
0.0000014330 0.0000008712 0.0000005914 
0.0000014322 0.0000008705 0.0000005908 
0.0000014313 0.0000008699 0.0000005903 
0.0000014304 0.0000008692 0.0000005898 
0.0000014295 0.0000008686 0.0000005892 
0.0000014286 0.0000008679 0.0000005887 
0.0000014278 0.0000008672 0.0000005881 
0.0000014269 0.0000008666 0.0000005876 
0.0000014260 0.0000008659 0.0000005871 
0.0000014251 0.0000008653 0.0000005865 
0.0000014241 0.0000008646 0.0000005860 
0.0000014232 0.0000008640 0.0000005854 
0.0000014223 0.0000008633 0.0000005849 
0.0000014214 0.0000008626 0.0000005843 
0.0000014205 0.0000008620 0.0000005838 
0.0000014196 0.0000008613 0.0000005832 
0.0000014186 0.0000008607 0.0000005827 
0.0000014177 0.0000008600 0.0000005821 
0.0000014168 0.0000008593 0.0000005815 
0.0000014158 0.0000008587 0.0000005810 
0.0000014149 0.0000008580 0.0000005804 
0.0000014140 0.0000008573 0.0000005798 
0.0000014131 0.0000008567 0.0000005793 
0.0000014121 0.0000008560 0.0000005787 
0.0000014112 0.0000008554 0.0000005781 
0.0000014103 0.0000008547 0.0000005776 
0.0000014094 0.0000008541 0.0000005770 
0.0000014085 0.0000008534 0.0000005764 
0.0000014077 0.0000008528 0.0000005759 
0.0000014069 0.0000008522 0.0000005753 
0.0000014061 0.0000008515 0.0000005748 
0.0000014053 0.0000008509 0.0000005742 
0.0000014045 0.0000008503 0.0000005736 
0.0000014037 0.0000008497 0.0000005731 
0.0000014029 0.0000008491 0.0000005725 
0.0000014021 0.0000008485 0.0000005720 
0.0000014013 0.0000008479 0.0000005714 
0.0000014005 0.0000008473 0.0000005708 
0.0000013998 0.0000008467 0.0000005703 
0.0000013990 0.0000008461 0.0000005697 
0.0000013982 0.0000008455 0.0000005691 
0.0000013974 0.0000008449 0.0000005686 
0.0000013966 0.0000008443 0.0000005680 
0.0000013959 0.0000008436 0.0000005675 
0.0000013951 0.0000008430 0.0000005669 
0.0000013943 0.0000008424 0.0000005664 
0.0000013936 0.0000008418 0.0000005658 
0.0000013928 0.0000008412 0.0000005652 
0.0000013921 0.0000008406 0.0000005647 
0.0000013913 0.0000008400 0.0000005641 
0.0000013906 0.0000008394 0.0000005636 
0.0000013898 0.0000008388 0.0000005630 
0.0000013891 0.0000008381 0.0000005625 
0.0000013884 0.0000008375 0.0000005619 
0.0000013876 0.0000008369 0.0000005614 
0.0000013869 0.0000008363 0.0000005608 
0.0000013862 0.0000008357 0.0000005603 
0.0000013855 0.0000008351 0.0000005598 
0.0000013848 0.0000008344 0.0000005592 
0.0000013842 0.0000008338 0.0000005587 
0.0000013835 0.0000008332 0.0000005581 
0.0000013829 0.0000008326 0.0000005576 
0.0000013823 0.0000008320 0.0000005571 
0.0000013816 0.0000008314 0.0000005565 
0.0000013810 0.0000008307 0.0000005560 
0.0000013804 0.0000008301 0.0000005555 
0.0000013798 0.0000008295 0.0000005550 
0.0000013792 0.0000008289 0.0000005544 
0.0000013786 0.0000008283 0.0000005539 
0.0000013780 0.0000008277 0.0000005534 
0.0000013775 0.0000008271 0.0000005529 
0.0000013769 0.0000008264 0.0000005524 
0.0000013763 0.0000008258 0.0000005519 
0.0000013757 0.0000008252 0.0000005514 
0.0000013751 0.0000008246 0.0000005509 
0.0000013745 0.0000008240 0.0000005504 
0.0000013739 0.0000008234 0.0000005499 
0.0000013734 0.0000008228 0.0000005494 
0.0000013728 0.0000008222 0.0000005489 
0.0000013722 0.0000008216 0.0000005484 
0.0000013716 0.0000008210 0.0000005479 
0.0000013710 0.0000008204 0.0000005474 
0.0000013704 0.0000008198 0.0000005469 
0.0000013698 0.0000008192 0.0000005465 
0.0000013693 0.0000008186 0.0000005460 
0.0000013687 0.0000008180 0.0000005455 
0.0000013681 0.0000008174 0.0000005450 
0.0000013675 0.0000008168 0.0000005446 
0.0000013669 0.0000008162 0.0000005441 
0.0000013663 0.0000008156 0.0000005436 
0.0000013658 0.0000008150 0.0000005432 
0.0000013652 0.0000008144 0.0000005427 
