0.0000002215 -0.0000002342 0.0000007747 
0.0000002260 -0.0000002259 0.0000007637 
0.0000002304 -0.0000002179 0.0000007529 
0.0000002347 -0.0000002102 0.0000007422 
0.0000002389 -0.0000002027 0.0000007316 
0.0000002430 -0.0000001955 0.0000007211 
0.0000002469 -0.0000001885 0.0000007107 
0.0000002506 -0.0000001817 0.0000007005 
0.0000002542 -0.0000001750 0.0000006903 
0.0000002577 -0.0000001686 0.0000006802 
0.0000002611 -0.0000001623 0.0000006702 
0.0000002643 -0.0000001562 0.0000006603 
0.0000002674 -0.0000001502 0.0000006505 
0.0000002704 -0.0000001444 0.0000006408 
0.0000002732 -0.0000001387 0.0000006311 
0.0000002760 -0.0000001331 0.0000006215 
0.0000002786 -0.0000001277 0.0000006120 
0.0000002811 -0.0000001224 0.0000006026 
0.0000002835 -0.0000001172 0.0000005932 
0.0000002857 -0.0000001121 0.0000005839 
0.0000002879 -0.0000001071 0.0000005747 
0.0000002900 -0.0000001022 0.0000005656 
0.0000002919 -0.0000000974 0.0000005565 
0.0000002938 -0.0000000927 0.0000005475 
0.0000002955 -0.0000000882 0.0000005385 
0.0000002971 -0.0000000837 0.0000005296 
0.0000002987 -0.0000000793 0.0000005208 
0.0000003002 -0.0000000750 0.0000005120 
0.0000003015 -0.0000000707 0.0000005033 
0.0000003028 -0.0000000666 0.0000004947 
0.0000003040 -0.0000000625 0.0000004861 
0.0000003052 -0.0000000585 0.0000004776 
0.0000003062 -0.0000000546 0.0000004692 
0.0000003072 -0.0000000508 0.0000004608 
0.0000003082 -0.0000000470 0.0000004525 
0.0000003091 -0.0000000433 0.0000004443 
0.0000003099 -0.0000000396 0.0000004361 
0.0000003107 -0.0000000360 0.0000004280 
0.0000003114 -0.0000000325 0.0000004200 
0.0000003122 -0.0000000290 0.0000004121 
0.0000003129 -0.0000000256 0.0000004042 
0.0000003135 -0.0000000222 0.0000003963 
0.0000003141 -0.0000000189 0.0000003886 
0.0000003147 -0.0000000156 0.0000003809 
0.0000003152 -0.0000000124 0.0000003733 
0.0000003157 -0.0000000093 0.0000003657 
0.0000003162 -0.0000000061 0.0000003582 
0.0000003166 -0.0000000031 0.0000003508 
0.0000003170 -0.0000000001 0.0000003434 
0.0000003173 0.0000000029 0.0000003361 
0.0000003176 0.0000000058 0.0000003288 
0.0000003179 0.0000000086 0.0000003216 
0.0000003181 0.0000000115 0.0000003145 
0.0000003183 0.0000000142 0.0000003074 
0.0000003185 0.0000000170 0.0000003004 
0.0000003187 0.0000000196 0.0000002935 
0.0000003188 0.0000000223 0.0000002866 
0.0000003189 0.0000000249 0.0000002798 
0.0000003190 0.0000000274 0.0000002730 
0.0000003190 0.0000000299 0.0000002663 
0.0000003190 0.0000000324 0.0000002596 
0.0000003190 0.0000000348 0.0000002530 
0.0000003189 0.0000000372 0.0000002464 
0.0000003188 0.0000000396 0.0000002399 
0.0000003187 0.0000000419 0.0000002335 
0.0000003185 0.0000000441 0.0000002271 
0.0000003183 0.0000000464 0.0000002207 
0.0000003181 0.0000000486 0.0000002145 
0.0000003179 0.0000000507 0.0000002082 
0.0000003177 0.0000000528 0.0000002021 
0.0000003174 0.0000000549 0.0000001959 
0.0000003171 0.0000000570 0.0000001899 
0.0000003169 0.0000000590 0.0000001839 
0.0000003166 0.0000000611 0.0000001780 
0.0000003163 0.0000000630 0.0000001722 
0.0000003161 0.0000000650 0.0000001664 
0.0000003160 0.0000000670 0.0000001607 
0.0000003158 0.0000000689 0.0000001551 
0.0000003157 0.0000000708 0.0000001495 
0.0000003157 0.0000000727 0.0000001441 
0.0000003156 0.0000000745 0.0000001386 
0.0000003156 0.0000000763 0.0000001333 
0.0000003156 0.0000000781 0.0000001280 
0.0000003156 0.0000000799 0.0000001228 
0.0000003156 0.0000000816 0.0000001176 
0.0000003156 0.0000000833 0.0000001125 
0.0000003156 0.0000000849 0.0000001075 
0.0000003156 0.0000000865 0.0000001026 
0.0000003157 0.0000000880 0.0000000977 
0.0000003157 0.0000000895 0.0000000929 
0.0000003157 0.0000000910 0.0000000881 
0.0000003157 0.0000000924 0.0000000835 
0.0000003157 0.0000000938 0.0000000789 
0.0000003157 0.0000000951 0.0000000744 
0.0000003158 0.0000000964 0.0000000700 
0.0000003159 0.0000000977 0.0000000657 
0.0000003159 0.0000000990 0.0000000616 
0.0000003160 0.0000001002 0.0000000575 
0.0000003160 0.0000001014 0.0000000535 
0.0000003160 0.0000001026 0.0000000497 
0.0000003160 0.0000001038 0.0000000459 
0.0000003160 0.0000001049 0.0000000422 
0.0000003160 0.0000001059 0.0000000386 
0.0000003160 0.0000001059 0.0000000386 
0.0000003160 0.0000001059 0.0000000386 
0.0000003160 0.0000001059 0.0000000386 
0.0000003160 0.0000001059 0.0000000386 
0.0000003160 0.0000001059 0.0000000386 
0.0000003160 0.0000001059 0.0000000386 
0.0000003160 0.0000001059 0.0000000386 
0.0000003160 0.0000001059 0.0000000386 
0.0000003160 0.0000001059 0.0000000386 
0.0000003160 0.0000001059 0.0000000386 
0.0000003160 0.0000001059 0.0000000386 
0.0000003159 0.0000001067 0.0000000361 
0.0000003159 0.0000001067 0.0000000361 
0.0000003159 0.0000001067 0.0000000361 
0.0000003159 0.0000001067 0.0000000361 
0.0000003159 0.0000001067 0.0000000361 
0.0000003159 0.0000001067 0.0000000361 
0.0000003159 0.0000001067 0.0000000361 
0.0000003159 0.0000001067 0.0000000361 
0.0000003159 0.0000001067 0.0000000361 
0.0000003159 0.0000001067 0.0000000361 
0.0000003159 0.0000001067 0.0000000361 
0.0000003159 0.0000001067 0.0000000361 
0.0000003159 0.0000001067 0.0000000361 
0.0000003159 0.0000001067 0.0000000361 
0.0000003159 0.0000001067 0.0000000361 
0.0000003159 0.0000001067 0.0000000361 
0.0000003159 0.0000001067 0.0000000361 
0.0000003159 0.0000001067 0.0000000361 
0.0000003159 0.0000001067 0.0000000361 
0.0000003159 0.0000001067 0.0000000361 
0.0000003159 0.0000001067 0.0000000361 
0.0000003159 0.0000001067 0.0000000361 
0.0000003159 0.0000001067 0.0000000361 
0.0000003159 0.0000001067 0.0000000361 
0.0000003159 0.0000001067 0.0000000361 
0.0000003159 0.0000001067 0.0000000361 
0.0000003159 0.0000001067 0.0000000361 
0.0000003159 0.0000001067 0.0000000361 
0.0000003159 0.0000001067 0.0000000361 
0.0000003159 0.0000001067 0.0000000361 
0.0000003159 0.0000001067 0.0000000361 
0.0000003152 0.0000001077 0.0000000369 
0.0000003147 0.0000001088 0.0000000377 
0.0000003143 0.0000001097 0.0000000386 
0.0000003140 0.0000001107 0.0000000395 
0.0000003139 0.0000001116 0.0000000404 
0.0000003140 0.0000001124 0.0000000413 
0.0000003142 0.0000001132 0.0000000421 
0.0000003145 0.0000001140 0.0000000429 
0.0000003150 0.0000001147 0.0000000437 
0.0000003156 0.0000001153 0.0000000444 
0.0000003163 0.0000001159 0.0000000451 
0.0000003170 0.0000001165 0.0000000457 
0.0000003178 0.0000001170 0.0000000463 
0.0000003185 0.0000001175 0.0000000467 
0.0000003193 0.0000001180 0.0000000471 
0.0000003201 0.0000001184 0.0000000476 
0.0000003211 0.0000001188 0.0000000480 
0.0000003221 0.0000001192 0.0000000484 
0.0000003231 0.0000001195 0.0000000487 
0.0000003243 0.0000001198 0.0000000491 
0.0000003255 0.0000001201 0.0000000493 
0.0000003267 0.0000001204 0.0000000496 
0.0000003280 0.0000001206 0.0000000498 
0.0000003293 0.0000001209 0.0000000500 
0.0000003307 0.0000001211 0.0000000501 
0.0000003321 0.0000001213 0.0000000502 
0.0000003335 0.0000001214 0.0000000503 
0.0000003350 0.0000001216 0.0000000503 
0.0000003365 0.0000001218 0.0000000503 
0.0000003380 0.0000001219 0.0000000502 
0.0000003396 0.0000001220 0.0000000501 
0.0000003412 0.0000001222 0.0000000500 
0.0000003428 0.0000001223 0.0000000498 
0.0000003445 0.0000001224 0.0000000496 
0.0000003461 0.0000001225 0.0000000494 
0.0000003477 0.0000001227 0.0000000492 
0.0000003494 0.0000001228 0.0000000489 
0.0000003510 0.0000001229 0.0000000486 
0.0000003526 0.0000001230 0.0000000482 
0.0000003543 0.0000001232 0.0000000479 
0.0000003559 0.0000001233 0.0000000475 
0.0000003576 0.0000001235 0.0000000472 
0.0000003592 0.0000001236 0.0000000468 
0.0000003609 0.0000001238 0.0000000464 
0.0000003625 0.0000001239 0.0000000461 
0.0000003642 0.0000001241 0.0000000457 
0.0000003659 0.0000001243 0.0000000453 
0.0000003676 0.0000001245 0.0000000450 
0.0000003692 0.0000001247 0.0000000447 
0.0000003710 0.0000001249 0.0000000444 
0.0000003727 0.0000001252 0.0000000441 
0.0000003744 0.0000001254 0.0000000439 
0.0000003762 0.0000001257 0.0000000437 
0.0000003780 0.0000001260 0.0000000436 
0.0000003798 0.0000001263 0.0000000436 
0.0000003817 0.0000001267 0.0000000436 
0.0000003836 0.0000001271 0.0000000437 
0.0000003855 0.0000001274 0.0000000438 
0.0000003874 0.0000001278 0.0000000440 
0.0000003893 0.0000001283 0.0000000442 
0.0000003913 0.0000001287 0.0000000445 
0.0000003933 0.0000001292 0.0000000448 
0.0000003954 0.0000001296 0.0000000452 
0.0000003974 0.0000001301 0.0000000456 
0.0000003996 0.0000001306 0.0000000460 
0.0000004017 0.0000001310 0.0000000464 
0.0000004039 0.0000001315 0.0000000469 
0.0000004061 0.0000001320 0.0000000473 
0.0000004083 0.0000001324 0.0000000477 
0.0000004104 0.0000001329 0.0000000482 
0.0000004125 0.0000001334 0.0000000486 
0.0000004145 0.0000001339 0.0000000491 
0.0000004166 0.0000001344 0.0000000495 
0.0000004187 0.0000001349 0.0000000499 
0.0000004207 0.0000001354 0.0000000503 
0.0000004227 0.0000001359 0.0000000507 
0.0000004247 0.0000001364 0.0000000511 
0.0000004267 0.0000001369 0.0000000514 
0.0000004287 0.0000001374 0.0000000518 
0.0000004307 0.0000001379 0.0000000521 
0.0000004326 0.0000001384 0.0000000525 
0.0000004345 0.0000001389 0.0000000527 
0.0000004364 0.0000001393 0.0000000530 
0.0000004382 0.0000001399 0.0000000532 
0.0000004400 0.0000001404 0.0000000534 
0.0000004418 0.0000001409 0.0000000537 
0.0000004436 0.0000001414 0.0000000538 
0.0000004453 0.0000001419 0.0000000540 
0.0000004469 0.0000001425 0.0000000542 
0.0000004485 0.0000001430 0.0000000543 
0.0000004501 0.0000001436 0.0000000544 
0.0000004516 0.0000001441 0.0000000545 
0.0000004531 0.0000001446 0.0000000545 
0.0000004546 0.0000001452 0.0000000546 
0.0000004561 0.0000001457 0.0000000546 
0.0000004576 0.0000001463 0.0000000547 
0.0000004591 0.0000001468 0.0000000547 
0.0000004606 0.0000001474 0.0000000547 
0.0000004621 0.0000001479 0.0000000547 
0.0000004636 0.0000001484 0.0000000547 
0.0000004650 0.0000001490 0.0000000547 
0.0000004664 0.0000001496 0.0000000548 
0.0000004678 0.0000001501 0.0000000548 
0.0000004692 0.0000001507 0.0000000548 
0.0000004705 0.0000001512 0.0000000548 
0.0000004719 0.0000001518 0.0000000548 
0.0000004732 0.0000001524 0.0000000549 
0.0000004745 0.0000001530 0.0000000549 
0.0000004758 0.0000001536 0.0000000550 
0.0000004771 0.0000001542 0.0000000550 
0.0000004783 0.0000001547 0.0000000551 
0.0000004796 0.0000001553 0.0000000553 
0.0000004808 0.0000001560 0.0000000554 
0.0000004820 0.0000001566 0.0000000555 
0.0000004832 0.0000001572 0.0000000557 
0.0000004844 0.0000001578 0.0000000559 
0.0000004855 0.0000001585 0.0000000562 
0.0000004867 0.0000001591 0.0000000564 
0.0000004879 0.0000001597 0.0000000567 
0.0000004890 0.0000001604 0.0000000570 
0.0000004902 0.0000001610 0.0000000573 
0.0000004913 0.0000001617 0.0000000577 
0.0000004925 0.0000001624 0.0000000581 
0.0000004936 0.0000001631 0.0000000585 
0.0000004947 0.0000001637 0.0000000589 
0.0000004957 0.0000001644 0.0000000593 
0.0000004968 0.0000001651 0.0000000598 
0.0000004979 0.0000001658 0.0000000603 
0.0000004989 0.0000001665 0.0000000608 
0.0000005000 0.0000001672 0.0000000613 
0.0000005010 0.0000001679 0.0000000619 
0.0000005021 0.0000001686 0.0000000624 
0.0000005031 0.0000001693 0.0000000629 
0.0000005041 0.0000001700 0.0000000635 
0.0000005051 0.0000001707 0.0000000640 
0.0000005061 0.0000001714 0.0000000646 
0.0000005071 0.0000001721 0.0000000651 
0.0000005081 0.0000001727 0.0000000656 
0.0000005091 0.0000001734 0.0000000661 
0.0000005100 0.0000001741 0.0000000666 
0.0000005109 0.0000001747 0.0000000671 
0.0000005118 0.0000001753 0.0000000676 
0.0000005127 0.0000001760 0.0000000681 
0.0000005136 0.0000001766 0.0000000686 
0.0000005145 0.0000001772 0.0000000690 
0.0000005154 0.0000001779 0.0000000695 
0.0000005163 0.0000001785 0.0000000699 
0.0000005172 0.0000001791 0.0000000704 
0.0000005181 0.0000001797 0.0000000708 
0.0000005189 0.0000001803 0.0000000712 
0.0000005198 0.0000001809 0.0000000716 
0.0000005206 0.0000001815 0.0000000720 
0.0000005215 0.0000001821 0.0000000724 
0.0000005223 0.0000001827 0.0000000728 
0.0000005232 0.0000001833 0.0000000732 
0.0000005240 0.0000001839 0.0000000736 
0.0000005248 0.0000001845 0.0000000739 
0.0000005256 0.0000001850 0.0000000743 
0.0000005265 0.0000001856 0.0000000746 
0.0000005273 0.0000001862 0.0000000749 
0.0000005280 0.0000001868 0.0000000752 
0.0000005288 0.0000001873 0.0000000755 
0.0000005296 0.0000001879 0.0000000758 
0.0000005303 0.0000001884 0.0000000761 
0.0000005311 0.0000001890 0.0000000764 
0.0000005318 0.0000001895 0.0000000766 
0.0000005326 0.0000001900 0.0000000769 
0.0000005333 0.0000001906 0.0000000771 
0.0000005340 0.0000001911 0.0000000774 
0.0000005347 0.0000001916 0.0000000776 
0.0000005354 0.0000001922 0.0000000778 
0.0000005361 0.0000001927 0.0000000780 
0.0000005368 0.0000001932 0.0000000782 
0.0000005375 0.0000001937 0.0000000784 
0.0000005382 0.0000001942 0.0000000786 
0.0000005388 0.0000001947 0.0000000788 
0.0000005395 0.0000001952 0.0000000790 
0.0000005402 0.0000001957 0.0000000792 
0.0000005409 0.0000001962 0.0000000794 
0.0000005416 0.0000001967 0.0000000796 
0.0000005422 0.0000001972 0.0000000798 
0.0000005429 0.0000001977 0.0000000800 
0.0000005436 0.0000001981 0.0000000802 
0.0000005442 0.0000001986 0.0000000804 
0.0000005449 0.0000001991 0.0000000806 
0.0000005455 0.0000001996 0.0000000808 
0.0000005462 0.0000002000 0.0000000809 
0.0000005468 0.0000002005 0.0000000811 
0.0000005475 0.0000002010 0.0000000813 
0.0000005481 0.0000002014 0.0000000815 
0.0000005488 0.0000002019 0.0000000817 
0.0000005495 0.0000002024 0.0000000820 
0.0000005501 0.0000002028 0.0000000822 
0.0000005508 0.0000002033 0.0000000824 
0.0000005515 0.0000002037 0.0000000826 
0.0000005522 0.0000002042 0.0000000829 
0.0000005529 0.0000002046 0.0000000831 
0.0000005536 0.0000002051 0.0000000833 
0.0000005543 0.0000002055 0.0000000836 
0.0000005551 0.0000002059 0.0000000838 
0.0000005558 0.0000002063 0.0000000840 
0.0000005565 0.0000002067 0.0000000843 
0.0000005572 0.0000002072 0.0000000845 
0.0000005579 0.0000002076 0.0000000848 
0.0000005586 0.0000002080 0.0000000850 
0.0000005593 0.0000002084 0.0000000853 
0.0000005600 0.0000002088 0.0000000856 
0.0000005608 0.0000002092 0.0000000858 
0.0000005615 0.0000002096 0.0000000861 
0.0000005621 0.0000002100 0.0000000864 
0.0000005628 0.0000002104 0.0000000866 
0.0000005634 0.0000002108 0.0000000869 
0.0000005640 0.0000002112 0.0000000872 
0.0000005646 0.0000002116 0.0000000875 
0.0000005651 0.0000002120 0.0000000877 
0.0000005656 0.0000002124 0.0000000880 
0.0000005661 0.0000002128 0.0000000883 
0.0000005666 0.0000002132 0.0000000885 
0.0000005670 0.0000002137 0.0000000888 
0.0000005674 0.0000002141 0.0000000890 
0.0000005678 0.0000002145 0.0000000893 
0.0000005682 0.0000002149 0.0000000896 
0.0000005685 0.0000002153 0.0000000898 
0.0000005689 0.0000002157 0.0000000900 
0.0000005692 0.0000002161 0.0000000903 
0.0000005695 0.0000002165 0.0000000905 
0.0000005698 0.0000002169 0.0000000908 
0.0000005701 0.0000002173 0.0000000910 
0.0000005704 0.0000002178 0.0000000913 
0.0000005707 0.0000002182 0.0000000915 
0.0000005711 0.0000002185 0.0000000918 
0.0000005714 0.0000002189 0.0000000920 
0.0000005717 0.0000002193 0.0000000922 
0.0000005720 0.0000002197 0.0000000924 
0.0000005723 0.0000002200 0.0000000927 
0.0000005726 0.0000002204 0.0000000929 
0.0000005728 0.0000002208 0.0000000931 
0.0000005731 0.0000002211 0.0000000933 
0.0000005733 0.0000002215 0.0000000935 
0.0000005735 0.0000002219 0.0000000938 
0.0000005737 0.0000002222 0.0000000940 
0.0000005738 0.0000002226 0.0000000942 
0.0000005740 0.0000002230 0.0000000944 
0.0000005741 0.0000002234 0.0000000947 
0.0000005742 0.0000002238 0.0000000949 
0.0000005744 0.0000002242 0.0000000952 
0.0000005745 0.0000002245 0.0000000954 
0.0000005746 0.0000002249 0.0000000956 
0.0000005747 0.0000002253 0.0000000959 
0.0000005747 0.0000002257 0.0000000961 
0.0000005748 0.0000002261 0.0000000964 
0.0000005749 0.0000002265 0.0000000966 
0.0000005750 0.0000002268 0.0000000969 
0.0000005751 0.0000002272 0.0000000971 
0.0000005751 0.0000002276 0.0000000974 
0.0000005752 0.0000002279 0.0000000976 
0.0000005753 0.0000002283 0.0000000978 
0.0000005754 0.0000002286 0.0000000981 
0.0000005755 0.0000002290 0.0000000983 
0.0000005756 0.0000002294 0.0000000986 
0.0000005757 0.0000002297 0.0000000988 
0.0000005759 0.0000002301 0.0000000991 
0.0000005760 0.0000002304 0.0000000993 
0.0000005761 0.0000002307 0.0000000996 
0.0000005763 0.0000002311 0.0000000998 
0.0000005764 0.0000002314 0.0000001001 
0.0000005766 0.0000002317 0.0000001003 
0.0000005768 0.0000002321 0.0000001005 
0.0000005770 0.0000002324 0.0000001008 
0.0000005772 0.0000002327 0.0000001010 
0.0000005775 0.0000002330 0.0000001012 
0.0000005777 0.0000002333 0.0000001014 
0.0000005780 0.0000002336 0.0000001017 
0.0000005782 0.0000002339 0.0000001019 
0.0000005785 0.0000002343 0.0000001021 
0.0000005788 0.0000002346 0.0000001023 
0.0000005791 0.0000002349 0.0000001026 
0.0000005794 0.0000002352 0.0000001028 
0.0000005796 0.0000002355 0.0000001030 
0.0000005799 0.0000002357 0.0000001032 
0.0000005802 0.0000002360 0.0000001034 
0.0000005805 0.0000002363 0.0000001036 
0.0000005807 0.0000002366 0.0000001039 
0.0000005810 0.0000002369 0.0000001041 
0.0000005813 0.0000002372 0.0000001043 
0.0000005815 0.0000002375 0.0000001045 
0.0000005818 0.0000002378 0.0000001048 
0.0000005820 0.0000002381 0.0000001050 
0.0000005823 0.0000002384 0.0000001052 
0.0000005825 0.0000002387 0.0000001055 
0.0000005828 0.0000002390 0.0000001057 
0.0000005830 0.0000002392 0.0000001059 
0.0000005832 0.0000002395 0.0000001062 
0.0000005835 0.0000002398 0.0000001064 
0.0000005838 0.0000002400 0.0000001067 
0.0000005841 0.0000002403 0.0000001069 
0.0000005844 0.0000002405 0.0000001072 
0.0000005847 0.0000002408 0.0000001074 
0.0000005850 0.0000002410 0.0000001076 
0.0000005853 0.0000002412 0.0000001079 
0.0000005856 0.0000002414 0.0000001081 
0.0000005858 0.0000002416 0.0000001084 
0.0000005861 0.0000002418 0.0000001086 
0.0000005863 0.0000002420 0.0000001088 
0.0000005865 0.0000002422 0.0000001091 
0.0000005866 0.0000002424 0.0000001093 
0.0000005867 0.0000002425 0.0000001096 
0.0000005868 0.0000002427 0.0000001098 
0.0000005869 0.0000002429 0.0000001100 
0.0000005870 0.0000002430 0.0000001103 
0.0000005870 0.0000002432 0.0000001105 
0.0000005870 0.0000002434 0.0000001107 
0.0000005869 0.0000002435 0.0000001109 
0.0000005869 0.0000002437 0.0000001111 
0.0000005868 0.0000002438 0.0000001113 
0.0000005868 0.0000002439 0.0000001115 
0.0000005867 0.0000002440 0.0000001117 
0.0000005866 0.0000002442 0.0000001119 
0.0000005864 0.0000002443 0.0000001121 
0.0000005863 0.0000002444 0.0000001122 
0.0000005861 0.0000002445 0.0000001124 
0.0000005860 0.0000002446 0.0000001125 
0.0000005858 0.0000002447 0.0000001126 
0.0000005855 0.0000002448 0.0000001128 
0.0000005853 0.0000002449 0.0000001129 
0.0000005851 0.0000002449 0.0000001130 
0.0000005848 0.0000002450 0.0000001131 
0.0000005845 0.0000002451 0.0000001132 
0.0000005842 0.0000002451 0.0000001133 
0.0000005839 0.0000002452 0.0000001133 
0.0000005836 0.0000002452 0.0000001134 
0.0000005832 0.0000002453 0.0000001135 
0.0000005829 0.0000002453 0.0000001135 
0.0000005825 0.0000002454 0.0000001136 
0.0000005821 0.0000002454 0.0000001136 
0.0000005818 0.0000002454 0.0000001137 
0.0000005814 0.0000002455 0.0000001137 
0.0000005810 0.0000002455 0.0000001138 
0.0000005806 0.0000002455 0.0000001138 
0.0000005801 0.0000002455 0.0000001138 
0.0000005797 0.0000002455 0.0000001139 
0.0000005793 0.0000002455 0.0000001139 
0.0000005788 0.0000002455 0.0000001139 
0.0000005784 0.0000002456 0.0000001140 
0.0000005779 0.0000002456 0.0000001140 
0.0000005775 0.0000002456 0.0000001140 
0.0000005770 0.0000002456 0.0000001140 
0.0000005765 0.0000002456 0.0000001141 
0.0000005760 0.0000002456 0.0000001141 
0.0000005755 0.0000002456 0.0000001141 
0.0000005750 0.0000002455 0.0000001142 
0.0000005745 0.0000002455 0.0000001142 
0.0000005740 0.0000002455 0.0000001143 
0.0000005734 0.0000002455 0.0000001143 
0.0000005729 0.0000002455 0.0000001144 
0.0000005724 0.0000002455 0.0000001144 
0.0000005718 0.0000002455 0.0000001145 
0.0000005713 0.0000002454 0.0000001145 
0.0000005708 0.0000002454 0.0000001146 
0.0000005702 0.0000002454 0.0000001146 
0.0000005697 0.0000002453 0.0000001147 
0.0000005692 0.0000002453 0.0000001147 
0.0000005686 0.0000002452 0.0000001148 
0.0000005680 0.0000002452 0.0000001149 
0.0000005675 0.0000002451 0.0000001149 
0.0000005669 0.0000002450 0.0000001150 
0.0000005663 0.0000002450 0.0000001151 
0.0000005657 0.0000002449 0.0000001152 
0.0000005651 0.0000002449 0.0000001153 
0.0000005645 0.0000002448 0.0000001153 
0.0000005639 0.0000002448 0.0000001154 
0.0000005632 0.0000002447 0.0000001155 
0.0000005626 0.0000002447 0.0000001156 
0.0000005619 0.0000002446 0.0000001157 
0.0000005613 0.0000002445 0.0000001158 
0.0000005606 0.0000002445 0.0000001159 
0.0000005600 0.0000002444 0.0000001160 
0.0000005593 0.0000002444 0.0000001162 
0.0000005586 0.0000002443 0.0000001163 
0.0000005580 0.0000002443 0.0000001164 
0.0000005573 0.0000002442 0.0000001165 
0.0000005566 0.0000002441 0.0000001166 
0.0000005559 0.0000002441 0.0000001168 
0.0000005553 0.0000002440 0.0000001169 
0.0000005546 0.0000002440 0.0000001170 
0.0000005539 0.0000002439 0.0000001171 
0.0000005532 0.0000002439 0.0000001173 
0.0000005525 0.0000002438 0.0000001174 
0.0000005518 0.0000002437 0.0000001175 
0.0000005512 0.0000002437 0.0000001176 
0.0000005505 0.0000002436 0.0000001177 
0.0000005498 0.0000002436 0.0000001179 
0.0000005491 0.0000002435 0.0000001180 
0.0000005484 0.0000002434 0.0000001181 
0.0000005477 0.0000002434 0.0000001182 
0.0000005470 0.0000002433 0.0000001183 
0.0000005462 0.0000002433 0.0000001185 
0.0000005455 0.0000002432 0.0000001186 
0.0000005447 0.0000002431 0.0000001187 
0.0000005439 0.0000002431 0.0000001188 
0.0000005432 0.0000002430 0.0000001189 
0.0000005423 0.0000002430 0.0000001191 
0.0000005415 0.0000002429 0.0000001192 
0.0000005407 0.0000002428 0.0000001193 
0.0000005398 0.0000002427 0.0000001194 
0.0000005389 0.0000002427 0.0000001195 
0.0000005380 0.0000002426 0.0000001196 
0.0000005371 0.0000002425 0.0000001197 
0.0000005362 0.0000002425 0.0000001198 
0.0000005353 0.0000002424 0.0000001199 
0.0000005344 0.0000002423 0.0000001200 
0.0000005335 0.0000002422 0.0000001201 
0.0000005325 0.0000002422 0.0000001202 
0.0000005315 0.0000002421 0.0000001203 
0.0000005306 0.0000002420 0.0000001204 
0.0000005296 0.0000002419 0.0000001205 
0.0000005286 0.0000002418 0.0000001205 
0.0000005276 0.0000002417 0.0000001206 
0.0000005266 0.0000002417 0.0000001207 
0.0000005256 0.0000002416 0.0000001208 
0.0000005246 0.0000002415 0.0000001208 
0.0000005235 0.0000002414 0.0000001209 
0.0000005225 0.0000002413 0.0000001209 
0.0000005214 0.0000002412 0.0000001210 
0.0000005204 0.0000002411 0.0000001211 
0.0000005193 0.0000002410 0.0000001211 
0.0000005183 0.0000002409 0.0000001212 
0.0000005172 0.0000002407 0.0000001212 
0.0000005162 0.0000002406 0.0000001213 
0.0000005151 0.0000002405 0.0000001213 
0.0000005140 0.0000002404 0.0000001214 
0.0000005130 0.0000002403 0.0000001214 
0.0000005119 0.0000002402 0.0000001215 
0.0000005109 0.0000002401 0.0000001215 
0.0000005098 0.0000002400 0.0000001216 
0.0000005087 0.0000002399 0.0000001216 
0.0000005077 0.0000002397 0.0000001217 
0.0000005066 0.0000002396 0.0000001217 
0.0000005056 0.0000002395 0.0000001218 
0.0000005046 0.0000002394 0.0000001218 
0.0000005035 0.0000002393 0.0000001219 
0.0000005025 0.0000002391 0.0000001220 
0.0000005015 0.0000002390 0.0000001220 
0.0000005005 0.0000002389 0.0000001221 
0.0000004995 0.0000002388 0.0000001222 
0.0000004985 0.0000002386 0.0000001222 
0.0000004975 0.0000002385 0.0000001223 
0.0000004965 0.0000002384 0.0000001224 
0.0000004956 0.0000002382 0.0000001225 
0.0000004946 0.0000002381 0.0000001226 
0.0000004937 0.0000002380 0.0000001227 
0.0000004927 0.0000002378 0.0000001228 
0.0000004918 0.0000002377 0.0000001229 
0.0000004909 0.0000002376 0.0000001230 
0.0000004900 0.0000002374 0.0000001231 
0.0000004891 0.0000002373 0.0000001232 
0.0000004882 0.0000002372 0.0000001233 
0.0000004873 0.0000002371 0.0000001235 
0.0000004864 0.0000002369 0.0000001236 
0.0000004855 0.0000002368 0.0000001237 
0.0000004847 0.0000002367 0.0000001238 
0.0000004838 0.0000002365 0.0000001240 
0.0000004830 0.0000002364 0.0000001241 
0.0000004821 0.0000002363 0.0000001242 
0.0000004813 0.0000002361 0.0000001243 
0.0000004804 0.0000002360 0.0000001245 
0.0000004796 0.0000002359 0.0000001246 
0.0000004787 0.0000002357 0.0000001247 
0.0000004779 0.0000002356 0.0000001248 
0.0000004771 0.0000002355 0.0000001249 
0.0000004762 0.0000002353 0.0000001250 
0.0000004754 0.0000002352 0.0000001251 
0.0000004745 0.0000002350 0.0000001252 
0.0000004737 0.0000002349 0.0000001253 
0.0000004728 0.0000002347 0.0000001254 
0.0000004720 0.0000002346 0.0000001255 
0.0000004712 0.0000002345 0.0000001256 
0.0000004703 0.0000002343 0.0000001257 
0.0000004695 0.0000002342 0.0000001257 
0.0000004687 0.0000002340 0.0000001258 
0.0000004678 0.0000002339 0.0000001259 
0.0000004670 0.0000002337 0.0000001259 
0.0000004662 0.0000002336 0.0000001259 
0.0000004654 0.0000002334 0.0000001260 
0.0000004645 0.0000002333 0.0000001260 
0.0000004637 0.0000002332 0.0000001261 
0.0000004629 0.0000002330 0.0000001261 
0.0000004621 0.0000002329 0.0000001261 
0.0000004613 0.0000002327 0.0000001261 
0.0000004605 0.0000002326 0.0000001261 
0.0000004598 0.0000002324 0.0000001261 
0.0000004590 0.0000002323 0.0000001261 
0.0000004582 0.0000002321 0.0000001261 
0.0000004575 0.0000002320 0.0000001261 
0.0000004567 0.0000002318 0.0000001261 
0.0000004560 0.0000002317 0.0000001261 
0.0000004552 0.0000002315 0.0000001260 
0.0000004545 0.0000002314 0.0000001260 
0.0000004538 0.0000002313 0.0000001260 
0.0000004531 0.0000002311 0.0000001259 
0.0000004524 0.0000002310 0.0000001259 
0.0000004517 0.0000002308 0.0000001259 
0.0000004510 0.0000002307 0.0000001258 
0.0000004504 0.0000002306 0.0000001258 
0.0000004498 0.0000002304 0.0000001257 
0.0000004491 0.0000002303 0.0000001257 
0.0000004486 0.0000002302 0.0000001256 
0.0000004480 0.0000002301 0.0000001256 
0.0000004475 0.0000002300 0.0000001255 
0.0000004469 0.0000002299 0.0000001255 
0.0000004464 0.0000002298 0.0000001254 
0.0000004459 0.0000002297 0.0000001254 
0.0000004455 0.0000002296 0.0000001253 
0.0000004450 0.0000002295 0.0000001253 
0.0000004446 0.0000002294 0.0000001252 
0.0000004442 0.0000002293 0.0000001252 
0.0000004438 0.0000002292 0.0000001252 
0.0000004434 0.0000002292 0.0000001251 
0.0000004430 0.0000002291 0.0000001251 
0.0000004427 0.0000002290 0.0000001250 
0.0000004424 0.0000002289 0.0000001250 
0.0000004421 0.0000002289 0.0000001250 
0.0000004418 0.0000002288 0.0000001250 
0.0000004415 0.0000002288 0.0000001250 
0.0000004413 0.0000002287 0.0000001250 
0.0000004410 0.0000002286 0.0000001249 
0.0000004408 0.0000002286 0.0000001249 
0.0000004406 0.0000002285 0.0000001249 
0.0000004403 0.0000002285 0.0000001249 
0.0000004402 0.0000002284 0.0000001250 
0.0000004400 0.0000002284 0.0000001250 
0.0000004398 0.0000002284 0.0000001250 
0.0000004396 0.0000002283 0.0000001250 
0.0000004395 0.0000002283 0.0000001250 
0.0000004393 0.0000002283 0.0000001251 
0.0000004392 0.0000002282 0.0000001251 
0.0000004390 0.0000002282 0.0000001251 
0.0000004389 0.0000002282 0.0000001252 
0.0000004388 0.0000002281 0.0000001252 
0.0000004387 0.0000002281 0.0000001253 
0.0000004386 0.0000002281 0.0000001253 
0.0000004385 0.0000002281 0.0000001254 
0.0000004384 0.0000002280 0.0000001255 
0.0000004383 0.0000002280 0.0000001255 
0.0000004382 0.0000002280 0.0000001256 
0.0000004381 0.0000002280 0.0000001257 
0.0000004380 0.0000002279 0.0000001257 
0.0000004379 0.0000002279 0.0000001258 
0.0000004378 0.0000002279 0.0000001259 
0.0000004377 0.0000002278 0.0000001259 
0.0000004375 0.0000002278 0.0000001260 
0.0000004374 0.0000002277 0.0000001260 
0.0000004373 0.0000002277 0.0000001261 
0.0000004371 0.0000002276 0.0000001262 
0.0000004370 0.0000002275 0.0000001262 
0.0000004368 0.0000002275 0.0000001263 
0.0000004366 0.0000002274 0.0000001263 
0.0000004365 0.0000002274 0.0000001264 
0.0000004363 0.0000002273 0.0000001264 
0.0000004361 0.0000002272 0.0000001265 
0.0000004359 0.0000002271 0.0000001265 
0.0000004357 0.0000002271 0.0000001265 
0.0000004355 0.0000002270 0.0000001266 
0.0000004353 0.0000002269 0.0000001266 
0.0000004351 0.0000002268 0.0000001266 
0.0000004348 0.0000002267 0.0000001267 
0.0000004346 0.0000002266 0.0000001267 
0.0000004343 0.0000002266 0.0000001267 
0.0000004341 0.0000002265 0.0000001267 
0.0000004338 0.0000002264 0.0000001267 
0.0000004335 0.0000002263 0.0000001267 
0.0000004333 0.0000002262 0.0000001267 
0.0000004330 0.0000002261 0.0000001267 
0.0000004326 0.0000002259 0.0000001267 
0.0000004323 0.0000002258 0.0000001267 
0.0000004320 0.0000002257 0.0000001267 
0.0000004317 0.0000002256 0.0000001267 
0.0000004313 0.0000002255 0.0000001266 
0.0000004310 0.0000002253 0.0000001266 
0.0000004306 0.0000002252 0.0000001266 
0.0000004303 0.0000002251 0.0000001265 
0.0000004299 0.0000002250 0.0000001265 
0.0000004295 0.0000002248 0.0000001265 
0.0000004292 0.0000002247 0.0000001264 
0.0000004288 0.0000002246 0.0000001263 
0.0000004284 0.0000002244 0.0000001263 
0.0000004280 0.0000002243 0.0000001262 
0.0000004276 0.0000002242 0.0000001261 
0.0000004271 0.0000002240 0.0000001261 
0.0000004267 0.0000002239 0.0000001260 
0.0000004263 0.0000002237 0.0000001259 
0.0000004258 0.0000002236 0.0000001258 
0.0000004254 0.0000002234 0.0000001257 
0.0000004249 0.0000002233 0.0000001256 
0.0000004245 0.0000002231 0.0000001255 
0.0000004240 0.0000002230 0.0000001254 
0.0000004235 0.0000002229 0.0000001253 
0.0000004231 0.0000002227 0.0000001252 
0.0000004226 0.0000002226 0.0000001251 
0.0000004221 0.0000002224 0.0000001250 
0.0000004217 0.0000002223 0.0000001249 
0.0000004212 0.0000002221 0.0000001247 
0.0000004208 0.0000002220 0.0000001246 
0.0000004203 0.0000002219 0.0000001245 
0.0000004199 0.0000002217 0.0000001244 
0.0000004194 0.0000002216 0.0000001242 
0.0000004190 0.0000002215 0.0000001241 
0.0000004186 0.0000002214 0.0000001240 
0.0000004182 0.0000002212 0.0000001238 
0.0000004178 0.0000002211 0.0000001237 
0.0000004174 0.0000002210 0.0000001236 
0.0000004170 0.0000002209 0.0000001234 
0.0000004167 0.0000002208 0.0000001233 
0.0000004163 0.0000002208 0.0000001232 
0.0000004160 0.0000002207 0.0000001231 
0.0000004156 0.0000002206 0.0000001229 
0.0000004153 0.0000002205 0.0000001228 
0.0000004150 0.0000002205 0.0000001227 
0.0000004147 0.0000002204 0.0000001226 
0.0000004145 0.0000002204 0.0000001225 
0.0000004142 0.0000002204 0.0000001223 
0.0000004140 0.0000002204 0.0000001222 
0.0000004138 0.0000002204 0.0000001221 
0.0000004136 0.0000002204 0.0000001221 
0.0000004134 0.0000002204 0.0000001220 
0.0000004133 0.0000002204 0.0000001219 
0.0000004132 0.0000002205 0.0000001219 
0.0000004131 0.0000002206 0.0000001218 
0.0000004131 0.0000002206 0.0000001218 
0.0000004131 0.0000002207 0.0000001218 
0.0000004131 0.0000002208 0.0000001219 
0.0000004131 0.0000002209 0.0000001219 
0.0000004132 0.0000002210 0.0000001220 
0.0000004132 0.0000002211 0.0000001221 
0.0000004134 0.0000002213 0.0000001222 
0.0000004135 0.0000002214 0.0000001223 
0.0000004137 0.0000002216 0.0000001225 
0.0000004138 0.0000002217 0.0000001227 
0.0000004141 0.0000002219 0.0000001228 
0.0000004143 0.0000002221 0.0000001231 
0.0000004145 0.0000002223 0.0000001233 
0.0000004148 0.0000002224 0.0000001235 
0.0000004151 0.0000002226 0.0000001238 
0.0000004154 0.0000002228 0.0000001241 
0.0000004157 0.0000002230 0.0000001244 
0.0000004160 0.0000002232 0.0000001247 
0.0000004164 0.0000002234 0.0000001251 
0.0000004167 0.0000002236 0.0000001254 
0.0000004171 0.0000002238 0.0000001258 
0.0000004175 0.0000002240 0.0000001262 
0.0000004178 0.0000002242 0.0000001266 
0.0000004182 0.0000002244 0.0000001270 
0.0000004186 0.0000002246 0.0000001274 
0.0000004190 0.0000002247 0.0000001278 
0.0000004193 0.0000002249 0.0000001283 
0.0000004197 0.0000002251 0.0000001287 
0.0000004201 0.0000002253 0.0000001292 
0.0000004204 0.0000002255 0.0000001296 
0.0000004208 0.0000002256 0.0000001301 
0.0000004212 0.0000002258 0.0000001306 
0.0000004215 0.0000002260 0.0000001310 
0.0000004219 0.0000002261 0.0000001315 
0.0000004222 0.0000002262 0.0000001320 
0.0000004225 0.0000002264 0.0000001324 
0.0000004228 0.0000002265 0.0000001329 
0.0000004231 0.0000002266 0.0000001334 
0.0000004234 0.0000002268 0.0000001338 
0.0000004237 0.0000002269 0.0000001343 
0.0000004240 0.0000002270 0.0000001348 
0.0000004242 0.0000002270 0.0000001353 
0.0000004244 0.0000002271 0.0000001358 
0.0000004246 0.0000002272 0.0000001362 
0.0000004248 0.0000002272 0.0000001367 
0.0000004249 0.0000002273 0.0000001371 
0.0000004251 0.0000002273 0.0000001376 
0.0000004252 0.0000002273 0.0000001380 
0.0000004252 0.0000002273 0.0000001385 
0.0000004253 0.0000002273 0.0000001389 
0.0000004253 0.0000002273 0.0000001393 
0.0000004253 0.0000002273 0.0000001397 
0.0000004253 0.0000002273 0.0000001401 
0.0000004253 0.0000002273 0.0000001404 
0.0000004252 0.0000002272 0.0000001408 
0.0000004251 0.0000002272 0.0000001411 
0.0000004250 0.0000002271 0.0000001415 
0.0000004249 0.0000002270 0.0000001418 
0.0000004247 0.0000002270 0.0000001421 
0.0000004245 0.0000002269 0.0000001424 
0.0000004243 0.0000002268 0.0000001426 
0.0000004241 0.0000002267 0.0000001429 
0.0000004238 0.0000002266 0.0000001431 
0.0000004235 0.0000002265 0.0000001433 
0.0000004232 0.0000002263 0.0000001436 
0.0000004229 0.0000002262 0.0000001437 
0.0000004226 0.0000002260 0.0000001439 
0.0000004222 0.0000002259 0.0000001441 
0.0000004218 0.0000002257 0.0000001442 
0.0000004214 0.0000002256 0.0000001444 
0.0000004210 0.0000002254 0.0000001445 
0.0000004206 0.0000002252 0.0000001446 
0.0000004201 0.0000002250 0.0000001447 
0.0000004197 0.0000002248 0.0000001448 
0.0000004192 0.0000002246 0.0000001448 
0.0000004187 0.0000002244 0.0000001448 
0.0000004182 0.0000002242 0.0000001448 
0.0000004177 0.0000002240 0.0000001448 
0.0000004171 0.0000002238 0.0000001447 
0.0000004166 0.0000002236 0.0000001447 
0.0000004160 0.0000002234 0.0000001446 
0.0000004155 0.0000002232 0.0000001445 
0.0000004149 0.0000002229 0.0000001444 
0.0000004143 0.0000002227 0.0000001443 
0.0000004136 0.0000002225 0.0000001442 
0.0000004130 0.0000002222 0.0000001441 
0.0000004124 0.0000002219 0.0000001440 
0.0000004117 0.0000002217 0.0000001439 
0.0000004110 0.0000002214 0.0000001438 
0.0000004103 0.0000002211 0.0000001437 
0.0000004096 0.0000002208 0.0000001436 
0.0000004089 0.0000002205 0.0000001435 
0.0000004082 0.0000002202 0.0000001434 
0.0000004074 0.0000002199 0.0000001433 
0.0000004067 0.0000002195 0.0000001431 
0.0000004059 0.0000002192 0.0000001430 
0.0000004052 0.0000002189 0.0000001429 
0.0000004044 0.0000002185 0.0000001427 
0.0000004036 0.0000002182 0.0000001426 
0.0000004028 0.0000002178 0.0000001424 
0.0000004020 0.0000002175 0.0000001423 
0.0000004012 0.0000002171 0.0000001421 
0.0000004004 0.0000002168 0.0000001419 
0.0000003996 0.0000002164 0.0000001418 
0.0000003988 0.0000002160 0.0000001416 
0.0000003980 0.0000002157 0.0000001414 
0.0000003971 0.0000002153 0.0000001412 
0.0000003963 0.0000002149 0.0000001410 
0.0000003955 0.0000002145 0.0000001408 
0.0000003946 0.0000002142 0.0000001406 
0.0000003938 0.0000002138 0.0000001404 
0.0000003929 0.0000002134 0.0000001402 
0.0000003921 0.0000002130 0.0000001399 
0.0000003912 0.0000002126 0.0000001397 
0.0000003903 0.0000002122 0.0000001395 
0.0000003895 0.0000002118 0.0000001392 
0.0000003886 0.0000002114 0.0000001390 
0.0000003877 0.0000002110 0.0000001387 
0.0000003869 0.0000002106 0.0000001385 
0.0000003860 0.0000002102 0.0000001382 
0.0000003851 0.0000002098 0.0000001379 
0.0000003842 0.0000002094 0.0000001377 
0.0000003833 0.0000002090 0.0000001374 
0.0000003825 0.0000002086 0.0000001371 
0.0000003816 0.0000002082 0.0000001368 
0.0000003807 0.0000002078 0.0000001365 
0.0000003798 0.0000002074 0.0000001362 
0.0000003789 0.0000002070 0.0000001359 
0.0000003780 0.0000002066 0.0000001356 
0.0000003771 0.0000002061 0.0000001353 
0.0000003762 0.0000002057 0.0000001350 
0.0000003753 0.0000002053 0.0000001347 
0.0000003744 0.0000002049 0.0000001344 
0.0000003735 0.0000002045 0.0000001341 
0.0000003726 0.0000002041 0.0000001337 
0.0000003717 0.0000002037 0.0000001334 
0.0000003709 0.0000002032 0.0000001331 
0.0000003700 0.0000002028 0.0000001328 
0.0000003691 0.0000002024 0.0000001324 
0.0000003682 0.0000002020 0.0000001321 
0.0000003673 0.0000002016 0.0000001317 
0.0000003664 0.0000002012 0.0000001314 
0.0000003655 0.0000002008 0.0000001311 
0.0000003647 0.0000002003 0.0000001307 
0.0000003638 0.0000001999 0.0000001304 
0.0000003630 0.0000001995 0.0000001300 
0.0000003621 0.0000001991 0.0000001297 
0.0000003613 0.0000001987 0.0000001293 
0.0000003604 0.0000001983 0.0000001290 
0.0000003597 0.0000001979 0.0000001286 
0.0000003589 0.0000001975 0.0000001282 
0.0000003582 0.0000001972 0.0000001279 
0.0000003574 0.0000001968 0.0000001275 
0.0000003567 0.0000001964 0.0000001272 
0.0000003560 0.0000001960 0.0000001268 
0.0000003553 0.0000001957 0.0000001265 
0.0000003546 0.0000001953 0.0000001261 
0.0000003539 0.0000001949 0.0000001257 
0.0000003531 0.0000001946 0.0000001254 
0.0000003524 0.0000001942 0.0000001250 
0.0000003517 0.0000001938 0.0000001246 
0.0000003510 0.0000001935 0.0000001243 
0.0000003503 0.0000001931 0.0000001239 
0.0000003496 0.0000001927 0.0000001235 
0.0000003489 0.0000001923 0.0000001232 
0.0000003483 0.0000001920 0.0000001228 
0.0000003476 0.0000001916 0.0000001224 
0.0000003469 0.0000001912 0.0000001221 
0.0000003463 0.0000001909 0.0000001217 
0.0000003456 0.0000001905 0.0000001213 
0.0000003449 0.0000001901 0.0000001210 
0.0000003443 0.0000001897 0.0000001206 
0.0000003436 0.0000001894 0.0000001203 
0.0000003430 0.0000001890 0.0000001199 
0.0000003424 0.0000001886 0.0000001195 
0.0000003417 0.0000001882 0.0000001192 
0.0000003411 0.0000001878 0.0000001188 
0.0000003405 0.0000001875 0.0000001184 
0.0000003399 0.0000001871 0.0000001181 
0.0000003393 0.0000001867 0.0000001177 
0.0000003388 0.0000001863 0.0000001174 
0.0000003382 0.0000001859 0.0000001170 
0.0000003377 0.0000001856 0.0000001167 
0.0000003372 0.0000001852 0.0000001163 
0.0000003366 0.0000001848 0.0000001160 
0.0000003361 0.0000001844 0.0000001156 
0.0000003356 0.0000001841 0.0000001153 
0.0000003352 0.0000001837 0.0000001149 
0.0000003347 0.0000001833 0.0000001146 
0.0000003342 0.0000001829 0.0000001142 
0.0000003337 0.0000001826 0.0000001139 
0.0000003333 0.0000001822 0.0000001136 
0.0000003328 0.0000001818 0.0000001132 
0.0000003323 0.0000001814 0.0000001129 
0.0000003319 0.0000001811 0.0000001126 
0.0000003314 0.0000001807 0.0000001122 
0.0000003310 0.0000001803 0.0000001119 
0.0000003305 0.0000001800 0.0000001116 
0.0000003301 0.0000001796 0.0000001113 
0.0000003296 0.0000001792 0.0000001109 
0.0000003292 0.0000001789 0.0000001106 
0.0000003287 0.0000001785 0.0000001103 
0.0000003283 0.0000001781 0.0000001100 
0.0000003279 0.0000001778 0.0000001097 
0.0000003274 0.0000001774 0.0000001094 
0.0000003270 0.0000001771 0.0000001091 
0.0000003265 0.0000001767 0.0000001088 
0.0000003261 0.0000001763 0.0000001085 
0.0000003257 0.0000001760 0.0000001082 
0.0000003252 0.0000001756 0.0000001079 
0.0000003248 0.0000001752 0.0000001076 
0.0000003243 0.0000001749 0.0000001073 
0.0000003239 0.0000001745 0.0000001070 
