0.0000017523 -0.0000007468 0.0000017454 
0.0000017533 -0.0000007406 0.0000017380 
0.0000017542 -0.0000007345 0.0000017306 
0.0000017550 -0.0000007287 0.0000017233 
0.0000017557 -0.0000007230 0.0000017161 
0.0000017564 -0.0000007174 0.0000017089 
0.0000017570 -0.0000007120 0.0000017017 
0.0000017576 -0.0000007067 0.0000016946 
0.0000017580 -0.0000007015 0.0000016874 
0.0000017584 -0.0000006964 0.0000016804 
0.0000017587 -0.0000006914 0.0000016733 
0.0000017590 -0.0000006865 0.0000016662 
0.0000017591 -0.0000006816 0.0000016592 
0.0000017592 -0.0000006768 0.0000016521 
0.0000017592 -0.0000006721 0.0000016451 
0.0000017592 -0.0000006674 0.0000016381 
0.0000017591 -0.0000006628 0.0000016311 
0.0000017589 -0.0000006582 0.0000016241 
0.0000017586 -0.0000006537 0.0000016171 
0.0000017583 -0.0000006492 0.0000016101 
0.0000017579 -0.0000006448 0.0000016031 
0.0000017574 -0.0000006404 0.0000015961 
0.0000017569 -0.0000006361 0.0000015891 
0.0000017563 -0.0000006318 0.0000015821 
0.0000017556 -0.0000006275 0.0000015751 
0.0000017549 -0.0000006233 0.0000015681 
0.0000017541 -0.0000006191 0.0000015612 
0.0000017533 -0.0000006149 0.0000015542 
0.0000017524 -0.0000006108 0.0000015472 
0.0000017514 -0.0000006067 0.0000015402 
0.0000017504 -0.0000006027 0.0000015333 
0.0000017493 -0.0000005987 0.0000015263 
0.0000017482 -0.0000005947 0.0000015194 
0.0000017471 -0.0000005907 0.0000015124 
0.0000017459 -0.0000005868 0.0000015055 
0.0000017447 -0.0000005829 0.0000014986 
0.0000017435 -0.0000005790 0.0000014916 
0.0000017422 -0.0000005751 0.0000014847 
0.0000017409 -0.0000005712 0.0000014779 
0.0000017396 -0.0000005674 0.0000014710 
0.0000017382 -0.0000005636 0.0000014641 
0.0000017369 -0.0000005598 0.0000014573 
0.0000017355 -0.0000005560 0.0000014504 
0.0000017341 -0.0000005523 0.0000014436 
0.0000017326 -0.0000005485 0.0000014368 
0.0000017311 -0.0000005448 0.0000014299 
0.0000017296 -0.0000005411 0.0000014231 
0.0000017281 -0.0000005375 0.0000014163 
0.0000017265 -0.0000005338 0.0000014096 
0.0000017249 -0.0000005302 0.0000014028 
0.0000017233 -0.0000005265 0.0000013960 
0.0000017217 -0.0000005229 0.0000013893 
0.0000017200 -0.0000005194 0.0000013825 
0.0000017183 -0.0000005158 0.0000013758 
0.0000017166 -0.0000005122 0.0000013690 
0.0000017149 -0.0000005087 0.0000013623 
0.0000017132 -0.0000005052 0.0000013556 
0.0000017114 -0.0000005017 0.0000013489 
0.0000017096 -0.0000004982 0.0000013422 
0.0000017079 -0.0000004947 0.0000013355 
0.0000017060 -0.0000004912 0.0000013287 
0.0000017042 -0.0000004878 0.0000013220 
0.0000017023 -0.0000004843 0.0000013153 
0.0000017005 -0.0000004809 0.0000013087 
0.0000016986 -0.0000004775 0.0000013020 
0.0000016966 -0.0000004741 0.0000012953 
0.0000016947 -0.0000004708 0.0000012886 
0.0000016928 -0.0000004674 0.0000012819 
0.0000016908 -0.0000004641 0.0000012753 
0.0000016888 -0.0000004607 0.0000012686 
0.0000016869 -0.0000004574 0.0000012620 
0.0000016848 -0.0000004541 0.0000012553 
0.0000016829 -0.0000004507 0.0000012487 
0.0000016809 -0.0000004474 0.0000012421 
0.0000016789 -0.0000004441 0.0000012355 
0.0000016769 -0.0000004407 0.0000012290 
0.0000016750 -0.0000004374 0.0000012224 
0.0000016732 -0.0000004341 0.0000012159 
0.0000016714 -0.0000004308 0.0000012094 
0.0000016696 -0.0000004274 0.0000012030 
0.0000016678 -0.0000004241 0.0000011965 
0.0000016660 -0.0000004208 0.0000011901 
0.0000016643 -0.0000004175 0.0000011837 
0.0000016626 -0.0000004142 0.0000011773 
0.0000016609 -0.0000004109 0.0000011709 
0.0000016592 -0.0000004076 0.0000011646 
0.0000016575 -0.0000004044 0.0000011583 
0.0000016559 -0.0000004011 0.0000011520 
0.0000016542 -0.0000003979 0.0000011458 
0.0000016525 -0.0000003947 0.0000011396 
0.0000016509 -0.0000003915 0.0000011334 
0.0000016492 -0.0000003884 0.0000011273 
0.0000016476 -0.0000003852 0.0000011212 
0.0000016460 -0.0000003820 0.0000011152 
0.0000016444 -0.0000003789 0.0000011093 
0.0000016428 -0.0000003758 0.0000011034 
0.0000016412 -0.0000003726 0.0000010977 
0.0000016396 -0.0000003695 0.0000010921 
0.0000016380 -0.0000003663 0.0000010865 
0.0000016364 -0.0000003631 0.0000010811 
0.0000016347 -0.0000003599 0.0000010757 
0.0000016331 -0.0000003567 0.0000010704 
0.0000016314 -0.0000003535 0.0000010651 
0.0000016297 -0.0000003504 0.0000010599 
0.0000016280 -0.0000003472 0.0000010547 
0.0000016263 -0.0000003440 0.0000010495 
0.0000016246 -0.0000003409 0.0000010444 
0.0000016229 -0.0000003378 0.0000010393 
0.0000016211 -0.0000003346 0.0000010341 
0.0000016189 -0.0000003316 0.0000010288 
0.0000016168 -0.0000003285 0.0000010236 
0.0000016148 -0.0000003254 0.0000010186 
0.0000016129 -0.0000003223 0.0000010137 
0.0000016110 -0.0000003193 0.0000010088 
0.0000016091 -0.0000003162 0.0000010040 
0.0000016073 -0.0000003132 0.0000009992 
0.0000016054 -0.0000003103 0.0000009945 
0.0000016036 -0.0000003073 0.0000009899 
0.0000016018 -0.0000003043 0.0000009853 
0.0000016001 -0.0000003013 0.0000009807 
0.0000015983 -0.0000002984 0.0000009761 
0.0000015966 -0.0000002955 0.0000009715 
0.0000015949 -0.0000002926 0.0000009670 
0.0000015933 -0.0000002897 0.0000009624 
0.0000015916 -0.0000002869 0.0000009578 
0.0000015900 -0.0000002841 0.0000009533 
0.0000015884 -0.0000002813 0.0000009487 
0.0000015868 -0.0000002785 0.0000009441 
0.0000015852 -0.0000002757 0.0000009396 
0.0000015836 -0.0000002730 0.0000009350 
0.0000015821 -0.0000002703 0.0000009305 
0.0000015805 -0.0000002677 0.0000009259 
0.0000015789 -0.0000002650 0.0000009214 
0.0000015773 -0.0000002624 0.0000009168 
0.0000015757 -0.0000002598 0.0000009123 
0.0000015742 -0.0000002572 0.0000009077 
0.0000015726 -0.0000002546 0.0000009032 
0.0000015710 -0.0000002520 0.0000008986 
0.0000015694 -0.0000002495 0.0000008941 
0.0000015678 -0.0000002470 0.0000008895 
0.0000015662 -0.0000002445 0.0000008849 
0.0000015646 -0.0000002421 0.0000008803 
0.0000015630 -0.0000002397 0.0000008757 
0.0000015614 -0.0000002373 0.0000008711 
0.0000015598 -0.0000002349 0.0000008666 
0.0000015582 -0.0000002326 0.0000008620 
0.0000015566 -0.0000002303 0.0000008574 
0.0000015550 -0.0000002280 0.0000008528 
0.0000015535 -0.0000002258 0.0000008481 
0.0000015519 -0.0000002235 0.0000008435 
0.0000015504 -0.0000002213 0.0000008389 
0.0000015488 -0.0000002191 0.0000008343 
0.0000015473 -0.0000002170 0.0000008297 
0.0000015458 -0.0000002148 0.0000008251 
0.0000015442 -0.0000002127 0.0000008206 
0.0000015427 -0.0000002106 0.0000008160 
0.0000015412 -0.0000002085 0.0000008114 
0.0000015396 -0.0000002065 0.0000008068 
0.0000015378 -0.0000002044 0.0000008021 
0.0000015361 -0.0000002024 0.0000007975 
0.0000015344 -0.0000002004 0.0000007929 
0.0000015328 -0.0000001984 0.0000007884 
0.0000015311 -0.0000001964 0.0000007840 
0.0000015295 -0.0000001944 0.0000007796 
0.0000015279 -0.0000001925 0.0000007752 
0.0000015263 -0.0000001905 0.0000007708 
0.0000015247 -0.0000001886 0.0000007664 
0.0000015231 -0.0000001866 0.0000007621 
0.0000015215 -0.0000001847 0.0000007578 
0.0000015199 -0.0000001828 0.0000007535 
0.0000015184 -0.0000001809 0.0000007493 
0.0000015169 -0.0000001790 0.0000007451 
0.0000015154 -0.0000001771 0.0000007409 
0.0000015140 -0.0000001752 0.0000007367 
0.0000015125 -0.0000001734 0.0000007326 
0.0000015111 -0.0000001715 0.0000007285 
0.0000015097 -0.0000001697 0.0000007244 
0.0000015083 -0.0000001678 0.0000007203 
0.0000015069 -0.0000001660 0.0000007163 
0.0000015056 -0.0000001641 0.0000007123 
0.0000015042 -0.0000001623 0.0000007083 
0.0000015029 -0.0000001605 0.0000007043 
0.0000015016 -0.0000001587 0.0000007003 
0.0000015003 -0.0000001568 0.0000006963 
0.0000014990 -0.0000001550 0.0000006924 
0.0000014977 -0.0000001532 0.0000006884 
0.0000014964 -0.0000001514 0.0000006845 
0.0000014951 -0.0000001496 0.0000006806 
0.0000014939 -0.0000001478 0.0000006767 
0.0000014926 -0.0000001461 0.0000006729 
0.0000014914 -0.0000001443 0.0000006690 
0.0000014901 -0.0000001425 0.0000006651 
0.0000014889 -0.0000001407 0.0000006613 
0.0000014877 -0.0000001389 0.0000006575 
0.0000014865 -0.0000001372 0.0000006537 
0.0000014854 -0.0000001354 0.0000006499 
0.0000014842 -0.0000001336 0.0000006461 
0.0000014831 -0.0000001319 0.0000006423 
0.0000014820 -0.0000001301 0.0000006386 
0.0000014808 -0.0000001284 0.0000006348 
0.0000014798 -0.0000001267 0.0000006311 
0.0000014787 -0.0000001249 0.0000006273 
0.0000014776 -0.0000001232 0.0000006236 
0.0000014765 -0.0000001215 0.0000006199 
0.0000014755 -0.0000001197 0.0000006161 
0.0000014744 -0.0000001180 0.0000006124 
0.0000014734 -0.0000001163 0.0000006087 
0.0000014723 -0.0000001146 0.0000006050 
0.0000014713 -0.0000001129 0.0000006013 
0.0000014703 -0.0000001113 0.0000005976 
0.0000014693 -0.0000001096 0.0000005939 
0.0000014682 -0.0000001079 0.0000005902 
0.0000014672 -0.0000001063 0.0000005866 
0.0000014662 -0.0000001046 0.0000005829 
0.0000014651 -0.0000001029 0.0000005792 
0.0000014640 -0.0000001013 0.0000005756 
0.0000014629 -0.0000000997 0.0000005719 
0.0000014617 -0.0000000980 0.0000005682 
0.0000014606 -0.0000000964 0.0000005646 
0.0000014594 -0.0000000948 0.0000005610 
0.0000014582 -0.0000000932 0.0000005574 
0.0000014570 -0.0000000915 0.0000005538 
0.0000014558 -0.0000000899 0.0000005502 
0.0000014547 -0.0000000883 0.0000005466 
0.0000014535 -0.0000000867 0.0000005431 
0.0000014523 -0.0000000851 0.0000005396 
0.0000014511 -0.0000000835 0.0000005360 
0.0000014498 -0.0000000819 0.0000005325 
0.0000014486 -0.0000000803 0.0000005290 
0.0000014473 -0.0000000787 0.0000005256 
0.0000014460 -0.0000000771 0.0000005221 
0.0000014448 -0.0000000756 0.0000005187 
0.0000014435 -0.0000000740 0.0000005153 
0.0000014421 -0.0000000724 0.0000005118 
0.0000014408 -0.0000000708 0.0000005085 
0.0000014394 -0.0000000692 0.0000005051 
0.0000014380 -0.0000000676 0.0000005017 
0.0000014366 -0.0000000660 0.0000004984 
0.0000014352 -0.0000000644 0.0000004950 
0.0000014338 -0.0000000629 0.0000004917 
0.0000014325 -0.0000000613 0.0000004884 
0.0000014311 -0.0000000597 0.0000004852 
0.0000014297 -0.0000000581 0.0000004819 
0.0000014282 -0.0000000566 0.0000004787 
0.0000014268 -0.0000000550 0.0000004754 
0.0000014254 -0.0000000534 0.0000004722 
0.0000014240 -0.0000000519 0.0000004690 
0.0000014225 -0.0000000503 0.0000004658 
0.0000014211 -0.0000000488 0.0000004627 
0.0000014197 -0.0000000472 0.0000004595 
0.0000014182 -0.0000000457 0.0000004564 
0.0000014167 -0.0000000441 0.0000004532 
0.0000014153 -0.0000000426 0.0000004501 
0.0000014138 -0.0000000410 0.0000004470 
0.0000014123 -0.0000000395 0.0000004439 
0.0000014108 -0.0000000380 0.0000004408 
0.0000014094 -0.0000000364 0.0000004378 
0.0000014079 -0.0000000349 0.0000004347 
0.0000014063 -0.0000000334 0.0000004317 
0.0000014048 -0.0000000319 0.0000004286 
0.0000014033 -0.0000000304 0.0000004256 
0.0000014018 -0.0000000289 0.0000004226 
0.0000014002 -0.0000000274 0.0000004196 
0.0000013987 -0.0000000259 0.0000004166 
0.0000013971 -0.0000000244 0.0000004136 
0.0000013956 -0.0000000229 0.0000004107 
0.0000013940 -0.0000000214 0.0000004077 
0.0000013924 -0.0000000199 0.0000004048 
0.0000013908 -0.0000000184 0.0000004018 
0.0000013892 -0.0000000169 0.0000003989 
0.0000013876 -0.0000000155 0.0000003960 
0.0000013859 -0.0000000140 0.0000003931 
0.0000013843 -0.0000000125 0.0000003902 
0.0000013827 -0.0000000111 0.0000003874 
0.0000013810 -0.0000000096 0.0000003845 
0.0000013793 -0.0000000082 0.0000003817 
0.0000013777 -0.0000000067 0.0000003788 
0.0000013760 -0.0000000053 0.0000003760 
0.0000013743 -0.0000000038 0.0000003732 
0.0000013726 -0.0000000024 0.0000003704 
0.0000013709 -0.0000000009 0.0000003676 
0.0000013692 0.0000000005 0.0000003648 
0.0000013675 0.0000000019 0.0000003621 
0.0000013657 0.0000000033 0.0000003593 
0.0000013639 0.0000000047 0.0000003565 
0.0000013622 0.0000000061 0.0000003538 
0.0000013604 0.0000000075 0.0000003511 
0.0000013586 0.0000000089 0.0000003483 
0.0000013568 0.0000000103 0.0000003456 
0.0000013549 0.0000000116 0.0000003429 
0.0000013531 0.0000000130 0.0000003402 
0.0000013513 0.0000000144 0.0000003376 
0.0000013494 0.0000000157 0.0000003349 
0.0000013476 0.0000000171 0.0000003322 
0.0000013457 0.0000000184 0.0000003296 
0.0000013438 0.0000000198 0.0000003269 
0.0000013419 0.0000000211 0.0000003243 
0.0000013400 0.0000000224 0.0000003217 
0.0000013381 0.0000000237 0.0000003191 
0.0000013362 0.0000000251 0.0000003165 
0.0000013342 0.0000000264 0.0000003139 
0.0000013323 0.0000000277 0.0000003113 
0.0000013303 0.0000000290 0.0000003087 
0.0000013283 0.0000000302 0.0000003062 
0.0000013264 0.0000000315 0.0000003036 
0.0000013244 0.0000000328 0.0000003011 
0.0000013224 0.0000000341 0.0000002985 
0.0000013203 0.0000000353 0.0000002960 
0.0000013183 0.0000000366 0.0000002934 
0.0000013163 0.0000000378 0.0000002909 
0.0000013142 0.0000000390 0.0000002884 
0.0000013121 0.0000000402 0.0000002858 
0.0000013100 0.0000000415 0.0000002833 
0.0000013079 0.0000000427 0.0000002808 
0.0000013058 0.0000000438 0.0000002783 
0.0000013036 0.0000000450 0.0000002758 
0.0000013014 0.0000000462 0.0000002733 
0.0000012993 0.0000000474 0.0000002708 
0.0000012971 0.0000000485 0.0000002683 
0.0000012948 0.0000000497 0.0000002658 
0.0000012926 0.0000000508 0.0000002633 
0.0000012904 0.0000000520 0.0000002608 
0.0000012881 0.0000000531 0.0000002584 
0.0000012858 0.0000000542 0.0000002559 
0.0000012836 0.0000000553 0.0000002534 
0.0000012813 0.0000000564 0.0000002510 
0.0000012789 0.0000000575 0.0000002485 
0.0000012766 0.0000000586 0.0000002461 
0.0000012742 0.0000000597 0.0000002436 
0.0000012719 0.0000000608 0.0000002412 
0.0000012695 0.0000000618 0.0000002387 
0.0000012671 0.0000000629 0.0000002363 
0.0000012646 0.0000000639 0.0000002339 
0.0000012622 0.0000000649 0.0000002314 
0.0000012598 0.0000000660 0.0000002290 
0.0000012573 0.0000000670 0.0000002266 
0.0000012549 0.0000000680 0.0000002242 
0.0000012524 0.0000000690 0.0000002218 
0.0000012499 0.0000000700 0.0000002194 
0.0000012474 0.0000000710 0.0000002170 
0.0000012448 0.0000000720 0.0000002146 
0.0000012423 0.0000000730 0.0000002122 
0.0000012398 0.0000000739 0.0000002098 
0.0000012372 0.0000000749 0.0000002075 
0.0000012346 0.0000000758 0.0000002051 
0.0000012320 0.0000000768 0.0000002027 
0.0000012294 0.0000000777 0.0000002003 
0.0000012268 0.0000000786 0.0000001980 
0.0000012241 0.0000000795 0.0000001956 
0.0000012215 0.0000000804 0.0000001933 
0.0000012189 0.0000000813 0.0000001909 
0.0000012162 0.0000000822 0.0000001886 
0.0000012136 0.0000000831 0.0000001862 
0.0000012109 0.0000000840 0.0000001839 
0.0000012082 0.0000000848 0.0000001816 
0.0000012055 0.0000000857 0.0000001793 
0.0000012027 0.0000000866 0.0000001770 
0.0000011999 0.0000000874 0.0000001747 
0.0000011971 0.0000000883 0.0000001724 
0.0000011943 0.0000000891 0.0000001701 
0.0000011914 0.0000000899 0.0000001678 
0.0000011886 0.0000000908 0.0000001655 
0.0000011857 0.0000000916 0.0000001632 
0.0000011827 0.0000000924 0.0000001609 
0.0000011798 0.0000000932 0.0000001587 
0.0000011768 0.0000000941 0.0000001564 
0.0000011738 0.0000000949 0.0000001542 
0.0000011708 0.0000000957 0.0000001519 
0.0000011678 0.0000000965 0.0000001497 
0.0000011648 0.0000000973 0.0000001474 
0.0000011617 0.0000000981 0.0000001452 
0.0000011587 0.0000000989 0.0000001430 
0.0000011556 0.0000000996 0.0000001408 
0.0000011526 0.0000001004 0.0000001386 
0.0000011495 0.0000001012 0.0000001364 
0.0000011464 0.0000001019 0.0000001343 
0.0000011433 0.0000001027 0.0000001321 
0.0000011402 0.0000001034 0.0000001299 
0.0000011370 0.0000001042 0.0000001278 
0.0000011339 0.0000001049 0.0000001256 
0.0000011307 0.0000001056 0.0000001235 
0.0000011275 0.0000001064 0.0000001213 
0.0000011243 0.0000001071 0.0000001192 
0.0000011210 0.0000001078 0.0000001170 
0.0000011178 0.0000001085 0.0000001149 
0.0000011145 0.0000001092 0.0000001128 
0.0000011112 0.0000001099 0.0000001107 
0.0000011079 0.0000001106 0.0000001086 
0.0000011045 0.0000001113 0.0000001065 
0.0000011012 0.0000001120 0.0000001044 
0.0000010978 0.0000001127 0.0000001024 
0.0000010944 0.0000001134 0.0000001003 
0.0000010909 0.0000001141 0.0000000983 
0.0000010875 0.0000001147 0.0000000962 
0.0000010840 0.0000001154 0.0000000942 
0.0000010805 0.0000001161 0.0000000921 
0.0000010770 0.0000001167 0.0000000901 
0.0000010735 0.0000001173 0.0000000880 
0.0000010699 0.0000001180 0.0000000860 
0.0000010663 0.0000001186 0.0000000840 
0.0000010628 0.0000001192 0.0000000820 
0.0000010592 0.0000001198 0.0000000800 
0.0000010555 0.0000001204 0.0000000780 
0.0000010519 0.0000001210 0.0000000760 
0.0000010483 0.0000001215 0.0000000740 
0.0000010446 0.0000001221 0.0000000720 
0.0000010409 0.0000001226 0.0000000700 
0.0000010372 0.0000001232 0.0000000680 
0.0000010335 0.0000001237 0.0000000660 
0.0000010298 0.0000001243 0.0000000641 
0.0000010261 0.0000001248 0.0000000621 
0.0000010223 0.0000001253 0.0000000601 
0.0000010185 0.0000001259 0.0000000582 
0.0000010147 0.0000001264 0.0000000562 
0.0000010109 0.0000001269 0.0000000543 
0.0000010071 0.0000001274 0.0000000523 
0.0000010032 0.0000001279 0.0000000504 
0.0000009993 0.0000001284 0.0000000485 
0.0000009954 0.0000001289 0.0000000466 
0.0000009915 0.0000001294 0.0000000446 
0.0000009876 0.0000001299 0.0000000427 
0.0000009836 0.0000001303 0.0000000408 
0.0000009795 0.0000001308 0.0000000389 
0.0000009755 0.0000001313 0.0000000370 
0.0000009714 0.0000001318 0.0000000351 
0.0000009673 0.0000001322 0.0000000332 
0.0000009631 0.0000001327 0.0000000314 
0.0000009589 0.0000001332 0.0000000295 
0.0000009546 0.0000001336 0.0000000276 
0.0000009503 0.0000001341 0.0000000258 
0.0000009460 0.0000001346 0.0000000239 
0.0000009416 0.0000001351 0.0000000221 
0.0000009372 0.0000001356 0.0000000202 
0.0000009372 0.0000001356 0.0000000202 
0.0000009372 0.0000001356 0.0000000202 
0.0000009372 0.0000001356 0.0000000202 
0.0000009372 0.0000001356 0.0000000202 
0.0000009372 0.0000001356 0.0000000202 
0.0000009372 0.0000001356 0.0000000202 
0.0000009372 0.0000001356 0.0000000202 
0.0000009372 0.0000001356 0.0000000202 
0.0000009372 0.0000001356 0.0000000202 
0.0000009372 0.0000001356 0.0000000202 
0.0000009372 0.0000001356 0.0000000202 
0.0000009372 0.0000001356 0.0000000202 
0.0000009372 0.0000001356 0.0000000202 
0.0000009372 0.0000001356 0.0000000202 
0.0000009372 0.0000001356 0.0000000202 
0.0000009372 0.0000001356 0.0000000202 
0.0000009372 0.0000001356 0.0000000202 
0.0000009372 0.0000001356 0.0000000202 
0.0000009372 0.0000001356 0.0000000202 
0.0000009372 0.0000001356 0.0000000202 
0.0000009372 0.0000001356 0.0000000202 
0.0000009372 0.0000001356 0.0000000202 
0.0000009372 0.0000001356 0.0000000202 
0.0000009372 0.0000001356 0.0000000202 
0.0000009372 0.0000001356 0.0000000202 
0.0000009372 0.0000001356 0.0000000202 
0.0000009372 0.0000001356 0.0000000202 
0.0000009372 0.0000001356 0.0000000202 
0.0000009372 0.0000001356 0.0000000202 
0.0000009372 0.0000001356 0.0000000202 
0.0000009372 0.0000001356 0.0000000202 
0.0000009372 0.0000001356 0.0000000202 
0.0000009372 0.0000001356 0.0000000202 
0.0000009372 0.0000001356 0.0000000202 
0.0000009372 0.0000001356 0.0000000202 
0.0000009372 0.0000001356 0.0000000202 
0.0000009372 0.0000001356 0.0000000202 
0.0000009372 0.0000001356 0.0000000202 
0.0000009372 0.0000001356 0.0000000202 
0.0000009372 0.0000001356 0.0000000202 
0.0000009372 0.0000001356 0.0000000202 
0.0000009372 0.0000001356 0.0000000202 
0.0000009372 0.0000001356 0.0000000202 
0.0000009372 0.0000001356 0.0000000202 
0.0000009372 0.0000001356 0.0000000202 
0.0000009318 0.0000001364 0.0000000200 
0.0000009318 0.0000001364 0.0000000200 
0.0000009318 0.0000001364 0.0000000200 
0.0000009318 0.0000001364 0.0000000200 
0.0000009318 0.0000001364 0.0000000200 
0.0000009318 0.0000001364 0.0000000200 
0.0000009318 0.0000001364 0.0000000200 
0.0000009318 0.0000001364 0.0000000200 
0.0000009318 0.0000001364 0.0000000200 
0.0000009318 0.0000001364 0.0000000200 
0.0000009318 0.0000001364 0.0000000200 
0.0000009261 0.0000001371 0.0000000203 
0.0000009204 0.0000001379 0.0000000207 
0.0000009147 0.0000001386 0.0000000212 
0.0000009091 0.0000001395 0.0000000218 
0.0000009034 0.0000001403 0.0000000224 
0.0000008978 0.0000001412 0.0000000231 
0.0000008923 0.0000001421 0.0000000239 
0.0000008868 0.0000001430 0.0000000248 
0.0000008813 0.0000001440 0.0000000257 
0.0000008759 0.0000001449 0.0000000267 
0.0000008706 0.0000001458 0.0000000277 
0.0000008653 0.0000001466 0.0000000287 
0.0000008601 0.0000001475 0.0000000298 
0.0000008549 0.0000001482 0.0000000309 
0.0000008499 0.0000001490 0.0000000320 
0.0000008448 0.0000001497 0.0000000331 
0.0000008399 0.0000001504 0.0000000342 
0.0000008349 0.0000001510 0.0000000353 
0.0000008300 0.0000001516 0.0000000365 
0.0000008251 0.0000001522 0.0000000376 
0.0000008202 0.0000001528 0.0000000388 
0.0000008154 0.0000001533 0.0000000399 
0.0000008105 0.0000001538 0.0000000411 
0.0000008057 0.0000001543 0.0000000422 
0.0000008009 0.0000001548 0.0000000434 
0.0000007961 0.0000001552 0.0000000445 
0.0000007913 0.0000001557 0.0000000456 
0.0000007865 0.0000001561 0.0000000467 
0.0000007818 0.0000001565 0.0000000478 
0.0000007770 0.0000001568 0.0000000489 
0.0000007723 0.0000001572 0.0000000499 
0.0000007676 0.0000001575 0.0000000509 
0.0000007630 0.0000001578 0.0000000520 
0.0000007583 0.0000001581 0.0000000530 
0.0000007537 0.0000001584 0.0000000540 
0.0000007491 0.0000001587 0.0000000550 
0.0000007446 0.0000001590 0.0000000559 
0.0000007400 0.0000001592 0.0000000568 
0.0000007355 0.0000001595 0.0000000577 
0.0000007310 0.0000001597 0.0000000586 
0.0000007265 0.0000001599 0.0000000595 
0.0000007221 0.0000001601 0.0000000603 
0.0000007177 0.0000001603 0.0000000611 
0.0000007133 0.0000001604 0.0000000618 
0.0000007090 0.0000001606 0.0000000626 
0.0000007046 0.0000001607 0.0000000633 
0.0000007003 0.0000001608 0.0000000639 
0.0000006960 0.0000001610 0.0000000646 
0.0000006918 0.0000001611 0.0000000652 
0.0000006876 0.0000001612 0.0000000658 
0.0000006834 0.0000001613 0.0000000663 
0.0000006792 0.0000001613 0.0000000668 
0.0000006751 0.0000001614 0.0000000673 
0.0000006709 0.0000001615 0.0000000678 
0.0000006668 0.0000001615 0.0000000682 
0.0000006627 0.0000001615 0.0000000686 
0.0000006586 0.0000001616 0.0000000690 
0.0000006544 0.0000001616 0.0000000693 
0.0000006503 0.0000001616 0.0000000696 
0.0000006462 0.0000001617 0.0000000699 
0.0000006421 0.0000001617 0.0000000702 
0.0000006381 0.0000001617 0.0000000704 
0.0000006340 0.0000001617 0.0000000707 
0.0000006299 0.0000001617 0.0000000708 
0.0000006259 0.0000001617 0.0000000710 
0.0000006218 0.0000001617 0.0000000712 
0.0000006178 0.0000001617 0.0000000713 
0.0000006138 0.0000001617 0.0000000714 
0.0000006097 0.0000001616 0.0000000714 
0.0000006057 0.0000001616 0.0000000715 
0.0000006017 0.0000001616 0.0000000715 
0.0000005977 0.0000001615 0.0000000714 
0.0000005937 0.0000001615 0.0000000714 
0.0000005897 0.0000001614 0.0000000713 
0.0000005857 0.0000001613 0.0000000712 
0.0000005817 0.0000001613 0.0000000711 
0.0000005777 0.0000001612 0.0000000710 
0.0000005738 0.0000001611 0.0000000708 
0.0000005698 0.0000001610 0.0000000707 
0.0000005658 0.0000001609 0.0000000705 
0.0000005618 0.0000001608 0.0000000702 
0.0000005579 0.0000001607 0.0000000700 
0.0000005539 0.0000001606 0.0000000697 
0.0000005500 0.0000001605 0.0000000694 
0.0000005460 0.0000001604 0.0000000691 
0.0000005421 0.0000001602 0.0000000688 
0.0000005382 0.0000001601 0.0000000685 
0.0000005343 0.0000001600 0.0000000681 
0.0000005304 0.0000001598 0.0000000678 
0.0000005264 0.0000001597 0.0000000674 
0.0000005225 0.0000001595 0.0000000670 
0.0000005187 0.0000001594 0.0000000666 
0.0000005148 0.0000001592 0.0000000661 
0.0000005109 0.0000001590 0.0000000657 
0.0000005070 0.0000001589 0.0000000653 
0.0000005032 0.0000001587 0.0000000648 
0.0000004993 0.0000001585 0.0000000643 
0.0000004954 0.0000001583 0.0000000638 
0.0000004916 0.0000001581 0.0000000633 
0.0000004877 0.0000001579 0.0000000628 
0.0000004839 0.0000001577 0.0000000623 
0.0000004801 0.0000001574 0.0000000618 
0.0000004763 0.0000001572 0.0000000613 
0.0000004725 0.0000001570 0.0000000608 
0.0000004687 0.0000001568 0.0000000603 
0.0000004649 0.0000001565 0.0000000598 
0.0000004611 0.0000001563 0.0000000593 
0.0000004573 0.0000001561 0.0000000588 
0.0000004536 0.0000001558 0.0000000583 
0.0000004498 0.0000001556 0.0000000578 
0.0000004461 0.0000001553 0.0000000573 
0.0000004424 0.0000001551 0.0000000569 
0.0000004386 0.0000001548 0.0000000564 
0.0000004349 0.0000001546 0.0000000560 
0.0000004311 0.0000001544 0.0000000557 
0.0000004311 0.0000001544 0.0000000557 
0.0000004311 0.0000001544 0.0000000557 
0.0000004311 0.0000001544 0.0000000557 
0.0000004311 0.0000001544 0.0000000557 
0.0000004311 0.0000001544 0.0000000557 
0.0000004311 0.0000001544 0.0000000557 
0.0000004270 0.0000001541 0.0000000556 
0.0000004270 0.0000001541 0.0000000556 
0.0000004270 0.0000001541 0.0000000556 
0.0000004270 0.0000001541 0.0000000556 
0.0000004270 0.0000001541 0.0000000556 
0.0000004270 0.0000001541 0.0000000556 
0.0000004226 0.0000001538 0.0000000560 
0.0000004181 0.0000001534 0.0000000564 
0.0000004136 0.0000001531 0.0000000569 
0.0000004091 0.0000001528 0.0000000575 
0.0000004047 0.0000001524 0.0000000581 
0.0000004003 0.0000001521 0.0000000588 
0.0000003960 0.0000001518 0.0000000595 
0.0000003918 0.0000001516 0.0000000602 
0.0000003876 0.0000001513 0.0000000609 
0.0000003836 0.0000001510 0.0000000617 
0.0000003796 0.0000001508 0.0000000624 
0.0000003758 0.0000001506 0.0000000631 
0.0000003720 0.0000001503 0.0000000638 
0.0000003684 0.0000001501 0.0000000645 
0.0000003648 0.0000001499 0.0000000652 
0.0000003613 0.0000001497 0.0000000659 
0.0000003579 0.0000001494 0.0000000666 
0.0000003546 0.0000001492 0.0000000672 
0.0000003514 0.0000001490 0.0000000679 
0.0000003483 0.0000001488 0.0000000685 
0.0000003452 0.0000001486 0.0000000691 
0.0000003422 0.0000001484 0.0000000696 
0.0000003393 0.0000001482 0.0000000702 
0.0000003364 0.0000001480 0.0000000707 
0.0000003337 0.0000001478 0.0000000712 
0.0000003309 0.0000001476 0.0000000717 
0.0000003283 0.0000001474 0.0000000722 
0.0000003257 0.0000001472 0.0000000726 
0.0000003232 0.0000001470 0.0000000730 
0.0000003207 0.0000001467 0.0000000734 
0.0000003183 0.0000001465 0.0000000738 
0.0000003160 0.0000001463 0.0000000742 
0.0000003137 0.0000001461 0.0000000745 
0.0000003115 0.0000001459 0.0000000748 
0.0000003093 0.0000001457 0.0000000751 
0.0000003072 0.0000001455 0.0000000754 
0.0000003052 0.0000001453 0.0000000756 
0.0000003032 0.0000001451 0.0000000759 
0.0000003013 0.0000001449 0.0000000761 
0.0000002994 0.0000001447 0.0000000763 
0.0000002976 0.0000001445 0.0000000765 
0.0000002958 0.0000001443 0.0000000766 
0.0000002941 0.0000001442 0.0000000768 
0.0000002924 0.0000001440 0.0000000769 
0.0000002908 0.0000001438 0.0000000771 
0.0000002892 0.0000001436 0.0000000772 
0.0000002877 0.0000001435 0.0000000773 
0.0000002862 0.0000001433 0.0000000774 
0.0000002847 0.0000001431 0.0000000775 
0.0000002833 0.0000001429 0.0000000775 
0.0000002820 0.0000001428 0.0000000776 
0.0000002806 0.0000001426 0.0000000776 
0.0000002793 0.0000001425 0.0000000777 
0.0000002781 0.0000001423 0.0000000777 
0.0000002769 0.0000001422 0.0000000777 
0.0000002757 0.0000001420 0.0000000778 
0.0000002746 0.0000001419 0.0000000778 
0.0000002735 0.0000001417 0.0000000778 
0.0000002724 0.0000001416 0.0000000778 
0.0000002714 0.0000001415 0.0000000778 
0.0000002704 0.0000001414 0.0000000778 
0.0000002694 0.0000001412 0.0000000778 
0.0000002685 0.0000001411 0.0000000778 
0.0000002676 0.0000001410 0.0000000778 
0.0000002668 0.0000001409 0.0000000779 
0.0000002660 0.0000001408 0.0000000779 
0.0000002652 0.0000001407 0.0000000779 
0.0000002644 0.0000001406 0.0000000779 
0.0000002637 0.0000001405 0.0000000779 
0.0000002630 0.0000001404 0.0000000780 
0.0000002624 0.0000001404 0.0000000780 
0.0000002617 0.0000001403 0.0000000780 
0.0000002611 0.0000001402 0.0000000781 
0.0000002606 0.0000001401 0.0000000781 
0.0000002600 0.0000001401 0.0000000782 
0.0000002595 0.0000001400 0.0000000783 
0.0000002590 0.0000001399 0.0000000783 
0.0000002585 0.0000001399 0.0000000784 
0.0000002580 0.0000001398 0.0000000785 
0.0000002575 0.0000001397 0.0000000786 
0.0000002571 0.0000001397 0.0000000787 
0.0000002567 0.0000001396 0.0000000788 
0.0000002563 0.0000001395 0.0000000789 
0.0000002559 0.0000001394 0.0000000790 
0.0000002555 0.0000001394 0.0000000791 
0.0000002551 0.0000001393 0.0000000793 
0.0000002548 0.0000001392 0.0000000794 
0.0000002544 0.0000001392 0.0000000795 
0.0000002541 0.0000001391 0.0000000796 
0.0000002537 0.0000001390 0.0000000798 
0.0000002534 0.0000001389 0.0000000799 
0.0000002531 0.0000001389 0.0000000800 
0.0000002528 0.0000001388 0.0000000802 
0.0000002525 0.0000001387 0.0000000803 
0.0000002522 0.0000001386 0.0000000804 
0.0000002519 0.0000001385 0.0000000806 
0.0000002516 0.0000001385 0.0000000807 
0.0000002514 0.0000001384 0.0000000808 
0.0000002511 0.0000001383 0.0000000810 
0.0000002508 0.0000001382 0.0000000811 
0.0000002505 0.0000001381 0.0000000812 
0.0000002502 0.0000001380 0.0000000814 
0.0000002499 0.0000001379 0.0000000815 
0.0000002496 0.0000001378 0.0000000816 
0.0000002493 0.0000001377 0.0000000817 
0.0000002490 0.0000001376 0.0000000818 
0.0000002487 0.0000001375 0.0000000819 
0.0000002484 0.0000001373 0.0000000820 
0.0000002481 0.0000001372 0.0000000820 
0.0000002478 0.0000001371 0.0000000821 
0.0000002474 0.0000001370 0.0000000822 
0.0000002471 0.0000001369 0.0000000822 
0.0000002468 0.0000001367 0.0000000823 
0.0000002465 0.0000001366 0.0000000823 
0.0000002461 0.0000001365 0.0000000823 
0.0000002458 0.0000001364 0.0000000823 
0.0000002454 0.0000001362 0.0000000823 
0.0000002451 0.0000001361 0.0000000823 
0.0000002447 0.0000001360 0.0000000823 
0.0000002443 0.0000001358 0.0000000823 
0.0000002439 0.0000001357 0.0000000823 
0.0000002436 0.0000001355 0.0000000822 
0.0000002432 0.0000001354 0.0000000822 
0.0000002428 0.0000001353 0.0000000821 
0.0000002424 0.0000001351 0.0000000820 
0.0000002420 0.0000001350 0.0000000819 
0.0000002416 0.0000001349 0.0000000818 
0.0000002412 0.0000001347 0.0000000817 
0.0000002408 0.0000001346 0.0000000816 
0.0000002404 0.0000001345 0.0000000815 
0.0000002401 0.0000001343 0.0000000814 
0.0000002397 0.0000001342 0.0000000813 
0.0000002393 0.0000001341 0.0000000811 
0.0000002390 0.0000001340 0.0000000810 
0.0000002386 0.0000001339 0.0000000808 
0.0000002383 0.0000001337 0.0000000806 
0.0000002380 0.0000001336 0.0000000804 
0.0000002377 0.0000001335 0.0000000802 
0.0000002374 0.0000001334 0.0000000801 
0.0000002372 0.0000001334 0.0000000798 
0.0000002369 0.0000001333 0.0000000796 
0.0000002367 0.0000001332 0.0000000794 
0.0000002365 0.0000001332 0.0000000792 
0.0000002363 0.0000001331 0.0000000790 
0.0000002361 0.0000001331 0.0000000788 
0.0000002360 0.0000001330 0.0000000786 
0.0000002358 0.0000001330 0.0000000783 
0.0000002357 0.0000001330 0.0000000781 
0.0000002357 0.0000001330 0.0000000779 
0.0000002356 0.0000001330 0.0000000777 
0.0000002356 0.0000001330 0.0000000775 
0.0000002357 0.0000001331 0.0000000773 
0.0000002357 0.0000001332 0.0000000772 
0.0000002358 0.0000001332 0.0000000770 
0.0000002360 0.0000001333 0.0000000769 
0.0000002362 0.0000001335 0.0000000768 
0.0000002364 0.0000001336 0.0000000767 
0.0000002367 0.0000001338 0.0000000767 
0.0000002370 0.0000001339 0.0000000767 
0.0000002374 0.0000001341 0.0000000768 
0.0000002378 0.0000001343 0.0000000768 
0.0000002383 0.0000001346 0.0000000769 
0.0000002388 0.0000001348 0.0000000771 
0.0000002393 0.0000001351 0.0000000772 
0.0000002399 0.0000001353 0.0000000774 
0.0000002405 0.0000001356 0.0000000776 
0.0000002411 0.0000001359 0.0000000779 
0.0000002418 0.0000001362 0.0000000782 
0.0000002425 0.0000001365 0.0000000785 
0.0000002432 0.0000001368 0.0000000788 
0.0000002439 0.0000001372 0.0000000791 
0.0000002447 0.0000001375 0.0000000795 
0.0000002454 0.0000001378 0.0000000799 
0.0000002461 0.0000001381 0.0000000803 
0.0000002469 0.0000001384 0.0000000807 
0.0000002476 0.0000001387 0.0000000812 
0.0000002484 0.0000001390 0.0000000816 
0.0000002491 0.0000001393 0.0000000821 
0.0000002499 0.0000001396 0.0000000826 
0.0000002506 0.0000001398 0.0000000831 
0.0000002513 0.0000001401 0.0000000836 
0.0000002520 0.0000001404 0.0000000841 
0.0000002527 0.0000001406 0.0000000846 
0.0000002534 0.0000001409 0.0000000852 
0.0000002540 0.0000001411 0.0000000857 
0.0000002547 0.0000001413 0.0000000862 
0.0000002553 0.0000001416 0.0000000868 
0.0000002559 0.0000001418 0.0000000873 
0.0000002565 0.0000001420 0.0000000879 
0.0000002571 0.0000001422 0.0000000884 
0.0000002577 0.0000001424 0.0000000889 
0.0000002582 0.0000001426 0.0000000895 
0.0000002587 0.0000001427 0.0000000900 
0.0000002592 0.0000001429 0.0000000905 
0.0000002597 0.0000001431 0.0000000910 
0.0000002602 0.0000001432 0.0000000915 
0.0000002606 0.0000001434 0.0000000920 
0.0000002610 0.0000001435 0.0000000925 
0.0000002614 0.0000001436 0.0000000931 
0.0000002617 0.0000001437 0.0000000935 
0.0000002620 0.0000001438 0.0000000940 
0.0000002623 0.0000001439 0.0000000945 
0.0000002626 0.0000001439 0.0000000949 
0.0000002628 0.0000001440 0.0000000954 
0.0000002630 0.0000001441 0.0000000958 
0.0000002632 0.0000001441 0.0000000962 
0.0000002633 0.0000001441 0.0000000966 
0.0000002634 0.0000001442 0.0000000970 
0.0000002635 0.0000001442 0.0000000973 
0.0000002635 0.0000001442 0.0000000977 
0.0000002636 0.0000001442 0.0000000980 
0.0000002636 0.0000001442 0.0000000983 
0.0000002635 0.0000001442 0.0000000986 
0.0000002635 0.0000001441 0.0000000989 
0.0000002634 0.0000001441 0.0000000991 
0.0000002633 0.0000001441 0.0000000993 
0.0000002632 0.0000001440 0.0000000996 
0.0000002630 0.0000001440 0.0000000998 
0.0000002628 0.0000001439 0.0000000999 
0.0000002626 0.0000001439 0.0000001001 
0.0000002624 0.0000001438 0.0000001002 
0.0000002621 0.0000001437 0.0000001004 
0.0000002619 0.0000001436 0.0000001005 
0.0000002616 0.0000001435 0.0000001005 
0.0000002613 0.0000001434 0.0000001006 
0.0000002610 0.0000001433 0.0000001007 
0.0000002606 0.0000001432 0.0000001007 
0.0000002602 0.0000001431 0.0000001007 
0.0000002599 0.0000001429 0.0000001007 
0.0000002595 0.0000001428 0.0000001008 
0.0000002591 0.0000001427 0.0000001007 
0.0000002586 0.0000001425 0.0000001007 
0.0000002582 0.0000001424 0.0000001006 
0.0000002578 0.0000001422 0.0000001005 
0.0000002573 0.0000001421 0.0000001003 
0.0000002569 0.0000001420 0.0000001002 
0.0000002564 0.0000001418 0.0000001000 
0.0000002559 0.0000001417 0.0000000998 
0.0000002554 0.0000001415 0.0000000996 
0.0000002549 0.0000001413 0.0000000994 
0.0000002544 0.0000001411 0.0000000992 
0.0000002538 0.0000001410 0.0000000990 
0.0000002533 0.0000001408 0.0000000988 
0.0000002527 0.0000001406 0.0000000986 
0.0000002521 0.0000001403 0.0000000984 
0.0000002515 0.0000001401 0.0000000982 
0.0000002509 0.0000001399 0.0000000980 
0.0000002503 0.0000001397 0.0000000978 
0.0000002497 0.0000001394 0.0000000976 
0.0000002491 0.0000001392 0.0000000974 
0.0000002485 0.0000001389 0.0000000972 
0.0000002478 0.0000001386 0.0000000970 
0.0000002472 0.0000001384 0.0000000968 
0.0000002465 0.0000001381 0.0000000965 
0.0000002459 0.0000001378 0.0000000963 
0.0000002452 0.0000001375 0.0000000961 
0.0000002445 0.0000001372 0.0000000958 
0.0000002438 0.0000001370 0.0000000956 
0.0000002432 0.0000001367 0.0000000953 
0.0000002425 0.0000001364 0.0000000951 
0.0000002418 0.0000001361 0.0000000948 
0.0000002411 0.0000001357 0.0000000946 
0.0000002404 0.0000001354 0.0000000943 
0.0000002397 0.0000001351 0.0000000940 
0.0000002390 0.0000001348 0.0000000938 
0.0000002383 0.0000001345 0.0000000935 
0.0000002376 0.0000001342 0.0000000932 
0.0000002369 0.0000001338 0.0000000929 
0.0000002362 0.0000001335 0.0000000926 
0.0000002354 0.0000001332 0.0000000923 
0.0000002347 0.0000001329 0.0000000920 
0.0000002340 0.0000001325 0.0000000917 
0.0000002333 0.0000001322 0.0000000914 
0.0000002326 0.0000001319 0.0000000911 
0.0000002319 0.0000001315 0.0000000907 
0.0000002312 0.0000001312 0.0000000904 
0.0000002304 0.0000001308 0.0000000901 
0.0000002297 0.0000001305 0.0000000897 
0.0000002290 0.0000001302 0.0000000894 
0.0000002283 0.0000001298 0.0000000891 
0.0000002276 0.0000001295 0.0000000887 
0.0000002269 0.0000001291 0.0000000884 
0.0000002262 0.0000001288 0.0000000880 
0.0000002254 0.0000001284 0.0000000877 
0.0000002247 0.0000001280 0.0000000873 
0.0000002240 0.0000001277 0.0000000869 
0.0000002233 0.0000001273 0.0000000866 
0.0000002226 0.0000001270 0.0000000862 
0.0000002219 0.0000001266 0.0000000858 
0.0000002212 0.0000001263 0.0000000855 
0.0000002205 0.0000001259 0.0000000851 
0.0000002198 0.0000001256 0.0000000847 
0.0000002191 0.0000001252 0.0000000843 
0.0000002184 0.0000001248 0.0000000840 
0.0000002177 0.0000001245 0.0000000836 
0.0000002170 0.0000001241 0.0000000832 
0.0000002164 0.0000001238 0.0000000828 
0.0000002157 0.0000001234 0.0000000824 
0.0000002150 0.0000001231 0.0000000820 
0.0000002144 0.0000001227 0.0000000817 
0.0000002137 0.0000001223 0.0000000813 
0.0000002131 0.0000001220 0.0000000809 
0.0000002124 0.0000001216 0.0000000805 
0.0000002118 0.0000001213 0.0000000801 
0.0000002112 0.0000001209 0.0000000797 
0.0000002106 0.0000001206 0.0000000793 
0.0000002101 0.0000001203 0.0000000789 
0.0000002095 0.0000001199 0.0000000785 
0.0000002090 0.0000001196 0.0000000781 
0.0000002085 0.0000001193 0.0000000777 
0.0000002080 0.0000001190 0.0000000774 
0.0000002075 0.0000001187 0.0000000770 
0.0000002071 0.0000001183 0.0000000766 
0.0000002066 0.0000001180 0.0000000762 
0.0000002061 0.0000001177 0.0000000758 
0.0000002056 0.0000001174 0.0000000754 
0.0000002052 0.0000001171 0.0000000750 
0.0000002047 0.0000001168 0.0000000746 
0.0000002043 0.0000001165 0.0000000742 
0.0000002038 0.0000001161 0.0000000738 
0.0000002034 0.0000001158 0.0000000735 
0.0000002029 0.0000001155 0.0000000731 
0.0000002025 0.0000001152 0.0000000727 
0.0000002021 0.0000001149 0.0000000723 
0.0000002017 0.0000001146 0.0000000719 
0.0000002013 0.0000001142 0.0000000716 
0.0000002008 0.0000001139 0.0000000712 
0.0000002004 0.0000001136 0.0000000708 
0.0000002000 0.0000001133 0.0000000704 
0.0000001996 0.0000001129 0.0000000701 
0.0000001993 0.0000001126 0.0000000697 
0.0000001989 0.0000001123 0.0000000693 
0.0000001985 0.0000001119 0.0000000690 
0.0000001981 0.0000001116 0.0000000686 
0.0000001978 0.0000001113 0.0000000683 
0.0000001974 0.0000001109 0.0000000679 
0.0000001971 0.0000001106 0.0000000676 
0.0000001967 0.0000001103 0.0000000672 
0.0000001964 0.0000001099 0.0000000669 
0.0000001961 0.0000001096 0.0000000665 
0.0000001958 0.0000001093 0.0000000662 
0.0000001955 0.0000001089 0.0000000659 
0.0000001953 0.0000001086 0.0000000655 
0.0000001950 0.0000001083 0.0000000652 
0.0000001947 0.0000001080 0.0000000649 
0.0000001945 0.0000001076 0.0000000646 
0.0000001942 0.0000001073 0.0000000643 
0.0000001939 0.0000001070 0.0000000640 
0.0000001937 0.0000001066 0.0000000636 
0.0000001934 0.0000001063 0.0000000633 
0.0000001932 0.0000001060 0.0000000630 
0.0000001929 0.0000001056 0.0000000628 
0.0000001926 0.0000001053 0.0000000625 
0.0000001923 0.0000001050 0.0000000622 
0.0000001921 0.0000001046 0.0000000619 
0.0000001918 0.0000001043 0.0000000616 
0.0000001915 0.0000001039 0.0000000613 
0.0000001912 0.0000001036 0.0000000611 
0.0000001909 0.0000001033 0.0000000608 
0.0000001906 0.0000001029 0.0000000605 
0.0000001903 0.0000001026 0.0000000603 
0.0000001900 0.0000001022 0.0000000600 
0.0000001897 0.0000001019 0.0000000598 
0.0000001894 0.0000001016 0.0000000595 
0.0000001891 0.0000001012 0.0000000593 
0.0000001887 0.0000001009 0.0000000591 
0.0000001884 0.0000001005 0.0000000588 
0.0000001881 0.0000001002 0.0000000586 
0.0000001877 0.0000000998 0.0000000584 
0.0000001874 0.0000000995 0.0000000581 
