0.0000021264 0.0000026571 0.0000050332 
0.0000021297 0.0000026533 0.0000050230 
0.0000021329 0.0000026495 0.0000050128 
0.0000021360 0.0000026458 0.0000050027 
0.0000021390 0.0000026422 0.0000049925 
0.0000021419 0.0000026386 0.0000049824 
0.0000021448 0.0000026351 0.0000049722 
0.0000021475 0.0000026317 0.0000049621 
0.0000021502 0.0000026282 0.0000049519 
0.0000021528 0.0000026249 0.0000049418 
0.0000021553 0.0000026216 0.0000049317 
0.0000021578 0.0000026183 0.0000049216 
0.0000021602 0.0000026150 0.0000049115 
0.0000021625 0.0000026118 0.0000049014 
0.0000021647 0.0000026086 0.0000048913 
0.0000021669 0.0000026055 0.0000048813 
0.0000021690 0.0000026024 0.0000048712 
0.0000021711 0.0000025993 0.0000048611 
0.0000021731 0.0000025963 0.0000048511 
0.0000021750 0.0000025932 0.0000048410 
0.0000021769 0.0000025902 0.0000048310 
0.0000021787 0.0000025873 0.0000048210 
0.0000021805 0.0000025843 0.0000048110 
0.0000021822 0.0000025814 0.0000048010 
0.0000021838 0.0000025785 0.0000047910 
0.0000021854 0.0000025756 0.0000047810 
0.0000021870 0.0000025727 0.0000047710 
0.0000021885 0.0000025699 0.0000047610 
0.0000021899 0.0000025670 0.0000047510 
0.0000021913 0.0000025642 0.0000047411 
0.0000021926 0.0000025614 0.0000047311 
0.0000021939 0.0000025586 0.0000047212 
0.0000021952 0.0000025559 0.0000047112 
0.0000021964 0.0000025531 0.0000047013 
0.0000021976 0.0000025504 0.0000046914 
0.0000021987 0.0000025477 0.0000046815 
0.0000021998 0.0000025450 0.0000046716 
0.0000022009 0.0000025423 0.0000046618 
0.0000022020 0.0000025396 0.0000046519 
0.0000022031 0.0000025370 0.0000046421 
0.0000022042 0.0000025344 0.0000046322 
0.0000022053 0.0000025318 0.0000046224 
0.0000022064 0.0000025292 0.0000046126 
0.0000022074 0.0000025267 0.0000046028 
0.0000022085 0.0000025242 0.0000045930 
0.0000022095 0.0000025216 0.0000045832 
0.0000022105 0.0000025192 0.0000045734 
0.0000022115 0.0000025167 0.0000045637 
0.0000022125 0.0000025142 0.0000045539 
0.0000022135 0.0000025118 0.0000045441 
0.0000022145 0.0000025094 0.0000045344 
0.0000022154 0.0000025070 0.0000045247 
0.0000022163 0.0000025046 0.0000045149 
0.0000022172 0.0000025022 0.0000045052 
0.0000022181 0.0000024999 0.0000044955 
0.0000022190 0.0000024976 0.0000044858 
0.0000022199 0.0000024952 0.0000044761 
0.0000022207 0.0000024929 0.0000044664 
0.0000022216 0.0000024907 0.0000044567 
0.0000022224 0.0000024884 0.0000044469 
0.0000022232 0.0000024862 0.0000044372 
0.0000022239 0.0000024840 0.0000044275 
0.0000022247 0.0000024818 0.0000044177 
0.0000022254 0.0000024796 0.0000044080 
0.0000022260 0.0000024775 0.0000043983 
0.0000022267 0.0000024753 0.0000043886 
0.0000022273 0.0000024732 0.0000043789 
0.0000022278 0.0000024711 0.0000043692 
0.0000022284 0.0000024690 0.0000043595 
0.0000022290 0.0000024669 0.0000043498 
0.0000022295 0.0000024648 0.0000043401 
0.0000022299 0.0000024628 0.0000043304 
0.0000022304 0.0000024608 0.0000043207 
0.0000022309 0.0000024588 0.0000043111 
0.0000022314 0.0000024568 0.0000043015 
0.0000022319 0.0000024549 0.0000042919 
0.0000022325 0.0000024530 0.0000042824 
0.0000022332 0.0000024511 0.0000042728 
0.0000022339 0.0000024493 0.0000042633 
0.0000022346 0.0000024474 0.0000042539 
0.0000022353 0.0000024456 0.0000042444 
0.0000022361 0.0000024438 0.0000042350 
0.0000022368 0.0000024419 0.0000042255 
0.0000022376 0.0000024401 0.0000042161 
0.0000022383 0.0000024383 0.0000042067 
0.0000022391 0.0000024365 0.0000041973 
0.0000022398 0.0000024347 0.0000041880 
0.0000022405 0.0000024329 0.0000041787 
0.0000022412 0.0000024311 0.0000041694 
0.0000022420 0.0000024293 0.0000041601 
0.0000022427 0.0000024275 0.0000041508 
0.0000022434 0.0000024257 0.0000041416 
0.0000022441 0.0000024238 0.0000041324 
0.0000022448 0.0000024220 0.0000041233 
0.0000022455 0.0000024202 0.0000041142 
0.0000022462 0.0000024183 0.0000041051 
0.0000022470 0.0000024165 0.0000040960 
0.0000022477 0.0000024146 0.0000040870 
0.0000022484 0.0000024129 0.0000040781 
0.0000022490 0.0000024111 0.0000040692 
0.0000022496 0.0000024093 0.0000040603 
0.0000022502 0.0000024075 0.0000040515 
0.0000022507 0.0000024058 0.0000040427 
0.0000022512 0.0000024040 0.0000040339 
0.0000022516 0.0000024023 0.0000040251 
0.0000022520 0.0000024006 0.0000040164 
0.0000022523 0.0000023989 0.0000040076 
0.0000022527 0.0000023972 0.0000039990 
0.0000022530 0.0000023955 0.0000039903 
0.0000022527 0.0000023938 0.0000039814 
0.0000022526 0.0000023921 0.0000039727 
0.0000022525 0.0000023904 0.0000039642 
0.0000022524 0.0000023887 0.0000039558 
0.0000022524 0.0000023870 0.0000039475 
0.0000022523 0.0000023853 0.0000039393 
0.0000022523 0.0000023836 0.0000039312 
0.0000022523 0.0000023819 0.0000039231 
0.0000022522 0.0000023802 0.0000039151 
0.0000022521 0.0000023785 0.0000039071 
0.0000022520 0.0000023768 0.0000038993 
0.0000022520 0.0000023752 0.0000038915 
0.0000022519 0.0000023735 0.0000038837 
0.0000022519 0.0000023718 0.0000038760 
0.0000022519 0.0000023701 0.0000038683 
0.0000022518 0.0000023684 0.0000038607 
0.0000022518 0.0000023668 0.0000038531 
0.0000022518 0.0000023651 0.0000038455 
0.0000022518 0.0000023634 0.0000038380 
0.0000022518 0.0000023617 0.0000038306 
0.0000022519 0.0000023600 0.0000038231 
0.0000022519 0.0000023583 0.0000038157 
0.0000022519 0.0000023566 0.0000038084 
0.0000022519 0.0000023549 0.0000038011 
0.0000022519 0.0000023532 0.0000037938 
0.0000022519 0.0000023515 0.0000037866 
0.0000022519 0.0000023499 0.0000037794 
0.0000022519 0.0000023482 0.0000037722 
0.0000022519 0.0000023466 0.0000037651 
0.0000022518 0.0000023449 0.0000037580 
0.0000022518 0.0000023433 0.0000037510 
0.0000022517 0.0000023416 0.0000037439 
0.0000022517 0.0000023400 0.0000037370 
0.0000022516 0.0000023383 0.0000037300 
0.0000022515 0.0000023367 0.0000037231 
0.0000022515 0.0000023350 0.0000037161 
0.0000022514 0.0000023333 0.0000037093 
0.0000022513 0.0000023316 0.0000037024 
0.0000022513 0.0000023299 0.0000036955 
0.0000022512 0.0000023282 0.0000036887 
0.0000022512 0.0000023265 0.0000036819 
0.0000022511 0.0000023248 0.0000036751 
0.0000022510 0.0000023231 0.0000036683 
0.0000022510 0.0000023214 0.0000036615 
0.0000022509 0.0000023197 0.0000036548 
0.0000022508 0.0000023179 0.0000036480 
0.0000022508 0.0000023162 0.0000036413 
0.0000022507 0.0000023144 0.0000036346 
0.0000022506 0.0000023127 0.0000036279 
0.0000022502 0.0000023109 0.0000036210 
0.0000022499 0.0000023091 0.0000036142 
0.0000022497 0.0000023074 0.0000036075 
0.0000022494 0.0000023056 0.0000036009 
0.0000022492 0.0000023038 0.0000035943 
0.0000022490 0.0000023020 0.0000035877 
0.0000022488 0.0000023002 0.0000035811 
0.0000022486 0.0000022984 0.0000035746 
0.0000022485 0.0000022966 0.0000035680 
0.0000022483 0.0000022948 0.0000035615 
0.0000022482 0.0000022930 0.0000035550 
0.0000022481 0.0000022911 0.0000035486 
0.0000022480 0.0000022893 0.0000035421 
0.0000022480 0.0000022875 0.0000035357 
0.0000022480 0.0000022856 0.0000035293 
0.0000022481 0.0000022838 0.0000035229 
0.0000022482 0.0000022820 0.0000035166 
0.0000022483 0.0000022801 0.0000035102 
0.0000022484 0.0000022783 0.0000035039 
0.0000022486 0.0000022765 0.0000034976 
0.0000022487 0.0000022747 0.0000034913 
0.0000022489 0.0000022728 0.0000034850 
0.0000022491 0.0000022710 0.0000034787 
0.0000022494 0.0000022692 0.0000034724 
0.0000022496 0.0000022674 0.0000034662 
0.0000022499 0.0000022655 0.0000034599 
0.0000022501 0.0000022637 0.0000034537 
0.0000022504 0.0000022619 0.0000034475 
0.0000022507 0.0000022601 0.0000034412 
0.0000022510 0.0000022583 0.0000034350 
0.0000022513 0.0000022565 0.0000034288 
0.0000022516 0.0000022548 0.0000034226 
0.0000022519 0.0000022530 0.0000034165 
0.0000022522 0.0000022512 0.0000034103 
0.0000022525 0.0000022494 0.0000034041 
0.0000022528 0.0000022476 0.0000033980 
0.0000022531 0.0000022459 0.0000033918 
0.0000022534 0.0000022441 0.0000033857 
0.0000022537 0.0000022424 0.0000033795 
0.0000022540 0.0000022406 0.0000033734 
0.0000022543 0.0000022389 0.0000033673 
0.0000022546 0.0000022371 0.0000033612 
0.0000022550 0.0000022354 0.0000033552 
0.0000022553 0.0000022336 0.0000033491 
0.0000022556 0.0000022319 0.0000033430 
0.0000022560 0.0000022302 0.0000033370 
0.0000022563 0.0000022285 0.0000033310 
0.0000022566 0.0000022268 0.0000033250 
0.0000022570 0.0000022250 0.0000033190 
0.0000022574 0.0000022233 0.0000033130 
0.0000022577 0.0000022216 0.0000033070 
0.0000022581 0.0000022200 0.0000033011 
0.0000022585 0.0000022183 0.0000032952 
0.0000022589 0.0000022166 0.0000032892 
0.0000022593 0.0000022149 0.0000032833 
0.0000022596 0.0000022132 0.0000032774 
0.0000022600 0.0000022116 0.0000032715 
0.0000022603 0.0000022099 0.0000032657 
0.0000022605 0.0000022082 0.0000032598 
0.0000022608 0.0000022066 0.0000032539 
0.0000022611 0.0000022050 0.0000032481 
0.0000022613 0.0000022033 0.0000032423 
0.0000022615 0.0000022017 0.0000032365 
0.0000022617 0.0000022001 0.0000032307 
0.0000022619 0.0000021985 0.0000032249 
0.0000022621 0.0000021968 0.0000032192 
0.0000022623 0.0000021952 0.0000032135 
0.0000022625 0.0000021936 0.0000032078 
0.0000022626 0.0000021920 0.0000032020 
0.0000022627 0.0000021905 0.0000031964 
0.0000022628 0.0000021889 0.0000031907 
0.0000022629 0.0000021873 0.0000031850 
0.0000022630 0.0000021857 0.0000031794 
0.0000022630 0.0000021842 0.0000031738 
0.0000022631 0.0000021827 0.0000031682 
0.0000022631 0.0000021811 0.0000031627 
0.0000022631 0.0000021796 0.0000031571 
0.0000022630 0.0000021781 0.0000031515 
0.0000022630 0.0000021766 0.0000031460 
0.0000022629 0.0000021751 0.0000031405 
0.0000022628 0.0000021736 0.0000031350 
0.0000022627 0.0000021721 0.0000031295 
0.0000022627 0.0000021706 0.0000031241 
0.0000022626 0.0000021691 0.0000031187 
0.0000022625 0.0000021677 0.0000031132 
0.0000022623 0.0000021662 0.0000031079 
0.0000022622 0.0000021648 0.0000031025 
0.0000022621 0.0000021633 0.0000030971 
0.0000022620 0.0000021619 0.0000030918 
0.0000022618 0.0000021604 0.0000030865 
0.0000022617 0.0000021590 0.0000030812 
0.0000022615 0.0000021576 0.0000030759 
0.0000022614 0.0000021562 0.0000030706 
0.0000022612 0.0000021548 0.0000030653 
0.0000022611 0.0000021534 0.0000030601 
0.0000022609 0.0000021520 0.0000030549 
0.0000022607 0.0000021506 0.0000030496 
0.0000022605 0.0000021492 0.0000030444 
0.0000022603 0.0000021478 0.0000030392 
0.0000022600 0.0000021464 0.0000030341 
0.0000022598 0.0000021451 0.0000030289 
0.0000022595 0.0000021437 0.0000030237 
0.0000022593 0.0000021423 0.0000030185 
0.0000022590 0.0000021410 0.0000030134 
0.0000022587 0.0000021396 0.0000030082 
0.0000022583 0.0000021383 0.0000030031 
0.0000022580 0.0000021369 0.0000029980 
0.0000022577 0.0000021356 0.0000029929 
0.0000022573 0.0000021343 0.0000029878 
0.0000022570 0.0000021329 0.0000029827 
0.0000022566 0.0000021316 0.0000029776 
0.0000022562 0.0000021303 0.0000029725 
0.0000022558 0.0000021290 0.0000029675 
0.0000022554 0.0000021276 0.0000029625 
0.0000022550 0.0000021263 0.0000029575 
0.0000022546 0.0000021250 0.0000029525 
0.0000022542 0.0000021237 0.0000029475 
0.0000022537 0.0000021225 0.0000029425 
0.0000022533 0.0000021212 0.0000029375 
0.0000022528 0.0000021199 0.0000029326 
0.0000022524 0.0000021186 0.0000029276 
0.0000022519 0.0000021174 0.0000029227 
0.0000022515 0.0000021161 0.0000029178 
0.0000022510 0.0000021148 0.0000029129 
0.0000022506 0.0000021136 0.0000029080 
0.0000022501 0.0000021124 0.0000029031 
0.0000022496 0.0000021111 0.0000028982 
0.0000022491 0.0000021099 0.0000028934 
0.0000022486 0.0000021087 0.0000028885 
0.0000022481 0.0000021075 0.0000028837 
0.0000022475 0.0000021062 0.0000028789 
0.0000022470 0.0000021050 0.0000028741 
0.0000022464 0.0000021038 0.0000028693 
0.0000022458 0.0000021026 0.0000028645 
0.0000022453 0.0000021014 0.0000028597 
0.0000022447 0.0000021002 0.0000028550 
0.0000022441 0.0000020990 0.0000028502 
0.0000022434 0.0000020978 0.0000028455 
0.0000022428 0.0000020966 0.0000028408 
0.0000022422 0.0000020954 0.0000028361 
0.0000022415 0.0000020942 0.0000028314 
0.0000022408 0.0000020930 0.0000028267 
0.0000022402 0.0000020918 0.0000028220 
0.0000022395 0.0000020906 0.0000028173 
0.0000022388 0.0000020894 0.0000028127 
0.0000022381 0.0000020882 0.0000028080 
0.0000022373 0.0000020870 0.0000028034 
0.0000022366 0.0000020858 0.0000027987 
0.0000022358 0.0000020846 0.0000027941 
0.0000022350 0.0000020834 0.0000027895 
0.0000022343 0.0000020823 0.0000027849 
0.0000022335 0.0000020811 0.0000027803 
0.0000022327 0.0000020799 0.0000027757 
0.0000022318 0.0000020787 0.0000027711 
0.0000022310 0.0000020775 0.0000027665 
0.0000022302 0.0000020763 0.0000027619 
0.0000022293 0.0000020751 0.0000027573 
0.0000022284 0.0000020739 0.0000027528 
0.0000022276 0.0000020727 0.0000027482 
0.0000022267 0.0000020715 0.0000027436 
0.0000022258 0.0000020703 0.0000027391 
0.0000022249 0.0000020691 0.0000027345 
0.0000022239 0.0000020679 0.0000027300 
0.0000022230 0.0000020667 0.0000027254 
0.0000022220 0.0000020655 0.0000027209 
0.0000022211 0.0000020643 0.0000027164 
0.0000022201 0.0000020631 0.0000027119 
0.0000022191 0.0000020619 0.0000027073 
0.0000022181 0.0000020607 0.0000027028 
0.0000022171 0.0000020595 0.0000026983 
0.0000022160 0.0000020583 0.0000026938 
0.0000022150 0.0000020571 0.0000026893 
0.0000022139 0.0000020559 0.0000026848 
0.0000022129 0.0000020546 0.0000026803 
0.0000022118 0.0000020534 0.0000026758 
0.0000022107 0.0000020522 0.0000026713 
0.0000022096 0.0000020510 0.0000026668 
0.0000022085 0.0000020498 0.0000026623 
0.0000022074 0.0000020486 0.0000026579 
0.0000022063 0.0000020474 0.0000026534 
0.0000022052 0.0000020462 0.0000026489 
0.0000022041 0.0000020450 0.0000026445 
0.0000022029 0.0000020437 0.0000026400 
0.0000022018 0.0000020425 0.0000026356 
0.0000022006 0.0000020413 0.0000026311 
0.0000021994 0.0000020401 0.0000026267 
0.0000021982 0.0000020389 0.0000026223 
0.0000021970 0.0000020376 0.0000026178 
0.0000021958 0.0000020364 0.0000026134 
0.0000021946 0.0000020351 0.0000026090 
0.0000021934 0.0000020339 0.0000026046 
0.0000021921 0.0000020327 0.0000026002 
0.0000021909 0.0000020314 0.0000025957 
0.0000021896 0.0000020302 0.0000025913 
0.0000021884 0.0000020289 0.0000025869 
0.0000021872 0.0000020277 0.0000025825 
0.0000021859 0.0000020264 0.0000025781 
0.0000021846 0.0000020251 0.0000025738 
0.0000021833 0.0000020239 0.0000025694 
0.0000021820 0.0000020226 0.0000025650 
0.0000021806 0.0000020214 0.0000025607 
0.0000021793 0.0000020202 0.0000025563 
0.0000021779 0.0000020189 0.0000025519 
0.0000021765 0.0000020177 0.0000025476 
0.0000021751 0.0000020165 0.0000025433 
0.0000021736 0.0000020153 0.0000025389 
0.0000021722 0.0000020141 0.0000025346 
0.0000021707 0.0000020129 0.0000025303 
0.0000021693 0.0000020117 0.0000025260 
0.0000021678 0.0000020105 0.0000025217 
0.0000021663 0.0000020093 0.0000025174 
0.0000021648 0.0000020081 0.0000025131 
0.0000021632 0.0000020069 0.0000025088 
0.0000021617 0.0000020057 0.0000025046 
0.0000021602 0.0000020045 0.0000025003 
0.0000021587 0.0000020034 0.0000024961 
0.0000021572 0.0000020022 0.0000024918 
0.0000021557 0.0000020010 0.0000024876 
0.0000021542 0.0000019998 0.0000024834 
0.0000021527 0.0000019986 0.0000024791 
0.0000021512 0.0000019974 0.0000024749 
0.0000021497 0.0000019963 0.0000024707 
0.0000021481 0.0000019951 0.0000024664 
0.0000021466 0.0000019939 0.0000024622 
0.0000021451 0.0000019927 0.0000024580 
0.0000021436 0.0000019915 0.0000024538 
0.0000021420 0.0000019903 0.0000024496 
0.0000021404 0.0000019891 0.0000024454 
0.0000021388 0.0000019880 0.0000024412 
0.0000021372 0.0000019868 0.0000024370 
0.0000021355 0.0000019856 0.0000024328 
0.0000021339 0.0000019845 0.0000024287 
0.0000021322 0.0000019834 0.0000024245 
0.0000021305 0.0000019822 0.0000024204 
0.0000021288 0.0000019811 0.0000024162 
0.0000021271 0.0000019800 0.0000024121 
0.0000021254 0.0000019788 0.0000024080 
0.0000021237 0.0000019777 0.0000024039 
0.0000021219 0.0000019766 0.0000023998 
0.0000021202 0.0000019755 0.0000023957 
0.0000021184 0.0000019744 0.0000023916 
0.0000021166 0.0000019733 0.0000023875 
0.0000021148 0.0000019721 0.0000023835 
0.0000021130 0.0000019710 0.0000023794 
0.0000021112 0.0000019699 0.0000023754 
0.0000021094 0.0000019688 0.0000023713 
0.0000021076 0.0000019677 0.0000023673 
0.0000021058 0.0000019666 0.0000023632 
0.0000021040 0.0000019655 0.0000023592 
0.0000021022 0.0000019643 0.0000023551 
0.0000021003 0.0000019632 0.0000023511 
0.0000020985 0.0000019621 0.0000023471 
0.0000020967 0.0000019610 0.0000023430 
0.0000020949 0.0000019598 0.0000023390 
0.0000020931 0.0000019587 0.0000023350 
0.0000020913 0.0000019576 0.0000023310 
0.0000020895 0.0000019564 0.0000023269 
0.0000020877 0.0000019553 0.0000023229 
0.0000020860 0.0000019541 0.0000023189 
0.0000020842 0.0000019530 0.0000023149 
0.0000020824 0.0000019518 0.0000023109 
0.0000020806 0.0000019507 0.0000023068 
0.0000020788 0.0000019495 0.0000023028 
0.0000020770 0.0000019483 0.0000022988 
0.0000020752 0.0000019472 0.0000022948 
0.0000020734 0.0000019460 0.0000022908 
0.0000020716 0.0000019448 0.0000022868 
0.0000020698 0.0000019436 0.0000022828 
0.0000020679 0.0000019424 0.0000022788 
0.0000020661 0.0000019412 0.0000022748 
0.0000020642 0.0000019400 0.0000022708 
0.0000020624 0.0000019388 0.0000022668 
0.0000020605 0.0000019376 0.0000022629 
0.0000020587 0.0000019364 0.0000022589 
0.0000020568 0.0000019352 0.0000022550 
0.0000020549 0.0000019340 0.0000022511 
0.0000020531 0.0000019328 0.0000022472 
0.0000020512 0.0000019316 0.0000022432 
0.0000020493 0.0000019303 0.0000022394 
0.0000020474 0.0000019291 0.0000022355 
0.0000020457 0.0000019279 0.0000022316 
0.0000020439 0.0000019266 0.0000022277 
0.0000020421 0.0000019254 0.0000022239 
0.0000020403 0.0000019241 0.0000022201 
0.0000020385 0.0000019229 0.0000022162 
0.0000020367 0.0000019216 0.0000022124 
0.0000020349 0.0000019203 0.0000022086 
0.0000020331 0.0000019190 0.0000022048 
0.0000020313 0.0000019177 0.0000022010 
0.0000020295 0.0000019164 0.0000021973 
0.0000020277 0.0000019151 0.0000021935 
0.0000020259 0.0000019138 0.0000021898 
0.0000020241 0.0000019125 0.0000021860 
0.0000020223 0.0000019112 0.0000021823 
0.0000020205 0.0000019099 0.0000021786 
0.0000020187 0.0000019085 0.0000021749 
0.0000020168 0.0000019072 0.0000021712 
0.0000020150 0.0000019059 0.0000021675 
0.0000020132 0.0000019045 0.0000021638 
0.0000020114 0.0000019032 0.0000021602 
0.0000020096 0.0000019018 0.0000021565 
0.0000020078 0.0000019004 0.0000021529 
0.0000020060 0.0000018991 0.0000021493 
0.0000020042 0.0000018977 0.0000021457 
0.0000020024 0.0000018964 0.0000021421 
0.0000020007 0.0000018950 0.0000021385 
0.0000019990 0.0000018937 0.0000021349 
0.0000019972 0.0000018923 0.0000021314 
0.0000019955 0.0000018909 0.0000021278 
0.0000019938 0.0000018896 0.0000021243 
0.0000019920 0.0000018882 0.0000021208 
0.0000019903 0.0000018868 0.0000021172 
0.0000019886 0.0000018855 0.0000021137 
0.0000019869 0.0000018841 0.0000021102 
0.0000019851 0.0000018827 0.0000021067 
0.0000019834 0.0000018813 0.0000021032 
0.0000019816 0.0000018799 0.0000020996 
0.0000019799 0.0000018786 0.0000020961 
0.0000019782 0.0000018772 0.0000020927 
0.0000019764 0.0000018758 0.0000020892 
0.0000019747 0.0000018744 0.0000020857 
0.0000019729 0.0000018730 0.0000020822 
0.0000019712 0.0000018716 0.0000020787 
0.0000019694 0.0000018702 0.0000020752 
0.0000019677 0.0000018688 0.0000020718 
0.0000019660 0.0000018673 0.0000020683 
0.0000019642 0.0000018659 0.0000020648 
0.0000019625 0.0000018645 0.0000020614 
0.0000019607 0.0000018631 0.0000020579 
0.0000019590 0.0000018617 0.0000020545 
0.0000019572 0.0000018602 0.0000020510 
0.0000019555 0.0000018588 0.0000020476 
0.0000019537 0.0000018574 0.0000020441 
0.0000019519 0.0000018559 0.0000020407 
0.0000019501 0.0000018545 0.0000020372 
0.0000019483 0.0000018530 0.0000020338 
0.0000019465 0.0000018516 0.0000020303 
0.0000019447 0.0000018501 0.0000020269 
0.0000019429 0.0000018487 0.0000020235 
0.0000019410 0.0000018472 0.0000020200 
0.0000019391 0.0000018458 0.0000020166 
0.0000019373 0.0000018443 0.0000020132 
0.0000019354 0.0000018428 0.0000020097 
0.0000019335 0.0000018413 0.0000020063 
0.0000019316 0.0000018399 0.0000020029 
0.0000019297 0.0000018384 0.0000019995 
0.0000019279 0.0000018369 0.0000019961 
0.0000019260 0.0000018354 0.0000019927 
0.0000019241 0.0000018339 0.0000019893 
0.0000019222 0.0000018324 0.0000019859 
0.0000019203 0.0000018309 0.0000019825 
0.0000019184 0.0000018294 0.0000019791 
0.0000019165 0.0000018279 0.0000019757 
0.0000019145 0.0000018263 0.0000019724 
0.0000019126 0.0000018248 0.0000019690 
0.0000019107 0.0000018233 0.0000019656 
0.0000019088 0.0000018218 0.0000019623 
0.0000019068 0.0000018202 0.0000019589 
0.0000019049 0.0000018187 0.0000019556 
0.0000019030 0.0000018172 0.0000019523 
0.0000019010 0.0000018156 0.0000019489 
0.0000018991 0.0000018141 0.0000019456 
0.0000018972 0.0000018125 0.0000019423 
0.0000018953 0.0000018110 0.0000019390 
0.0000018933 0.0000018094 0.0000019357 
0.0000018914 0.0000018079 0.0000019324 
0.0000018895 0.0000018063 0.0000019292 
0.0000018876 0.0000018048 0.0000019259 
0.0000018857 0.0000018032 0.0000019226 
0.0000018838 0.0000018017 0.0000019194 
0.0000018819 0.0000018001 0.0000019161 
0.0000018800 0.0000017986 0.0000019129 
0.0000018781 0.0000017970 0.0000019097 
0.0000018763 0.0000017954 0.0000019064 
0.0000018744 0.0000017939 0.0000019032 
0.0000018726 0.0000017923 0.0000019000 
0.0000018707 0.0000017908 0.0000018968 
0.0000018689 0.0000017892 0.0000018936 
0.0000018671 0.0000017877 0.0000018905 
0.0000018652 0.0000017861 0.0000018873 
0.0000018634 0.0000017845 0.0000018841 
0.0000018616 0.0000017830 0.0000018810 
0.0000018598 0.0000017814 0.0000018778 
0.0000018579 0.0000017798 0.0000018746 
0.0000018561 0.0000017783 0.0000018715 
0.0000018542 0.0000017767 0.0000018683 
0.0000018523 0.0000017751 0.0000018652 
0.0000018504 0.0000017735 0.0000018620 
0.0000018486 0.0000017719 0.0000018589 
0.0000018467 0.0000017703 0.0000018558 
0.0000018447 0.0000017687 0.0000018527 
0.0000018428 0.0000017671 0.0000018496 
0.0000018409 0.0000017655 0.0000018465 
0.0000018390 0.0000017639 0.0000018434 
0.0000018371 0.0000017623 0.0000018403 
0.0000018351 0.0000017607 0.0000018372 
0.0000018332 0.0000017591 0.0000018341 
0.0000018313 0.0000017574 0.0000018311 
0.0000018293 0.0000017558 0.0000018280 
0.0000018274 0.0000017542 0.0000018250 
0.0000018255 0.0000017526 0.0000018219 
0.0000018235 0.0000017509 0.0000018189 
0.0000018216 0.0000017493 0.0000018159 
0.0000018196 0.0000017476 0.0000018129 
0.0000018177 0.0000017460 0.0000018099 
0.0000018157 0.0000017443 0.0000018068 
0.0000018137 0.0000017427 0.0000018038 
0.0000018117 0.0000017410 0.0000018008 
0.0000018097 0.0000017394 0.0000017978 
0.0000018077 0.0000017377 0.0000017948 
0.0000018057 0.0000017360 0.0000017919 
0.0000018037 0.0000017343 0.0000017889 
0.0000018017 0.0000017326 0.0000017859 
0.0000017997 0.0000017309 0.0000017829 
0.0000017977 0.0000017292 0.0000017800 
0.0000017956 0.0000017275 0.0000017770 
0.0000017936 0.0000017258 0.0000017740 
0.0000017916 0.0000017241 0.0000017711 
0.0000017896 0.0000017224 0.0000017682 
0.0000017876 0.0000017207 0.0000017652 
0.0000017855 0.0000017190 0.0000017623 
0.0000017835 0.0000017173 0.0000017594 
0.0000017815 0.0000017155 0.0000017565 
0.0000017794 0.0000017138 0.0000017535 
0.0000017774 0.0000017121 0.0000017506 
0.0000017754 0.0000017103 0.0000017477 
0.0000017733 0.0000017086 0.0000017449 
0.0000017713 0.0000017068 0.0000017420 
0.0000017692 0.0000017051 0.0000017391 
0.0000017672 0.0000017033 0.0000017362 
0.0000017651 0.0000017015 0.0000017333 
0.0000017630 0.0000016997 0.0000017305 
0.0000017610 0.0000016979 0.0000017276 
0.0000017589 0.0000016961 0.0000017248 
0.0000017569 0.0000016943 0.0000017219 
0.0000017548 0.0000016925 0.0000017191 
0.0000017528 0.0000016907 0.0000017163 
0.0000017508 0.0000016889 0.0000017135 
0.0000017488 0.0000016871 0.0000017107 
0.0000017468 0.0000016853 0.0000017079 
0.0000017448 0.0000016835 0.0000017051 
0.0000017428 0.0000016817 0.0000017024 
0.0000017409 0.0000016798 0.0000016996 
0.0000017389 0.0000016780 0.0000016969 
0.0000017370 0.0000016762 0.0000016942 
0.0000017351 0.0000016744 0.0000016915 
0.0000017332 0.0000016725 0.0000016888 
0.0000017313 0.0000016707 0.0000016861 
0.0000017295 0.0000016689 0.0000016834 
0.0000017276 0.0000016671 0.0000016808 
0.0000017258 0.0000016653 0.0000016781 
0.0000017240 0.0000016634 0.0000016755 
0.0000017223 0.0000016616 0.0000016729 
0.0000017205 0.0000016598 0.0000016703 
0.0000017188 0.0000016580 0.0000016677 
0.0000017170 0.0000016561 0.0000016651 
0.0000017153 0.0000016543 0.0000016625 
0.0000017136 0.0000016525 0.0000016599 
0.0000017119 0.0000016506 0.0000016574 
0.0000017102 0.0000016488 0.0000016548 
0.0000017086 0.0000016470 0.0000016523 
0.0000017069 0.0000016452 0.0000016497 
0.0000017053 0.0000016433 0.0000016472 
0.0000017037 0.0000016415 0.0000016447 
0.0000017020 0.0000016397 0.0000016422 
0.0000017005 0.0000016379 0.0000016397 
0.0000016989 0.0000016360 0.0000016372 
0.0000016973 0.0000016342 0.0000016347 
0.0000016958 0.0000016324 0.0000016322 
0.0000016942 0.0000016306 0.0000016298 
0.0000016927 0.0000016288 0.0000016273 
0.0000016911 0.0000016270 0.0000016249 
0.0000016896 0.0000016252 0.0000016224 
0.0000016881 0.0000016234 0.0000016199 
0.0000016866 0.0000016215 0.0000016175 
0.0000016851 0.0000016197 0.0000016151 
0.0000016836 0.0000016179 0.0000016126 
0.0000016821 0.0000016161 0.0000016102 
0.0000016806 0.0000016144 0.0000016078 
0.0000016792 0.0000016126 0.0000016054 
0.0000016778 0.0000016108 0.0000016030 
0.0000016763 0.0000016090 0.0000016006 
0.0000016749 0.0000016072 0.0000015982 
0.0000016735 0.0000016054 0.0000015958 
0.0000016721 0.0000016037 0.0000015934 
0.0000016708 0.0000016019 0.0000015911 
0.0000016694 0.0000016001 0.0000015887 
0.0000016681 0.0000015984 0.0000015863 
0.0000016668 0.0000015966 0.0000015840 
0.0000016655 0.0000015949 0.0000015816 
0.0000016642 0.0000015931 0.0000015793 
0.0000016629 0.0000015913 0.0000015769 
0.0000016616 0.0000015896 0.0000015746 
0.0000016604 0.0000015879 0.0000015722 
0.0000016592 0.0000015862 0.0000015699 
0.0000016581 0.0000015845 0.0000015676 
0.0000016569 0.0000015827 0.0000015652 
0.0000016558 0.0000015810 0.0000015629 
0.0000016547 0.0000015793 0.0000015606 
0.0000016536 0.0000015776 0.0000015583 
0.0000016525 0.0000015760 0.0000015560 
0.0000016515 0.0000015743 0.0000015537 
0.0000016505 0.0000015726 0.0000015514 
0.0000016495 0.0000015709 0.0000015491 
0.0000016485 0.0000015693 0.0000015468 
0.0000016475 0.0000015676 0.0000015445 
0.0000016465 0.0000015660 0.0000015422 
0.0000016456 0.0000015644 0.0000015399 
0.0000016446 0.0000015627 0.0000015376 
0.0000016437 0.0000015611 0.0000015353 
0.0000016428 0.0000015595 0.0000015331 
0.0000016418 0.0000015579 0.0000015308 
0.0000016409 0.0000015563 0.0000015285 
0.0000016400 0.0000015547 0.0000015263 
0.0000016392 0.0000015531 0.0000015240 
0.0000016383 0.0000015515 0.0000015217 
0.0000016374 0.0000015499 0.0000015195 
0.0000016365 0.0000015483 0.0000015172 
0.0000016357 0.0000015467 0.0000015150 
0.0000016348 0.0000015452 0.0000015127 
0.0000016340 0.0000015436 0.0000015105 
0.0000016331 0.0000015420 0.0000015082 
0.0000016323 0.0000015405 0.0000015060 
0.0000016315 0.0000015389 0.0000015038 
0.0000016307 0.0000015374 0.0000015016 
0.0000016299 0.0000015358 0.0000014993 
0.0000016291 0.0000015343 0.0000014971 
0.0000016283 0.0000015328 0.0000014949 
0.0000016275 0.0000015313 0.0000014927 
0.0000016267 0.0000015298 0.0000014905 
0.0000016259 0.0000015283 0.0000014883 
0.0000016252 0.0000015268 0.0000014862 
0.0000016244 0.0000015253 0.0000014840 
0.0000016236 0.0000015238 0.0000014818 
0.0000016228 0.0000015223 0.0000014796 
0.0000016221 0.0000015208 0.0000014774 
0.0000016213 0.0000015193 0.0000014753 
0.0000016205 0.0000015178 0.0000014731 
0.0000016197 0.0000015163 0.0000014709 
0.0000016189 0.0000015148 0.0000014688 
0.0000016181 0.0000015133 0.0000014666 
0.0000016173 0.0000015118 0.0000014645 
0.0000016165 0.0000015103 0.0000014623 
0.0000016157 0.0000015088 0.0000014601 
0.0000016149 0.0000015073 0.0000014580 
0.0000016140 0.0000015058 0.0000014558 
0.0000016132 0.0000015044 0.0000014537 
0.0000016124 0.0000015029 0.0000014515 
0.0000016115 0.0000015014 0.0000014494 
0.0000016107 0.0000014999 0.0000014472 
0.0000016098 0.0000014984 0.0000014451 
0.0000016090 0.0000014970 0.0000014429 
0.0000016081 0.0000014955 0.0000014408 
0.0000016073 0.0000014940 0.0000014386 
0.0000016064 0.0000014926 0.0000014365 
0.0000016055 0.0000014911 0.0000014343 
0.0000016047 0.0000014897 0.0000014322 
0.0000016038 0.0000014882 0.0000014301 
0.0000016030 0.0000014868 0.0000014279 
0.0000016021 0.0000014853 0.0000014258 
0.0000016012 0.0000014839 0.0000014237 
0.0000016003 0.0000014824 0.0000014216 
0.0000015994 0.0000014810 0.0000014194 
0.0000015986 0.0000014795 0.0000014173 
0.0000015977 0.0000014781 0.0000014152 
0.0000015968 0.0000014766 0.0000014131 
0.0000015959 0.0000014752 0.0000014109 
0.0000015951 0.0000014738 0.0000014088 
0.0000015942 0.0000014723 0.0000014067 
0.0000015933 0.0000014709 0.0000014046 
0.0000015925 0.0000014695 0.0000014025 
0.0000015916 0.0000014681 0.0000014004 
0.0000015907 0.0000014667 0.0000013983 
0.0000015899 0.0000014652 0.0000013962 
0.0000015890 0.0000014638 0.0000013941 
0.0000015881 0.0000014624 0.0000013920 
0.0000015873 0.0000014610 0.0000013899 
0.0000015864 0.0000014596 0.0000013878 
0.0000015855 0.0000014582 0.0000013857 
0.0000015846 0.0000014568 0.0000013836 
0.0000015838 0.0000014554 0.0000013815 
0.0000015829 0.0000014540 0.0000013794 
0.0000015820 0.0000014526 0.0000013773 
0.0000015812 0.0000014512 0.0000013752 
0.0000015803 0.0000014499 0.0000013731 
0.0000015795 0.0000014485 0.0000013710 
0.0000015787 0.0000014471 0.0000013689 
0.0000015778 0.0000014457 0.0000013668 
0.0000015770 0.0000014444 0.0000013647 
0.0000015762 0.0000014430 0.0000013626 
0.0000015754 0.0000014417 0.0000013605 
0.0000015746 0.0000014404 0.0000013584 
0.0000015739 0.0000014390 0.0000013563 
0.0000015731 0.0000014377 0.0000013542 
0.0000015724 0.0000014364 0.0000013522 
0.0000015717 0.0000014352 0.0000013501 
0.0000015710 0.0000014339 0.0000013480 
0.0000015704 0.0000014326 0.0000013459 
0.0000015697 0.0000014314 0.0000013438 
0.0000015691 0.0000014302 0.0000013417 
0.0000015684 0.0000014289 0.0000013396 
0.0000015678 0.0000014277 0.0000013375 
0.0000015672 0.0000014265 0.0000013354 
0.0000015666 0.0000014253 0.0000013333 
0.0000015660 0.0000014241 0.0000013312 
0.0000015654 0.0000014230 0.0000013291 
0.0000015648 0.0000014218 0.0000013271 
0.0000015643 0.0000014206 0.0000013250 
0.0000015637 0.0000014195 0.0000013229 
0.0000015632 0.0000014184 0.0000013208 
0.0000015627 0.0000014173 0.0000013187 
0.0000015623 0.0000014162 0.0000013167 
0.0000015618 0.0000014151 0.0000013146 
0.0000015614 0.0000014140 0.0000013126 
0.0000015610 0.0000014130 0.0000013106 
0.0000015606 0.0000014119 0.0000013087 
0.0000015602 0.0000014108 0.0000013067 
0.0000015598 0.0000014098 0.0000013048 
0.0000015594 0.0000014087 0.0000013029 
0.0000015590 0.0000014077 0.0000013011 
0.0000015587 0.0000014067 0.0000012992 
0.0000015583 0.0000014056 0.0000012974 
0.0000015580 0.0000014046 0.0000012956 
0.0000015577 0.0000014036 0.0000012939 
0.0000015574 0.0000014026 0.0000012922 
0.0000015572 0.0000014016 0.0000012905 
0.0000015569 0.0000014006 0.0000012888 
0.0000015567 0.0000013996 0.0000012872 
0.0000015565 0.0000013986 0.0000012856 
0.0000015563 0.0000013976 0.0000012840 
0.0000015562 0.0000013966 0.0000012824 
0.0000015561 0.0000013956 0.0000012809 
0.0000015560 0.0000013946 0.0000012794 
0.0000015559 0.0000013937 0.0000012779 
0.0000015558 0.0000013927 0.0000012765 
0.0000015558 0.0000013918 0.0000012751 
0.0000015558 0.0000013908 0.0000012736 
0.0000015558 0.0000013899 0.0000012723 
0.0000015558 0.0000013889 0.0000012709 
0.0000015558 0.0000013880 0.0000012696 
0.0000015559 0.0000013870 0.0000012682 
0.0000015560 0.0000013861 0.0000012670 
0.0000015561 0.0000013852 0.0000012657 
0.0000015562 0.0000013843 0.0000012644 
0.0000015563 0.0000013834 0.0000012632 
0.0000015565 0.0000013825 0.0000012620 
0.0000015566 0.0000013816 0.0000012608 
0.0000015568 0.0000013807 0.0000012596 
0.0000015570 0.0000013798 0.0000012584 
0.0000015573 0.0000013790 0.0000012572 
0.0000015575 0.0000013781 0.0000012561 
0.0000015578 0.0000013772 0.0000012550 
0.0000015580 0.0000013764 0.0000012538 
0.0000015583 0.0000013755 0.0000012527 
0.0000015586 0.0000013746 0.0000012516 
0.0000015588 0.0000013738 0.0000012506 
0.0000015591 0.0000013729 0.0000012495 
0.0000015594 0.0000013721 0.0000012485 
0.0000015596 0.0000013712 0.0000012474 
0.0000015598 0.0000013703 0.0000012464 
0.0000015600 0.0000013694 0.0000012454 
0.0000015602 0.0000013685 0.0000012444 
0.0000015604 0.0000013676 0.0000012434 
0.0000015606 0.0000013667 0.0000012424 
0.0000015608 0.0000013658 0.0000012414 
0.0000015610 0.0000013649 0.0000012404 
0.0000015611 0.0000013640 0.0000012394 
0.0000015612 0.0000013631 0.0000012385 
0.0000015614 0.0000013622 0.0000012375 
0.0000015615 0.0000013613 0.0000012365 
0.0000015616 0.0000013604 0.0000012356 
0.0000015616 0.0000013595 0.0000012346 
0.0000015617 0.0000013585 0.0000012336 
0.0000015617 0.0000013576 0.0000012327 
0.0000015618 0.0000013566 0.0000012317 
0.0000015618 0.0000013557 0.0000012307 
0.0000015618 0.0000013548 0.0000012297 
0.0000015617 0.0000013538 0.0000012288 
0.0000015617 0.0000013528 0.0000012278 
0.0000015616 0.0000013519 0.0000012268 
0.0000015615 0.0000013509 0.0000012258 
0.0000015614 0.0000013499 0.0000012248 
0.0000015613 0.0000013490 0.0000012238 
0.0000015611 0.0000013480 0.0000012228 
0.0000015610 0.0000013470 0.0000012219 
0.0000015608 0.0000013459 0.0000012210 
0.0000015605 0.0000013449 0.0000012200 
0.0000015603 0.0000013439 0.0000012191 
0.0000015600 0.0000013428 0.0000012182 
0.0000015597 0.0000013418 0.0000012172 
0.0000015594 0.0000013408 0.0000012162 
0.0000015591 0.0000013397 0.0000012152 
0.0000015588 0.0000013387 0.0000012141 
0.0000015585 0.0000013377 0.0000012130 
0.0000015581 0.0000013367 0.0000012119 
0.0000015578 0.0000013357 0.0000012108 
0.0000015574 0.0000013347 0.0000012097 
0.0000015570 0.0000013336 0.0000012085 
0.0000015566 0.0000013326 0.0000012074 
0.0000015561 0.0000013316 0.0000012062 
0.0000015557 0.0000013305 0.0000012051 
0.0000015552 0.0000013295 0.0000012039 
0.0000015547 0.0000013284 0.0000012028 
0.0000015542 0.0000013274 0.0000012017 
0.0000015537 0.0000013263 0.0000012005 
0.0000015532 0.0000013252 0.0000011994 
0.0000015526 0.0000013242 0.0000011982 
0.0000015520 0.0000013231 0.0000011971 
0.0000015515 0.0000013220 0.0000011959 
0.0000015509 0.0000013209 0.0000011948 
0.0000015503 0.0000013198 0.0000011936 
0.0000015496 0.0000013188 0.0000011925 
0.0000015490 0.0000013177 0.0000011913 
0.0000015484 0.0000013166 0.0000011901 
0.0000015477 0.0000013155 0.0000011889 
0.0000015470 0.0000013144 0.0000011878 
0.0000015463 0.0000013132 0.0000011866 
0.0000015456 0.0000013121 0.0000011854 
0.0000015449 0.0000013110 0.0000011842 
0.0000015441 0.0000013099 0.0000011830 
0.0000015434 0.0000013088 0.0000011818 
0.0000015426 0.0000013076 0.0000011806 
0.0000015418 0.0000013065 0.0000011794 
0.0000015410 0.0000013054 0.0000011781 
0.0000015403 0.0000013043 0.0000011769 
0.0000015395 0.0000013032 0.0000011757 
0.0000015387 0.0000013020 0.0000011745 
0.0000015379 0.0000013009 0.0000011732 
0.0000015370 0.0000012998 0.0000011720 
0.0000015362 0.0000012987 0.0000011708 
0.0000015354 0.0000012975 0.0000011695 
0.0000015346 0.0000012964 0.0000011683 
0.0000015337 0.0000012953 0.0000011671 
0.0000015329 0.0000012942 0.0000011658 
0.0000015321 0.0000012930 0.0000011646 
0.0000015312 0.0000012919 0.0000011633 
0.0000015304 0.0000012908 0.0000011621 
0.0000015295 0.0000012897 0.0000011608 
0.0000015286 0.0000012885 0.0000011596 
0.0000015278 0.0000012874 0.0000011583 
0.0000015269 0.0000012863 0.0000011570 
0.0000015260 0.0000012852 0.0000011558 
0.0000015251 0.0000012840 0.0000011545 
0.0000015242 0.0000012829 0.0000011533 
0.0000015233 0.0000012818 0.0000011520 
0.0000015224 0.0000012807 0.0000011507 
0.0000015216 0.0000012795 0.0000011495 
0.0000015207 0.0000012784 0.0000011482 
0.0000015198 0.0000012773 0.0000011469 
0.0000015189 0.0000012762 0.0000011457 
0.0000015180 0.0000012751 0.0000011444 
0.0000015171 0.0000012740 0.0000011431 
0.0000015161 0.0000012728 0.0000011419 
0.0000015152 0.0000012717 0.0000011406 
0.0000015143 0.0000012706 0.0000011393 
0.0000015134 0.0000012695 0.0000011380 
0.0000015125 0.0000012684 0.0000011368 
0.0000015116 0.0000012673 0.0000011355 
0.0000015108 0.0000012662 0.0000011342 
0.0000015099 0.0000012651 0.0000011329 
0.0000015090 0.0000012640 0.0000011317 
0.0000015081 0.0000012629 0.0000011304 
0.0000015072 0.0000012618 0.0000011291 
0.0000015063 0.0000012607 0.0000011278 
0.0000015055 0.0000012596 0.0000011266 
0.0000015048 0.0000012586 0.0000011253 
0.0000015040 0.0000012575 0.0000011240 
0.0000015032 0.0000012565 0.0000011228 
0.0000015025 0.0000012554 0.0000011215 
0.0000015018 0.0000012544 0.0000011203 
0.0000015010 0.0000012534 0.0000011190 
0.0000015003 0.0000012524 0.0000011177 
0.0000014996 0.0000012513 0.0000011165 
0.0000014989 0.0000012503 0.0000011152 
0.0000014982 0.0000012493 0.0000011140 
0.0000014975 0.0000012483 0.0000011127 
0.0000014968 0.0000012473 0.0000011115 
0.0000014961 0.0000012463 0.0000011102 
0.0000014954 0.0000012453 0.0000011090 
0.0000014947 0.0000012442 0.0000011077 
0.0000014940 0.0000012432 0.0000011065 
0.0000014933 0.0000012422 0.0000011052 
0.0000014927 0.0000012412 0.0000011040 
0.0000014920 0.0000012402 0.0000011027 
0.0000014914 0.0000012392 0.0000011015 
0.0000014907 0.0000012382 0.0000011003 
0.0000014901 0.0000012372 0.0000010990 
0.0000014894 0.0000012362 0.0000010978 
0.0000014888 0.0000012352 0.0000010966 
0.0000014882 0.0000012341 0.0000010953 
0.0000014875 0.0000012331 0.0000010941 
0.0000014869 0.0000012321 0.0000010929 
0.0000014863 0.0000012311 0.0000010917 
0.0000014857 0.0000012301 0.0000010904 
0.0000014851 0.0000012291 0.0000010892 
0.0000014846 0.0000012280 0.0000010880 
0.0000014840 0.0000012270 0.0000010868 
0.0000014835 0.0000012260 0.0000010856 
0.0000014830 0.0000012250 0.0000010844 
0.0000014825 0.0000012240 0.0000010832 
0.0000014820 0.0000012230 0.0000010820 
0.0000014815 0.0000012219 0.0000010808 
0.0000014810 0.0000012209 0.0000010796 
0.0000014805 0.0000012199 0.0000010784 
0.0000014800 0.0000012189 0.0000010772 
0.0000014796 0.0000012179 0.0000010760 
0.0000014791 0.0000012169 0.0000010749 
0.0000014786 0.0000012159 0.0000010737 
0.0000014781 0.0000012149 0.0000010725 
0.0000014777 0.0000012139 0.0000010713 
0.0000014772 0.0000012129 0.0000010702 
0.0000014767 0.0000012119 0.0000010690 
0.0000014762 0.0000012109 0.0000010679 
0.0000014758 0.0000012099 0.0000010667 
0.0000014753 0.0000012090 0.0000010656 
0.0000014748 0.0000012080 0.0000010644 
0.0000014743 0.0000012070 0.0000010633 
0.0000014738 0.0000012060 0.0000010622 
0.0000014733 0.0000012050 0.0000010610 
0.0000014729 0.0000012041 0.0000010599 
0.0000014724 0.0000012031 0.0000010588 
0.0000014719 0.0000012021 0.0000010577 
0.0000014714 0.0000012012 0.0000010566 
0.0000014709 0.0000012002 0.0000010555 
0.0000014704 0.0000011992 0.0000010544 
0.0000014699 0.0000011983 0.0000010533 
0.0000014694 0.0000011973 0.0000010522 
0.0000014689 0.0000011963 0.0000010511 
