0.0000006848 0.0000000028 0.0000006846 
0.0000006869 0.0000000060 0.0000006784 
0.0000006890 0.0000000090 0.0000006723 
0.0000006909 0.0000000119 0.0000006662 
0.0000006928 0.0000000147 0.0000006602 
0.0000006946 0.0000000175 0.0000006542 
0.0000006963 0.0000000202 0.0000006482 
0.0000006979 0.0000000228 0.0000006423 
0.0000006995 0.0000000253 0.0000006364 
0.0000007010 0.0000000278 0.0000006306 
0.0000007024 0.0000000302 0.0000006248 
0.0000007037 0.0000000326 0.0000006190 
0.0000007050 0.0000000350 0.0000006132 
0.0000007062 0.0000000373 0.0000006074 
0.0000007073 0.0000000395 0.0000006017 
0.0000007084 0.0000000418 0.0000005960 
0.0000007094 0.0000000440 0.0000005903 
0.0000007104 0.0000000461 0.0000005846 
0.0000007112 0.0000000483 0.0000005790 
0.0000007121 0.0000000504 0.0000005733 
0.0000007128 0.0000000524 0.0000005677 
0.0000007135 0.0000000545 0.0000005621 
0.0000007142 0.0000000565 0.0000005565 
0.0000007147 0.0000000585 0.0000005510 
0.0000007153 0.0000000604 0.0000005454 
0.0000007157 0.0000000624 0.0000005399 
0.0000007161 0.0000000643 0.0000005344 
0.0000007165 0.0000000661 0.0000005289 
0.0000007168 0.0000000680 0.0000005235 
0.0000007171 0.0000000698 0.0000005180 
0.0000007173 0.0000000716 0.0000005126 
0.0000007175 0.0000000734 0.0000005072 
0.0000007177 0.0000000752 0.0000005018 
0.0000007178 0.0000000769 0.0000004964 
0.0000007179 0.0000000787 0.0000004911 
0.0000007180 0.0000000804 0.0000004857 
0.0000007180 0.0000000821 0.0000004804 
0.0000007181 0.0000000838 0.0000004751 
0.0000007181 0.0000000854 0.0000004699 
0.0000007181 0.0000000871 0.0000004647 
0.0000007181 0.0000000888 0.0000004594 
0.0000007180 0.0000000904 0.0000004542 
0.0000007180 0.0000000920 0.0000004491 
0.0000007179 0.0000000936 0.0000004439 
0.0000007179 0.0000000952 0.0000004388 
0.0000007178 0.0000000968 0.0000004337 
0.0000007176 0.0000000984 0.0000004286 
0.0000007175 0.0000000999 0.0000004235 
0.0000007174 0.0000001015 0.0000004185 
0.0000007172 0.0000001030 0.0000004135 
0.0000007170 0.0000001045 0.0000004085 
0.0000007168 0.0000001060 0.0000004035 
0.0000007166 0.0000001075 0.0000003985 
0.0000007163 0.0000001090 0.0000003935 
0.0000007161 0.0000001105 0.0000003886 
0.0000007159 0.0000001120 0.0000003837 
0.0000007156 0.0000001134 0.0000003788 
0.0000007154 0.0000001149 0.0000003739 
0.0000007151 0.0000001163 0.0000003690 
0.0000007148 0.0000001177 0.0000003641 
0.0000007145 0.0000001192 0.0000003592 
0.0000007142 0.0000001206 0.0000003544 
0.0000007138 0.0000001220 0.0000003495 
0.0000007135 0.0000001234 0.0000003447 
0.0000007131 0.0000001248 0.0000003399 
0.0000007127 0.0000001261 0.0000003351 
0.0000007123 0.0000001275 0.0000003303 
0.0000007119 0.0000001288 0.0000003256 
0.0000007115 0.0000001302 0.0000003208 
0.0000007111 0.0000001316 0.0000003161 
0.0000007106 0.0000001329 0.0000003114 
0.0000007102 0.0000001342 0.0000003067 
0.0000007098 0.0000001356 0.0000003020 
0.0000007093 0.0000001369 0.0000002973 
0.0000007089 0.0000001383 0.0000002927 
0.0000007085 0.0000001396 0.0000002881 
0.0000007082 0.0000001410 0.0000002836 
0.0000007079 0.0000001423 0.0000002791 
0.0000007077 0.0000001437 0.0000002746 
0.0000007075 0.0000001451 0.0000002701 
0.0000007073 0.0000001464 0.0000002656 
0.0000007072 0.0000001478 0.0000002612 
0.0000007070 0.0000001491 0.0000002568 
0.0000007069 0.0000001505 0.0000002525 
0.0000007068 0.0000001518 0.0000002481 
0.0000007067 0.0000001532 0.0000002438 
0.0000007065 0.0000001545 0.0000002395 
0.0000007064 0.0000001558 0.0000002353 
0.0000007063 0.0000001570 0.0000002311 
0.0000007062 0.0000001583 0.0000002269 
0.0000007061 0.0000001596 0.0000002228 
0.0000007060 0.0000001608 0.0000002188 
0.0000007059 0.0000001620 0.0000002147 
0.0000007059 0.0000001633 0.0000002108 
0.0000007058 0.0000001645 0.0000002069 
0.0000007057 0.0000001657 0.0000002031 
0.0000007057 0.0000001669 0.0000001993 
0.0000007057 0.0000001681 0.0000001957 
0.0000007056 0.0000001694 0.0000001922 
0.0000007055 0.0000001706 0.0000001887 
0.0000007053 0.0000001719 0.0000001853 
0.0000007052 0.0000001731 0.0000001819 
0.0000007050 0.0000001743 0.0000001786 
0.0000007048 0.0000001756 0.0000001753 
0.0000007046 0.0000001768 0.0000001721 
0.0000007043 0.0000001780 0.0000001689 
0.0000007041 0.0000001792 0.0000001657 
0.0000007038 0.0000001804 0.0000001625 
0.0000007036 0.0000001816 0.0000001594 
0.0000007029 0.0000001827 0.0000001561 
0.0000007023 0.0000001839 0.0000001529 
0.0000007017 0.0000001850 0.0000001499 
0.0000007012 0.0000001861 0.0000001470 
0.0000007008 0.0000001872 0.0000001442 
0.0000007004 0.0000001883 0.0000001414 
0.0000007000 0.0000001894 0.0000001387 
0.0000006996 0.0000001904 0.0000001360 
0.0000006992 0.0000001915 0.0000001333 
0.0000006988 0.0000001925 0.0000001307 
0.0000006985 0.0000001935 0.0000001282 
0.0000006981 0.0000001945 0.0000001257 
0.0000006979 0.0000001955 0.0000001232 
0.0000006976 0.0000001965 0.0000001207 
0.0000006973 0.0000001975 0.0000001183 
0.0000006971 0.0000001984 0.0000001159 
0.0000006969 0.0000001993 0.0000001135 
0.0000006967 0.0000002002 0.0000001111 
0.0000006966 0.0000002011 0.0000001087 
0.0000006964 0.0000002020 0.0000001063 
0.0000006963 0.0000002028 0.0000001040 
0.0000006962 0.0000002036 0.0000001017 
0.0000006961 0.0000002044 0.0000000994 
0.0000006959 0.0000002052 0.0000000971 
0.0000006958 0.0000002060 0.0000000948 
0.0000006957 0.0000002067 0.0000000926 
0.0000006956 0.0000002075 0.0000000903 
0.0000006956 0.0000002082 0.0000000881 
0.0000006955 0.0000002089 0.0000000859 
0.0000006954 0.0000002095 0.0000000836 
0.0000006953 0.0000002102 0.0000000814 
0.0000006953 0.0000002108 0.0000000792 
0.0000006952 0.0000002114 0.0000000771 
0.0000006952 0.0000002120 0.0000000749 
0.0000006952 0.0000002125 0.0000000728 
0.0000006952 0.0000002131 0.0000000707 
0.0000006952 0.0000002136 0.0000000687 
0.0000006953 0.0000002141 0.0000000667 
0.0000006953 0.0000002141 0.0000000667 
0.0000006953 0.0000002141 0.0000000667 
0.0000006953 0.0000002141 0.0000000667 
0.0000006953 0.0000002141 0.0000000667 
0.0000006953 0.0000002141 0.0000000667 
0.0000006953 0.0000002141 0.0000000667 
0.0000006953 0.0000002141 0.0000000667 
0.0000006953 0.0000002141 0.0000000667 
0.0000006953 0.0000002141 0.0000000667 
0.0000006953 0.0000002141 0.0000000667 
0.0000006955 0.0000002149 0.0000000664 
0.0000006955 0.0000002149 0.0000000664 
0.0000006955 0.0000002149 0.0000000664 
0.0000006955 0.0000002149 0.0000000664 
0.0000006954 0.0000002160 0.0000000672 
0.0000006953 0.0000002171 0.0000000681 
0.0000006953 0.0000002182 0.0000000692 
0.0000006955 0.0000002192 0.0000000704 
0.0000006958 0.0000002202 0.0000000716 
0.0000006962 0.0000002211 0.0000000728 
0.0000006967 0.0000002219 0.0000000740 
0.0000006973 0.0000002227 0.0000000752 
0.0000006981 0.0000002234 0.0000000763 
0.0000006989 0.0000002241 0.0000000774 
0.0000006998 0.0000002248 0.0000000785 
0.0000007008 0.0000002253 0.0000000796 
0.0000007019 0.0000002259 0.0000000806 
0.0000007030 0.0000002264 0.0000000816 
0.0000007042 0.0000002269 0.0000000825 
0.0000007055 0.0000002273 0.0000000834 
0.0000007067 0.0000002278 0.0000000843 
0.0000007081 0.0000002282 0.0000000850 
0.0000007094 0.0000002285 0.0000000858 
0.0000007108 0.0000002289 0.0000000864 
0.0000007122 0.0000002292 0.0000000870 
0.0000007136 0.0000002296 0.0000000876 
0.0000007150 0.0000002299 0.0000000881 
0.0000007165 0.0000002302 0.0000000886 
0.0000007179 0.0000002305 0.0000000890 
0.0000007194 0.0000002308 0.0000000894 
0.0000007209 0.0000002311 0.0000000897 
0.0000007223 0.0000002313 0.0000000900 
0.0000007238 0.0000002316 0.0000000903 
0.0000007253 0.0000002319 0.0000000905 
0.0000007268 0.0000002322 0.0000000907 
0.0000007283 0.0000002325 0.0000000908 
0.0000007299 0.0000002327 0.0000000909 
0.0000007314 0.0000002330 0.0000000910 
0.0000007329 0.0000002333 0.0000000911 
0.0000007345 0.0000002336 0.0000000911 
0.0000007361 0.0000002339 0.0000000911 
0.0000007377 0.0000002342 0.0000000911 
0.0000007393 0.0000002345 0.0000000911 
0.0000007409 0.0000002347 0.0000000911 
0.0000007426 0.0000002351 0.0000000910 
0.0000007442 0.0000002354 0.0000000909 
0.0000007459 0.0000002357 0.0000000909 
0.0000007476 0.0000002360 0.0000000907 
0.0000007492 0.0000002363 0.0000000906 
0.0000007509 0.0000002366 0.0000000905 
0.0000007526 0.0000002370 0.0000000903 
0.0000007543 0.0000002373 0.0000000901 
0.0000007560 0.0000002376 0.0000000900 
0.0000007577 0.0000002379 0.0000000897 
0.0000007594 0.0000002383 0.0000000895 
0.0000007611 0.0000002386 0.0000000893 
0.0000007627 0.0000002390 0.0000000891 
0.0000007643 0.0000002393 0.0000000888 
0.0000007659 0.0000002397 0.0000000886 
0.0000007674 0.0000002401 0.0000000883 
0.0000007689 0.0000002404 0.0000000881 
0.0000007704 0.0000002408 0.0000000878 
0.0000007719 0.0000002412 0.0000000876 
0.0000007734 0.0000002416 0.0000000873 
0.0000007749 0.0000002420 0.0000000871 
0.0000007764 0.0000002424 0.0000000869 
0.0000007778 0.0000002429 0.0000000867 
0.0000007793 0.0000002433 0.0000000865 
0.0000007808 0.0000002437 0.0000000863 
0.0000007821 0.0000002442 0.0000000861 
0.0000007835 0.0000002446 0.0000000860 
0.0000007849 0.0000002451 0.0000000858 
0.0000007862 0.0000002456 0.0000000857 
0.0000007876 0.0000002461 0.0000000856 
0.0000007889 0.0000002466 0.0000000856 
0.0000007902 0.0000002471 0.0000000855 
0.0000007914 0.0000002476 0.0000000855 
0.0000007927 0.0000002481 0.0000000855 
0.0000007938 0.0000002487 0.0000000855 
0.0000007950 0.0000002492 0.0000000855 
0.0000007962 0.0000002498 0.0000000856 
0.0000007973 0.0000002503 0.0000000857 
0.0000007985 0.0000002509 0.0000000858 
0.0000007997 0.0000002515 0.0000000859 
0.0000008009 0.0000002520 0.0000000861 
0.0000008021 0.0000002526 0.0000000863 
0.0000008033 0.0000002532 0.0000000866 
0.0000008044 0.0000002538 0.0000000868 
0.0000008056 0.0000002544 0.0000000871 
0.0000008067 0.0000002550 0.0000000874 
0.0000008079 0.0000002556 0.0000000878 
0.0000008090 0.0000002562 0.0000000881 
0.0000008101 0.0000002569 0.0000000885 
0.0000008112 0.0000002575 0.0000000889 
0.0000008123 0.0000002581 0.0000000894 
0.0000008135 0.0000002588 0.0000000899 
0.0000008146 0.0000002594 0.0000000903 
0.0000008157 0.0000002601 0.0000000909 
0.0000008167 0.0000002607 0.0000000914 
0.0000008178 0.0000002613 0.0000000919 
0.0000008189 0.0000002620 0.0000000925 
0.0000008200 0.0000002626 0.0000000931 
0.0000008210 0.0000002633 0.0000000936 
0.0000008221 0.0000002639 0.0000000942 
0.0000008232 0.0000002646 0.0000000948 
0.0000008242 0.0000002652 0.0000000954 
0.0000008253 0.0000002659 0.0000000961 
0.0000008264 0.0000002666 0.0000000967 
0.0000008274 0.0000002672 0.0000000973 
0.0000008285 0.0000002679 0.0000000979 
0.0000008295 0.0000002685 0.0000000985 
0.0000008305 0.0000002692 0.0000000991 
0.0000008315 0.0000002698 0.0000000998 
0.0000008325 0.0000002705 0.0000001004 
0.0000008334 0.0000002712 0.0000001010 
0.0000008344 0.0000002718 0.0000001016 
0.0000008353 0.0000002725 0.0000001022 
0.0000008362 0.0000002731 0.0000001027 
0.0000008371 0.0000002738 0.0000001033 
0.0000008380 0.0000002745 0.0000001039 
0.0000008389 0.0000002751 0.0000001044 
0.0000008398 0.0000002758 0.0000001050 
0.0000008406 0.0000002764 0.0000001055 
0.0000008414 0.0000002771 0.0000001060 
0.0000008423 0.0000002777 0.0000001065 
0.0000008430 0.0000002783 0.0000001069 
0.0000008438 0.0000002790 0.0000001074 
0.0000008445 0.0000002796 0.0000001078 
0.0000008452 0.0000002802 0.0000001082 
0.0000008459 0.0000002808 0.0000001086 
0.0000008466 0.0000002814 0.0000001090 
0.0000008473 0.0000002820 0.0000001094 
0.0000008479 0.0000002826 0.0000001098 
0.0000008486 0.0000002832 0.0000001101 
0.0000008492 0.0000002838 0.0000001105 
0.0000008498 0.0000002844 0.0000001108 
0.0000008504 0.0000002850 0.0000001111 
0.0000008510 0.0000002855 0.0000001114 
0.0000008516 0.0000002861 0.0000001117 
0.0000008522 0.0000002867 0.0000001120 
0.0000008528 0.0000002873 0.0000001123 
0.0000008533 0.0000002878 0.0000001126 
0.0000008539 0.0000002884 0.0000001129 
0.0000008544 0.0000002890 0.0000001131 
0.0000008549 0.0000002896 0.0000001134 
0.0000008555 0.0000002901 0.0000001137 
0.0000008560 0.0000002907 0.0000001139 
0.0000008565 0.0000002913 0.0000001141 
0.0000008569 0.0000002918 0.0000001144 
0.0000008574 0.0000002924 0.0000001146 
0.0000008579 0.0000002929 0.0000001148 
0.0000008583 0.0000002935 0.0000001150 
0.0000008587 0.0000002940 0.0000001152 
0.0000008592 0.0000002945 0.0000001154 
0.0000008596 0.0000002951 0.0000001156 
0.0000008600 0.0000002956 0.0000001158 
0.0000008604 0.0000002961 0.0000001160 
0.0000008608 0.0000002967 0.0000001162 
0.0000008611 0.0000002972 0.0000001163 
0.0000008615 0.0000002977 0.0000001165 
0.0000008619 0.0000002982 0.0000001167 
0.0000008622 0.0000002987 0.0000001169 
0.0000008626 0.0000002992 0.0000001170 
0.0000008629 0.0000002997 0.0000001172 
0.0000008633 0.0000003003 0.0000001174 
0.0000008636 0.0000003008 0.0000001176 
0.0000008639 0.0000003013 0.0000001177 
0.0000008643 0.0000003018 0.0000001179 
0.0000008646 0.0000003023 0.0000001181 
0.0000008649 0.0000003028 0.0000001183 
0.0000008652 0.0000003033 0.0000001185 
0.0000008655 0.0000003038 0.0000001187 
0.0000008658 0.0000003042 0.0000001188 
0.0000008661 0.0000003047 0.0000001190 
0.0000008664 0.0000003052 0.0000001192 
0.0000008667 0.0000003057 0.0000001194 
0.0000008670 0.0000003062 0.0000001197 
0.0000008673 0.0000003067 0.0000001199 
0.0000008676 0.0000003071 0.0000001201 
0.0000008679 0.0000003076 0.0000001203 
0.0000008682 0.0000003081 0.0000001206 
0.0000008685 0.0000003086 0.0000001208 
0.0000008688 0.0000003090 0.0000001211 
0.0000008692 0.0000003095 0.0000001213 
0.0000008695 0.0000003099 0.0000001216 
0.0000008698 0.0000003104 0.0000001218 
0.0000008702 0.0000003108 0.0000001221 
0.0000008705 0.0000003113 0.0000001224 
0.0000008709 0.0000003117 0.0000001226 
0.0000008712 0.0000003121 0.0000001229 
0.0000008715 0.0000003125 0.0000001232 
0.0000008718 0.0000003130 0.0000001235 
0.0000008722 0.0000003134 0.0000001238 
0.0000008725 0.0000003138 0.0000001241 
0.0000008729 0.0000003142 0.0000001244 
0.0000008733 0.0000003146 0.0000001247 
0.0000008736 0.0000003151 0.0000001250 
0.0000008739 0.0000003155 0.0000001253 
0.0000008742 0.0000003159 0.0000001257 
0.0000008745 0.0000003163 0.0000001260 
0.0000008747 0.0000003167 0.0000001263 
0.0000008749 0.0000003171 0.0000001266 
0.0000008751 0.0000003175 0.0000001270 
0.0000008752 0.0000003180 0.0000001273 
0.0000008753 0.0000003184 0.0000001276 
0.0000008754 0.0000003188 0.0000001279 
0.0000008755 0.0000003192 0.0000001282 
0.0000008755 0.0000003197 0.0000001286 
0.0000008756 0.0000003201 0.0000001289 
0.0000008756 0.0000003205 0.0000001292 
0.0000008756 0.0000003209 0.0000001295 
0.0000008755 0.0000003213 0.0000001298 
0.0000008755 0.0000003218 0.0000001301 
0.0000008754 0.0000003222 0.0000001304 
0.0000008754 0.0000003226 0.0000001307 
0.0000008753 0.0000003230 0.0000001311 
0.0000008753 0.0000003234 0.0000001314 
0.0000008752 0.0000003238 0.0000001317 
0.0000008752 0.0000003242 0.0000001320 
0.0000008752 0.0000003246 0.0000001323 
0.0000008751 0.0000003250 0.0000001326 
0.0000008751 0.0000003253 0.0000001328 
0.0000008750 0.0000003257 0.0000001331 
0.0000008749 0.0000003261 0.0000001334 
0.0000008748 0.0000003265 0.0000001337 
0.0000008747 0.0000003268 0.0000001339 
0.0000008745 0.0000003272 0.0000001342 
0.0000008743 0.0000003276 0.0000001345 
0.0000008742 0.0000003279 0.0000001347 
0.0000008739 0.0000003283 0.0000001350 
0.0000008737 0.0000003287 0.0000001353 
0.0000008735 0.0000003291 0.0000001356 
0.0000008732 0.0000003295 0.0000001359 
0.0000008730 0.0000003299 0.0000001361 
0.0000008727 0.0000003302 0.0000001364 
0.0000008724 0.0000003306 0.0000001367 
0.0000008721 0.0000003310 0.0000001370 
0.0000008718 0.0000003314 0.0000001373 
0.0000008715 0.0000003318 0.0000001375 
0.0000008712 0.0000003322 0.0000001378 
0.0000008709 0.0000003325 0.0000001381 
0.0000008706 0.0000003329 0.0000001383 
0.0000008702 0.0000003333 0.0000001386 
0.0000008699 0.0000003336 0.0000001389 
0.0000008696 0.0000003340 0.0000001391 
0.0000008693 0.0000003343 0.0000001394 
0.0000008690 0.0000003347 0.0000001396 
0.0000008687 0.0000003350 0.0000001399 
0.0000008684 0.0000003354 0.0000001401 
0.0000008681 0.0000003357 0.0000001404 
0.0000008678 0.0000003360 0.0000001406 
0.0000008675 0.0000003364 0.0000001409 
0.0000008673 0.0000003367 0.0000001411 
0.0000008670 0.0000003370 0.0000001413 
0.0000008667 0.0000003373 0.0000001416 
0.0000008665 0.0000003376 0.0000001418 
0.0000008663 0.0000003380 0.0000001420 
0.0000008661 0.0000003383 0.0000001422 
0.0000008659 0.0000003386 0.0000001425 
0.0000008657 0.0000003389 0.0000001427 
0.0000008656 0.0000003392 0.0000001429 
0.0000008655 0.0000003395 0.0000001431 
0.0000008653 0.0000003398 0.0000001434 
0.0000008652 0.0000003400 0.0000001436 
0.0000008651 0.0000003403 0.0000001438 
0.0000008649 0.0000003406 0.0000001440 
0.0000008648 0.0000003409 0.0000001442 
0.0000008647 0.0000003412 0.0000001444 
0.0000008645 0.0000003415 0.0000001446 
0.0000008644 0.0000003417 0.0000001449 
0.0000008643 0.0000003420 0.0000001451 
0.0000008642 0.0000003423 0.0000001453 
0.0000008641 0.0000003426 0.0000001456 
0.0000008639 0.0000003429 0.0000001458 
0.0000008638 0.0000003431 0.0000001460 
0.0000008637 0.0000003434 0.0000001463 
0.0000008636 0.0000003437 0.0000001466 
0.0000008635 0.0000003440 0.0000001468 
0.0000008633 0.0000003442 0.0000001471 
0.0000008632 0.0000003445 0.0000001473 
0.0000008631 0.0000003448 0.0000001476 
0.0000008630 0.0000003450 0.0000001479 
0.0000008630 0.0000003452 0.0000001482 
0.0000008629 0.0000003455 0.0000001485 
0.0000008629 0.0000003457 0.0000001488 
0.0000008629 0.0000003459 0.0000001491 
0.0000008629 0.0000003461 0.0000001493 
0.0000008629 0.0000003463 0.0000001496 
0.0000008628 0.0000003465 0.0000001499 
0.0000008628 0.0000003467 0.0000001502 
0.0000008627 0.0000003468 0.0000001505 
0.0000008627 0.0000003470 0.0000001508 
0.0000008626 0.0000003472 0.0000001511 
0.0000008624 0.0000003473 0.0000001515 
0.0000008623 0.0000003475 0.0000001518 
0.0000008621 0.0000003476 0.0000001521 
0.0000008619 0.0000003478 0.0000001524 
0.0000008616 0.0000003479 0.0000001527 
0.0000008614 0.0000003481 0.0000001530 
0.0000008611 0.0000003482 0.0000001533 
0.0000008608 0.0000003483 0.0000001536 
0.0000008604 0.0000003484 0.0000001539 
0.0000008601 0.0000003486 0.0000001541 
0.0000008598 0.0000003487 0.0000001544 
0.0000008594 0.0000003488 0.0000001547 
0.0000008590 0.0000003489 0.0000001549 
0.0000008586 0.0000003490 0.0000001552 
0.0000008582 0.0000003490 0.0000001554 
0.0000008578 0.0000003491 0.0000001556 
0.0000008573 0.0000003492 0.0000001559 
0.0000008568 0.0000003493 0.0000001561 
0.0000008564 0.0000003493 0.0000001563 
0.0000008558 0.0000003494 0.0000001565 
0.0000008553 0.0000003494 0.0000001566 
0.0000008548 0.0000003495 0.0000001568 
0.0000008542 0.0000003495 0.0000001570 
0.0000008536 0.0000003495 0.0000001571 
0.0000008531 0.0000003495 0.0000001573 
0.0000008525 0.0000003496 0.0000001574 
0.0000008518 0.0000003496 0.0000001575 
0.0000008512 0.0000003496 0.0000001577 
0.0000008506 0.0000003496 0.0000001578 
0.0000008499 0.0000003496 0.0000001579 
0.0000008493 0.0000003496 0.0000001580 
0.0000008486 0.0000003496 0.0000001581 
0.0000008479 0.0000003496 0.0000001582 
0.0000008472 0.0000003495 0.0000001582 
0.0000008465 0.0000003495 0.0000001583 
0.0000008458 0.0000003495 0.0000001584 
0.0000008451 0.0000003495 0.0000001585 
0.0000008444 0.0000003494 0.0000001585 
0.0000008436 0.0000003494 0.0000001586 
0.0000008429 0.0000003494 0.0000001587 
0.0000008421 0.0000003493 0.0000001587 
0.0000008413 0.0000003493 0.0000001588 
0.0000008405 0.0000003492 0.0000001589 
0.0000008397 0.0000003492 0.0000001589 
0.0000008389 0.0000003491 0.0000001590 
0.0000008381 0.0000003491 0.0000001590 
0.0000008373 0.0000003490 0.0000001591 
0.0000008365 0.0000003490 0.0000001592 
0.0000008356 0.0000003489 0.0000001592 
0.0000008348 0.0000003489 0.0000001593 
0.0000008339 0.0000003488 0.0000001593 
0.0000008331 0.0000003487 0.0000001594 
0.0000008322 0.0000003487 0.0000001594 
0.0000008314 0.0000003486 0.0000001595 
0.0000008305 0.0000003485 0.0000001595 
0.0000008297 0.0000003484 0.0000001596 
0.0000008288 0.0000003483 0.0000001596 
0.0000008279 0.0000003482 0.0000001597 
0.0000008271 0.0000003481 0.0000001597 
0.0000008262 0.0000003480 0.0000001598 
0.0000008252 0.0000003479 0.0000001598 
0.0000008243 0.0000003477 0.0000001599 
0.0000008234 0.0000003476 0.0000001599 
0.0000008224 0.0000003475 0.0000001600 
0.0000008215 0.0000003474 0.0000001600 
0.0000008205 0.0000003473 0.0000001601 
0.0000008195 0.0000003472 0.0000001602 
0.0000008186 0.0000003471 0.0000001602 
0.0000008176 0.0000003470 0.0000001603 
0.0000008166 0.0000003468 0.0000001604 
0.0000008156 0.0000003467 0.0000001604 
0.0000008146 0.0000003466 0.0000001605 
0.0000008136 0.0000003465 0.0000001606 
0.0000008126 0.0000003464 0.0000001607 
0.0000008115 0.0000003463 0.0000001608 
0.0000008105 0.0000003462 0.0000001609 
0.0000008095 0.0000003461 0.0000001610 
0.0000008085 0.0000003460 0.0000001611 
0.0000008075 0.0000003458 0.0000001612 
0.0000008065 0.0000003457 0.0000001612 
0.0000008055 0.0000003456 0.0000001613 
0.0000008044 0.0000003455 0.0000001614 
0.0000008034 0.0000003454 0.0000001615 
0.0000008024 0.0000003453 0.0000001616 
0.0000008014 0.0000003452 0.0000001617 
0.0000008004 0.0000003450 0.0000001618 
0.0000007994 0.0000003449 0.0000001619 
0.0000007984 0.0000003448 0.0000001620 
0.0000007973 0.0000003447 0.0000001621 
0.0000007963 0.0000003446 0.0000001622 
0.0000007953 0.0000003445 0.0000001623 
0.0000007943 0.0000003444 0.0000001625 
0.0000007932 0.0000003443 0.0000001626 
0.0000007922 0.0000003442 0.0000001627 
0.0000007911 0.0000003440 0.0000001628 
0.0000007900 0.0000003439 0.0000001629 
0.0000007889 0.0000003438 0.0000001630 
0.0000007877 0.0000003437 0.0000001631 
0.0000007866 0.0000003436 0.0000001632 
0.0000007854 0.0000003434 0.0000001633 
0.0000007842 0.0000003433 0.0000001634 
0.0000007831 0.0000003432 0.0000001636 
0.0000007819 0.0000003431 0.0000001637 
0.0000007807 0.0000003429 0.0000001638 
0.0000007794 0.0000003428 0.0000001639 
0.0000007782 0.0000003427 0.0000001640 
0.0000007770 0.0000003425 0.0000001641 
0.0000007757 0.0000003424 0.0000001642 
0.0000007745 0.0000003423 0.0000001643 
0.0000007732 0.0000003421 0.0000001644 
0.0000007719 0.0000003420 0.0000001645 
0.0000007706 0.0000003419 0.0000001646 
0.0000007693 0.0000003417 0.0000001647 
0.0000007680 0.0000003416 0.0000001648 
0.0000007667 0.0000003414 0.0000001649 
0.0000007654 0.0000003413 0.0000001650 
0.0000007640 0.0000003411 0.0000001651 
0.0000007627 0.0000003410 0.0000001651 
0.0000007613 0.0000003408 0.0000001652 
0.0000007600 0.0000003407 0.0000001653 
0.0000007586 0.0000003405 0.0000001654 
0.0000007572 0.0000003403 0.0000001655 
0.0000007558 0.0000003402 0.0000001655 
0.0000007545 0.0000003400 0.0000001656 
0.0000007531 0.0000003398 0.0000001657 
0.0000007517 0.0000003397 0.0000001658 
0.0000007503 0.0000003395 0.0000001658 
0.0000007489 0.0000003393 0.0000001659 
0.0000007475 0.0000003392 0.0000001660 
0.0000007462 0.0000003390 0.0000001660 
0.0000007448 0.0000003388 0.0000001661 
0.0000007434 0.0000003386 0.0000001662 
0.0000007420 0.0000003385 0.0000001662 
0.0000007406 0.0000003383 0.0000001663 
0.0000007393 0.0000003381 0.0000001664 
0.0000007379 0.0000003379 0.0000001665 
0.0000007365 0.0000003378 0.0000001665 
0.0000007351 0.0000003376 0.0000001666 
0.0000007338 0.0000003374 0.0000001667 
0.0000007324 0.0000003372 0.0000001668 
0.0000007311 0.0000003370 0.0000001669 
0.0000007297 0.0000003368 0.0000001669 
0.0000007284 0.0000003366 0.0000001670 
0.0000007271 0.0000003364 0.0000001671 
0.0000007258 0.0000003362 0.0000001672 
0.0000007244 0.0000003360 0.0000001673 
0.0000007231 0.0000003358 0.0000001674 
0.0000007218 0.0000003356 0.0000001675 
0.0000007206 0.0000003355 0.0000001676 
0.0000007193 0.0000003353 0.0000001677 
0.0000007180 0.0000003351 0.0000001678 
0.0000007167 0.0000003349 0.0000001680 
0.0000007155 0.0000003347 0.0000001681 
0.0000007142 0.0000003345 0.0000001682 
0.0000007130 0.0000003343 0.0000001683 
0.0000007117 0.0000003341 0.0000001684 
0.0000007105 0.0000003339 0.0000001685 
0.0000007093 0.0000003337 0.0000001687 
0.0000007080 0.0000003335 0.0000001688 
0.0000007068 0.0000003333 0.0000001689 
0.0000007056 0.0000003331 0.0000001690 
0.0000007044 0.0000003329 0.0000001691 
0.0000007031 0.0000003327 0.0000001692 
0.0000007019 0.0000003325 0.0000001693 
0.0000007007 0.0000003323 0.0000001694 
0.0000006994 0.0000003321 0.0000001695 
0.0000006982 0.0000003319 0.0000001696 
0.0000006970 0.0000003317 0.0000001697 
0.0000006958 0.0000003315 0.0000001697 
0.0000006945 0.0000003313 0.0000001698 
0.0000006933 0.0000003311 0.0000001699 
0.0000006921 0.0000003309 0.0000001700 
0.0000006909 0.0000003307 0.0000001700 
0.0000006897 0.0000003305 0.0000001701 
0.0000006885 0.0000003303 0.0000001701 
0.0000006873 0.0000003301 0.0000001702 
0.0000006861 0.0000003299 0.0000001702 
0.0000006849 0.0000003297 0.0000001703 
0.0000006837 0.0000003295 0.0000001703 
0.0000006825 0.0000003292 0.0000001703 
0.0000006813 0.0000003290 0.0000001704 
0.0000006801 0.0000003288 0.0000001704 
0.0000006790 0.0000003286 0.0000001704 
0.0000006778 0.0000003284 0.0000001704 
0.0000006766 0.0000003282 0.0000001704 
0.0000006755 0.0000003280 0.0000001704 
0.0000006744 0.0000003278 0.0000001704 
0.0000006732 0.0000003276 0.0000001704 
0.0000006721 0.0000003274 0.0000001704 
0.0000006710 0.0000003272 0.0000001704 
0.0000006699 0.0000003270 0.0000001704 
0.0000006688 0.0000003268 0.0000001703 
0.0000006677 0.0000003266 0.0000001703 
0.0000006666 0.0000003264 0.0000001703 
0.0000006656 0.0000003262 0.0000001703 
0.0000006645 0.0000003260 0.0000001702 
0.0000006635 0.0000003258 0.0000001702 
0.0000006625 0.0000003256 0.0000001702 
0.0000006615 0.0000003254 0.0000001701 
0.0000006605 0.0000003252 0.0000001701 
0.0000006595 0.0000003250 0.0000001700 
0.0000006586 0.0000003248 0.0000001700 
0.0000006577 0.0000003247 0.0000001700 
0.0000006568 0.0000003245 0.0000001699 
0.0000006559 0.0000003243 0.0000001699 
0.0000006551 0.0000003242 0.0000001699 
0.0000006542 0.0000003240 0.0000001698 
0.0000006534 0.0000003239 0.0000001698 
0.0000006526 0.0000003237 0.0000001698 
0.0000006518 0.0000003236 0.0000001697 
0.0000006511 0.0000003234 0.0000001697 
0.0000006504 0.0000003233 0.0000001697 
0.0000006496 0.0000003231 0.0000001696 
0.0000006489 0.0000003230 0.0000001696 
0.0000006482 0.0000003229 0.0000001696 
0.0000006476 0.0000003227 0.0000001696 
0.0000006469 0.0000003226 0.0000001696 
0.0000006463 0.0000003225 0.0000001696 
0.0000006457 0.0000003224 0.0000001696 
0.0000006451 0.0000003222 0.0000001696 
0.0000006445 0.0000003221 0.0000001696 
0.0000006439 0.0000003220 0.0000001696 
0.0000006433 0.0000003219 0.0000001696 
0.0000006428 0.0000003218 0.0000001696 
0.0000006422 0.0000003217 0.0000001696 
0.0000006417 0.0000003216 0.0000001697 
0.0000006412 0.0000003215 0.0000001697 
0.0000006406 0.0000003213 0.0000001697 
0.0000006401 0.0000003212 0.0000001698 
0.0000006396 0.0000003211 0.0000001698 
0.0000006392 0.0000003210 0.0000001699 
0.0000006387 0.0000003209 0.0000001699 
0.0000006382 0.0000003208 0.0000001700 
0.0000006377 0.0000003207 0.0000001700 
0.0000006373 0.0000003207 0.0000001701 
0.0000006368 0.0000003206 0.0000001702 
0.0000006364 0.0000003205 0.0000001702 
0.0000006359 0.0000003204 0.0000001703 
0.0000006355 0.0000003203 0.0000001704 
0.0000006351 0.0000003202 0.0000001705 
0.0000006346 0.0000003201 0.0000001705 
0.0000006342 0.0000003200 0.0000001706 
0.0000006337 0.0000003199 0.0000001707 
0.0000006333 0.0000003198 0.0000001708 
0.0000006328 0.0000003197 0.0000001708 
0.0000006324 0.0000003195 0.0000001709 
0.0000006319 0.0000003194 0.0000001710 
0.0000006314 0.0000003193 0.0000001711 
0.0000006310 0.0000003192 0.0000001711 
0.0000006305 0.0000003191 0.0000001712 
0.0000006300 0.0000003189 0.0000001713 
0.0000006295 0.0000003188 0.0000001714 
0.0000006290 0.0000003187 0.0000001714 
0.0000006285 0.0000003185 0.0000001715 
0.0000006280 0.0000003184 0.0000001715 
0.0000006275 0.0000003183 0.0000001716 
0.0000006270 0.0000003181 0.0000001717 
0.0000006264 0.0000003180 0.0000001717 
0.0000006259 0.0000003178 0.0000001718 
0.0000006254 0.0000003177 0.0000001718 
0.0000006248 0.0000003175 0.0000001719 
0.0000006243 0.0000003174 0.0000001719 
0.0000006237 0.0000003172 0.0000001720 
0.0000006232 0.0000003171 0.0000001720 
0.0000006226 0.0000003169 0.0000001720 
0.0000006220 0.0000003167 0.0000001721 
0.0000006214 0.0000003166 0.0000001721 
0.0000006208 0.0000003164 0.0000001721 
0.0000006202 0.0000003162 0.0000001721 
0.0000006196 0.0000003160 0.0000001722 
0.0000006190 0.0000003159 0.0000001722 
0.0000006184 0.0000003157 0.0000001722 
0.0000006177 0.0000003155 0.0000001722 
0.0000006171 0.0000003153 0.0000001722 
0.0000006165 0.0000003151 0.0000001722 
0.0000006158 0.0000003149 0.0000001722 
0.0000006152 0.0000003147 0.0000001722 
0.0000006145 0.0000003145 0.0000001722 
0.0000006138 0.0000003143 0.0000001722 
0.0000006132 0.0000003142 0.0000001721 
0.0000006125 0.0000003140 0.0000001721 
0.0000006118 0.0000003138 0.0000001721 
0.0000006111 0.0000003136 0.0000001720 
0.0000006104 0.0000003133 0.0000001720 
0.0000006097 0.0000003131 0.0000001720 
0.0000006090 0.0000003129 0.0000001719 
0.0000006082 0.0000003127 0.0000001719 
0.0000006075 0.0000003125 0.0000001718 
0.0000006068 0.0000003123 0.0000001717 
0.0000006060 0.0000003121 0.0000001717 
0.0000006053 0.0000003119 0.0000001716 
0.0000006046 0.0000003117 0.0000001715 
0.0000006038 0.0000003115 0.0000001715 
0.0000006031 0.0000003113 0.0000001714 
0.0000006023 0.0000003111 0.0000001713 
0.0000006016 0.0000003109 0.0000001712 
0.0000006008 0.0000003107 0.0000001711 
0.0000006001 0.0000003105 0.0000001710 
0.0000005994 0.0000003103 0.0000001710 
0.0000005987 0.0000003101 0.0000001709 
0.0000005979 0.0000003099 0.0000001708 
0.0000005972 0.0000003097 0.0000001707 
0.0000005965 0.0000003095 0.0000001706 
0.0000005959 0.0000003093 0.0000001704 
0.0000005952 0.0000003091 0.0000001703 
0.0000005946 0.0000003090 0.0000001702 
0.0000005939 0.0000003088 0.0000001701 
0.0000005933 0.0000003086 0.0000001700 
0.0000005926 0.0000003085 0.0000001699 
0.0000005920 0.0000003083 0.0000001698 
0.0000005914 0.0000003082 0.0000001697 
0.0000005908 0.0000003081 0.0000001695 
0.0000005902 0.0000003079 0.0000001694 
0.0000005897 0.0000003078 0.0000001693 
0.0000005891 0.0000003077 0.0000001692 
0.0000005886 0.0000003076 0.0000001691 
0.0000005881 0.0000003075 0.0000001690 
0.0000005876 0.0000003075 0.0000001689 
0.0000005871 0.0000003074 0.0000001688 
0.0000005867 0.0000003074 0.0000001687 
0.0000005863 0.0000003073 0.0000001686 
0.0000005859 0.0000003073 0.0000001685 
0.0000005855 0.0000003073 0.0000001685 
0.0000005852 0.0000003073 0.0000001684 
0.0000005849 0.0000003073 0.0000001684 
0.0000005846 0.0000003073 0.0000001683 
0.0000005843 0.0000003073 0.0000001683 
0.0000005841 0.0000003074 0.0000001684 
0.0000005839 0.0000003074 0.0000001684 
0.0000005837 0.0000003075 0.0000001684 
0.0000005836 0.0000003075 0.0000001685 
0.0000005835 0.0000003076 0.0000001686 
0.0000005834 0.0000003077 0.0000001686 
0.0000005833 0.0000003078 0.0000001688 
0.0000005832 0.0000003079 0.0000001689 
0.0000005832 0.0000003080 0.0000001690 
0.0000005832 0.0000003081 0.0000001692 
0.0000005832 0.0000003082 0.0000001694 
0.0000005832 0.0000003083 0.0000001696 
0.0000005833 0.0000003084 0.0000001698 
0.0000005833 0.0000003085 0.0000001700 
0.0000005834 0.0000003087 0.0000001702 
0.0000005835 0.0000003088 0.0000001705 
0.0000005836 0.0000003089 0.0000001708 
0.0000005837 0.0000003091 0.0000001711 
0.0000005839 0.0000003092 0.0000001714 
0.0000005840 0.0000003093 0.0000001717 
0.0000005842 0.0000003095 0.0000001720 
0.0000005843 0.0000003096 0.0000001724 
0.0000005845 0.0000003097 0.0000001727 
0.0000005846 0.0000003099 0.0000001731 
0.0000005848 0.0000003100 0.0000001735 
0.0000005849 0.0000003101 0.0000001738 
0.0000005851 0.0000003103 0.0000001742 
0.0000005853 0.0000003104 0.0000001746 
0.0000005854 0.0000003105 0.0000001750 
0.0000005856 0.0000003106 0.0000001754 
0.0000005858 0.0000003107 0.0000001758 
0.0000005859 0.0000003108 0.0000001763 
0.0000005861 0.0000003109 0.0000001767 
0.0000005862 0.0000003110 0.0000001771 
0.0000005864 0.0000003111 0.0000001775 
0.0000005865 0.0000003112 0.0000001780 
0.0000005866 0.0000003112 0.0000001784 
0.0000005867 0.0000003113 0.0000001788 
0.0000005868 0.0000003113 0.0000001793 
0.0000005868 0.0000003114 0.0000001797 
0.0000005869 0.0000003114 0.0000001802 
0.0000005869 0.0000003114 0.0000001806 
0.0000005869 0.0000003114 0.0000001810 
0.0000005869 0.0000003114 0.0000001815 
0.0000005868 0.0000003114 0.0000001819 
0.0000005868 0.0000003113 0.0000001823 
0.0000005867 0.0000003113 0.0000001827 
0.0000005866 0.0000003113 0.0000001831 
0.0000005865 0.0000003112 0.0000001835 
0.0000005863 0.0000003111 0.0000001839 
0.0000005861 0.0000003110 0.0000001843 
0.0000005859 0.0000003110 0.0000001846 
0.0000005857 0.0000003109 0.0000001850 
0.0000005855 0.0000003107 0.0000001853 
0.0000005852 0.0000003106 0.0000001857 
0.0000005849 0.0000003105 0.0000001860 
0.0000005846 0.0000003104 0.0000001863 
0.0000005843 0.0000003102 0.0000001866 
0.0000005839 0.0000003101 0.0000001869 
0.0000005836 0.0000003099 0.0000001871 
0.0000005832 0.0000003097 0.0000001874 
0.0000005827 0.0000003095 0.0000001876 
0.0000005823 0.0000003093 0.0000001878 
0.0000005818 0.0000003091 0.0000001880 
0.0000005814 0.0000003089 0.0000001882 
0.0000005809 0.0000003087 0.0000001884 
0.0000005803 0.0000003085 0.0000001886 
0.0000005798 0.0000003082 0.0000001888 
0.0000005792 0.0000003080 0.0000001889 
0.0000005787 0.0000003077 0.0000001891 
0.0000005781 0.0000003075 0.0000001892 
0.0000005775 0.0000003072 0.0000001892 
0.0000005769 0.0000003070 0.0000001893 
0.0000005762 0.0000003067 0.0000001893 
0.0000005756 0.0000003064 0.0000001893 
0.0000005750 0.0000003062 0.0000001893 
0.0000005743 0.0000003059 0.0000001893 
0.0000005736 0.0000003056 0.0000001893 
0.0000005729 0.0000003053 0.0000001893 
0.0000005722 0.0000003050 0.0000001893 
0.0000005715 0.0000003047 0.0000001892 
0.0000005707 0.0000003044 0.0000001892 
0.0000005699 0.0000003040 0.0000001892 
0.0000005692 0.0000003037 0.0000001891 
0.0000005684 0.0000003034 0.0000001891 
0.0000005676 0.0000003030 0.0000001890 
0.0000005667 0.0000003026 0.0000001890 
0.0000005659 0.0000003023 0.0000001889 
0.0000005650 0.0000003019 0.0000001889 
0.0000005642 0.0000003015 0.0000001888 
0.0000005633 0.0000003011 0.0000001887 
0.0000005624 0.0000003007 0.0000001887 
0.0000005615 0.0000003003 0.0000001886 
0.0000005606 0.0000002999 0.0000001885 
0.0000005597 0.0000002995 0.0000001884 
0.0000005588 0.0000002991 0.0000001883 
0.0000005579 0.0000002986 0.0000001882 
0.0000005570 0.0000002982 0.0000001881 
0.0000005560 0.0000002978 0.0000001880 
0.0000005551 0.0000002974 0.0000001879 
0.0000005541 0.0000002969 0.0000001877 
0.0000005532 0.0000002965 0.0000001876 
0.0000005522 0.0000002960 0.0000001875 
0.0000005512 0.0000002956 0.0000001873 
0.0000005503 0.0000002952 0.0000001872 
0.0000005493 0.0000002947 0.0000001870 
0.0000005483 0.0000002943 0.0000001868 
0.0000005473 0.0000002938 0.0000001867 
0.0000005463 0.0000002933 0.0000001865 
0.0000005453 0.0000002929 0.0000001863 
0.0000005443 0.0000002924 0.0000001861 
0.0000005433 0.0000002920 0.0000001859 
0.0000005423 0.0000002915 0.0000001857 
0.0000005413 0.0000002910 0.0000001855 
0.0000005403 0.0000002906 0.0000001853 
0.0000005393 0.0000002901 0.0000001850 
0.0000005382 0.0000002896 0.0000001848 
0.0000005372 0.0000002892 0.0000001846 
0.0000005362 0.0000002887 0.0000001843 
0.0000005352 0.0000002882 0.0000001841 
0.0000005341 0.0000002877 0.0000001839 
0.0000005331 0.0000002872 0.0000001836 
0.0000005320 0.0000002868 0.0000001833 
0.0000005310 0.0000002863 0.0000001831 
0.0000005300 0.0000002858 0.0000001828 
0.0000005289 0.0000002853 0.0000001825 
0.0000005279 0.0000002849 0.0000001823 
0.0000005268 0.0000002844 0.0000001820 
0.0000005258 0.0000002839 0.0000001817 
0.0000005247 0.0000002834 0.0000001814 
0.0000005237 0.0000002829 0.0000001811 
0.0000005226 0.0000002825 0.0000001808 
0.0000005216 0.0000002820 0.0000001805 
0.0000005205 0.0000002815 0.0000001802 
0.0000005195 0.0000002810 0.0000001799 
0.0000005185 0.0000002805 0.0000001796 
0.0000005174 0.0000002801 0.0000001793 
0.0000005164 0.0000002796 0.0000001790 
0.0000005154 0.0000002791 0.0000001787 
0.0000005143 0.0000002786 0.0000001783 
0.0000005133 0.0000002781 0.0000001780 
0.0000005123 0.0000002777 0.0000001777 
0.0000005113 0.0000002772 0.0000001774 
0.0000005103 0.0000002767 0.0000001770 
0.0000005093 0.0000002763 0.0000001767 
0.0000005084 0.0000002758 0.0000001764 
0.0000005075 0.0000002754 0.0000001760 
0.0000005066 0.0000002750 0.0000001757 
0.0000005057 0.0000002745 0.0000001754 
0.0000005048 0.0000002741 0.0000001750 
0.0000005039 0.0000002737 0.0000001747 
0.0000005031 0.0000002732 0.0000001743 
0.0000005022 0.0000002728 0.0000001740 
0.0000005013 0.0000002724 0.0000001736 
0.0000005005 0.0000002720 0.0000001733 
0.0000004996 0.0000002715 0.0000001729 
0.0000004987 0.0000002711 0.0000001726 
0.0000004979 0.0000002707 0.0000001722 
0.0000004970 0.0000002702 0.0000001719 
0.0000004962 0.0000002698 0.0000001715 
0.0000004953 0.0000002694 0.0000001712 
0.0000004945 0.0000002690 0.0000001708 
0.0000004936 0.0000002685 0.0000001705 
0.0000004928 0.0000002681 0.0000001701 
0.0000004920 0.0000002677 0.0000001698 
0.0000004912 0.0000002673 0.0000001694 
0.0000004904 0.0000002668 0.0000001691 
0.0000004896 0.0000002664 0.0000001687 
0.0000004888 0.0000002660 0.0000001683 
0.0000004880 0.0000002655 0.0000001680 
0.0000004872 0.0000002651 0.0000001676 
0.0000004864 0.0000002647 0.0000001673 
0.0000004856 0.0000002642 0.0000001669 
0.0000004848 0.0000002638 0.0000001666 
0.0000004841 0.0000002634 0.0000001662 
0.0000004834 0.0000002629 0.0000001658 
0.0000004826 0.0000002625 0.0000001655 
0.0000004819 0.0000002621 0.0000001651 
0.0000004812 0.0000002617 0.0000001648 
0.0000004806 0.0000002612 0.0000001644 
0.0000004799 0.0000002608 0.0000001641 
0.0000004793 0.0000002604 0.0000001637 
0.0000004786 0.0000002599 0.0000001634 
0.0000004780 0.0000002595 0.0000001630 
0.0000004773 0.0000002591 0.0000001627 
0.0000004767 0.0000002587 0.0000001623 
0.0000004761 0.0000002583 0.0000001620 
0.0000004755 0.0000002578 0.0000001617 
0.0000004749 0.0000002574 0.0000001613 
0.0000004743 0.0000002570 0.0000001610 
0.0000004737 0.0000002566 0.0000001606 
0.0000004731 0.0000002562 0.0000001603 
0.0000004725 0.0000002558 0.0000001600 
0.0000004719 0.0000002553 0.0000001596 
0.0000004713 0.0000002549 0.0000001593 
0.0000004707 0.0000002545 0.0000001590 
0.0000004701 0.0000002541 0.0000001587 
0.0000004695 0.0000002537 0.0000001583 
0.0000004689 0.0000002533 0.0000001580 
0.0000004684 0.0000002529 0.0000001577 
0.0000004678 0.0000002525 0.0000001574 
0.0000004672 0.0000002521 0.0000001570 
0.0000004666 0.0000002517 0.0000001567 
0.0000004661 0.0000002513 0.0000001564 
0.0000004655 0.0000002509 0.0000001561 
0.0000004649 0.0000002505 0.0000001558 
0.0000004644 0.0000002501 0.0000001555 
0.0000004638 0.0000002497 0.0000001552 
0.0000004632 0.0000002493 0.0000001549 
