0.0000009983 -0.0000006059 0.0000011689 
0.0000009993 -0.0000005981 0.0000011607 
0.0000010002 -0.0000005907 0.0000011526 
0.0000010011 -0.0000005834 0.0000011446 
0.0000010019 -0.0000005764 0.0000011367 
0.0000010026 -0.0000005695 0.0000011288 
0.0000010033 -0.0000005629 0.0000011210 
0.0000010038 -0.0000005563 0.0000011133 
0.0000010043 -0.0000005499 0.0000011055 
0.0000010047 -0.0000005437 0.0000010978 
0.0000010050 -0.0000005375 0.0000010902 
0.0000010052 -0.0000005314 0.0000010825 
0.0000010054 -0.0000005255 0.0000010749 
0.0000010055 -0.0000005196 0.0000010673 
0.0000010055 -0.0000005139 0.0000010598 
0.0000010054 -0.0000005082 0.0000010522 
0.0000010052 -0.0000005025 0.0000010447 
0.0000010050 -0.0000004970 0.0000010371 
0.0000010047 -0.0000004915 0.0000010296 
0.0000010043 -0.0000004861 0.0000010222 
0.0000010038 -0.0000004808 0.0000010147 
0.0000010033 -0.0000004755 0.0000010072 
0.0000010027 -0.0000004703 0.0000009998 
0.0000010020 -0.0000004651 0.0000009923 
0.0000010013 -0.0000004600 0.0000009849 
0.0000010005 -0.0000004550 0.0000009775 
0.0000009996 -0.0000004500 0.0000009701 
0.0000009987 -0.0000004451 0.0000009627 
0.0000009977 -0.0000004402 0.0000009553 
0.0000009966 -0.0000004353 0.0000009479 
0.0000009955 -0.0000004306 0.0000009406 
0.0000009943 -0.0000004258 0.0000009332 
0.0000009931 -0.0000004211 0.0000009259 
0.0000009918 -0.0000004165 0.0000009186 
0.0000009905 -0.0000004119 0.0000009113 
0.0000009892 -0.0000004073 0.0000009041 
0.0000009878 -0.0000004027 0.0000008968 
0.0000009864 -0.0000003982 0.0000008896 
0.0000009850 -0.0000003938 0.0000008824 
0.0000009835 -0.0000003893 0.0000008753 
0.0000009821 -0.0000003849 0.0000008681 
0.0000009806 -0.0000003806 0.0000008610 
0.0000009790 -0.0000003762 0.0000008539 
0.0000009775 -0.0000003719 0.0000008468 
0.0000009759 -0.0000003677 0.0000008397 
0.0000009743 -0.0000003634 0.0000008327 
0.0000009726 -0.0000003592 0.0000008256 
0.0000009709 -0.0000003550 0.0000008186 
0.0000009692 -0.0000003509 0.0000008117 
0.0000009675 -0.0000003468 0.0000008047 
0.0000009658 -0.0000003427 0.0000007977 
0.0000009640 -0.0000003387 0.0000007908 
0.0000009622 -0.0000003346 0.0000007839 
0.0000009604 -0.0000003306 0.0000007770 
0.0000009585 -0.0000003267 0.0000007702 
0.0000009567 -0.0000003227 0.0000007633 
0.0000009548 -0.0000003188 0.0000007565 
0.0000009530 -0.0000003149 0.0000007497 
0.0000009511 -0.0000003110 0.0000007429 
0.0000009492 -0.0000003072 0.0000007361 
0.0000009472 -0.0000003034 0.0000007293 
0.0000009453 -0.0000002996 0.0000007225 
0.0000009433 -0.0000002958 0.0000007158 
0.0000009413 -0.0000002921 0.0000007091 
0.0000009393 -0.0000002884 0.0000007024 
0.0000009373 -0.0000002847 0.0000006957 
0.0000009353 -0.0000002810 0.0000006890 
0.0000009333 -0.0000002774 0.0000006823 
0.0000009313 -0.0000002737 0.0000006757 
0.0000009292 -0.0000002701 0.0000006691 
0.0000009272 -0.0000002665 0.0000006624 
0.0000009251 -0.0000002629 0.0000006558 
0.0000009231 -0.0000002594 0.0000006493 
0.0000009210 -0.0000002558 0.0000006427 
0.0000009190 -0.0000002523 0.0000006362 
0.0000009171 -0.0000002487 0.0000006298 
0.0000009151 -0.0000002452 0.0000006233 
0.0000009133 -0.0000002417 0.0000006169 
0.0000009114 -0.0000002381 0.0000006106 
0.0000009096 -0.0000002346 0.0000006042 
0.0000009079 -0.0000002311 0.0000005979 
0.0000009062 -0.0000002276 0.0000005916 
0.0000009045 -0.0000002242 0.0000005854 
0.0000009028 -0.0000002207 0.0000005792 
0.0000009011 -0.0000002173 0.0000005730 
0.0000008995 -0.0000002139 0.0000005669 
0.0000008978 -0.0000002105 0.0000005608 
0.0000008962 -0.0000002072 0.0000005547 
0.0000008946 -0.0000002038 0.0000005487 
0.0000008930 -0.0000002005 0.0000005427 
0.0000008914 -0.0000001973 0.0000005368 
0.0000008899 -0.0000001940 0.0000005309 
0.0000008883 -0.0000001908 0.0000005251 
0.0000008868 -0.0000001875 0.0000005194 
0.0000008853 -0.0000001843 0.0000005137 
0.0000008838 -0.0000001812 0.0000005081 
0.0000008824 -0.0000001780 0.0000005027 
0.0000008809 -0.0000001748 0.0000004974 
0.0000008794 -0.0000001716 0.0000004921 
0.0000008779 -0.0000001684 0.0000004870 
0.0000008764 -0.0000001652 0.0000004820 
0.0000008749 -0.0000001620 0.0000004770 
0.0000008734 -0.0000001588 0.0000004721 
0.0000008718 -0.0000001557 0.0000004672 
0.0000008703 -0.0000001526 0.0000004624 
0.0000008687 -0.0000001494 0.0000004576 
0.0000008672 -0.0000001463 0.0000004528 
0.0000008656 -0.0000001433 0.0000004481 
0.0000008641 -0.0000001402 0.0000004434 
0.0000008621 -0.0000001372 0.0000004385 
0.0000008602 -0.0000001342 0.0000004337 
0.0000008584 -0.0000001312 0.0000004292 
0.0000008566 -0.0000001282 0.0000004247 
0.0000008549 -0.0000001252 0.0000004202 
0.0000008533 -0.0000001223 0.0000004159 
0.0000008517 -0.0000001194 0.0000004116 
0.0000008500 -0.0000001165 0.0000004073 
0.0000008485 -0.0000001137 0.0000004032 
0.0000008469 -0.0000001108 0.0000003990 
0.0000008453 -0.0000001080 0.0000003949 
0.0000008438 -0.0000001052 0.0000003909 
0.0000008424 -0.0000001025 0.0000003868 
0.0000008409 -0.0000000997 0.0000003827 
0.0000008395 -0.0000000970 0.0000003787 
0.0000008381 -0.0000000943 0.0000003746 
0.0000008367 -0.0000000917 0.0000003706 
0.0000008353 -0.0000000890 0.0000003666 
0.0000008340 -0.0000000865 0.0000003626 
0.0000008327 -0.0000000839 0.0000003586 
0.0000008313 -0.0000000814 0.0000003545 
0.0000008300 -0.0000000789 0.0000003505 
0.0000008287 -0.0000000764 0.0000003466 
0.0000008274 -0.0000000740 0.0000003426 
0.0000008261 -0.0000000715 0.0000003386 
0.0000008248 -0.0000000692 0.0000003347 
0.0000008235 -0.0000000668 0.0000003307 
0.0000008222 -0.0000000644 0.0000003268 
0.0000008209 -0.0000000621 0.0000003228 
0.0000008196 -0.0000000599 0.0000003189 
0.0000008183 -0.0000000576 0.0000003149 
0.0000008169 -0.0000000554 0.0000003109 
0.0000008156 -0.0000000532 0.0000003070 
0.0000008143 -0.0000000511 0.0000003030 
0.0000008130 -0.0000000490 0.0000002991 
0.0000008117 -0.0000000469 0.0000002951 
0.0000008104 -0.0000000448 0.0000002911 
0.0000008092 -0.0000000428 0.0000002872 
0.0000008079 -0.0000000408 0.0000002833 
0.0000008067 -0.0000000389 0.0000002793 
0.0000008054 -0.0000000369 0.0000002754 
0.0000008042 -0.0000000350 0.0000002714 
0.0000008030 -0.0000000331 0.0000002675 
0.0000008018 -0.0000000313 0.0000002636 
0.0000008006 -0.0000000295 0.0000002597 
0.0000007994 -0.0000000277 0.0000002558 
0.0000007982 -0.0000000259 0.0000002519 
0.0000007970 -0.0000000242 0.0000002481 
0.0000007958 -0.0000000224 0.0000002442 
0.0000007944 -0.0000000207 0.0000002402 
0.0000007930 -0.0000000190 0.0000002363 
0.0000007917 -0.0000000174 0.0000002325 
0.0000007904 -0.0000000157 0.0000002288 
0.0000007891 -0.0000000141 0.0000002251 
0.0000007878 -0.0000000125 0.0000002214 
0.0000007865 -0.0000000108 0.0000002177 
0.0000007853 -0.0000000093 0.0000002141 
0.0000007841 -0.0000000077 0.0000002106 
0.0000007829 -0.0000000061 0.0000002070 
0.0000007817 -0.0000000046 0.0000002035 
0.0000007805 -0.0000000030 0.0000002000 
0.0000007793 -0.0000000015 0.0000001965 
0.0000007782 -0.0000000000 0.0000001931 
0.0000007771 0.0000000015 0.0000001897 
0.0000007760 0.0000000030 0.0000001864 
0.0000007750 0.0000000044 0.0000001831 
0.0000007739 0.0000000059 0.0000001798 
0.0000007729 0.0000000074 0.0000001765 
0.0000007719 0.0000000088 0.0000001733 
0.0000007710 0.0000000102 0.0000001701 
0.0000007700 0.0000000117 0.0000001669 
0.0000007690 0.0000000131 0.0000001637 
0.0000007681 0.0000000145 0.0000001606 
0.0000007672 0.0000000159 0.0000001575 
0.0000007662 0.0000000173 0.0000001544 
0.0000007653 0.0000000187 0.0000001513 
0.0000007644 0.0000000200 0.0000001483 
0.0000007636 0.0000000214 0.0000001453 
0.0000007627 0.0000000228 0.0000001423 
0.0000007618 0.0000000241 0.0000001393 
0.0000007610 0.0000000255 0.0000001363 
0.0000007602 0.0000000268 0.0000001334 
0.0000007593 0.0000000281 0.0000001304 
0.0000007585 0.0000000295 0.0000001276 
0.0000007577 0.0000000308 0.0000001247 
0.0000007570 0.0000000321 0.0000001218 
0.0000007562 0.0000000334 0.0000001190 
0.0000007554 0.0000000347 0.0000001162 
0.0000007547 0.0000000360 0.0000001134 
0.0000007540 0.0000000373 0.0000001106 
0.0000007533 0.0000000386 0.0000001078 
0.0000007526 0.0000000399 0.0000001051 
0.0000007520 0.0000000411 0.0000001024 
0.0000007513 0.0000000424 0.0000000997 
0.0000007507 0.0000000436 0.0000000970 
0.0000007501 0.0000000449 0.0000000943 
0.0000007495 0.0000000461 0.0000000917 
0.0000007489 0.0000000473 0.0000000891 
0.0000007483 0.0000000486 0.0000000864 
0.0000007477 0.0000000498 0.0000000838 
0.0000007471 0.0000000510 0.0000000813 
0.0000007465 0.0000000522 0.0000000787 
0.0000007460 0.0000000534 0.0000000761 
0.0000007454 0.0000000546 0.0000000736 
0.0000007448 0.0000000557 0.0000000711 
0.0000007442 0.0000000569 0.0000000686 
0.0000007435 0.0000000581 0.0000000661 
0.0000007428 0.0000000593 0.0000000636 
0.0000007422 0.0000000604 0.0000000612 
0.0000007415 0.0000000616 0.0000000587 
0.0000007408 0.0000000628 0.0000000563 
0.0000007401 0.0000000639 0.0000000540 
0.0000007394 0.0000000651 0.0000000516 
0.0000007387 0.0000000662 0.0000000493 
0.0000007380 0.0000000674 0.0000000470 
0.0000007374 0.0000000686 0.0000000448 
0.0000007367 0.0000000697 0.0000000426 
0.0000007359 0.0000000709 0.0000000404 
0.0000007352 0.0000000721 0.0000000382 
0.0000007344 0.0000000732 0.0000000360 
0.0000007336 0.0000000744 0.0000000339 
0.0000007329 0.0000000756 0.0000000319 
0.0000007321 0.0000000769 0.0000000299 
0.0000007313 0.0000000781 0.0000000279 
0.0000007304 0.0000000793 0.0000000259 
0.0000007295 0.0000000806 0.0000000239 
0.0000007286 0.0000000819 0.0000000220 
0.0000007276 0.0000000832 0.0000000201 
0.0000007267 0.0000000845 0.0000000183 
0.0000007257 0.0000000858 0.0000000165 
0.0000007247 0.0000000872 0.0000000147 
0.0000007237 0.0000000886 0.0000000129 
0.0000007237 0.0000000886 0.0000000129 
0.0000007237 0.0000000886 0.0000000129 
0.0000007237 0.0000000886 0.0000000129 
0.0000007237 0.0000000886 0.0000000129 
0.0000007237 0.0000000886 0.0000000129 
0.0000007237 0.0000000886 0.0000000129 
0.0000007237 0.0000000886 0.0000000129 
0.0000007223 0.0000000902 0.0000000113 
0.0000007223 0.0000000902 0.0000000113 
0.0000007223 0.0000000902 0.0000000113 
0.0000007223 0.0000000902 0.0000000113 
0.0000007223 0.0000000902 0.0000000113 
0.0000007223 0.0000000902 0.0000000113 
0.0000007223 0.0000000902 0.0000000113 
0.0000007223 0.0000000902 0.0000000113 
0.0000007223 0.0000000902 0.0000000113 
0.0000007223 0.0000000902 0.0000000113 
0.0000007223 0.0000000902 0.0000000113 
0.0000007223 0.0000000902 0.0000000113 
0.0000007223 0.0000000902 0.0000000113 
0.0000007223 0.0000000902 0.0000000113 
0.0000007223 0.0000000902 0.0000000113 
0.0000007223 0.0000000902 0.0000000113 
0.0000007223 0.0000000902 0.0000000113 
0.0000007223 0.0000000902 0.0000000113 
0.0000007223 0.0000000902 0.0000000113 
0.0000007223 0.0000000902 0.0000000113 
0.0000007223 0.0000000902 0.0000000113 
0.0000007223 0.0000000902 0.0000000113 
0.0000007223 0.0000000902 0.0000000113 
0.0000007223 0.0000000902 0.0000000113 
0.0000007223 0.0000000902 0.0000000113 
0.0000007223 0.0000000902 0.0000000113 
0.0000007223 0.0000000902 0.0000000113 
0.0000007223 0.0000000902 0.0000000113 
0.0000007223 0.0000000902 0.0000000113 
0.0000007223 0.0000000902 0.0000000113 
0.0000007223 0.0000000902 0.0000000113 
0.0000007223 0.0000000902 0.0000000113 
0.0000007223 0.0000000902 0.0000000113 
0.0000007223 0.0000000902 0.0000000113 
0.0000007223 0.0000000902 0.0000000113 
0.0000007223 0.0000000902 0.0000000113 
0.0000007223 0.0000000902 0.0000000113 
0.0000007223 0.0000000902 0.0000000113 
0.0000007223 0.0000000902 0.0000000113 
0.0000007223 0.0000000902 0.0000000113 
0.0000007223 0.0000000902 0.0000000113 
0.0000007223 0.0000000902 0.0000000113 
0.0000007223 0.0000000902 0.0000000113 
0.0000007223 0.0000000902 0.0000000113 
0.0000007223 0.0000000902 0.0000000113 
0.0000007223 0.0000000902 0.0000000113 
0.0000007223 0.0000000902 0.0000000113 
0.0000007223 0.0000000902 0.0000000113 
0.0000007223 0.0000000902 0.0000000113 
0.0000007223 0.0000000902 0.0000000113 
0.0000007223 0.0000000902 0.0000000113 
0.0000007223 0.0000000902 0.0000000113 
0.0000007223 0.0000000902 0.0000000113 
0.0000007223 0.0000000902 0.0000000113 
0.0000007223 0.0000000902 0.0000000113 
0.0000007223 0.0000000902 0.0000000113 
0.0000007223 0.0000000902 0.0000000113 
0.0000007198 0.0000000924 0.0000000119 
0.0000007172 0.0000000947 0.0000000125 
0.0000007147 0.0000000970 0.0000000132 
0.0000007122 0.0000000993 0.0000000140 
0.0000007097 0.0000001017 0.0000000148 
0.0000007072 0.0000001040 0.0000000157 
0.0000007048 0.0000001065 0.0000000166 
0.0000007025 0.0000001089 0.0000000177 
0.0000007002 0.0000001114 0.0000000189 
0.0000006980 0.0000001139 0.0000000201 
0.0000006959 0.0000001163 0.0000000215 
0.0000006940 0.0000001187 0.0000000229 
0.0000006922 0.0000001211 0.0000000244 
0.0000006904 0.0000001234 0.0000000260 
0.0000006888 0.0000001257 0.0000000277 
0.0000006872 0.0000001280 0.0000000294 
0.0000006858 0.0000001302 0.0000000312 
0.0000006844 0.0000001324 0.0000000330 
0.0000006832 0.0000001345 0.0000000349 
0.0000006819 0.0000001366 0.0000000368 
0.0000006808 0.0000001386 0.0000000388 
0.0000006797 0.0000001406 0.0000000407 
0.0000006786 0.0000001425 0.0000000427 
0.0000006776 0.0000001444 0.0000000447 
0.0000006767 0.0000001462 0.0000000466 
0.0000006758 0.0000001480 0.0000000486 
0.0000006749 0.0000001498 0.0000000505 
0.0000006741 0.0000001515 0.0000000525 
0.0000006732 0.0000001532 0.0000000544 
0.0000006725 0.0000001548 0.0000000563 
0.0000006717 0.0000001564 0.0000000582 
0.0000006710 0.0000001579 0.0000000601 
0.0000006704 0.0000001595 0.0000000620 
0.0000006697 0.0000001609 0.0000000638 
0.0000006691 0.0000001624 0.0000000656 
0.0000006686 0.0000001638 0.0000000673 
0.0000006680 0.0000001652 0.0000000690 
0.0000006676 0.0000001665 0.0000000706 
0.0000006671 0.0000001678 0.0000000723 
0.0000006666 0.0000001690 0.0000000738 
0.0000006662 0.0000001703 0.0000000754 
0.0000006657 0.0000001715 0.0000000768 
0.0000006653 0.0000001727 0.0000000783 
0.0000006648 0.0000001738 0.0000000797 
0.0000006644 0.0000001750 0.0000000811 
0.0000006640 0.0000001761 0.0000000824 
0.0000006636 0.0000001772 0.0000000837 
0.0000006633 0.0000001783 0.0000000849 
0.0000006629 0.0000001793 0.0000000861 
0.0000006625 0.0000001804 0.0000000872 
0.0000006621 0.0000001814 0.0000000883 
0.0000006616 0.0000001824 0.0000000894 
0.0000006611 0.0000001835 0.0000000904 
0.0000006605 0.0000001845 0.0000000914 
0.0000006599 0.0000001854 0.0000000923 
0.0000006593 0.0000001864 0.0000000932 
0.0000006586 0.0000001874 0.0000000940 
0.0000006580 0.0000001883 0.0000000948 
0.0000006573 0.0000001893 0.0000000955 
0.0000006565 0.0000001902 0.0000000962 
0.0000006558 0.0000001911 0.0000000969 
0.0000006550 0.0000001920 0.0000000975 
0.0000006542 0.0000001929 0.0000000981 
0.0000006533 0.0000001938 0.0000000986 
0.0000006525 0.0000001946 0.0000000991 
0.0000006516 0.0000001955 0.0000000996 
0.0000006508 0.0000001964 0.0000001000 
0.0000006499 0.0000001972 0.0000001004 
0.0000006490 0.0000001980 0.0000001008 
0.0000006481 0.0000001988 0.0000001011 
0.0000006472 0.0000001996 0.0000001014 
0.0000006463 0.0000002004 0.0000001017 
0.0000006454 0.0000002012 0.0000001019 
0.0000006445 0.0000002019 0.0000001021 
0.0000006435 0.0000002026 0.0000001022 
0.0000006426 0.0000002034 0.0000001024 
0.0000006416 0.0000002041 0.0000001025 
0.0000006406 0.0000002048 0.0000001025 
0.0000006395 0.0000002055 0.0000001026 
0.0000006385 0.0000002062 0.0000001026 
0.0000006374 0.0000002069 0.0000001026 
0.0000006363 0.0000002076 0.0000001025 
0.0000006352 0.0000002083 0.0000001025 
0.0000006341 0.0000002090 0.0000001024 
0.0000006330 0.0000002096 0.0000001023 
0.0000006319 0.0000002103 0.0000001022 
0.0000006307 0.0000002109 0.0000001020 
0.0000006296 0.0000002116 0.0000001019 
0.0000006284 0.0000002122 0.0000001017 
0.0000006272 0.0000002128 0.0000001015 
0.0000006261 0.0000002135 0.0000001013 
0.0000006249 0.0000002141 0.0000001010 
0.0000006237 0.0000002146 0.0000001007 
0.0000006225 0.0000002152 0.0000001004 
0.0000006213 0.0000002158 0.0000001001 
0.0000006201 0.0000002163 0.0000000998 
0.0000006189 0.0000002169 0.0000000995 
0.0000006177 0.0000002174 0.0000000991 
0.0000006166 0.0000002179 0.0000000988 
0.0000006154 0.0000002185 0.0000000984 
0.0000006142 0.0000002190 0.0000000981 
0.0000006131 0.0000002195 0.0000000977 
0.0000006119 0.0000002200 0.0000000973 
0.0000006108 0.0000002205 0.0000000969 
0.0000006097 0.0000002209 0.0000000965 
0.0000006086 0.0000002214 0.0000000961 
0.0000006075 0.0000002219 0.0000000957 
0.0000006064 0.0000002223 0.0000000953 
0.0000006054 0.0000002228 0.0000000948 
0.0000006044 0.0000002232 0.0000000944 
0.0000006034 0.0000002237 0.0000000941 
0.0000006025 0.0000002241 0.0000000937 
0.0000006016 0.0000002245 0.0000000933 
0.0000006007 0.0000002250 0.0000000930 
0.0000005998 0.0000002254 0.0000000926 
0.0000005990 0.0000002258 0.0000000923 
0.0000005982 0.0000002262 0.0000000920 
0.0000005974 0.0000002266 0.0000000917 
0.0000005967 0.0000002271 0.0000000915 
0.0000005960 0.0000002275 0.0000000913 
0.0000005953 0.0000002279 0.0000000911 
0.0000005947 0.0000002283 0.0000000910 
0.0000005942 0.0000002287 0.0000000909 
0.0000005937 0.0000002291 0.0000000909 
0.0000005932 0.0000002295 0.0000000910 
0.0000005928 0.0000002300 0.0000000911 
0.0000005925 0.0000002304 0.0000000913 
0.0000005922 0.0000002308 0.0000000915 
0.0000005920 0.0000002312 0.0000000918 
0.0000005918 0.0000002317 0.0000000922 
0.0000005917 0.0000002321 0.0000000927 
0.0000005916 0.0000002325 0.0000000932 
0.0000005916 0.0000002330 0.0000000938 
0.0000005917 0.0000002334 0.0000000944 
0.0000005918 0.0000002338 0.0000000951 
0.0000005920 0.0000002342 0.0000000958 
0.0000005922 0.0000002347 0.0000000966 
0.0000005925 0.0000002351 0.0000000974 
0.0000005928 0.0000002355 0.0000000982 
0.0000005930 0.0000002359 0.0000000990 
0.0000005933 0.0000002363 0.0000000999 
0.0000005936 0.0000002366 0.0000001007 
0.0000005939 0.0000002370 0.0000001015 
0.0000005941 0.0000002374 0.0000001024 
0.0000005943 0.0000002378 0.0000001032 
0.0000005945 0.0000002381 0.0000001040 
0.0000005947 0.0000002385 0.0000001048 
0.0000005948 0.0000002388 0.0000001056 
0.0000005950 0.0000002392 0.0000001064 
0.0000005950 0.0000002395 0.0000001071 
0.0000005951 0.0000002399 0.0000001078 
0.0000005951 0.0000002402 0.0000001085 
0.0000005951 0.0000002405 0.0000001092 
0.0000005951 0.0000002408 0.0000001098 
0.0000005950 0.0000002411 0.0000001105 
0.0000005950 0.0000002414 0.0000001111 
0.0000005949 0.0000002417 0.0000001116 
0.0000005948 0.0000002420 0.0000001122 
0.0000005947 0.0000002422 0.0000001127 
0.0000005945 0.0000002425 0.0000001132 
0.0000005943 0.0000002427 0.0000001137 
0.0000005941 0.0000002430 0.0000001141 
0.0000005939 0.0000002432 0.0000001145 
0.0000005937 0.0000002434 0.0000001149 
0.0000005934 0.0000002436 0.0000001153 
0.0000005931 0.0000002438 0.0000001157 
0.0000005928 0.0000002440 0.0000001160 
0.0000005925 0.0000002442 0.0000001163 
0.0000005921 0.0000002444 0.0000001166 
0.0000005918 0.0000002446 0.0000001168 
0.0000005914 0.0000002447 0.0000001171 
0.0000005910 0.0000002449 0.0000001173 
0.0000005905 0.0000002451 0.0000001175 
0.0000005901 0.0000002452 0.0000001177 
0.0000005897 0.0000002453 0.0000001178 
0.0000005892 0.0000002455 0.0000001180 
0.0000005887 0.0000002456 0.0000001181 
0.0000005882 0.0000002457 0.0000001182 
0.0000005877 0.0000002459 0.0000001183 
0.0000005872 0.0000002460 0.0000001184 
0.0000005867 0.0000002461 0.0000001185 
0.0000005862 0.0000002462 0.0000001185 
0.0000005856 0.0000002463 0.0000001186 
0.0000005851 0.0000002464 0.0000001186 
0.0000005845 0.0000002465 0.0000001186 
0.0000005839 0.0000002466 0.0000001187 
0.0000005833 0.0000002466 0.0000001187 
0.0000005827 0.0000002467 0.0000001187 
0.0000005821 0.0000002468 0.0000001187 
0.0000005815 0.0000002469 0.0000001186 
0.0000005809 0.0000002469 0.0000001186 
0.0000005803 0.0000002470 0.0000001186 
0.0000005796 0.0000002471 0.0000001186 
0.0000005790 0.0000002471 0.0000001185 
0.0000005783 0.0000002472 0.0000001185 
0.0000005776 0.0000002473 0.0000001184 
0.0000005770 0.0000002473 0.0000001184 
0.0000005763 0.0000002473 0.0000001183 
0.0000005757 0.0000002474 0.0000001183 
0.0000005750 0.0000002474 0.0000001182 
0.0000005744 0.0000002474 0.0000001181 
0.0000005737 0.0000002474 0.0000001181 
0.0000005730 0.0000002474 0.0000001180 
0.0000005724 0.0000002474 0.0000001179 
0.0000005717 0.0000002475 0.0000001179 
0.0000005710 0.0000002475 0.0000001178 
0.0000005703 0.0000002475 0.0000001178 
0.0000005696 0.0000002475 0.0000001177 
0.0000005689 0.0000002475 0.0000001176 
0.0000005683 0.0000002475 0.0000001176 
0.0000005676 0.0000002475 0.0000001176 
0.0000005669 0.0000002475 0.0000001175 
0.0000005662 0.0000002475 0.0000001175 
0.0000005655 0.0000002475 0.0000001175 
0.0000005648 0.0000002475 0.0000001175 
0.0000005641 0.0000002475 0.0000001175 
0.0000005634 0.0000002475 0.0000001175 
0.0000005628 0.0000002475 0.0000001175 
0.0000005621 0.0000002475 0.0000001175 
0.0000005614 0.0000002475 0.0000001176 
0.0000005608 0.0000002476 0.0000001176 
0.0000005601 0.0000002476 0.0000001177 
0.0000005595 0.0000002476 0.0000001178 
0.0000005589 0.0000002476 0.0000001178 
0.0000005583 0.0000002476 0.0000001179 
0.0000005577 0.0000002476 0.0000001180 
0.0000005571 0.0000002476 0.0000001181 
0.0000005565 0.0000002476 0.0000001182 
0.0000005559 0.0000002476 0.0000001183 
0.0000005553 0.0000002476 0.0000001185 
0.0000005547 0.0000002476 0.0000001186 
0.0000005542 0.0000002476 0.0000001187 
0.0000005536 0.0000002476 0.0000001189 
0.0000005531 0.0000002476 0.0000001191 
0.0000005525 0.0000002477 0.0000001192 
0.0000005520 0.0000002477 0.0000001194 
0.0000005515 0.0000002477 0.0000001196 
0.0000005509 0.0000002477 0.0000001198 
0.0000005503 0.0000002477 0.0000001200 
0.0000005497 0.0000002477 0.0000001202 
0.0000005492 0.0000002477 0.0000001204 
0.0000005485 0.0000002477 0.0000001206 
0.0000005479 0.0000002477 0.0000001208 
0.0000005473 0.0000002477 0.0000001210 
0.0000005466 0.0000002477 0.0000001213 
0.0000005460 0.0000002477 0.0000001215 
0.0000005453 0.0000002477 0.0000001217 
0.0000005446 0.0000002476 0.0000001219 
0.0000005440 0.0000002476 0.0000001222 
0.0000005433 0.0000002476 0.0000001224 
0.0000005426 0.0000002476 0.0000001226 
0.0000005419 0.0000002476 0.0000001229 
0.0000005411 0.0000002476 0.0000001231 
0.0000005404 0.0000002476 0.0000001233 
0.0000005396 0.0000002475 0.0000001235 
0.0000005389 0.0000002475 0.0000001238 
0.0000005381 0.0000002475 0.0000001240 
0.0000005373 0.0000002474 0.0000001242 
0.0000005365 0.0000002474 0.0000001244 
0.0000005357 0.0000002474 0.0000001246 
0.0000005349 0.0000002473 0.0000001248 
0.0000005341 0.0000002473 0.0000001250 
0.0000005332 0.0000002472 0.0000001252 
0.0000005324 0.0000002472 0.0000001254 
0.0000005315 0.0000002471 0.0000001256 
0.0000005307 0.0000002471 0.0000001258 
0.0000005298 0.0000002470 0.0000001259 
0.0000005289 0.0000002470 0.0000001261 
0.0000005280 0.0000002469 0.0000001263 
0.0000005271 0.0000002469 0.0000001264 
0.0000005262 0.0000002468 0.0000001266 
0.0000005253 0.0000002467 0.0000001267 
0.0000005244 0.0000002467 0.0000001269 
0.0000005235 0.0000002466 0.0000001270 
0.0000005226 0.0000002465 0.0000001272 
0.0000005216 0.0000002465 0.0000001273 
0.0000005207 0.0000002464 0.0000001274 
0.0000005198 0.0000002463 0.0000001275 
0.0000005189 0.0000002463 0.0000001277 
0.0000005180 0.0000002462 0.0000001278 
0.0000005170 0.0000002461 0.0000001279 
0.0000005161 0.0000002460 0.0000001280 
0.0000005152 0.0000002459 0.0000001281 
0.0000005142 0.0000002458 0.0000001282 
0.0000005133 0.0000002458 0.0000001283 
0.0000005124 0.0000002457 0.0000001284 
0.0000005115 0.0000002456 0.0000001285 
0.0000005106 0.0000002455 0.0000001286 
0.0000005096 0.0000002454 0.0000001286 
0.0000005087 0.0000002453 0.0000001287 
0.0000005078 0.0000002452 0.0000001288 
0.0000005069 0.0000002451 0.0000001289 
0.0000005060 0.0000002450 0.0000001290 
0.0000005052 0.0000002449 0.0000001290 
0.0000005043 0.0000002448 0.0000001291 
0.0000005034 0.0000002447 0.0000001292 
0.0000005025 0.0000002446 0.0000001293 
0.0000005017 0.0000002445 0.0000001293 
0.0000005008 0.0000002444 0.0000001294 
0.0000005000 0.0000002443 0.0000001294 
0.0000004991 0.0000002442 0.0000001295 
0.0000004983 0.0000002441 0.0000001296 
0.0000004974 0.0000002440 0.0000001296 
0.0000004966 0.0000002439 0.0000001297 
0.0000004958 0.0000002438 0.0000001297 
0.0000004949 0.0000002437 0.0000001298 
0.0000004941 0.0000002436 0.0000001298 
0.0000004933 0.0000002435 0.0000001299 
0.0000004924 0.0000002434 0.0000001299 
0.0000004916 0.0000002433 0.0000001299 
0.0000004908 0.0000002432 0.0000001299 
0.0000004900 0.0000002431 0.0000001300 
0.0000004891 0.0000002429 0.0000001300 
0.0000004883 0.0000002428 0.0000001300 
0.0000004875 0.0000002427 0.0000001300 
0.0000004867 0.0000002426 0.0000001300 
0.0000004859 0.0000002425 0.0000001300 
0.0000004851 0.0000002424 0.0000001300 
0.0000004843 0.0000002423 0.0000001300 
0.0000004835 0.0000002422 0.0000001300 
0.0000004827 0.0000002421 0.0000001300 
0.0000004819 0.0000002420 0.0000001300 
0.0000004811 0.0000002418 0.0000001300 
0.0000004803 0.0000002417 0.0000001299 
0.0000004796 0.0000002416 0.0000001299 
0.0000004788 0.0000002415 0.0000001299 
0.0000004781 0.0000002414 0.0000001299 
0.0000004773 0.0000002413 0.0000001298 
0.0000004766 0.0000002412 0.0000001298 
0.0000004759 0.0000002411 0.0000001298 
0.0000004752 0.0000002410 0.0000001298 
0.0000004745 0.0000002408 0.0000001297 
0.0000004738 0.0000002407 0.0000001297 
0.0000004731 0.0000002406 0.0000001297 
0.0000004724 0.0000002405 0.0000001296 
0.0000004718 0.0000002404 0.0000001296 
0.0000004711 0.0000002403 0.0000001296 
0.0000004705 0.0000002402 0.0000001296 
0.0000004699 0.0000002401 0.0000001295 
0.0000004693 0.0000002400 0.0000001295 
0.0000004687 0.0000002399 0.0000001295 
0.0000004681 0.0000002398 0.0000001295 
0.0000004675 0.0000002397 0.0000001295 
0.0000004670 0.0000002396 0.0000001295 
0.0000004665 0.0000002395 0.0000001294 
0.0000004660 0.0000002395 0.0000001294 
0.0000004655 0.0000002394 0.0000001295 
0.0000004651 0.0000002393 0.0000001295 
0.0000004647 0.0000002393 0.0000001295 
0.0000004642 0.0000002392 0.0000001295 
0.0000004639 0.0000002391 0.0000001295 
0.0000004635 0.0000002391 0.0000001296 
0.0000004631 0.0000002390 0.0000001296 
0.0000004628 0.0000002390 0.0000001296 
0.0000004625 0.0000002389 0.0000001297 
0.0000004622 0.0000002389 0.0000001297 
0.0000004620 0.0000002388 0.0000001298 
0.0000004617 0.0000002388 0.0000001298 
0.0000004615 0.0000002388 0.0000001299 
0.0000004613 0.0000002387 0.0000001300 
0.0000004611 0.0000002387 0.0000001300 
0.0000004609 0.0000002387 0.0000001301 
0.0000004607 0.0000002386 0.0000001302 
0.0000004605 0.0000002386 0.0000001303 
0.0000004604 0.0000002386 0.0000001304 
0.0000004603 0.0000002386 0.0000001305 
0.0000004602 0.0000002385 0.0000001306 
0.0000004600 0.0000002385 0.0000001307 
0.0000004599 0.0000002385 0.0000001308 
0.0000004598 0.0000002385 0.0000001309 
0.0000004597 0.0000002385 0.0000001310 
0.0000004597 0.0000002385 0.0000001312 
0.0000004596 0.0000002385 0.0000001313 
0.0000004595 0.0000002384 0.0000001314 
0.0000004594 0.0000002384 0.0000001315 
0.0000004594 0.0000002384 0.0000001316 
0.0000004593 0.0000002384 0.0000001318 
0.0000004593 0.0000002384 0.0000001319 
0.0000004592 0.0000002384 0.0000001320 
0.0000004592 0.0000002384 0.0000001321 
0.0000004591 0.0000002384 0.0000001323 
0.0000004591 0.0000002384 0.0000001324 
0.0000004590 0.0000002383 0.0000001325 
0.0000004590 0.0000002383 0.0000001326 
0.0000004589 0.0000002383 0.0000001328 
0.0000004589 0.0000002383 0.0000001329 
0.0000004588 0.0000002383 0.0000001330 
0.0000004587 0.0000002383 0.0000001331 
0.0000004586 0.0000002382 0.0000001332 
0.0000004585 0.0000002382 0.0000001333 
0.0000004584 0.0000002382 0.0000001334 
0.0000004583 0.0000002381 0.0000001335 
0.0000004582 0.0000002381 0.0000001335 
0.0000004580 0.0000002380 0.0000001336 
0.0000004579 0.0000002380 0.0000001337 
0.0000004577 0.0000002379 0.0000001337 
0.0000004576 0.0000002379 0.0000001338 
0.0000004574 0.0000002378 0.0000001338 
0.0000004572 0.0000002377 0.0000001339 
0.0000004570 0.0000002377 0.0000001339 
0.0000004568 0.0000002376 0.0000001339 
0.0000004566 0.0000002375 0.0000001339 
0.0000004564 0.0000002374 0.0000001340 
0.0000004561 0.0000002374 0.0000001340 
0.0000004559 0.0000002373 0.0000001340 
0.0000004557 0.0000002372 0.0000001340 
0.0000004554 0.0000002371 0.0000001339 
0.0000004551 0.0000002370 0.0000001339 
0.0000004549 0.0000002370 0.0000001339 
0.0000004546 0.0000002369 0.0000001339 
0.0000004543 0.0000002368 0.0000001338 
0.0000004540 0.0000002367 0.0000001338 
0.0000004536 0.0000002366 0.0000001337 
0.0000004533 0.0000002365 0.0000001337 
0.0000004530 0.0000002363 0.0000001336 
0.0000004526 0.0000002362 0.0000001335 
0.0000004523 0.0000002361 0.0000001335 
0.0000004519 0.0000002360 0.0000001334 
0.0000004515 0.0000002359 0.0000001333 
0.0000004512 0.0000002358 0.0000001332 
0.0000004508 0.0000002356 0.0000001331 
0.0000004504 0.0000002355 0.0000001330 
0.0000004500 0.0000002354 0.0000001329 
0.0000004496 0.0000002353 0.0000001328 
0.0000004492 0.0000002351 0.0000001327 
0.0000004488 0.0000002350 0.0000001325 
0.0000004484 0.0000002349 0.0000001324 
0.0000004480 0.0000002347 0.0000001323 
0.0000004475 0.0000002346 0.0000001321 
0.0000004471 0.0000002345 0.0000001320 
0.0000004466 0.0000002343 0.0000001318 
0.0000004462 0.0000002342 0.0000001317 
0.0000004457 0.0000002341 0.0000001315 
0.0000004453 0.0000002339 0.0000001314 
0.0000004448 0.0000002338 0.0000001312 
0.0000004444 0.0000002337 0.0000001311 
0.0000004439 0.0000002335 0.0000001309 
0.0000004435 0.0000002334 0.0000001307 
0.0000004430 0.0000002332 0.0000001306 
0.0000004425 0.0000002331 0.0000001304 
0.0000004421 0.0000002330 0.0000001303 
0.0000004416 0.0000002329 0.0000001301 
0.0000004412 0.0000002327 0.0000001299 
0.0000004408 0.0000002326 0.0000001298 
0.0000004403 0.0000002325 0.0000001296 
0.0000004399 0.0000002324 0.0000001294 
0.0000004395 0.0000002323 0.0000001293 
0.0000004391 0.0000002321 0.0000001291 
0.0000004387 0.0000002320 0.0000001290 
0.0000004384 0.0000002320 0.0000001288 
0.0000004380 0.0000002319 0.0000001286 
0.0000004377 0.0000002318 0.0000001285 
0.0000004374 0.0000002317 0.0000001283 
0.0000004370 0.0000002316 0.0000001282 
0.0000004367 0.0000002316 0.0000001281 
0.0000004364 0.0000002315 0.0000001279 
0.0000004362 0.0000002315 0.0000001278 
0.0000004359 0.0000002314 0.0000001277 
0.0000004356 0.0000002314 0.0000001276 
0.0000004354 0.0000002314 0.0000001275 
0.0000004352 0.0000002314 0.0000001274 
0.0000004350 0.0000002314 0.0000001273 
0.0000004349 0.0000002314 0.0000001272 
0.0000004347 0.0000002315 0.0000001272 
0.0000004346 0.0000002315 0.0000001271 
0.0000004345 0.0000002316 0.0000001271 
0.0000004345 0.0000002316 0.0000001271 
0.0000004345 0.0000002317 0.0000001271 
0.0000004345 0.0000002318 0.0000001272 
0.0000004345 0.0000002319 0.0000001272 
0.0000004346 0.0000002321 0.0000001273 
0.0000004347 0.0000002322 0.0000001274 
0.0000004348 0.0000002323 0.0000001276 
0.0000004349 0.0000002325 0.0000001277 
0.0000004351 0.0000002326 0.0000001279 
0.0000004353 0.0000002328 0.0000001281 
0.0000004355 0.0000002330 0.0000001283 
0.0000004357 0.0000002332 0.0000001286 
0.0000004360 0.0000002334 0.0000001288 
0.0000004363 0.0000002335 0.0000001291 
0.0000004366 0.0000002337 0.0000001294 
0.0000004369 0.0000002339 0.0000001297 
0.0000004372 0.0000002341 0.0000001301 
0.0000004376 0.0000002343 0.0000001305 
0.0000004379 0.0000002345 0.0000001308 
0.0000004383 0.0000002348 0.0000001312 
0.0000004387 0.0000002350 0.0000001317 
0.0000004391 0.0000002352 0.0000001321 
0.0000004394 0.0000002354 0.0000001325 
0.0000004398 0.0000002356 0.0000001330 
0.0000004402 0.0000002358 0.0000001335 
0.0000004406 0.0000002360 0.0000001339 
0.0000004410 0.0000002361 0.0000001344 
0.0000004414 0.0000002363 0.0000001349 
0.0000004418 0.0000002365 0.0000001354 
0.0000004422 0.0000002367 0.0000001359 
0.0000004426 0.0000002369 0.0000001365 
0.0000004429 0.0000002370 0.0000001370 
0.0000004433 0.0000002372 0.0000001375 
0.0000004437 0.0000002374 0.0000001380 
0.0000004440 0.0000002375 0.0000001386 
0.0000004444 0.0000002377 0.0000001391 
0.0000004447 0.0000002378 0.0000001396 
0.0000004450 0.0000002379 0.0000001401 
0.0000004453 0.0000002381 0.0000001407 
0.0000004456 0.0000002382 0.0000001412 
0.0000004459 0.0000002383 0.0000001417 
0.0000004462 0.0000002384 0.0000001422 
0.0000004464 0.0000002385 0.0000001427 
0.0000004467 0.0000002386 0.0000001433 
0.0000004469 0.0000002386 0.0000001438 
0.0000004471 0.0000002387 0.0000001443 
0.0000004472 0.0000002387 0.0000001448 
0.0000004474 0.0000002388 0.0000001452 
0.0000004475 0.0000002388 0.0000001457 
0.0000004476 0.0000002388 0.0000001462 
0.0000004476 0.0000002388 0.0000001466 
0.0000004477 0.0000002388 0.0000001471 
0.0000004477 0.0000002388 0.0000001475 
0.0000004477 0.0000002388 0.0000001479 
0.0000004476 0.0000002388 0.0000001483 
0.0000004476 0.0000002387 0.0000001487 
0.0000004475 0.0000002387 0.0000001491 
0.0000004474 0.0000002386 0.0000001494 
0.0000004472 0.0000002386 0.0000001498 
0.0000004471 0.0000002385 0.0000001501 
0.0000004469 0.0000002384 0.0000001504 
0.0000004467 0.0000002383 0.0000001507 
0.0000004465 0.0000002382 0.0000001510 
0.0000004462 0.0000002381 0.0000001513 
0.0000004460 0.0000002380 0.0000001515 
0.0000004457 0.0000002379 0.0000001517 
0.0000004453 0.0000002378 0.0000001520 
0.0000004450 0.0000002376 0.0000001522 
0.0000004447 0.0000002375 0.0000001523 
0.0000004443 0.0000002373 0.0000001525 
0.0000004439 0.0000002372 0.0000001526 
0.0000004435 0.0000002370 0.0000001528 
0.0000004430 0.0000002368 0.0000001529 
0.0000004426 0.0000002366 0.0000001530 
0.0000004421 0.0000002365 0.0000001531 
0.0000004416 0.0000002363 0.0000001532 
0.0000004411 0.0000002361 0.0000001532 
0.0000004406 0.0000002359 0.0000001533 
0.0000004401 0.0000002357 0.0000001532 
0.0000004396 0.0000002355 0.0000001532 
0.0000004391 0.0000002353 0.0000001532 
0.0000004385 0.0000002351 0.0000001531 
0.0000004379 0.0000002349 0.0000001530 
0.0000004374 0.0000002346 0.0000001529 
0.0000004368 0.0000002344 0.0000001528 
0.0000004361 0.0000002342 0.0000001528 
0.0000004355 0.0000002339 0.0000001527 
0.0000004349 0.0000002337 0.0000001526 
0.0000004342 0.0000002334 0.0000001525 
0.0000004335 0.0000002331 0.0000001523 
0.0000004329 0.0000002329 0.0000001522 
0.0000004322 0.0000002326 0.0000001521 
0.0000004315 0.0000002323 0.0000001520 
0.0000004307 0.0000002320 0.0000001519 
0.0000004300 0.0000002317 0.0000001518 
0.0000004293 0.0000002313 0.0000001517 
0.0000004285 0.0000002310 0.0000001515 
0.0000004277 0.0000002307 0.0000001514 
0.0000004270 0.0000002304 0.0000001513 
0.0000004262 0.0000002300 0.0000001511 
0.0000004254 0.0000002297 0.0000001510 
0.0000004246 0.0000002293 0.0000001508 
0.0000004238 0.0000002290 0.0000001506 
0.0000004230 0.0000002286 0.0000001505 
0.0000004222 0.0000002283 0.0000001503 
0.0000004214 0.0000002279 0.0000001501 
0.0000004205 0.0000002276 0.0000001499 
0.0000004197 0.0000002272 0.0000001498 
0.0000004189 0.0000002268 0.0000001496 
0.0000004180 0.0000002264 0.0000001494 
0.0000004172 0.0000002261 0.0000001492 
0.0000004164 0.0000002257 0.0000001489 
0.0000004155 0.0000002253 0.0000001487 
0.0000004146 0.0000002249 0.0000001485 
0.0000004138 0.0000002245 0.0000001483 
0.0000004129 0.0000002242 0.0000001480 
0.0000004121 0.0000002238 0.0000001478 
0.0000004112 0.0000002234 0.0000001476 
0.0000004103 0.0000002230 0.0000001473 
0.0000004094 0.0000002226 0.0000001470 
0.0000004086 0.0000002222 0.0000001468 
0.0000004077 0.0000002218 0.0000001465 
0.0000004068 0.0000002214 0.0000001463 
0.0000004059 0.0000002210 0.0000001460 
0.0000004050 0.0000002206 0.0000001457 
0.0000004042 0.0000002202 0.0000001454 
0.0000004033 0.0000002198 0.0000001451 
0.0000004024 0.0000002194 0.0000001448 
0.0000004015 0.0000002190 0.0000001445 
0.0000004006 0.0000002185 0.0000001442 
0.0000003997 0.0000002181 0.0000001439 
0.0000003988 0.0000002177 0.0000001436 
0.0000003979 0.0000002173 0.0000001433 
0.0000003970 0.0000002169 0.0000001430 
0.0000003961 0.0000002165 0.0000001427 
0.0000003952 0.0000002161 0.0000001423 
0.0000003943 0.0000002157 0.0000001420 
0.0000003934 0.0000002153 0.0000001417 
0.0000003925 0.0000002148 0.0000001414 
0.0000003916 0.0000002144 0.0000001410 
0.0000003907 0.0000002140 0.0000001407 
0.0000003898 0.0000002136 0.0000001404 
0.0000003889 0.0000002132 0.0000001400 
0.0000003880 0.0000002128 0.0000001397 
0.0000003872 0.0000002124 0.0000001393 
0.0000003863 0.0000002120 0.0000001390 
0.0000003854 0.0000002115 0.0000001386 
0.0000003846 0.0000002111 0.0000001383 
0.0000003837 0.0000002107 0.0000001379 
0.0000003829 0.0000002103 0.0000001376 
0.0000003820 0.0000002099 0.0000001372 
0.0000003813 0.0000002095 0.0000001368 
0.0000003805 0.0000002092 0.0000001365 
0.0000003798 0.0000002088 0.0000001361 
0.0000003790 0.0000002084 0.0000001358 
0.0000003783 0.0000002080 0.0000001354 
0.0000003776 0.0000002077 0.0000001351 
0.0000003768 0.0000002073 0.0000001347 
0.0000003761 0.0000002069 0.0000001343 
0.0000003754 0.0000002066 0.0000001340 
0.0000003747 0.0000002062 0.0000001336 
0.0000003740 0.0000002058 0.0000001332 
0.0000003733 0.0000002055 0.0000001329 
0.0000003726 0.0000002051 0.0000001325 
0.0000003718 0.0000002047 0.0000001321 
0.0000003712 0.0000002044 0.0000001317 
0.0000003705 0.0000002040 0.0000001314 
0.0000003698 0.0000002036 0.0000001310 
0.0000003691 0.0000002032 0.0000001306 
0.0000003684 0.0000002029 0.0000001303 
0.0000003677 0.0000002025 0.0000001299 
0.0000003671 0.0000002021 0.0000001295 
0.0000003664 0.0000002018 0.0000001292 
0.0000003658 0.0000002014 0.0000001288 
0.0000003651 0.0000002010 0.0000001284 
0.0000003645 0.0000002006 0.0000001281 
0.0000003638 0.0000002003 0.0000001277 
0.0000003632 0.0000001999 0.0000001273 
0.0000003626 0.0000001995 0.0000001270 
0.0000003619 0.0000001991 0.0000001266 
0.0000003613 0.0000001987 0.0000001262 
0.0000003607 0.0000001983 0.0000001259 
0.0000003602 0.0000001980 0.0000001255 
0.0000003596 0.0000001976 0.0000001252 
0.0000003591 0.0000001972 0.0000001248 
0.0000003585 0.0000001968 0.0000001244 
0.0000003580 0.0000001965 0.0000001241 
0.0000003575 0.0000001961 0.0000001237 
0.0000003570 0.0000001957 0.0000001234 
0.0000003565 0.0000001953 0.0000001230 
0.0000003560 0.0000001950 0.0000001227 
0.0000003555 0.0000001946 0.0000001223 
0.0000003551 0.0000001942 0.0000001220 
0.0000003546 0.0000001939 0.0000001216 
0.0000003541 0.0000001935 0.0000001213 
0.0000003537 0.0000001931 0.0000001210 
0.0000003532 0.0000001927 0.0000001206 
0.0000003527 0.0000001924 0.0000001203 
0.0000003523 0.0000001920 0.0000001200 
0.0000003518 0.0000001916 0.0000001196 
0.0000003514 0.0000001913 0.0000001193 
0.0000003509 0.0000001909 0.0000001190 
0.0000003504 0.0000001905 0.0000001186 
0.0000003500 0.0000001902 0.0000001183 
0.0000003495 0.0000001898 0.0000001180 
0.0000003491 0.0000001895 0.0000001177 
0.0000003487 0.0000001891 0.0000001174 
0.0000003482 0.0000001887 0.0000001171 
0.0000003478 0.0000001884 0.0000001168 
0.0000003473 0.0000001880 0.0000001164 
0.0000003469 0.0000001876 0.0000001161 
0.0000003464 0.0000001873 0.0000001158 
0.0000003460 0.0000001869 0.0000001155 
0.0000003456 0.0000001866 0.0000001152 
0.0000003451 0.0000001862 0.0000001149 
