0.0000007612 0.0000000110 0.0000002266 
0.0000007618 0.0000000135 0.0000002220 
0.0000007624 0.0000000160 0.0000002175 
0.0000007628 0.0000000184 0.0000002130 
0.0000007633 0.0000000208 0.0000002085 
0.0000007637 0.0000000230 0.0000002041 
0.0000007640 0.0000000252 0.0000001997 
0.0000007642 0.0000000274 0.0000001953 
0.0000007645 0.0000000295 0.0000001910 
0.0000007646 0.0000000315 0.0000001866 
0.0000007647 0.0000000335 0.0000001823 
0.0000007648 0.0000000355 0.0000001780 
0.0000007648 0.0000000374 0.0000001738 
0.0000007647 0.0000000393 0.0000001695 
0.0000007646 0.0000000412 0.0000001653 
0.0000007644 0.0000000430 0.0000001611 
0.0000007642 0.0000000448 0.0000001570 
0.0000007639 0.0000000466 0.0000001528 
0.0000007636 0.0000000483 0.0000001487 
0.0000007633 0.0000000500 0.0000001446 
0.0000007629 0.0000000517 0.0000001405 
0.0000007624 0.0000000534 0.0000001364 
0.0000007619 0.0000000550 0.0000001324 
0.0000007614 0.0000000566 0.0000001284 
0.0000007608 0.0000000582 0.0000001244 
0.0000007601 0.0000000598 0.0000001204 
0.0000007594 0.0000000613 0.0000001164 
0.0000007587 0.0000000628 0.0000001125 
0.0000007580 0.0000000643 0.0000001086 
0.0000007572 0.0000000658 0.0000001047 
0.0000007563 0.0000000672 0.0000001008 
0.0000007555 0.0000000687 0.0000000969 
0.0000007546 0.0000000701 0.0000000931 
0.0000007537 0.0000000715 0.0000000893 
0.0000007527 0.0000000729 0.0000000855 
0.0000007517 0.0000000742 0.0000000818 
0.0000007508 0.0000000756 0.0000000781 
0.0000007497 0.0000000769 0.0000000744 
0.0000007487 0.0000000782 0.0000000707 
0.0000007477 0.0000000796 0.0000000670 
0.0000007466 0.0000000809 0.0000000634 
0.0000007455 0.0000000822 0.0000000598 
0.0000007444 0.0000000835 0.0000000563 
0.0000007432 0.0000000847 0.0000000527 
0.0000007420 0.0000000860 0.0000000492 
0.0000007408 0.0000000873 0.0000000457 
0.0000007395 0.0000000885 0.0000000422 
0.0000007382 0.0000000898 0.0000000387 
0.0000007368 0.0000000910 0.0000000353 
0.0000007354 0.0000000923 0.0000000318 
0.0000007340 0.0000000935 0.0000000284 
0.0000007325 0.0000000948 0.0000000250 
0.0000007309 0.0000000961 0.0000000216 
0.0000007293 0.0000000973 0.0000000183 
0.0000007275 0.0000000987 0.0000000149 
0.0000007275 0.0000000987 0.0000000149 
0.0000007275 0.0000000987 0.0000000149 
0.0000007275 0.0000000987 0.0000000149 
0.0000007275 0.0000000987 0.0000000149 
0.0000007275 0.0000000987 0.0000000149 
0.0000007275 0.0000000987 0.0000000149 
0.0000007275 0.0000000987 0.0000000149 
0.0000007275 0.0000000987 0.0000000149 
0.0000007275 0.0000000987 0.0000000149 
0.0000007275 0.0000000987 0.0000000149 
0.0000007275 0.0000000987 0.0000000149 
0.0000007275 0.0000000987 0.0000000149 
0.0000007275 0.0000000987 0.0000000149 
0.0000007275 0.0000000987 0.0000000149 
0.0000007275 0.0000000987 0.0000000149 
0.0000007275 0.0000000987 0.0000000149 
0.0000007275 0.0000000987 0.0000000149 
0.0000007275 0.0000000987 0.0000000149 
0.0000007275 0.0000000987 0.0000000149 
0.0000007275 0.0000000987 0.0000000149 
0.0000007275 0.0000000987 0.0000000149 
0.0000007275 0.0000000987 0.0000000149 
0.0000007275 0.0000000987 0.0000000149 
0.0000007275 0.0000000987 0.0000000149 
0.0000007275 0.0000000987 0.0000000149 
0.0000007275 0.0000000987 0.0000000149 
0.0000007275 0.0000000987 0.0000000149 
0.0000007275 0.0000000987 0.0000000149 
0.0000007275 0.0000000987 0.0000000149 
0.0000007275 0.0000000987 0.0000000149 
0.0000007275 0.0000000987 0.0000000149 
0.0000007275 0.0000000987 0.0000000149 
0.0000007275 0.0000000987 0.0000000149 
0.0000007275 0.0000000987 0.0000000149 
0.0000007275 0.0000000987 0.0000000149 
0.0000007275 0.0000000987 0.0000000149 
0.0000007275 0.0000000987 0.0000000149 
0.0000007275 0.0000000987 0.0000000149 
0.0000007275 0.0000000987 0.0000000149 
0.0000007275 0.0000000987 0.0000000149 
0.0000007275 0.0000000987 0.0000000149 
0.0000007275 0.0000000987 0.0000000149 
0.0000007275 0.0000000987 0.0000000149 
0.0000007275 0.0000000987 0.0000000149 
0.0000007275 0.0000000987 0.0000000149 
0.0000007275 0.0000000987 0.0000000149 
0.0000007275 0.0000000987 0.0000000149 
0.0000007275 0.0000000987 0.0000000149 
0.0000007275 0.0000000987 0.0000000149 
0.0000007275 0.0000000987 0.0000000149 
0.0000007275 0.0000000987 0.0000000149 
0.0000007275 0.0000000987 0.0000000149 
0.0000007275 0.0000000987 0.0000000149 
0.0000007262 0.0000001008 0.0000000140 
0.0000007262 0.0000001008 0.0000000140 
0.0000007262 0.0000001008 0.0000000140 
0.0000007262 0.0000001008 0.0000000140 
0.0000007262 0.0000001008 0.0000000140 
0.0000007262 0.0000001008 0.0000000140 
0.0000007262 0.0000001008 0.0000000140 
0.0000007262 0.0000001008 0.0000000140 
0.0000007262 0.0000001008 0.0000000140 
0.0000007262 0.0000001008 0.0000000140 
0.0000007262 0.0000001008 0.0000000140 
0.0000007262 0.0000001008 0.0000000140 
0.0000007262 0.0000001008 0.0000000140 
0.0000007262 0.0000001008 0.0000000140 
0.0000007262 0.0000001008 0.0000000140 
0.0000007262 0.0000001008 0.0000000140 
0.0000007262 0.0000001008 0.0000000140 
0.0000007262 0.0000001008 0.0000000140 
0.0000007262 0.0000001008 0.0000000140 
0.0000007262 0.0000001008 0.0000000140 
0.0000007262 0.0000001008 0.0000000140 
0.0000007262 0.0000001008 0.0000000140 
0.0000007262 0.0000001008 0.0000000140 
0.0000007262 0.0000001008 0.0000000140 
0.0000007245 0.0000001032 0.0000000147 
0.0000007227 0.0000001056 0.0000000155 
0.0000007209 0.0000001081 0.0000000164 
0.0000007190 0.0000001106 0.0000000174 
0.0000007172 0.0000001133 0.0000000185 
0.0000007154 0.0000001159 0.0000000197 
0.0000007137 0.0000001186 0.0000000211 
0.0000007120 0.0000001212 0.0000000226 
0.0000007105 0.0000001238 0.0000000241 
0.0000007090 0.0000001262 0.0000000257 
0.0000007077 0.0000001286 0.0000000274 
0.0000007065 0.0000001309 0.0000000292 
0.0000007054 0.0000001332 0.0000000310 
0.0000007044 0.0000001353 0.0000000328 
0.0000007036 0.0000001374 0.0000000347 
0.0000007030 0.0000001393 0.0000000366 
0.0000007024 0.0000001412 0.0000000385 
0.0000007020 0.0000001430 0.0000000404 
0.0000007016 0.0000001447 0.0000000423 
0.0000007014 0.0000001463 0.0000000442 
0.0000007012 0.0000001478 0.0000000460 
0.0000007012 0.0000001493 0.0000000478 
0.0000007012 0.0000001507 0.0000000496 
0.0000007013 0.0000001520 0.0000000514 
0.0000007014 0.0000001533 0.0000000532 
0.0000007016 0.0000001545 0.0000000549 
0.0000007015 0.0000001557 0.0000000563 
0.0000007014 0.0000001568 0.0000000577 
0.0000007015 0.0000001579 0.0000000593 
0.0000007017 0.0000001589 0.0000000608 
0.0000007020 0.0000001599 0.0000000623 
0.0000007024 0.0000001609 0.0000000638 
0.0000007028 0.0000001618 0.0000000653 
0.0000007033 0.0000001627 0.0000000667 
0.0000007038 0.0000001636 0.0000000680 
0.0000007044 0.0000001644 0.0000000694 
0.0000007050 0.0000001652 0.0000000706 
0.0000007057 0.0000001659 0.0000000718 
0.0000007065 0.0000001667 0.0000000730 
0.0000007073 0.0000001674 0.0000000741 
0.0000007081 0.0000001681 0.0000000751 
0.0000007090 0.0000001688 0.0000000761 
0.0000007099 0.0000001695 0.0000000770 
0.0000007108 0.0000001701 0.0000000779 
0.0000007118 0.0000001708 0.0000000787 
0.0000007127 0.0000001714 0.0000000795 
0.0000007137 0.0000001720 0.0000000802 
0.0000007147 0.0000001726 0.0000000808 
0.0000007156 0.0000001732 0.0000000814 
0.0000007166 0.0000001738 0.0000000819 
0.0000007175 0.0000001744 0.0000000824 
0.0000007185 0.0000001750 0.0000000828 
0.0000007195 0.0000001756 0.0000000832 
0.0000007204 0.0000001762 0.0000000835 
0.0000007214 0.0000001768 0.0000000838 
0.0000007223 0.0000001774 0.0000000840 
0.0000007233 0.0000001780 0.0000000842 
0.0000007242 0.0000001785 0.0000000843 
0.0000007251 0.0000001791 0.0000000844 
0.0000007261 0.0000001797 0.0000000845 
0.0000007270 0.0000001803 0.0000000845 
0.0000007279 0.0000001809 0.0000000845 
0.0000007289 0.0000001814 0.0000000845 
0.0000007298 0.0000001820 0.0000000844 
0.0000007308 0.0000001826 0.0000000843 
0.0000007317 0.0000001832 0.0000000842 
0.0000007327 0.0000001838 0.0000000841 
0.0000007337 0.0000001843 0.0000000839 
0.0000007347 0.0000001849 0.0000000837 
0.0000007357 0.0000001855 0.0000000835 
0.0000007368 0.0000001861 0.0000000832 
0.0000007378 0.0000001867 0.0000000830 
0.0000007388 0.0000001873 0.0000000827 
0.0000007399 0.0000001878 0.0000000824 
0.0000007409 0.0000001884 0.0000000821 
0.0000007419 0.0000001890 0.0000000817 
0.0000007430 0.0000001896 0.0000000813 
0.0000007440 0.0000001902 0.0000000809 
0.0000007451 0.0000001907 0.0000000805 
0.0000007461 0.0000001913 0.0000000801 
0.0000007471 0.0000001919 0.0000000796 
0.0000007481 0.0000001925 0.0000000792 
0.0000007491 0.0000001930 0.0000000787 
0.0000007500 0.0000001936 0.0000000782 
0.0000007509 0.0000001942 0.0000000777 
0.0000007518 0.0000001948 0.0000000771 
0.0000007527 0.0000001954 0.0000000766 
0.0000007535 0.0000001959 0.0000000761 
0.0000007543 0.0000001965 0.0000000755 
0.0000007552 0.0000001971 0.0000000750 
0.0000007560 0.0000001977 0.0000000745 
0.0000007569 0.0000001983 0.0000000740 
0.0000007577 0.0000001989 0.0000000735 
0.0000007586 0.0000001995 0.0000000730 
0.0000007593 0.0000002001 0.0000000724 
0.0000007601 0.0000002007 0.0000000719 
0.0000007608 0.0000002013 0.0000000714 
0.0000007615 0.0000002020 0.0000000709 
0.0000007623 0.0000002026 0.0000000705 
0.0000007630 0.0000002032 0.0000000700 
0.0000007636 0.0000002039 0.0000000696 
0.0000007643 0.0000002045 0.0000000691 
0.0000007649 0.0000002052 0.0000000687 
0.0000007655 0.0000002059 0.0000000683 
0.0000007661 0.0000002065 0.0000000679 
0.0000007666 0.0000002072 0.0000000675 
0.0000007672 0.0000002079 0.0000000672 
0.0000007678 0.0000002085 0.0000000669 
0.0000007684 0.0000002092 0.0000000666 
0.0000007690 0.0000002099 0.0000000663 
0.0000007696 0.0000002106 0.0000000661 
0.0000007703 0.0000002113 0.0000000659 
0.0000007709 0.0000002119 0.0000000657 
0.0000007715 0.0000002126 0.0000000656 
0.0000007721 0.0000002133 0.0000000655 
0.0000007727 0.0000002140 0.0000000654 
0.0000007734 0.0000002147 0.0000000654 
0.0000007740 0.0000002155 0.0000000655 
0.0000007746 0.0000002162 0.0000000656 
0.0000007753 0.0000002169 0.0000000658 
0.0000007759 0.0000002176 0.0000000660 
0.0000007766 0.0000002184 0.0000000662 
0.0000007772 0.0000002191 0.0000000666 
0.0000007779 0.0000002199 0.0000000670 
0.0000007785 0.0000002206 0.0000000674 
0.0000007792 0.0000002214 0.0000000679 
0.0000007799 0.0000002221 0.0000000684 
0.0000007805 0.0000002229 0.0000000690 
0.0000007812 0.0000002237 0.0000000696 
0.0000007819 0.0000002245 0.0000000703 
0.0000007826 0.0000002252 0.0000000710 
0.0000007833 0.0000002260 0.0000000718 
0.0000007840 0.0000002268 0.0000000726 
0.0000007847 0.0000002276 0.0000000734 
0.0000007854 0.0000002284 0.0000000742 
0.0000007861 0.0000002292 0.0000000751 
0.0000007868 0.0000002299 0.0000000759 
0.0000007875 0.0000002307 0.0000000768 
0.0000007882 0.0000002315 0.0000000777 
0.0000007889 0.0000002323 0.0000000786 
0.0000007895 0.0000002331 0.0000000796 
0.0000007902 0.0000002339 0.0000000805 
0.0000007909 0.0000002346 0.0000000814 
0.0000007915 0.0000002354 0.0000000823 
0.0000007921 0.0000002362 0.0000000832 
0.0000007928 0.0000002369 0.0000000841 
0.0000007934 0.0000002377 0.0000000850 
0.0000007940 0.0000002384 0.0000000859 
0.0000007946 0.0000002392 0.0000000868 
0.0000007952 0.0000002399 0.0000000876 
0.0000007957 0.0000002406 0.0000000884 
0.0000007962 0.0000002413 0.0000000892 
0.0000007967 0.0000002420 0.0000000900 
0.0000007972 0.0000002427 0.0000000907 
0.0000007977 0.0000002434 0.0000000915 
0.0000007981 0.0000002441 0.0000000922 
0.0000007985 0.0000002448 0.0000000929 
0.0000007990 0.0000002454 0.0000000935 
0.0000007993 0.0000002461 0.0000000942 
0.0000007997 0.0000002467 0.0000000948 
0.0000008001 0.0000002474 0.0000000954 
0.0000008004 0.0000002480 0.0000000960 
0.0000008008 0.0000002487 0.0000000965 
0.0000008011 0.0000002493 0.0000000971 
0.0000008014 0.0000002499 0.0000000976 
0.0000008017 0.0000002506 0.0000000981 
0.0000008020 0.0000002512 0.0000000986 
0.0000008022 0.0000002518 0.0000000990 
0.0000008025 0.0000002524 0.0000000994 
0.0000008027 0.0000002530 0.0000000999 
0.0000008029 0.0000002536 0.0000001002 
0.0000008032 0.0000002542 0.0000001006 
0.0000008033 0.0000002548 0.0000001010 
0.0000008035 0.0000002554 0.0000001013 
0.0000008037 0.0000002560 0.0000001016 
0.0000008038 0.0000002566 0.0000001019 
0.0000008039 0.0000002572 0.0000001022 
0.0000008040 0.0000002577 0.0000001024 
0.0000008041 0.0000002583 0.0000001026 
0.0000008041 0.0000002588 0.0000001028 
0.0000008042 0.0000002594 0.0000001030 
0.0000008042 0.0000002599 0.0000001032 
0.0000008042 0.0000002605 0.0000001033 
0.0000008042 0.0000002610 0.0000001035 
0.0000008042 0.0000002615 0.0000001036 
0.0000008042 0.0000002621 0.0000001037 
0.0000008041 0.0000002626 0.0000001038 
0.0000008041 0.0000002631 0.0000001039 
0.0000008040 0.0000002636 0.0000001040 
0.0000008039 0.0000002641 0.0000001040 
0.0000008039 0.0000002646 0.0000001041 
0.0000008038 0.0000002651 0.0000001042 
0.0000008037 0.0000002657 0.0000001042 
0.0000008036 0.0000002662 0.0000001042 
0.0000008035 0.0000002666 0.0000001043 
0.0000008033 0.0000002671 0.0000001043 
0.0000008032 0.0000002676 0.0000001043 
0.0000008030 0.0000002681 0.0000001043 
0.0000008029 0.0000002686 0.0000001043 
0.0000008027 0.0000002690 0.0000001043 
0.0000008026 0.0000002695 0.0000001043 
0.0000008024 0.0000002700 0.0000001043 
0.0000008022 0.0000002705 0.0000001044 
0.0000008021 0.0000002709 0.0000001044 
0.0000008019 0.0000002714 0.0000001044 
0.0000008017 0.0000002718 0.0000001044 
0.0000008016 0.0000002723 0.0000001044 
0.0000008014 0.0000002728 0.0000001045 
0.0000008013 0.0000002732 0.0000001045 
0.0000008011 0.0000002736 0.0000001046 
0.0000008010 0.0000002741 0.0000001046 
0.0000008008 0.0000002745 0.0000001047 
0.0000008006 0.0000002749 0.0000001047 
0.0000008005 0.0000002754 0.0000001048 
0.0000008003 0.0000002758 0.0000001049 
0.0000008001 0.0000002762 0.0000001050 
0.0000008000 0.0000002766 0.0000001052 
0.0000007998 0.0000002771 0.0000001053 
0.0000007997 0.0000002775 0.0000001054 
0.0000007996 0.0000002779 0.0000001056 
0.0000007995 0.0000002783 0.0000001058 
0.0000007993 0.0000002787 0.0000001060 
0.0000007992 0.0000002791 0.0000001062 
0.0000007990 0.0000002795 0.0000001065 
0.0000007988 0.0000002800 0.0000001067 
0.0000007985 0.0000002804 0.0000001070 
0.0000007983 0.0000002808 0.0000001072 
0.0000007980 0.0000002812 0.0000001075 
0.0000007977 0.0000002817 0.0000001078 
0.0000007974 0.0000002821 0.0000001082 
0.0000007971 0.0000002825 0.0000001085 
0.0000007968 0.0000002830 0.0000001088 
0.0000007965 0.0000002834 0.0000001092 
0.0000007961 0.0000002838 0.0000001095 
0.0000007957 0.0000002843 0.0000001099 
0.0000007954 0.0000002847 0.0000001103 
0.0000007950 0.0000002851 0.0000001107 
0.0000007946 0.0000002856 0.0000001111 
0.0000007942 0.0000002860 0.0000001115 
0.0000007938 0.0000002864 0.0000001119 
0.0000007935 0.0000002868 0.0000001124 
0.0000007931 0.0000002873 0.0000001128 
0.0000007927 0.0000002877 0.0000001132 
0.0000007924 0.0000002881 0.0000001137 
0.0000007921 0.0000002885 0.0000001141 
0.0000007918 0.0000002889 0.0000001146 
0.0000007914 0.0000002893 0.0000001150 
0.0000007911 0.0000002897 0.0000001154 
0.0000007907 0.0000002901 0.0000001159 
0.0000007904 0.0000002904 0.0000001163 
0.0000007900 0.0000002908 0.0000001168 
0.0000007896 0.0000002912 0.0000001172 
0.0000007892 0.0000002916 0.0000001176 
0.0000007888 0.0000002920 0.0000001181 
0.0000007884 0.0000002924 0.0000001185 
0.0000007880 0.0000002927 0.0000001189 
0.0000007875 0.0000002931 0.0000001194 
0.0000007871 0.0000002935 0.0000001198 
0.0000007867 0.0000002939 0.0000001202 
0.0000007862 0.0000002943 0.0000001207 
0.0000007857 0.0000002947 0.0000001211 
0.0000007853 0.0000002951 0.0000001215 
0.0000007848 0.0000002954 0.0000001219 
0.0000007843 0.0000002958 0.0000001223 
0.0000007838 0.0000002962 0.0000001227 
0.0000007833 0.0000002966 0.0000001231 
0.0000007829 0.0000002969 0.0000001234 
0.0000007824 0.0000002973 0.0000001238 
0.0000007819 0.0000002976 0.0000001241 
0.0000007814 0.0000002979 0.0000001245 
0.0000007809 0.0000002983 0.0000001248 
0.0000007805 0.0000002986 0.0000001251 
0.0000007800 0.0000002990 0.0000001255 
0.0000007795 0.0000002993 0.0000001258 
0.0000007791 0.0000002996 0.0000001261 
0.0000007786 0.0000002999 0.0000001264 
0.0000007782 0.0000003002 0.0000001266 
0.0000007778 0.0000003005 0.0000001269 
0.0000007774 0.0000003008 0.0000001271 
0.0000007769 0.0000003011 0.0000001274 
0.0000007765 0.0000003014 0.0000001276 
0.0000007761 0.0000003017 0.0000001279 
0.0000007758 0.0000003020 0.0000001281 
0.0000007754 0.0000003023 0.0000001283 
0.0000007751 0.0000003025 0.0000001285 
0.0000007748 0.0000003028 0.0000001287 
0.0000007745 0.0000003031 0.0000001289 
0.0000007742 0.0000003033 0.0000001291 
0.0000007739 0.0000003036 0.0000001293 
0.0000007736 0.0000003038 0.0000001295 
0.0000007733 0.0000003041 0.0000001296 
0.0000007730 0.0000003043 0.0000001298 
0.0000007727 0.0000003046 0.0000001300 
0.0000007724 0.0000003048 0.0000001301 
0.0000007721 0.0000003051 0.0000001303 
0.0000007718 0.0000003053 0.0000001305 
0.0000007715 0.0000003056 0.0000001306 
0.0000007712 0.0000003058 0.0000001308 
0.0000007709 0.0000003060 0.0000001310 
0.0000007707 0.0000003063 0.0000001312 
0.0000007704 0.0000003065 0.0000001314 
0.0000007701 0.0000003068 0.0000001316 
0.0000007698 0.0000003070 0.0000001318 
0.0000007696 0.0000003072 0.0000001320 
0.0000007693 0.0000003074 0.0000001322 
0.0000007690 0.0000003077 0.0000001324 
0.0000007689 0.0000003079 0.0000001326 
0.0000007687 0.0000003081 0.0000001328 
0.0000007685 0.0000003083 0.0000001330 
0.0000007683 0.0000003085 0.0000001333 
0.0000007682 0.0000003086 0.0000001335 
0.0000007680 0.0000003088 0.0000001337 
0.0000007679 0.0000003089 0.0000001340 
0.0000007677 0.0000003091 0.0000001342 
0.0000007676 0.0000003092 0.0000001344 
0.0000007674 0.0000003093 0.0000001347 
0.0000007672 0.0000003095 0.0000001349 
0.0000007670 0.0000003096 0.0000001352 
0.0000007668 0.0000003097 0.0000001355 
0.0000007665 0.0000003099 0.0000001357 
0.0000007662 0.0000003100 0.0000001360 
0.0000007659 0.0000003101 0.0000001363 
0.0000007656 0.0000003102 0.0000001365 
0.0000007652 0.0000003103 0.0000001368 
0.0000007648 0.0000003104 0.0000001370 
0.0000007645 0.0000003105 0.0000001373 
0.0000007641 0.0000003106 0.0000001376 
0.0000007637 0.0000003107 0.0000001378 
0.0000007632 0.0000003107 0.0000001381 
0.0000007628 0.0000003108 0.0000001383 
0.0000007624 0.0000003109 0.0000001385 
0.0000007619 0.0000003109 0.0000001388 
0.0000007614 0.0000003110 0.0000001390 
0.0000007610 0.0000003110 0.0000001392 
0.0000007605 0.0000003111 0.0000001394 
0.0000007599 0.0000003111 0.0000001396 
0.0000007594 0.0000003112 0.0000001398 
0.0000007589 0.0000003112 0.0000001399 
0.0000007583 0.0000003112 0.0000001401 
0.0000007577 0.0000003112 0.0000001403 
0.0000007571 0.0000003112 0.0000001404 
0.0000007565 0.0000003112 0.0000001406 
0.0000007559 0.0000003112 0.0000001407 
0.0000007553 0.0000003112 0.0000001408 
0.0000007546 0.0000003112 0.0000001410 
0.0000007540 0.0000003112 0.0000001411 
0.0000007533 0.0000003112 0.0000001412 
0.0000007527 0.0000003111 0.0000001413 
0.0000007520 0.0000003111 0.0000001414 
0.0000007513 0.0000003111 0.0000001415 
0.0000007506 0.0000003110 0.0000001416 
0.0000007499 0.0000003110 0.0000001417 
0.0000007492 0.0000003110 0.0000001418 
0.0000007485 0.0000003109 0.0000001418 
0.0000007477 0.0000003109 0.0000001419 
0.0000007470 0.0000003108 0.0000001420 
0.0000007462 0.0000003107 0.0000001420 
0.0000007455 0.0000003107 0.0000001421 
0.0000007447 0.0000003106 0.0000001422 
0.0000007439 0.0000003106 0.0000001422 
0.0000007432 0.0000003105 0.0000001423 
0.0000007424 0.0000003104 0.0000001424 
0.0000007416 0.0000003104 0.0000001424 
0.0000007408 0.0000003103 0.0000001425 
0.0000007399 0.0000003102 0.0000001425 
0.0000007391 0.0000003101 0.0000001426 
0.0000007382 0.0000003101 0.0000001426 
0.0000007374 0.0000003100 0.0000001427 
0.0000007365 0.0000003099 0.0000001428 
0.0000007357 0.0000003098 0.0000001428 
0.0000007348 0.0000003097 0.0000001429 
0.0000007340 0.0000003096 0.0000001429 
0.0000007331 0.0000003095 0.0000001429 
0.0000007322 0.0000003093 0.0000001430 
0.0000007314 0.0000003092 0.0000001430 
0.0000007305 0.0000003091 0.0000001431 
0.0000007296 0.0000003090 0.0000001431 
0.0000007287 0.0000003089 0.0000001432 
0.0000007277 0.0000003087 0.0000001432 
0.0000007268 0.0000003086 0.0000001433 
0.0000007259 0.0000003085 0.0000001433 
0.0000007249 0.0000003083 0.0000001433 
0.0000007239 0.0000003082 0.0000001434 
0.0000007230 0.0000003081 0.0000001435 
0.0000007220 0.0000003079 0.0000001435 
0.0000007210 0.0000003078 0.0000001436 
0.0000007200 0.0000003077 0.0000001436 
0.0000007190 0.0000003075 0.0000001437 
0.0000007180 0.0000003074 0.0000001437 
0.0000007170 0.0000003073 0.0000001438 
0.0000007160 0.0000003072 0.0000001439 
0.0000007150 0.0000003070 0.0000001439 
0.0000007140 0.0000003069 0.0000001440 
0.0000007129 0.0000003068 0.0000001441 
0.0000007119 0.0000003066 0.0000001442 
0.0000007109 0.0000003065 0.0000001443 
0.0000007099 0.0000003064 0.0000001443 
0.0000007089 0.0000003062 0.0000001444 
0.0000007078 0.0000003061 0.0000001445 
0.0000007068 0.0000003060 0.0000001446 
0.0000007058 0.0000003058 0.0000001446 
0.0000007048 0.0000003057 0.0000001447 
0.0000007038 0.0000003056 0.0000001448 
0.0000007028 0.0000003054 0.0000001449 
0.0000007018 0.0000003053 0.0000001449 
0.0000007008 0.0000003052 0.0000001450 
0.0000006997 0.0000003050 0.0000001451 
0.0000006987 0.0000003049 0.0000001452 
0.0000006977 0.0000003048 0.0000001453 
0.0000006967 0.0000003046 0.0000001454 
0.0000006956 0.0000003045 0.0000001455 
0.0000006946 0.0000003044 0.0000001455 
0.0000006935 0.0000003042 0.0000001456 
0.0000006924 0.0000003041 0.0000001457 
0.0000006913 0.0000003040 0.0000001458 
0.0000006902 0.0000003038 0.0000001459 
0.0000006890 0.0000003037 0.0000001460 
0.0000006879 0.0000003035 0.0000001461 
0.0000006867 0.0000003034 0.0000001462 
0.0000006855 0.0000003033 0.0000001462 
0.0000006843 0.0000003031 0.0000001463 
0.0000006831 0.0000003030 0.0000001464 
0.0000006819 0.0000003028 0.0000001465 
0.0000006807 0.0000003027 0.0000001466 
0.0000006795 0.0000003025 0.0000001467 
0.0000006783 0.0000003024 0.0000001468 
0.0000006770 0.0000003022 0.0000001468 
0.0000006758 0.0000003021 0.0000001469 
0.0000006745 0.0000003019 0.0000001470 
0.0000006732 0.0000003018 0.0000001471 
0.0000006720 0.0000003016 0.0000001471 
0.0000006707 0.0000003014 0.0000001472 
0.0000006694 0.0000003013 0.0000001473 
0.0000006681 0.0000003011 0.0000001474 
0.0000006667 0.0000003009 0.0000001474 
0.0000006654 0.0000003008 0.0000001475 
0.0000006641 0.0000003006 0.0000001475 
0.0000006628 0.0000003004 0.0000001476 
0.0000006614 0.0000003002 0.0000001477 
0.0000006601 0.0000003000 0.0000001477 
0.0000006587 0.0000002999 0.0000001478 
0.0000006574 0.0000002997 0.0000001478 
0.0000006561 0.0000002995 0.0000001479 
0.0000006547 0.0000002993 0.0000001479 
0.0000006534 0.0000002991 0.0000001480 
0.0000006520 0.0000002989 0.0000001481 
0.0000006507 0.0000002988 0.0000001481 
0.0000006493 0.0000002986 0.0000001482 
0.0000006480 0.0000002984 0.0000001482 
0.0000006466 0.0000002982 0.0000001483 
0.0000006453 0.0000002980 0.0000001483 
0.0000006440 0.0000002978 0.0000001484 
0.0000006427 0.0000002976 0.0000001484 
0.0000006413 0.0000002974 0.0000001485 
0.0000006400 0.0000002972 0.0000001486 
0.0000006387 0.0000002970 0.0000001486 
0.0000006374 0.0000002968 0.0000001487 
0.0000006361 0.0000002966 0.0000001488 
0.0000006348 0.0000002964 0.0000001488 
0.0000006335 0.0000002962 0.0000001489 
0.0000006322 0.0000002960 0.0000001490 
0.0000006309 0.0000002958 0.0000001491 
0.0000006297 0.0000002956 0.0000001491 
0.0000006284 0.0000002954 0.0000001492 
0.0000006272 0.0000002952 0.0000001493 
0.0000006259 0.0000002950 0.0000001494 
0.0000006247 0.0000002947 0.0000001495 
0.0000006235 0.0000002945 0.0000001496 
0.0000006223 0.0000002943 0.0000001497 
0.0000006210 0.0000002941 0.0000001498 
0.0000006198 0.0000002939 0.0000001499 
0.0000006187 0.0000002937 0.0000001500 
0.0000006175 0.0000002935 0.0000001501 
0.0000006163 0.0000002933 0.0000001502 
0.0000006151 0.0000002931 0.0000001503 
0.0000006139 0.0000002929 0.0000001504 
0.0000006128 0.0000002927 0.0000001505 
0.0000006116 0.0000002925 0.0000001506 
0.0000006105 0.0000002923 0.0000001507 
0.0000006093 0.0000002921 0.0000001508 
0.0000006081 0.0000002919 0.0000001509 
0.0000006070 0.0000002916 0.0000001510 
0.0000006058 0.0000002914 0.0000001511 
0.0000006047 0.0000002912 0.0000001511 
0.0000006035 0.0000002910 0.0000001512 
0.0000006023 0.0000002908 0.0000001513 
0.0000006012 0.0000002906 0.0000001514 
0.0000006000 0.0000002903 0.0000001514 
0.0000005989 0.0000002901 0.0000001515 
0.0000005977 0.0000002899 0.0000001515 
0.0000005966 0.0000002897 0.0000001516 
0.0000005955 0.0000002895 0.0000001516 
0.0000005943 0.0000002893 0.0000001517 
0.0000005932 0.0000002890 0.0000001517 
0.0000005920 0.0000002888 0.0000001517 
0.0000005909 0.0000002886 0.0000001517 
0.0000005898 0.0000002884 0.0000001518 
0.0000005887 0.0000002882 0.0000001518 
0.0000005876 0.0000002879 0.0000001518 
0.0000005865 0.0000002877 0.0000001518 
0.0000005854 0.0000002875 0.0000001518 
0.0000005843 0.0000002873 0.0000001518 
0.0000005832 0.0000002871 0.0000001517 
0.0000005821 0.0000002868 0.0000001517 
0.0000005810 0.0000002866 0.0000001517 
0.0000005800 0.0000002864 0.0000001517 
0.0000005789 0.0000002862 0.0000001516 
0.0000005779 0.0000002860 0.0000001516 
0.0000005769 0.0000002858 0.0000001516 
0.0000005758 0.0000002856 0.0000001515 
0.0000005748 0.0000002853 0.0000001515 
0.0000005738 0.0000002851 0.0000001514 
0.0000005728 0.0000002849 0.0000001514 
0.0000005719 0.0000002847 0.0000001513 
0.0000005709 0.0000002845 0.0000001513 
0.0000005700 0.0000002843 0.0000001512 
0.0000005690 0.0000002841 0.0000001511 
0.0000005681 0.0000002839 0.0000001511 
0.0000005672 0.0000002837 0.0000001510 
0.0000005664 0.0000002835 0.0000001509 
0.0000005655 0.0000002834 0.0000001509 
0.0000005647 0.0000002832 0.0000001508 
0.0000005639 0.0000002830 0.0000001508 
0.0000005631 0.0000002828 0.0000001507 
0.0000005624 0.0000002827 0.0000001506 
0.0000005616 0.0000002825 0.0000001506 
0.0000005609 0.0000002823 0.0000001505 
0.0000005602 0.0000002822 0.0000001505 
0.0000005596 0.0000002820 0.0000001504 
0.0000005589 0.0000002819 0.0000001503 
0.0000005582 0.0000002817 0.0000001503 
0.0000005576 0.0000002816 0.0000001502 
0.0000005570 0.0000002814 0.0000001502 
0.0000005564 0.0000002813 0.0000001502 
0.0000005558 0.0000002812 0.0000001501 
0.0000005553 0.0000002810 0.0000001501 
0.0000005548 0.0000002809 0.0000001501 
0.0000005542 0.0000002808 0.0000001500 
0.0000005537 0.0000002806 0.0000001500 
0.0000005532 0.0000002805 0.0000001500 
0.0000005527 0.0000002804 0.0000001500 
0.0000005523 0.0000002803 0.0000001500 
0.0000005518 0.0000002802 0.0000001500 
0.0000005514 0.0000002800 0.0000001500 
0.0000005509 0.0000002799 0.0000001500 
0.0000005505 0.0000002798 0.0000001500 
0.0000005501 0.0000002797 0.0000001500 
0.0000005497 0.0000002796 0.0000001500 
0.0000005493 0.0000002795 0.0000001501 
0.0000005489 0.0000002794 0.0000001501 
0.0000005485 0.0000002793 0.0000001501 
0.0000005481 0.0000002792 0.0000001501 
0.0000005477 0.0000002791 0.0000001502 
0.0000005474 0.0000002790 0.0000001502 
0.0000005470 0.0000002789 0.0000001503 
0.0000005467 0.0000002788 0.0000001503 
0.0000005463 0.0000002787 0.0000001504 
0.0000005460 0.0000002786 0.0000001504 
0.0000005456 0.0000002785 0.0000001505 
0.0000005453 0.0000002784 0.0000001506 
0.0000005449 0.0000002783 0.0000001506 
0.0000005446 0.0000002782 0.0000001507 
0.0000005442 0.0000002781 0.0000001507 
0.0000005438 0.0000002780 0.0000001508 
0.0000005435 0.0000002779 0.0000001508 
0.0000005431 0.0000002777 0.0000001509 
0.0000005427 0.0000002776 0.0000001509 
0.0000005423 0.0000002775 0.0000001510 
0.0000005419 0.0000002774 0.0000001510 
0.0000005415 0.0000002772 0.0000001511 
0.0000005411 0.0000002771 0.0000001511 
0.0000005407 0.0000002770 0.0000001512 
0.0000005403 0.0000002768 0.0000001512 
0.0000005399 0.0000002767 0.0000001512 
0.0000005394 0.0000002765 0.0000001513 
0.0000005390 0.0000002764 0.0000001513 
0.0000005386 0.0000002763 0.0000001513 
0.0000005381 0.0000002761 0.0000001514 
0.0000005377 0.0000002760 0.0000001514 
0.0000005372 0.0000002758 0.0000001514 
0.0000005367 0.0000002756 0.0000001514 
0.0000005363 0.0000002755 0.0000001515 
0.0000005358 0.0000002753 0.0000001515 
0.0000005353 0.0000002752 0.0000001515 
0.0000005348 0.0000002750 0.0000001515 
0.0000005343 0.0000002748 0.0000001515 
0.0000005338 0.0000002747 0.0000001515 
0.0000005332 0.0000002745 0.0000001515 
0.0000005327 0.0000002743 0.0000001515 
0.0000005322 0.0000002741 0.0000001514 
0.0000005316 0.0000002739 0.0000001514 
0.0000005311 0.0000002737 0.0000001514 
0.0000005305 0.0000002736 0.0000001514 
0.0000005300 0.0000002734 0.0000001513 
0.0000005294 0.0000002732 0.0000001513 
0.0000005288 0.0000002730 0.0000001513 
0.0000005282 0.0000002728 0.0000001512 
0.0000005277 0.0000002726 0.0000001512 
0.0000005271 0.0000002724 0.0000001511 
0.0000005265 0.0000002722 0.0000001511 
0.0000005259 0.0000002720 0.0000001510 
0.0000005252 0.0000002718 0.0000001509 
0.0000005246 0.0000002716 0.0000001509 
0.0000005240 0.0000002714 0.0000001508 
0.0000005233 0.0000002712 0.0000001507 
0.0000005227 0.0000002710 0.0000001506 
0.0000005220 0.0000002708 0.0000001505 
0.0000005214 0.0000002706 0.0000001504 
0.0000005207 0.0000002704 0.0000001503 
0.0000005201 0.0000002702 0.0000001502 
0.0000005194 0.0000002700 0.0000001501 
0.0000005188 0.0000002698 0.0000001500 
0.0000005181 0.0000002696 0.0000001499 
0.0000005175 0.0000002694 0.0000001498 
0.0000005168 0.0000002692 0.0000001497 
0.0000005162 0.0000002690 0.0000001496 
0.0000005155 0.0000002688 0.0000001495 
0.0000005149 0.0000002686 0.0000001493 
0.0000005143 0.0000002684 0.0000001492 
0.0000005136 0.0000002682 0.0000001491 
0.0000005130 0.0000002680 0.0000001490 
0.0000005125 0.0000002678 0.0000001488 
0.0000005119 0.0000002677 0.0000001487 
0.0000005113 0.0000002675 0.0000001486 
0.0000005108 0.0000002673 0.0000001484 
0.0000005102 0.0000002672 0.0000001483 
0.0000005097 0.0000002670 0.0000001481 
0.0000005091 0.0000002669 0.0000001480 
0.0000005086 0.0000002668 0.0000001479 
0.0000005081 0.0000002666 0.0000001477 
0.0000005076 0.0000002665 0.0000001476 
0.0000005071 0.0000002664 0.0000001475 
0.0000005067 0.0000002663 0.0000001473 
0.0000005062 0.0000002662 0.0000001472 
0.0000005058 0.0000002662 0.0000001471 
0.0000005054 0.0000002661 0.0000001469 
0.0000005050 0.0000002660 0.0000001468 
0.0000005047 0.0000002660 0.0000001467 
0.0000005044 0.0000002660 0.0000001466 
0.0000005041 0.0000002659 0.0000001465 
0.0000005038 0.0000002659 0.0000001464 
0.0000005035 0.0000002659 0.0000001464 
0.0000005033 0.0000002660 0.0000001463 
0.0000005031 0.0000002660 0.0000001463 
0.0000005030 0.0000002660 0.0000001463 
0.0000005028 0.0000002661 0.0000001463 
0.0000005027 0.0000002661 0.0000001463 
0.0000005026 0.0000002662 0.0000001464 
0.0000005025 0.0000002662 0.0000001464 
0.0000005025 0.0000002663 0.0000001465 
0.0000005025 0.0000002664 0.0000001466 
0.0000005025 0.0000002665 0.0000001467 
0.0000005025 0.0000002666 0.0000001468 
0.0000005026 0.0000002667 0.0000001470 
0.0000005026 0.0000002668 0.0000001471 
0.0000005027 0.0000002669 0.0000001473 
0.0000005028 0.0000002671 0.0000001475 
0.0000005030 0.0000002672 0.0000001477 
0.0000005031 0.0000002673 0.0000001480 
0.0000005033 0.0000002675 0.0000001482 
0.0000005034 0.0000002676 0.0000001485 
0.0000005036 0.0000002677 0.0000001488 
0.0000005038 0.0000002679 0.0000001491 
0.0000005040 0.0000002680 0.0000001494 
0.0000005042 0.0000002681 0.0000001497 
0.0000005044 0.0000002683 0.0000001501 
0.0000005046 0.0000002684 0.0000001504 
0.0000005049 0.0000002686 0.0000001508 
0.0000005051 0.0000002687 0.0000001512 
0.0000005053 0.0000002688 0.0000001515 
0.0000005055 0.0000002689 0.0000001519 
0.0000005058 0.0000002691 0.0000001523 
0.0000005060 0.0000002692 0.0000001527 
0.0000005062 0.0000002693 0.0000001531 
0.0000005064 0.0000002694 0.0000001535 
0.0000005066 0.0000002695 0.0000001540 
0.0000005068 0.0000002696 0.0000001544 
0.0000005071 0.0000002697 0.0000001548 
0.0000005072 0.0000002698 0.0000001552 
0.0000005074 0.0000002699 0.0000001556 
0.0000005076 0.0000002700 0.0000001561 
0.0000005078 0.0000002700 0.0000001565 
0.0000005079 0.0000002701 0.0000001570 
0.0000005080 0.0000002701 0.0000001574 
0.0000005081 0.0000002701 0.0000001579 
0.0000005082 0.0000002701 0.0000001583 
0.0000005083 0.0000002702 0.0000001587 
0.0000005083 0.0000002702 0.0000001592 
0.0000005083 0.0000002701 0.0000001596 
0.0000005083 0.0000002701 0.0000001600 
0.0000005083 0.0000002701 0.0000001604 
0.0000005082 0.0000002700 0.0000001608 
0.0000005082 0.0000002700 0.0000001612 
0.0000005081 0.0000002699 0.0000001616 
0.0000005079 0.0000002699 0.0000001620 
0.0000005078 0.0000002698 0.0000001623 
0.0000005076 0.0000002697 0.0000001627 
0.0000005075 0.0000002696 0.0000001630 
0.0000005072 0.0000002695 0.0000001633 
0.0000005070 0.0000002694 0.0000001636 
0.0000005068 0.0000002692 0.0000001639 
0.0000005065 0.0000002691 0.0000001642 
0.0000005062 0.0000002690 0.0000001645 
0.0000005059 0.0000002688 0.0000001648 
0.0000005055 0.0000002686 0.0000001650 
0.0000005051 0.0000002685 0.0000001652 
0.0000005048 0.0000002683 0.0000001655 
0.0000005043 0.0000002681 0.0000001657 
0.0000005039 0.0000002679 0.0000001658 
0.0000005035 0.0000002677 0.0000001660 
0.0000005030 0.0000002675 0.0000001662 
0.0000005025 0.0000002673 0.0000001663 
0.0000005020 0.0000002670 0.0000001665 
0.0000005015 0.0000002668 0.0000001666 
0.0000005009 0.0000002665 0.0000001667 
0.0000005004 0.0000002663 0.0000001668 
0.0000004998 0.0000002661 0.0000001669 
0.0000004992 0.0000002658 0.0000001669 
0.0000004986 0.0000002656 0.0000001669 
0.0000004980 0.0000002653 0.0000001669 
0.0000004974 0.0000002650 0.0000001669 
0.0000004968 0.0000002648 0.0000001668 
0.0000004961 0.0000002645 0.0000001668 
0.0000004955 0.0000002642 0.0000001667 
0.0000004948 0.0000002639 0.0000001667 
0.0000004941 0.0000002636 0.0000001666 
0.0000004934 0.0000002633 0.0000001666 
0.0000004927 0.0000002630 0.0000001665 
0.0000004919 0.0000002627 0.0000001665 
0.0000004912 0.0000002623 0.0000001664 
0.0000004904 0.0000002620 0.0000001663 
0.0000004896 0.0000002617 0.0000001662 
0.0000004888 0.0000002613 0.0000001662 
0.0000004880 0.0000002609 0.0000001661 
0.0000004872 0.0000002606 0.0000001660 
0.0000004864 0.0000002602 0.0000001659 
0.0000004855 0.0000002598 0.0000001658 
0.0000004847 0.0000002594 0.0000001657 
0.0000004838 0.0000002590 0.0000001656 
0.0000004829 0.0000002586 0.0000001655 
0.0000004821 0.0000002582 0.0000001654 
0.0000004812 0.0000002578 0.0000001653 
0.0000004803 0.0000002574 0.0000001651 
0.0000004794 0.0000002570 0.0000001650 
0.0000004785 0.0000002566 0.0000001648 
0.0000004776 0.0000002562 0.0000001647 
0.0000004767 0.0000002558 0.0000001645 
0.0000004758 0.0000002553 0.0000001644 
0.0000004748 0.0000002549 0.0000001642 
0.0000004739 0.0000002545 0.0000001640 
0.0000004730 0.0000002541 0.0000001639 
0.0000004720 0.0000002536 0.0000001637 
0.0000004711 0.0000002532 0.0000001635 
0.0000004701 0.0000002528 0.0000001633 
0.0000004692 0.0000002523 0.0000001631 
0.0000004682 0.0000002519 0.0000001629 
0.0000004673 0.0000002514 0.0000001626 
0.0000004663 0.0000002510 0.0000001624 
0.0000004653 0.0000002505 0.0000001622 
0.0000004644 0.0000002501 0.0000001620 
0.0000004634 0.0000002496 0.0000001617 
0.0000004624 0.0000002492 0.0000001615 
0.0000004614 0.0000002487 0.0000001612 
0.0000004605 0.0000002483 0.0000001610 
0.0000004595 0.0000002478 0.0000001607 
0.0000004585 0.0000002474 0.0000001604 
0.0000004575 0.0000002469 0.0000001602 
0.0000004565 0.0000002465 0.0000001599 
0.0000004555 0.0000002460 0.0000001596 
0.0000004545 0.0000002455 0.0000001593 
0.0000004535 0.0000002451 0.0000001590 
0.0000004525 0.0000002446 0.0000001587 
0.0000004515 0.0000002442 0.0000001585 
0.0000004505 0.0000002437 0.0000001582 
0.0000004495 0.0000002432 0.0000001579 
0.0000004485 0.0000002428 0.0000001575 
0.0000004475 0.0000002423 0.0000001572 
0.0000004465 0.0000002419 0.0000001569 
0.0000004455 0.0000002414 0.0000001566 
0.0000004445 0.0000002409 0.0000001563 
0.0000004435 0.0000002405 0.0000001560 
0.0000004426 0.0000002400 0.0000001556 
0.0000004416 0.0000002396 0.0000001553 
0.0000004406 0.0000002391 0.0000001550 
0.0000004396 0.0000002386 0.0000001546 
0.0000004386 0.0000002382 0.0000001543 
0.0000004377 0.0000002377 0.0000001540 
0.0000004367 0.0000002373 0.0000001536 
0.0000004358 0.0000002368 0.0000001533 
0.0000004348 0.0000002364 0.0000001529 
0.0000004340 0.0000002360 0.0000001526 
0.0000004331 0.0000002355 0.0000001522 
0.0000004322 0.0000002351 0.0000001519 
0.0000004314 0.0000002347 0.0000001516 
0.0000004306 0.0000002343 0.0000001512 
0.0000004297 0.0000002339 0.0000001509 
0.0000004289 0.0000002335 0.0000001505 
0.0000004281 0.0000002331 0.0000001501 
0.0000004273 0.0000002327 0.0000001498 
0.0000004265 0.0000002323 0.0000001494 
0.0000004256 0.0000002318 0.0000001491 
0.0000004248 0.0000002314 0.0000001487 
0.0000004240 0.0000002310 0.0000001483 
0.0000004232 0.0000002306 0.0000001480 
0.0000004224 0.0000002302 0.0000001476 
0.0000004216 0.0000002298 0.0000001473 
0.0000004208 0.0000002294 0.0000001469 
0.0000004200 0.0000002290 0.0000001465 
0.0000004193 0.0000002286 0.0000001462 
0.0000004185 0.0000002282 0.0000001458 
0.0000004177 0.0000002277 0.0000001454 
0.0000004170 0.0000002273 0.0000001451 
0.0000004162 0.0000002269 0.0000001447 
0.0000004154 0.0000002265 0.0000001443 
0.0000004147 0.0000002261 0.0000001440 
0.0000004140 0.0000002257 0.0000001436 
0.0000004132 0.0000002253 0.0000001433 
0.0000004125 0.0000002248 0.0000001429 
0.0000004118 0.0000002244 0.0000001425 
0.0000004111 0.0000002240 0.0000001422 
0.0000004104 0.0000002236 0.0000001418 
0.0000004097 0.0000002232 0.0000001414 
0.0000004091 0.0000002228 0.0000001411 
0.0000004084 0.0000002224 0.0000001407 
0.0000004078 0.0000002219 0.0000001404 
0.0000004072 0.0000002215 0.0000001400 
0.0000004066 0.0000002211 0.0000001397 
0.0000004060 0.0000002207 0.0000001393 
0.0000004054 0.0000002203 0.0000001389 
0.0000004048 0.0000002199 0.0000001386 
0.0000004042 0.0000002195 0.0000001382 
0.0000004037 0.0000002191 0.0000001379 
0.0000004031 0.0000002187 0.0000001376 
0.0000004025 0.0000002183 0.0000001372 
0.0000004020 0.0000002179 0.0000001369 
0.0000004014 0.0000002175 0.0000001365 
0.0000004009 0.0000002171 0.0000001362 
0.0000004003 0.0000002167 0.0000001358 
0.0000003998 0.0000002163 0.0000001355 
0.0000003992 0.0000002159 0.0000001352 
0.0000003987 0.0000002155 0.0000001348 
0.0000003981 0.0000002151 0.0000001345 
0.0000003976 0.0000002147 0.0000001342 
0.0000003970 0.0000002143 0.0000001339 
0.0000003965 0.0000002139 0.0000001335 
0.0000003960 0.0000002135 0.0000001332 
0.0000003954 0.0000002131 0.0000001329 
0.0000003949 0.0000002127 0.0000001326 
0.0000003944 0.0000002123 0.0000001323 
0.0000003939 0.0000002119 0.0000001319 
0.0000003933 0.0000002116 0.0000001316 
0.0000003928 0.0000002112 0.0000001313 
0.0000003923 0.0000002108 0.0000001310 
0.0000003918 0.0000002104 0.0000001307 
