0.0000003929 -0.0000001441 0.0000005395 
0.0000003952 -0.0000001386 0.0000005321 
0.0000003974 -0.0000001334 0.0000005248 
0.0000003995 -0.0000001283 0.0000005176 
0.0000004016 -0.0000001234 0.0000005104 
0.0000004035 -0.0000001186 0.0000005033 
0.0000004054 -0.0000001139 0.0000004962 
0.0000004071 -0.0000001094 0.0000004892 
0.0000004088 -0.0000001050 0.0000004823 
0.0000004104 -0.0000001007 0.0000004754 
0.0000004119 -0.0000000965 0.0000004685 
0.0000004134 -0.0000000924 0.0000004617 
0.0000004147 -0.0000000884 0.0000004549 
0.0000004160 -0.0000000845 0.0000004481 
0.0000004172 -0.0000000806 0.0000004414 
0.0000004183 -0.0000000769 0.0000004347 
0.0000004193 -0.0000000732 0.0000004281 
0.0000004203 -0.0000000695 0.0000004215 
0.0000004211 -0.0000000659 0.0000004149 
0.0000004220 -0.0000000624 0.0000004083 
0.0000004227 -0.0000000590 0.0000004018 
0.0000004234 -0.0000000556 0.0000003954 
0.0000004240 -0.0000000523 0.0000003889 
0.0000004245 -0.0000000491 0.0000003825 
0.0000004250 -0.0000000459 0.0000003761 
0.0000004254 -0.0000000427 0.0000003698 
0.0000004257 -0.0000000397 0.0000003635 
0.0000004260 -0.0000000366 0.0000003572 
0.0000004262 -0.0000000337 0.0000003509 
0.0000004264 -0.0000000307 0.0000003447 
0.0000004265 -0.0000000278 0.0000003385 
0.0000004266 -0.0000000250 0.0000003324 
0.0000004266 -0.0000000222 0.0000003263 
0.0000004266 -0.0000000195 0.0000003202 
0.0000004266 -0.0000000168 0.0000003141 
0.0000004265 -0.0000000141 0.0000003081 
0.0000004264 -0.0000000115 0.0000003022 
0.0000004263 -0.0000000089 0.0000002963 
0.0000004262 -0.0000000064 0.0000002904 
0.0000004261 -0.0000000038 0.0000002846 
0.0000004259 -0.0000000014 0.0000002788 
0.0000004257 0.0000000011 0.0000002730 
0.0000004255 0.0000000035 0.0000002673 
0.0000004253 0.0000000059 0.0000002616 
0.0000004251 0.0000000082 0.0000002560 
0.0000004248 0.0000000106 0.0000002504 
0.0000004246 0.0000000129 0.0000002448 
0.0000004243 0.0000000151 0.0000002393 
0.0000004239 0.0000000173 0.0000002338 
0.0000004236 0.0000000195 0.0000002283 
0.0000004233 0.0000000217 0.0000002229 
0.0000004229 0.0000000238 0.0000002176 
0.0000004225 0.0000000259 0.0000002122 
0.0000004221 0.0000000280 0.0000002069 
0.0000004217 0.0000000300 0.0000002016 
0.0000004213 0.0000000320 0.0000001964 
0.0000004209 0.0000000340 0.0000001912 
0.0000004205 0.0000000360 0.0000001860 
0.0000004201 0.0000000379 0.0000001809 
0.0000004197 0.0000000398 0.0000001758 
0.0000004192 0.0000000417 0.0000001707 
0.0000004187 0.0000000436 0.0000001656 
0.0000004182 0.0000000454 0.0000001606 
0.0000004177 0.0000000472 0.0000001556 
0.0000004172 0.0000000490 0.0000001506 
0.0000004167 0.0000000507 0.0000001457 
0.0000004162 0.0000000525 0.0000001408 
0.0000004156 0.0000000542 0.0000001360 
0.0000004151 0.0000000559 0.0000001311 
0.0000004145 0.0000000576 0.0000001263 
0.0000004140 0.0000000592 0.0000001216 
0.0000004134 0.0000000608 0.0000001168 
0.0000004128 0.0000000625 0.0000001122 
0.0000004123 0.0000000641 0.0000001075 
0.0000004118 0.0000000657 0.0000001029 
0.0000004113 0.0000000673 0.0000000984 
0.0000004109 0.0000000688 0.0000000939 
0.0000004105 0.0000000704 0.0000000895 
0.0000004102 0.0000000720 0.0000000851 
0.0000004098 0.0000000735 0.0000000807 
0.0000004096 0.0000000751 0.0000000764 
0.0000004093 0.0000000766 0.0000000721 
0.0000004091 0.0000000781 0.0000000679 
0.0000004089 0.0000000796 0.0000000637 
0.0000004087 0.0000000810 0.0000000596 
0.0000004085 0.0000000824 0.0000000555 
0.0000004083 0.0000000838 0.0000000515 
0.0000004080 0.0000000852 0.0000000475 
0.0000004078 0.0000000865 0.0000000436 
0.0000004076 0.0000000879 0.0000000398 
0.0000004074 0.0000000891 0.0000000360 
0.0000004072 0.0000000904 0.0000000322 
0.0000004071 0.0000000917 0.0000000286 
0.0000004069 0.0000000929 0.0000000250 
0.0000004069 0.0000000929 0.0000000250 
0.0000004069 0.0000000929 0.0000000250 
0.0000004068 0.0000000941 0.0000000218 
0.0000004068 0.0000000941 0.0000000218 
0.0000004068 0.0000000941 0.0000000218 
0.0000004068 0.0000000941 0.0000000218 
0.0000004068 0.0000000941 0.0000000218 
0.0000004068 0.0000000941 0.0000000218 
0.0000004068 0.0000000941 0.0000000218 
0.0000004068 0.0000000941 0.0000000218 
0.0000004068 0.0000000941 0.0000000218 
0.0000004068 0.0000000941 0.0000000218 
0.0000004068 0.0000000941 0.0000000218 
0.0000004068 0.0000000941 0.0000000218 
0.0000004068 0.0000000941 0.0000000218 
0.0000004068 0.0000000941 0.0000000218 
0.0000004068 0.0000000941 0.0000000218 
0.0000004068 0.0000000941 0.0000000218 
0.0000004068 0.0000000941 0.0000000218 
0.0000004068 0.0000000941 0.0000000218 
0.0000004068 0.0000000941 0.0000000218 
0.0000004068 0.0000000941 0.0000000218 
0.0000004068 0.0000000941 0.0000000218 
0.0000004068 0.0000000941 0.0000000218 
0.0000004068 0.0000000941 0.0000000218 
0.0000004068 0.0000000941 0.0000000218 
0.0000004068 0.0000000941 0.0000000218 
0.0000004068 0.0000000941 0.0000000218 
0.0000004082 0.0000000938 0.0000000217 
0.0000004096 0.0000000937 0.0000000218 
0.0000004111 0.0000000936 0.0000000220 
0.0000004127 0.0000000937 0.0000000224 
0.0000004143 0.0000000938 0.0000000229 
0.0000004159 0.0000000941 0.0000000236 
0.0000004174 0.0000000945 0.0000000243 
0.0000004190 0.0000000950 0.0000000251 
0.0000004204 0.0000000955 0.0000000260 
0.0000004219 0.0000000961 0.0000000270 
0.0000004233 0.0000000968 0.0000000280 
0.0000004247 0.0000000975 0.0000000291 
0.0000004261 0.0000000982 0.0000000302 
0.0000004274 0.0000000990 0.0000000313 
0.0000004287 0.0000000998 0.0000000324 
0.0000004300 0.0000001006 0.0000000335 
0.0000004312 0.0000001014 0.0000000347 
0.0000004324 0.0000001023 0.0000000358 
0.0000004336 0.0000001031 0.0000000369 
0.0000004348 0.0000001039 0.0000000380 
0.0000004359 0.0000001047 0.0000000391 
0.0000004370 0.0000001055 0.0000000402 
0.0000004382 0.0000001064 0.0000000412 
0.0000004392 0.0000001071 0.0000000422 
0.0000004403 0.0000001079 0.0000000432 
0.0000004414 0.0000001087 0.0000000441 
0.0000004425 0.0000001094 0.0000000450 
0.0000004436 0.0000001102 0.0000000459 
0.0000004446 0.0000001109 0.0000000467 
0.0000004457 0.0000001116 0.0000000475 
0.0000004467 0.0000001123 0.0000000482 
0.0000004477 0.0000001130 0.0000000489 
0.0000004487 0.0000001137 0.0000000495 
0.0000004497 0.0000001144 0.0000000500 
0.0000004507 0.0000001151 0.0000000506 
0.0000004517 0.0000001157 0.0000000511 
0.0000004523 0.0000001164 0.0000000513 
0.0000004530 0.0000001170 0.0000000515 
0.0000004537 0.0000001177 0.0000000518 
0.0000004545 0.0000001183 0.0000000521 
0.0000004553 0.0000001190 0.0000000524 
0.0000004560 0.0000001196 0.0000000527 
0.0000004568 0.0000001202 0.0000000529 
0.0000004576 0.0000001208 0.0000000531 
0.0000004585 0.0000001214 0.0000000532 
0.0000004593 0.0000001220 0.0000000533 
0.0000004602 0.0000001226 0.0000000534 
0.0000004611 0.0000001232 0.0000000535 
0.0000004619 0.0000001238 0.0000000535 
0.0000004628 0.0000001243 0.0000000535 
0.0000004638 0.0000001249 0.0000000534 
0.0000004647 0.0000001255 0.0000000533 
0.0000004657 0.0000001261 0.0000000532 
0.0000004667 0.0000001266 0.0000000531 
0.0000004676 0.0000001272 0.0000000529 
0.0000004686 0.0000001277 0.0000000527 
0.0000004696 0.0000001283 0.0000000525 
0.0000004706 0.0000001289 0.0000000523 
0.0000004716 0.0000001294 0.0000000520 
0.0000004725 0.0000001300 0.0000000517 
0.0000004735 0.0000001306 0.0000000513 
0.0000004745 0.0000001311 0.0000000510 
0.0000004755 0.0000001317 0.0000000506 
0.0000004764 0.0000001323 0.0000000502 
0.0000004774 0.0000001328 0.0000000498 
0.0000004784 0.0000001334 0.0000000493 
0.0000004794 0.0000001340 0.0000000489 
0.0000004804 0.0000001345 0.0000000485 
0.0000004814 0.0000001351 0.0000000480 
0.0000004824 0.0000001357 0.0000000475 
0.0000004834 0.0000001362 0.0000000470 
0.0000004844 0.0000001368 0.0000000466 
0.0000004855 0.0000001374 0.0000000461 
0.0000004866 0.0000001380 0.0000000457 
0.0000004877 0.0000001386 0.0000000452 
0.0000004889 0.0000001391 0.0000000448 
0.0000004901 0.0000001397 0.0000000445 
0.0000004913 0.0000001403 0.0000000441 
0.0000004926 0.0000001409 0.0000000438 
0.0000004939 0.0000001415 0.0000000435 
0.0000004953 0.0000001421 0.0000000433 
0.0000004967 0.0000001428 0.0000000432 
0.0000004982 0.0000001434 0.0000000431 
0.0000004997 0.0000001440 0.0000000431 
0.0000005012 0.0000001447 0.0000000432 
0.0000005027 0.0000001454 0.0000000434 
0.0000005043 0.0000001461 0.0000000437 
0.0000005060 0.0000001468 0.0000000440 
0.0000005077 0.0000001476 0.0000000445 
0.0000005094 0.0000001483 0.0000000450 
0.0000005111 0.0000001490 0.0000000456 
0.0000005129 0.0000001498 0.0000000462 
0.0000005146 0.0000001506 0.0000000469 
0.0000005163 0.0000001513 0.0000000476 
0.0000005180 0.0000001521 0.0000000484 
0.0000005198 0.0000001528 0.0000000491 
0.0000005215 0.0000001536 0.0000000499 
0.0000005232 0.0000001543 0.0000000507 
0.0000005250 0.0000001550 0.0000000515 
0.0000005267 0.0000001558 0.0000000523 
0.0000005285 0.0000001565 0.0000000531 
0.0000005302 0.0000001572 0.0000000540 
0.0000005320 0.0000001579 0.0000000548 
0.0000005337 0.0000001586 0.0000000556 
0.0000005354 0.0000001593 0.0000000564 
0.0000005370 0.0000001600 0.0000000571 
0.0000005386 0.0000001607 0.0000000578 
0.0000005402 0.0000001614 0.0000000586 
0.0000005418 0.0000001621 0.0000000593 
0.0000005433 0.0000001628 0.0000000600 
0.0000005448 0.0000001635 0.0000000607 
0.0000005462 0.0000001642 0.0000000613 
0.0000005476 0.0000001650 0.0000000619 
0.0000005489 0.0000001657 0.0000000625 
0.0000005502 0.0000001664 0.0000000630 
0.0000005515 0.0000001671 0.0000000635 
0.0000005528 0.0000001677 0.0000000640 
0.0000005540 0.0000001684 0.0000000645 
0.0000005553 0.0000001691 0.0000000649 
0.0000005565 0.0000001698 0.0000000654 
0.0000005577 0.0000001705 0.0000000657 
0.0000005589 0.0000001711 0.0000000661 
0.0000005601 0.0000001718 0.0000000664 
0.0000005612 0.0000001725 0.0000000668 
0.0000005623 0.0000001732 0.0000000671 
0.0000005634 0.0000001738 0.0000000673 
0.0000005645 0.0000001745 0.0000000676 
0.0000005656 0.0000001751 0.0000000678 
0.0000005666 0.0000001758 0.0000000680 
0.0000005676 0.0000001765 0.0000000682 
0.0000005686 0.0000001771 0.0000000684 
0.0000005696 0.0000001778 0.0000000686 
0.0000005705 0.0000001784 0.0000000687 
0.0000005714 0.0000001791 0.0000000689 
0.0000005724 0.0000001797 0.0000000690 
0.0000005733 0.0000001804 0.0000000691 
0.0000005741 0.0000001810 0.0000000693 
0.0000005750 0.0000001817 0.0000000694 
0.0000005758 0.0000001824 0.0000000695 
0.0000005766 0.0000001830 0.0000000695 
0.0000005775 0.0000001837 0.0000000696 
0.0000005783 0.0000001843 0.0000000697 
0.0000005791 0.0000001850 0.0000000698 
0.0000005799 0.0000001856 0.0000000699 
0.0000005806 0.0000001863 0.0000000700 
0.0000005814 0.0000001869 0.0000000700 
0.0000005821 0.0000001876 0.0000000701 
0.0000005828 0.0000001883 0.0000000702 
0.0000005835 0.0000001889 0.0000000703 
0.0000005842 0.0000001896 0.0000000704 
0.0000005849 0.0000001903 0.0000000705 
0.0000005856 0.0000001910 0.0000000707 
0.0000005862 0.0000001916 0.0000000708 
0.0000005869 0.0000001923 0.0000000709 
0.0000005875 0.0000001930 0.0000000711 
0.0000005881 0.0000001937 0.0000000713 
0.0000005888 0.0000001943 0.0000000715 
0.0000005894 0.0000001950 0.0000000717 
0.0000005900 0.0000001957 0.0000000719 
0.0000005906 0.0000001964 0.0000000721 
0.0000005912 0.0000001970 0.0000000723 
0.0000005917 0.0000001977 0.0000000726 
0.0000005923 0.0000001984 0.0000000728 
0.0000005928 0.0000001990 0.0000000731 
0.0000005934 0.0000001997 0.0000000734 
0.0000005939 0.0000002003 0.0000000737 
0.0000005944 0.0000002010 0.0000000740 
0.0000005949 0.0000002016 0.0000000744 
0.0000005954 0.0000002023 0.0000000747 
0.0000005960 0.0000002029 0.0000000751 
0.0000005965 0.0000002035 0.0000000755 
0.0000005970 0.0000002042 0.0000000759 
0.0000005975 0.0000002048 0.0000000764 
0.0000005981 0.0000002055 0.0000000768 
0.0000005986 0.0000002061 0.0000000773 
0.0000005992 0.0000002067 0.0000000778 
0.0000005997 0.0000002074 0.0000000783 
0.0000006003 0.0000002080 0.0000000788 
0.0000006008 0.0000002086 0.0000000793 
0.0000006014 0.0000002092 0.0000000799 
0.0000006020 0.0000002099 0.0000000804 
0.0000006025 0.0000002105 0.0000000810 
0.0000006031 0.0000002111 0.0000000815 
0.0000006037 0.0000002117 0.0000000820 
0.0000006042 0.0000002123 0.0000000826 
0.0000006048 0.0000002129 0.0000000831 
0.0000006054 0.0000002135 0.0000000837 
0.0000006059 0.0000002141 0.0000000842 
0.0000006065 0.0000002147 0.0000000847 
0.0000006070 0.0000002152 0.0000000852 
0.0000006076 0.0000002158 0.0000000858 
0.0000006082 0.0000002164 0.0000000863 
0.0000006087 0.0000002169 0.0000000868 
0.0000006093 0.0000002175 0.0000000872 
0.0000006098 0.0000002180 0.0000000877 
0.0000006104 0.0000002186 0.0000000882 
0.0000006109 0.0000002191 0.0000000886 
0.0000006114 0.0000002196 0.0000000891 
0.0000006119 0.0000002201 0.0000000895 
0.0000006125 0.0000002207 0.0000000899 
0.0000006130 0.0000002212 0.0000000903 
0.0000006135 0.0000002217 0.0000000907 
0.0000006140 0.0000002222 0.0000000911 
0.0000006146 0.0000002227 0.0000000915 
0.0000006151 0.0000002232 0.0000000919 
0.0000006156 0.0000002237 0.0000000922 
0.0000006161 0.0000002242 0.0000000926 
0.0000006165 0.0000002247 0.0000000929 
0.0000006170 0.0000002251 0.0000000932 
0.0000006175 0.0000002256 0.0000000935 
0.0000006180 0.0000002261 0.0000000938 
0.0000006184 0.0000002265 0.0000000941 
0.0000006189 0.0000002270 0.0000000943 
0.0000006194 0.0000002275 0.0000000946 
0.0000006198 0.0000002279 0.0000000949 
0.0000006203 0.0000002284 0.0000000951 
0.0000006208 0.0000002288 0.0000000954 
0.0000006213 0.0000002292 0.0000000956 
0.0000006217 0.0000002297 0.0000000958 
0.0000006222 0.0000002301 0.0000000960 
0.0000006227 0.0000002305 0.0000000962 
0.0000006232 0.0000002309 0.0000000964 
0.0000006237 0.0000002313 0.0000000966 
0.0000006241 0.0000002317 0.0000000968 
0.0000006246 0.0000002321 0.0000000969 
0.0000006251 0.0000002325 0.0000000971 
0.0000006255 0.0000002329 0.0000000973 
0.0000006259 0.0000002333 0.0000000974 
0.0000006264 0.0000002337 0.0000000976 
0.0000006269 0.0000002340 0.0000000978 
0.0000006274 0.0000002344 0.0000000979 
0.0000006278 0.0000002348 0.0000000981 
0.0000006283 0.0000002351 0.0000000982 
0.0000006287 0.0000002355 0.0000000984 
0.0000006290 0.0000002359 0.0000000985 
0.0000006294 0.0000002363 0.0000000987 
0.0000006297 0.0000002366 0.0000000988 
0.0000006300 0.0000002370 0.0000000990 
0.0000006302 0.0000002374 0.0000000991 
0.0000006305 0.0000002378 0.0000000993 
0.0000006307 0.0000002382 0.0000000994 
0.0000006309 0.0000002386 0.0000000996 
0.0000006311 0.0000002389 0.0000000997 
0.0000006312 0.0000002393 0.0000000999 
0.0000006314 0.0000002397 0.0000001000 
0.0000006315 0.0000002401 0.0000001002 
0.0000006316 0.0000002405 0.0000001003 
0.0000006317 0.0000002408 0.0000001005 
0.0000006319 0.0000002412 0.0000001007 
0.0000006320 0.0000002416 0.0000001008 
0.0000006321 0.0000002420 0.0000001010 
0.0000006322 0.0000002424 0.0000001012 
0.0000006323 0.0000002427 0.0000001014 
0.0000006325 0.0000002431 0.0000001016 
0.0000006326 0.0000002435 0.0000001018 
0.0000006328 0.0000002438 0.0000001020 
0.0000006329 0.0000002441 0.0000001022 
0.0000006331 0.0000002445 0.0000001024 
0.0000006332 0.0000002448 0.0000001026 
0.0000006334 0.0000002452 0.0000001028 
0.0000006335 0.0000002455 0.0000001030 
0.0000006336 0.0000002458 0.0000001032 
0.0000006337 0.0000002462 0.0000001035 
0.0000006338 0.0000002465 0.0000001037 
0.0000006338 0.0000002469 0.0000001040 
0.0000006339 0.0000002473 0.0000001042 
0.0000006339 0.0000002476 0.0000001045 
0.0000006340 0.0000002480 0.0000001048 
0.0000006340 0.0000002483 0.0000001051 
0.0000006341 0.0000002487 0.0000001054 
0.0000006341 0.0000002491 0.0000001057 
0.0000006341 0.0000002494 0.0000001060 
0.0000006341 0.0000002498 0.0000001063 
0.0000006342 0.0000002502 0.0000001066 
0.0000006342 0.0000002505 0.0000001069 
0.0000006342 0.0000002509 0.0000001072 
0.0000006342 0.0000002512 0.0000001075 
0.0000006343 0.0000002516 0.0000001078 
0.0000006343 0.0000002519 0.0000001081 
0.0000006343 0.0000002523 0.0000001084 
0.0000006344 0.0000002526 0.0000001087 
0.0000006344 0.0000002529 0.0000001090 
0.0000006345 0.0000002533 0.0000001093 
0.0000006345 0.0000002536 0.0000001096 
0.0000006346 0.0000002539 0.0000001099 
0.0000006347 0.0000002543 0.0000001102 
0.0000006347 0.0000002546 0.0000001105 
0.0000006348 0.0000002549 0.0000001108 
0.0000006349 0.0000002552 0.0000001111 
0.0000006350 0.0000002555 0.0000001113 
0.0000006351 0.0000002558 0.0000001116 
0.0000006352 0.0000002561 0.0000001119 
0.0000006354 0.0000002564 0.0000001121 
0.0000006355 0.0000002567 0.0000001124 
0.0000006357 0.0000002570 0.0000001126 
0.0000006359 0.0000002573 0.0000001128 
0.0000006361 0.0000002576 0.0000001131 
0.0000006363 0.0000002579 0.0000001133 
0.0000006364 0.0000002582 0.0000001135 
0.0000006366 0.0000002585 0.0000001137 
0.0000006368 0.0000002587 0.0000001140 
0.0000006370 0.0000002590 0.0000001142 
0.0000006371 0.0000002593 0.0000001144 
0.0000006373 0.0000002596 0.0000001146 
0.0000006375 0.0000002599 0.0000001148 
0.0000006376 0.0000002601 0.0000001150 
0.0000006378 0.0000002604 0.0000001152 
0.0000006379 0.0000002607 0.0000001154 
0.0000006381 0.0000002609 0.0000001156 
0.0000006382 0.0000002612 0.0000001158 
0.0000006383 0.0000002615 0.0000001160 
0.0000006385 0.0000002618 0.0000001162 
0.0000006386 0.0000002620 0.0000001164 
0.0000006387 0.0000002623 0.0000001166 
0.0000006388 0.0000002625 0.0000001168 
0.0000006389 0.0000002628 0.0000001170 
0.0000006391 0.0000002630 0.0000001173 
0.0000006393 0.0000002633 0.0000001175 
0.0000006395 0.0000002635 0.0000001177 
0.0000006396 0.0000002637 0.0000001179 
0.0000006398 0.0000002639 0.0000001181 
0.0000006400 0.0000002641 0.0000001183 
0.0000006402 0.0000002643 0.0000001186 
0.0000006404 0.0000002645 0.0000001188 
0.0000006406 0.0000002647 0.0000001190 
0.0000006407 0.0000002648 0.0000001192 
0.0000006408 0.0000002650 0.0000001194 
0.0000006409 0.0000002652 0.0000001196 
0.0000006410 0.0000002653 0.0000001198 
0.0000006410 0.0000002655 0.0000001201 
0.0000006410 0.0000002656 0.0000001203 
0.0000006410 0.0000002658 0.0000001205 
0.0000006410 0.0000002659 0.0000001207 
0.0000006409 0.0000002661 0.0000001209 
0.0000006408 0.0000002662 0.0000001211 
0.0000006407 0.0000002663 0.0000001213 
0.0000006406 0.0000002664 0.0000001215 
0.0000006404 0.0000002665 0.0000001217 
0.0000006403 0.0000002666 0.0000001219 
0.0000006401 0.0000002667 0.0000001221 
0.0000006400 0.0000002668 0.0000001222 
0.0000006398 0.0000002669 0.0000001224 
0.0000006395 0.0000002670 0.0000001226 
0.0000006393 0.0000002671 0.0000001227 
0.0000006391 0.0000002672 0.0000001229 
0.0000006388 0.0000002673 0.0000001230 
0.0000006385 0.0000002673 0.0000001231 
0.0000006382 0.0000002674 0.0000001232 
0.0000006379 0.0000002674 0.0000001233 
0.0000006376 0.0000002675 0.0000001234 
0.0000006372 0.0000002675 0.0000001235 
0.0000006368 0.0000002676 0.0000001236 
0.0000006365 0.0000002676 0.0000001237 
0.0000006361 0.0000002676 0.0000001238 
0.0000006357 0.0000002677 0.0000001238 
0.0000006353 0.0000002677 0.0000001239 
0.0000006348 0.0000002677 0.0000001240 
0.0000006344 0.0000002677 0.0000001240 
0.0000006340 0.0000002677 0.0000001241 
0.0000006335 0.0000002677 0.0000001241 
0.0000006330 0.0000002677 0.0000001242 
0.0000006326 0.0000002677 0.0000001242 
0.0000006321 0.0000002677 0.0000001242 
0.0000006316 0.0000002677 0.0000001243 
0.0000006311 0.0000002677 0.0000001243 
0.0000006306 0.0000002677 0.0000001243 
0.0000006301 0.0000002676 0.0000001244 
0.0000006296 0.0000002676 0.0000001244 
0.0000006290 0.0000002676 0.0000001244 
0.0000006285 0.0000002676 0.0000001245 
0.0000006279 0.0000002676 0.0000001245 
0.0000006274 0.0000002675 0.0000001245 
0.0000006268 0.0000002675 0.0000001246 
0.0000006263 0.0000002675 0.0000001246 
0.0000006257 0.0000002674 0.0000001246 
0.0000006251 0.0000002674 0.0000001247 
0.0000006245 0.0000002674 0.0000001247 
0.0000006239 0.0000002673 0.0000001248 
0.0000006233 0.0000002673 0.0000001248 
0.0000006227 0.0000002672 0.0000001249 
0.0000006221 0.0000002672 0.0000001249 
0.0000006215 0.0000002671 0.0000001250 
0.0000006209 0.0000002671 0.0000001250 
0.0000006203 0.0000002670 0.0000001251 
0.0000006196 0.0000002669 0.0000001251 
0.0000006190 0.0000002668 0.0000001252 
0.0000006184 0.0000002668 0.0000001252 
0.0000006177 0.0000002667 0.0000001253 
0.0000006171 0.0000002666 0.0000001253 
0.0000006164 0.0000002665 0.0000001254 
0.0000006158 0.0000002664 0.0000001254 
0.0000006151 0.0000002664 0.0000001255 
0.0000006144 0.0000002663 0.0000001256 
0.0000006137 0.0000002662 0.0000001257 
0.0000006130 0.0000002661 0.0000001257 
0.0000006123 0.0000002660 0.0000001258 
0.0000006115 0.0000002659 0.0000001259 
0.0000006108 0.0000002658 0.0000001260 
0.0000006101 0.0000002658 0.0000001261 
0.0000006093 0.0000002657 0.0000001262 
0.0000006086 0.0000002656 0.0000001262 
0.0000006079 0.0000002655 0.0000001263 
0.0000006071 0.0000002654 0.0000001264 
0.0000006064 0.0000002653 0.0000001266 
0.0000006056 0.0000002653 0.0000001267 
0.0000006049 0.0000002652 0.0000001268 
0.0000006041 0.0000002651 0.0000001269 
0.0000006033 0.0000002650 0.0000001270 
0.0000006026 0.0000002649 0.0000001271 
0.0000006018 0.0000002648 0.0000001272 
0.0000006011 0.0000002647 0.0000001273 
0.0000006003 0.0000002647 0.0000001274 
0.0000005996 0.0000002646 0.0000001275 
0.0000005988 0.0000002645 0.0000001276 
0.0000005980 0.0000002644 0.0000001277 
0.0000005973 0.0000002643 0.0000001278 
0.0000005965 0.0000002642 0.0000001279 
0.0000005957 0.0000002641 0.0000001280 
0.0000005949 0.0000002641 0.0000001281 
0.0000005942 0.0000002640 0.0000001282 
0.0000005933 0.0000002639 0.0000001283 
0.0000005925 0.0000002638 0.0000001284 
0.0000005917 0.0000002637 0.0000001285 
0.0000005908 0.0000002636 0.0000001286 
0.0000005899 0.0000002635 0.0000001287 
0.0000005890 0.0000002634 0.0000001288 
0.0000005881 0.0000002633 0.0000001289 
0.0000005872 0.0000002632 0.0000001290 
0.0000005862 0.0000002631 0.0000001291 
0.0000005853 0.0000002631 0.0000001292 
0.0000005843 0.0000002630 0.0000001293 
0.0000005834 0.0000002629 0.0000001294 
0.0000005824 0.0000002628 0.0000001295 
0.0000005814 0.0000002626 0.0000001296 
0.0000005804 0.0000002625 0.0000001296 
0.0000005793 0.0000002624 0.0000001297 
0.0000005783 0.0000002623 0.0000001298 
0.0000005773 0.0000002622 0.0000001299 
0.0000005762 0.0000002621 0.0000001300 
0.0000005752 0.0000002620 0.0000001300 
0.0000005741 0.0000002619 0.0000001301 
0.0000005730 0.0000002618 0.0000001302 
0.0000005719 0.0000002616 0.0000001302 
0.0000005708 0.0000002615 0.0000001303 
0.0000005697 0.0000002614 0.0000001303 
0.0000005686 0.0000002613 0.0000001304 
0.0000005675 0.0000002611 0.0000001304 
0.0000005664 0.0000002610 0.0000001305 
0.0000005653 0.0000002609 0.0000001305 
0.0000005641 0.0000002608 0.0000001306 
0.0000005630 0.0000002606 0.0000001306 
0.0000005618 0.0000002605 0.0000001307 
0.0000005607 0.0000002603 0.0000001307 
0.0000005596 0.0000002602 0.0000001308 
0.0000005584 0.0000002601 0.0000001308 
0.0000005573 0.0000002599 0.0000001308 
0.0000005561 0.0000002598 0.0000001309 
0.0000005550 0.0000002596 0.0000001309 
0.0000005539 0.0000002595 0.0000001310 
0.0000005527 0.0000002594 0.0000001310 
0.0000005516 0.0000002592 0.0000001311 
0.0000005505 0.0000002591 0.0000001311 
0.0000005494 0.0000002589 0.0000001312 
0.0000005482 0.0000002588 0.0000001312 
0.0000005471 0.0000002586 0.0000001313 
0.0000005460 0.0000002585 0.0000001313 
0.0000005449 0.0000002583 0.0000001314 
0.0000005438 0.0000002582 0.0000001314 
0.0000005427 0.0000002580 0.0000001315 
0.0000005417 0.0000002578 0.0000001316 
0.0000005406 0.0000002577 0.0000001316 
0.0000005395 0.0000002575 0.0000001317 
0.0000005385 0.0000002574 0.0000001318 
0.0000005375 0.0000002572 0.0000001319 
0.0000005364 0.0000002571 0.0000001320 
0.0000005354 0.0000002569 0.0000001320 
0.0000005344 0.0000002567 0.0000001321 
0.0000005334 0.0000002566 0.0000001322 
0.0000005324 0.0000002564 0.0000001323 
0.0000005314 0.0000002563 0.0000001324 
0.0000005304 0.0000002561 0.0000001325 
0.0000005295 0.0000002559 0.0000001327 
0.0000005285 0.0000002558 0.0000001328 
0.0000005275 0.0000002556 0.0000001329 
0.0000005266 0.0000002555 0.0000001330 
0.0000005256 0.0000002553 0.0000001331 
0.0000005247 0.0000002552 0.0000001332 
0.0000005238 0.0000002550 0.0000001333 
0.0000005228 0.0000002549 0.0000001334 
0.0000005219 0.0000002547 0.0000001335 
0.0000005209 0.0000002545 0.0000001336 
0.0000005200 0.0000002544 0.0000001337 
0.0000005191 0.0000002542 0.0000001338 
0.0000005181 0.0000002540 0.0000001339 
0.0000005172 0.0000002539 0.0000001340 
0.0000005162 0.0000002537 0.0000001341 
0.0000005153 0.0000002535 0.0000001342 
0.0000005144 0.0000002534 0.0000001342 
0.0000005134 0.0000002532 0.0000001343 
0.0000005125 0.0000002530 0.0000001344 
0.0000005116 0.0000002528 0.0000001345 
0.0000005107 0.0000002527 0.0000001345 
0.0000005097 0.0000002525 0.0000001346 
0.0000005088 0.0000002523 0.0000001346 
0.0000005079 0.0000002522 0.0000001347 
0.0000005070 0.0000002520 0.0000001347 
0.0000005061 0.0000002518 0.0000001347 
0.0000005052 0.0000002517 0.0000001347 
0.0000005043 0.0000002515 0.0000001348 
0.0000005034 0.0000002513 0.0000001348 
0.0000005025 0.0000002512 0.0000001348 
0.0000005016 0.0000002510 0.0000001348 
0.0000005008 0.0000002508 0.0000001348 
0.0000004999 0.0000002506 0.0000001348 
0.0000004990 0.0000002505 0.0000001348 
0.0000004982 0.0000002503 0.0000001348 
0.0000004973 0.0000002501 0.0000001347 
0.0000004965 0.0000002500 0.0000001347 
0.0000004957 0.0000002498 0.0000001347 
0.0000004948 0.0000002496 0.0000001347 
0.0000004940 0.0000002495 0.0000001346 
0.0000004932 0.0000002493 0.0000001346 
0.0000004925 0.0000002491 0.0000001345 
0.0000004917 0.0000002490 0.0000001345 
0.0000004909 0.0000002488 0.0000001345 
0.0000004902 0.0000002487 0.0000001344 
0.0000004895 0.0000002485 0.0000001344 
0.0000004887 0.0000002484 0.0000001343 
0.0000004881 0.0000002482 0.0000001343 
0.0000004874 0.0000002481 0.0000001342 
0.0000004868 0.0000002479 0.0000001342 
0.0000004861 0.0000002478 0.0000001341 
0.0000004855 0.0000002477 0.0000001341 
0.0000004849 0.0000002476 0.0000001340 
0.0000004844 0.0000002475 0.0000001340 
0.0000004838 0.0000002473 0.0000001339 
0.0000004833 0.0000002472 0.0000001339 
0.0000004828 0.0000002471 0.0000001338 
0.0000004823 0.0000002470 0.0000001338 
0.0000004818 0.0000002469 0.0000001337 
0.0000004814 0.0000002468 0.0000001337 
0.0000004810 0.0000002467 0.0000001337 
0.0000004805 0.0000002466 0.0000001336 
0.0000004801 0.0000002465 0.0000001336 
0.0000004798 0.0000002464 0.0000001336 
0.0000004794 0.0000002463 0.0000001335 
0.0000004790 0.0000002463 0.0000001335 
0.0000004787 0.0000002462 0.0000001335 
0.0000004784 0.0000002461 0.0000001335 
0.0000004781 0.0000002460 0.0000001335 
0.0000004778 0.0000002460 0.0000001335 
0.0000004775 0.0000002459 0.0000001335 
0.0000004772 0.0000002458 0.0000001335 
0.0000004769 0.0000002458 0.0000001335 
0.0000004767 0.0000002457 0.0000001335 
0.0000004764 0.0000002456 0.0000001335 
0.0000004762 0.0000002456 0.0000001336 
0.0000004760 0.0000002455 0.0000001336 
0.0000004758 0.0000002455 0.0000001336 
0.0000004755 0.0000002454 0.0000001337 
0.0000004753 0.0000002454 0.0000001337 
0.0000004751 0.0000002453 0.0000001337 
0.0000004750 0.0000002453 0.0000001338 
0.0000004748 0.0000002452 0.0000001338 
0.0000004746 0.0000002452 0.0000001339 
0.0000004744 0.0000002451 0.0000001339 
0.0000004742 0.0000002451 0.0000001340 
0.0000004741 0.0000002450 0.0000001341 
0.0000004739 0.0000002450 0.0000001341 
0.0000004737 0.0000002449 0.0000001342 
0.0000004735 0.0000002449 0.0000001343 
0.0000004733 0.0000002448 0.0000001343 
0.0000004731 0.0000002447 0.0000001344 
0.0000004729 0.0000002447 0.0000001344 
0.0000004727 0.0000002446 0.0000001345 
0.0000004725 0.0000002445 0.0000001346 
0.0000004723 0.0000002444 0.0000001346 
0.0000004721 0.0000002444 0.0000001347 
0.0000004718 0.0000002443 0.0000001347 
0.0000004716 0.0000002442 0.0000001348 
0.0000004714 0.0000002441 0.0000001348 
0.0000004711 0.0000002440 0.0000001349 
0.0000004709 0.0000002439 0.0000001349 
0.0000004706 0.0000002438 0.0000001349 
0.0000004703 0.0000002437 0.0000001350 
0.0000004700 0.0000002436 0.0000001350 
0.0000004698 0.0000002435 0.0000001350 
0.0000004695 0.0000002434 0.0000001351 
0.0000004692 0.0000002433 0.0000001351 
0.0000004688 0.0000002432 0.0000001351 
0.0000004685 0.0000002431 0.0000001351 
0.0000004682 0.0000002430 0.0000001351 
0.0000004679 0.0000002429 0.0000001351 
0.0000004675 0.0000002428 0.0000001351 
0.0000004672 0.0000002426 0.0000001351 
0.0000004668 0.0000002425 0.0000001351 
0.0000004664 0.0000002424 0.0000001351 
0.0000004661 0.0000002422 0.0000001351 
0.0000004657 0.0000002421 0.0000001351 
0.0000004653 0.0000002420 0.0000001351 
0.0000004649 0.0000002418 0.0000001351 
0.0000004645 0.0000002417 0.0000001350 
0.0000004640 0.0000002415 0.0000001350 
0.0000004636 0.0000002414 0.0000001350 
0.0000004632 0.0000002412 0.0000001349 
0.0000004628 0.0000002411 0.0000001349 
0.0000004623 0.0000002409 0.0000001348 
0.0000004619 0.0000002408 0.0000001348 
0.0000004614 0.0000002406 0.0000001347 
0.0000004609 0.0000002405 0.0000001347 
0.0000004605 0.0000002403 0.0000001346 
0.0000004600 0.0000002402 0.0000001345 
0.0000004595 0.0000002400 0.0000001344 
0.0000004590 0.0000002398 0.0000001343 
0.0000004585 0.0000002397 0.0000001343 
0.0000004580 0.0000002395 0.0000001342 
0.0000004575 0.0000002393 0.0000001341 
0.0000004569 0.0000002392 0.0000001340 
0.0000004564 0.0000002390 0.0000001339 
0.0000004559 0.0000002388 0.0000001338 
0.0000004554 0.0000002387 0.0000001337 
0.0000004548 0.0000002385 0.0000001336 
0.0000004543 0.0000002384 0.0000001334 
0.0000004538 0.0000002382 0.0000001333 
0.0000004533 0.0000002380 0.0000001332 
0.0000004527 0.0000002379 0.0000001331 
0.0000004522 0.0000002377 0.0000001330 
0.0000004517 0.0000002376 0.0000001329 
0.0000004512 0.0000002374 0.0000001327 
0.0000004507 0.0000002373 0.0000001326 
0.0000004503 0.0000002371 0.0000001325 
0.0000004498 0.0000002370 0.0000001323 
0.0000004494 0.0000002369 0.0000001322 
0.0000004489 0.0000002368 0.0000001321 
0.0000004485 0.0000002366 0.0000001319 
0.0000004481 0.0000002365 0.0000001318 
0.0000004477 0.0000002364 0.0000001317 
0.0000004473 0.0000002363 0.0000001315 
0.0000004469 0.0000002362 0.0000001314 
0.0000004465 0.0000002362 0.0000001313 
0.0000004461 0.0000002361 0.0000001312 
0.0000004458 0.0000002360 0.0000001310 
0.0000004454 0.0000002360 0.0000001309 
0.0000004451 0.0000002359 0.0000001308 
0.0000004448 0.0000002359 0.0000001307 
0.0000004445 0.0000002359 0.0000001306 
0.0000004443 0.0000002358 0.0000001305 
0.0000004441 0.0000002358 0.0000001304 
0.0000004439 0.0000002359 0.0000001303 
0.0000004437 0.0000002359 0.0000001303 
0.0000004436 0.0000002359 0.0000001302 
0.0000004435 0.0000002360 0.0000001302 
0.0000004434 0.0000002360 0.0000001302 
0.0000004433 0.0000002361 0.0000001302 
0.0000004433 0.0000002362 0.0000001303 
0.0000004433 0.0000002363 0.0000001303 
0.0000004433 0.0000002364 0.0000001304 
0.0000004433 0.0000002365 0.0000001305 
0.0000004434 0.0000002366 0.0000001306 
0.0000004435 0.0000002367 0.0000001307 
0.0000004436 0.0000002369 0.0000001308 
0.0000004437 0.0000002370 0.0000001310 
0.0000004439 0.0000002371 0.0000001312 
0.0000004441 0.0000002373 0.0000001314 
0.0000004443 0.0000002374 0.0000001316 
0.0000004445 0.0000002376 0.0000001319 
0.0000004447 0.0000002378 0.0000001321 
0.0000004450 0.0000002379 0.0000001324 
0.0000004452 0.0000002381 0.0000001327 
0.0000004455 0.0000002383 0.0000001330 
0.0000004458 0.0000002385 0.0000001333 
0.0000004461 0.0000002386 0.0000001337 
0.0000004464 0.0000002388 0.0000001340 
0.0000004467 0.0000002390 0.0000001344 
0.0000004470 0.0000002391 0.0000001348 
0.0000004474 0.0000002393 0.0000001352 
0.0000004477 0.0000002395 0.0000001356 
0.0000004480 0.0000002396 0.0000001360 
0.0000004483 0.0000002398 0.0000001364 
0.0000004486 0.0000002400 0.0000001368 
0.0000004489 0.0000002401 0.0000001373 
0.0000004493 0.0000002403 0.0000001377 
0.0000004496 0.0000002404 0.0000001382 
0.0000004499 0.0000002406 0.0000001386 
0.0000004502 0.0000002407 0.0000001391 
0.0000004505 0.0000002408 0.0000001395 
0.0000004508 0.0000002409 0.0000001400 
0.0000004510 0.0000002411 0.0000001404 
0.0000004513 0.0000002412 0.0000001409 
0.0000004516 0.0000002413 0.0000001413 
0.0000004518 0.0000002414 0.0000001418 
0.0000004520 0.0000002414 0.0000001423 
0.0000004522 0.0000002415 0.0000001427 
0.0000004524 0.0000002416 0.0000001432 
0.0000004526 0.0000002416 0.0000001437 
0.0000004527 0.0000002417 0.0000001441 
0.0000004529 0.0000002417 0.0000001446 
0.0000004530 0.0000002417 0.0000001450 
0.0000004530 0.0000002417 0.0000001454 
0.0000004531 0.0000002417 0.0000001459 
0.0000004531 0.0000002417 0.0000001463 
0.0000004531 0.0000002417 0.0000001467 
0.0000004531 0.0000002417 0.0000001471 
0.0000004531 0.0000002416 0.0000001475 
0.0000004530 0.0000002416 0.0000001478 
0.0000004529 0.0000002415 0.0000001482 
0.0000004528 0.0000002414 0.0000001485 
0.0000004526 0.0000002414 0.0000001489 
0.0000004525 0.0000002413 0.0000001492 
0.0000004523 0.0000002412 0.0000001495 
0.0000004521 0.0000002411 0.0000001498 
0.0000004519 0.0000002410 0.0000001501 
0.0000004516 0.0000002409 0.0000001503 
0.0000004513 0.0000002407 0.0000001506 
0.0000004510 0.0000002406 0.0000001508 
0.0000004507 0.0000002405 0.0000001510 
0.0000004504 0.0000002403 0.0000001512 
0.0000004500 0.0000002401 0.0000001514 
0.0000004496 0.0000002400 0.0000001516 
0.0000004492 0.0000002398 0.0000001517 
0.0000004488 0.0000002396 0.0000001519 
0.0000004484 0.0000002394 0.0000001520 
0.0000004479 0.0000002392 0.0000001521 
0.0000004474 0.0000002390 0.0000001522 
0.0000004469 0.0000002388 0.0000001523 
0.0000004464 0.0000002386 0.0000001524 
0.0000004459 0.0000002384 0.0000001524 
0.0000004454 0.0000002382 0.0000001524 
0.0000004449 0.0000002379 0.0000001524 
0.0000004443 0.0000002377 0.0000001524 
0.0000004438 0.0000002375 0.0000001523 
0.0000004432 0.0000002373 0.0000001523 
0.0000004426 0.0000002370 0.0000001522 
0.0000004420 0.0000002368 0.0000001521 
0.0000004413 0.0000002365 0.0000001520 
0.0000004407 0.0000002362 0.0000001520 
0.0000004400 0.0000002360 0.0000001519 
0.0000004394 0.0000002357 0.0000001518 
0.0000004387 0.0000002354 0.0000001517 
0.0000004380 0.0000002351 0.0000001516 
0.0000004373 0.0000002348 0.0000001515 
0.0000004365 0.0000002345 0.0000001514 
0.0000004358 0.0000002342 0.0000001513 
0.0000004350 0.0000002338 0.0000001512 
0.0000004343 0.0000002335 0.0000001511 
0.0000004335 0.0000002332 0.0000001510 
0.0000004327 0.0000002328 0.0000001509 
0.0000004319 0.0000002325 0.0000001507 
0.0000004311 0.0000002321 0.0000001506 
0.0000004303 0.0000002317 0.0000001505 
0.0000004295 0.0000002314 0.0000001503 
0.0000004287 0.0000002310 0.0000001502 
0.0000004279 0.0000002306 0.0000001500 
0.0000004270 0.0000002303 0.0000001499 
0.0000004262 0.0000002299 0.0000001497 
0.0000004253 0.0000002295 0.0000001495 
0.0000004245 0.0000002291 0.0000001493 
0.0000004236 0.0000002287 0.0000001492 
0.0000004228 0.0000002283 0.0000001490 
0.0000004219 0.0000002279 0.0000001488 
0.0000004210 0.0000002275 0.0000001486 
0.0000004202 0.0000002271 0.0000001484 
0.0000004193 0.0000002267 0.0000001482 
0.0000004184 0.0000002263 0.0000001479 
0.0000004175 0.0000002259 0.0000001477 
0.0000004166 0.0000002255 0.0000001475 
0.0000004157 0.0000002251 0.0000001472 
0.0000004148 0.0000002247 0.0000001470 
0.0000004139 0.0000002243 0.0000001468 
0.0000004130 0.0000002239 0.0000001465 
0.0000004121 0.0000002235 0.0000001462 
0.0000004112 0.0000002230 0.0000001460 
0.0000004103 0.0000002226 0.0000001457 
0.0000004094 0.0000002222 0.0000001454 
0.0000004085 0.0000002218 0.0000001452 
0.0000004075 0.0000002213 0.0000001449 
0.0000004066 0.0000002209 0.0000001446 
0.0000004057 0.0000002205 0.0000001443 
0.0000004048 0.0000002201 0.0000001440 
0.0000004038 0.0000002196 0.0000001437 
0.0000004029 0.0000002192 0.0000001434 
0.0000004020 0.0000002188 0.0000001431 
0.0000004011 0.0000002184 0.0000001428 
0.0000004001 0.0000002179 0.0000001425 
0.0000003992 0.0000002175 0.0000001422 
0.0000003983 0.0000002171 0.0000001419 
0.0000003973 0.0000002166 0.0000001416 
0.0000003964 0.0000002162 0.0000001412 
0.0000003955 0.0000002158 0.0000001409 
0.0000003946 0.0000002153 0.0000001406 
0.0000003936 0.0000002149 0.0000001402 
0.0000003927 0.0000002145 0.0000001399 
0.0000003918 0.0000002141 0.0000001396 
0.0000003909 0.0000002136 0.0000001392 
0.0000003900 0.0000002132 0.0000001389 
0.0000003891 0.0000002128 0.0000001385 
0.0000003882 0.0000002124 0.0000001382 
0.0000003873 0.0000002119 0.0000001378 
0.0000003864 0.0000002115 0.0000001375 
0.0000003856 0.0000002111 0.0000001371 
0.0000003848 0.0000002107 0.0000001368 
0.0000003840 0.0000002103 0.0000001364 
0.0000003832 0.0000002099 0.0000001361 
0.0000003824 0.0000002095 0.0000001357 
0.0000003817 0.0000002091 0.0000001354 
0.0000003809 0.0000002088 0.0000001350 
0.0000003802 0.0000002084 0.0000001347 
0.0000003794 0.0000002080 0.0000001343 
0.0000003787 0.0000002076 0.0000001339 
0.0000003779 0.0000002072 0.0000001336 
0.0000003772 0.0000002069 0.0000001332 
0.0000003764 0.0000002065 0.0000001328 
0.0000003757 0.0000002061 0.0000001325 
0.0000003750 0.0000002057 0.0000001321 
0.0000003742 0.0000002053 0.0000001317 
0.0000003735 0.0000002049 0.0000001314 
0.0000003728 0.0000002046 0.0000001310 
0.0000003721 0.0000002042 0.0000001306 
0.0000003714 0.0000002038 0.0000001303 
0.0000003707 0.0000002034 0.0000001299 
0.0000003700 0.0000002030 0.0000001296 
0.0000003693 0.0000002026 0.0000001292 
0.0000003686 0.0000002022 0.0000001288 
0.0000003679 0.0000002018 0.0000001285 
0.0000003672 0.0000002015 0.0000001281 
0.0000003666 0.0000002011 0.0000001277 
0.0000003659 0.0000002007 0.0000001274 
0.0000003652 0.0000002003 0.0000001270 
0.0000003646 0.0000001999 0.0000001266 
0.0000003639 0.0000001995 0.0000001263 
0.0000003633 0.0000001991 0.0000001259 
0.0000003627 0.0000001987 0.0000001256 
0.0000003621 0.0000001983 0.0000001252 
0.0000003616 0.0000001979 0.0000001248 
0.0000003610 0.0000001975 0.0000001245 
0.0000003605 0.0000001972 0.0000001241 
0.0000003599 0.0000001968 0.0000001238 
0.0000003594 0.0000001964 0.0000001234 
0.0000003589 0.0000001960 0.0000001231 
0.0000003583 0.0000001956 0.0000001227 
0.0000003578 0.0000001952 0.0000001224 
0.0000003573 0.0000001948 0.0000001220 
0.0000003568 0.0000001945 0.0000001217 
0.0000003563 0.0000001941 0.0000001214 
0.0000003558 0.0000001937 0.0000001210 
0.0000003553 0.0000001933 0.0000001207 
0.0000003549 0.0000001929 0.0000001204 
0.0000003544 0.0000001926 0.0000001200 
0.0000003539 0.0000001922 0.0000001197 
0.0000003534 0.0000001918 0.0000001194 
0.0000003529 0.0000001914 0.0000001190 
0.0000003524 0.0000001911 0.0000001187 
0.0000003520 0.0000001907 0.0000001184 
0.0000003515 0.0000001903 0.0000001181 
0.0000003510 0.0000001899 0.0000001178 
0.0000003505 0.0000001896 0.0000001175 
0.0000003501 0.0000001892 0.0000001171 
0.0000003496 0.0000001888 0.0000001168 
0.0000003491 0.0000001884 0.0000001165 
0.0000003486 0.0000001881 0.0000001162 
0.0000003482 0.0000001877 0.0000001159 
0.0000003477 0.0000001873 0.0000001156 
0.0000003472 0.0000001870 0.0000001153 
0.0000003468 0.0000001866 0.0000001150 
