0.0000006675 -0.0000006034 0.0000014498 
0.0000006702 -0.0000005946 0.0000014399 
0.0000006727 -0.0000005861 0.0000014301 
0.0000006751 -0.0000005778 0.0000014204 
0.0000006775 -0.0000005698 0.0000014109 
0.0000006797 -0.0000005620 0.0000014013 
0.0000006819 -0.0000005544 0.0000013919 
0.0000006839 -0.0000005470 0.0000013825 
0.0000006858 -0.0000005397 0.0000013732 
0.0000006876 -0.0000005326 0.0000013640 
0.0000006893 -0.0000005256 0.0000013548 
0.0000006910 -0.0000005188 0.0000013456 
0.0000006925 -0.0000005120 0.0000013365 
0.0000006939 -0.0000005054 0.0000013274 
0.0000006952 -0.0000004988 0.0000013183 
0.0000006964 -0.0000004924 0.0000013093 
0.0000006976 -0.0000004861 0.0000013003 
0.0000006986 -0.0000004798 0.0000012913 
0.0000006996 -0.0000004737 0.0000012823 
0.0000007004 -0.0000004676 0.0000012734 
0.0000007012 -0.0000004616 0.0000012645 
0.0000007018 -0.0000004556 0.0000012557 
0.0000007024 -0.0000004498 0.0000012468 
0.0000007029 -0.0000004440 0.0000012380 
0.0000007033 -0.0000004383 0.0000012292 
0.0000007036 -0.0000004327 0.0000012204 
0.0000007039 -0.0000004271 0.0000012116 
0.0000007040 -0.0000004216 0.0000012029 
0.0000007041 -0.0000004162 0.0000011942 
0.0000007041 -0.0000004108 0.0000011855 
0.0000007041 -0.0000004054 0.0000011768 
0.0000007039 -0.0000004002 0.0000011681 
0.0000007037 -0.0000003949 0.0000011595 
0.0000007035 -0.0000003898 0.0000011509 
0.0000007032 -0.0000003847 0.0000011423 
0.0000007028 -0.0000003796 0.0000011337 
0.0000007024 -0.0000003746 0.0000011252 
0.0000007020 -0.0000003696 0.0000011167 
0.0000007015 -0.0000003646 0.0000011082 
0.0000007010 -0.0000003597 0.0000010998 
0.0000007005 -0.0000003548 0.0000010914 
0.0000006999 -0.0000003500 0.0000010830 
0.0000006993 -0.0000003452 0.0000010746 
0.0000006986 -0.0000003405 0.0000010663 
0.0000006979 -0.0000003358 0.0000010579 
0.0000006972 -0.0000003311 0.0000010496 
0.0000006964 -0.0000003265 0.0000010414 
0.0000006956 -0.0000003219 0.0000010331 
0.0000006947 -0.0000003173 0.0000010249 
0.0000006938 -0.0000003128 0.0000010167 
0.0000006929 -0.0000003083 0.0000010086 
0.0000006919 -0.0000003038 0.0000010004 
0.0000006909 -0.0000002994 0.0000009923 
0.0000006899 -0.0000002950 0.0000009842 
0.0000006888 -0.0000002906 0.0000009761 
0.0000006877 -0.0000002863 0.0000009681 
0.0000006866 -0.0000002820 0.0000009600 
0.0000006855 -0.0000002778 0.0000009520 
0.0000006843 -0.0000002735 0.0000009440 
0.0000006831 -0.0000002693 0.0000009360 
0.0000006818 -0.0000002652 0.0000009281 
0.0000006805 -0.0000002610 0.0000009201 
0.0000006792 -0.0000002569 0.0000009122 
0.0000006778 -0.0000002528 0.0000009043 
0.0000006764 -0.0000002488 0.0000008964 
0.0000006750 -0.0000002448 0.0000008886 
0.0000006736 -0.0000002408 0.0000008807 
0.0000006721 -0.0000002368 0.0000008729 
0.0000006706 -0.0000002329 0.0000008651 
0.0000006691 -0.0000002290 0.0000008574 
0.0000006676 -0.0000002251 0.0000008496 
0.0000006661 -0.0000002212 0.0000008419 
0.0000006645 -0.0000002173 0.0000008342 
0.0000006629 -0.0000002135 0.0000008266 
0.0000006614 -0.0000002097 0.0000008189 
0.0000006599 -0.0000002059 0.0000008114 
0.0000006584 -0.0000002021 0.0000008038 
0.0000006569 -0.0000001983 0.0000007963 
0.0000006555 -0.0000001945 0.0000007889 
0.0000006541 -0.0000001907 0.0000007815 
0.0000006527 -0.0000001870 0.0000007741 
0.0000006513 -0.0000001833 0.0000007668 
0.0000006500 -0.0000001796 0.0000007595 
0.0000006486 -0.0000001759 0.0000007522 
0.0000006473 -0.0000001722 0.0000007450 
0.0000006459 -0.0000001686 0.0000007378 
0.0000006446 -0.0000001650 0.0000007307 
0.0000006432 -0.0000001615 0.0000007236 
0.0000006418 -0.0000001580 0.0000007166 
0.0000006405 -0.0000001545 0.0000007096 
0.0000006391 -0.0000001510 0.0000007027 
0.0000006378 -0.0000001476 0.0000006958 
0.0000006365 -0.0000001442 0.0000006890 
0.0000006351 -0.0000001408 0.0000006823 
0.0000006338 -0.0000001374 0.0000006756 
0.0000006325 -0.0000001341 0.0000006691 
0.0000006312 -0.0000001308 0.0000006627 
0.0000006299 -0.0000001274 0.0000006564 
0.0000006286 -0.0000001241 0.0000006503 
0.0000006272 -0.0000001208 0.0000006442 
0.0000006259 -0.0000001174 0.0000006383 
0.0000006245 -0.0000001141 0.0000006324 
0.0000006231 -0.0000001109 0.0000006265 
0.0000006217 -0.0000001076 0.0000006207 
0.0000006202 -0.0000001044 0.0000006149 
0.0000006188 -0.0000001012 0.0000006092 
0.0000006174 -0.0000000980 0.0000006035 
0.0000006160 -0.0000000948 0.0000005978 
0.0000006145 -0.0000000917 0.0000005922 
0.0000006127 -0.0000000886 0.0000005863 
0.0000006110 -0.0000000855 0.0000005807 
0.0000006093 -0.0000000824 0.0000005752 
0.0000006077 -0.0000000794 0.0000005697 
0.0000006061 -0.0000000764 0.0000005643 
0.0000006045 -0.0000000735 0.0000005590 
0.0000006030 -0.0000000705 0.0000005538 
0.0000006015 -0.0000000676 0.0000005485 
0.0000006000 -0.0000000647 0.0000005434 
0.0000005986 -0.0000000619 0.0000005383 
0.0000005971 -0.0000000591 0.0000005333 
0.0000005957 -0.0000000563 0.0000005282 
0.0000005944 -0.0000000535 0.0000005232 
0.0000005930 -0.0000000507 0.0000005182 
0.0000005917 -0.0000000480 0.0000005132 
0.0000005904 -0.0000000454 0.0000005082 
0.0000005891 -0.0000000427 0.0000005032 
0.0000005878 -0.0000000401 0.0000004982 
0.0000005866 -0.0000000375 0.0000004933 
0.0000005854 -0.0000000350 0.0000004884 
0.0000005842 -0.0000000325 0.0000004834 
0.0000005830 -0.0000000300 0.0000004785 
0.0000005818 -0.0000000276 0.0000004737 
0.0000005806 -0.0000000251 0.0000004688 
0.0000005794 -0.0000000227 0.0000004640 
0.0000005782 -0.0000000204 0.0000004592 
0.0000005771 -0.0000000180 0.0000004543 
0.0000005759 -0.0000000157 0.0000004495 
0.0000005747 -0.0000000135 0.0000004447 
0.0000005736 -0.0000000112 0.0000004400 
0.0000005724 -0.0000000090 0.0000004352 
0.0000005713 -0.0000000068 0.0000004304 
0.0000005701 -0.0000000047 0.0000004257 
0.0000005690 -0.0000000026 0.0000004209 
0.0000005678 -0.0000000005 0.0000004162 
0.0000005667 0.0000000015 0.0000004114 
0.0000005656 0.0000000035 0.0000004067 
0.0000005645 0.0000000055 0.0000004020 
0.0000005634 0.0000000074 0.0000003973 
0.0000005624 0.0000000093 0.0000003926 
0.0000005613 0.0000000112 0.0000003879 
0.0000005603 0.0000000131 0.0000003832 
0.0000005593 0.0000000149 0.0000003786 
0.0000005582 0.0000000167 0.0000003739 
0.0000005572 0.0000000184 0.0000003693 
0.0000005562 0.0000000201 0.0000003646 
0.0000005552 0.0000000218 0.0000003600 
0.0000005542 0.0000000235 0.0000003554 
0.0000005533 0.0000000252 0.0000003509 
0.0000005521 0.0000000268 0.0000003462 
0.0000005509 0.0000000284 0.0000003416 
0.0000005498 0.0000000300 0.0000003371 
0.0000005487 0.0000000315 0.0000003326 
0.0000005477 0.0000000331 0.0000003282 
0.0000005466 0.0000000346 0.0000003238 
0.0000005456 0.0000000361 0.0000003194 
0.0000005446 0.0000000376 0.0000003151 
0.0000005436 0.0000000391 0.0000003109 
0.0000005426 0.0000000405 0.0000003066 
0.0000005416 0.0000000420 0.0000003024 
0.0000005406 0.0000000434 0.0000002982 
0.0000005397 0.0000000448 0.0000002941 
0.0000005388 0.0000000462 0.0000002900 
0.0000005380 0.0000000476 0.0000002860 
0.0000005371 0.0000000489 0.0000002820 
0.0000005363 0.0000000503 0.0000002780 
0.0000005355 0.0000000516 0.0000002740 
0.0000005348 0.0000000529 0.0000002701 
0.0000005340 0.0000000543 0.0000002663 
0.0000005333 0.0000000556 0.0000002624 
0.0000005326 0.0000000568 0.0000002586 
0.0000005319 0.0000000581 0.0000002548 
0.0000005312 0.0000000594 0.0000002510 
0.0000005305 0.0000000607 0.0000002473 
0.0000005299 0.0000000619 0.0000002436 
0.0000005292 0.0000000631 0.0000002399 
0.0000005286 0.0000000644 0.0000002362 
0.0000005280 0.0000000656 0.0000002326 
0.0000005274 0.0000000668 0.0000002289 
0.0000005268 0.0000000680 0.0000002253 
0.0000005262 0.0000000692 0.0000002218 
0.0000005256 0.0000000704 0.0000002182 
0.0000005250 0.0000000716 0.0000002147 
0.0000005245 0.0000000727 0.0000002112 
0.0000005239 0.0000000739 0.0000002077 
0.0000005234 0.0000000750 0.0000002042 
0.0000005229 0.0000000762 0.0000002008 
0.0000005224 0.0000000773 0.0000001974 
0.0000005219 0.0000000784 0.0000001940 
0.0000005215 0.0000000795 0.0000001906 
0.0000005210 0.0000000806 0.0000001872 
0.0000005206 0.0000000817 0.0000001839 
0.0000005202 0.0000000828 0.0000001806 
0.0000005198 0.0000000838 0.0000001772 
0.0000005194 0.0000000849 0.0000001740 
0.0000005190 0.0000000859 0.0000001707 
0.0000005187 0.0000000870 0.0000001674 
0.0000005183 0.0000000880 0.0000001642 
0.0000005180 0.0000000890 0.0000001610 
0.0000005176 0.0000000900 0.0000001578 
0.0000005173 0.0000000910 0.0000001546 
0.0000005170 0.0000000920 0.0000001514 
0.0000005167 0.0000000930 0.0000001483 
0.0000005163 0.0000000939 0.0000001451 
0.0000005160 0.0000000949 0.0000001420 
0.0000005156 0.0000000958 0.0000001389 
0.0000005153 0.0000000967 0.0000001358 
0.0000005149 0.0000000976 0.0000001328 
0.0000005145 0.0000000986 0.0000001297 
0.0000005141 0.0000000995 0.0000001267 
0.0000005136 0.0000001004 0.0000001237 
0.0000005132 0.0000001013 0.0000001207 
0.0000005128 0.0000001021 0.0000001178 
0.0000005124 0.0000001030 0.0000001149 
0.0000005120 0.0000001039 0.0000001120 
0.0000005116 0.0000001048 0.0000001092 
0.0000005112 0.0000001056 0.0000001064 
0.0000005108 0.0000001064 0.0000001036 
0.0000005104 0.0000001073 0.0000001008 
0.0000005099 0.0000001081 0.0000000981 
0.0000005095 0.0000001090 0.0000000954 
0.0000005091 0.0000001098 0.0000000927 
0.0000005087 0.0000001106 0.0000000901 
0.0000005082 0.0000001115 0.0000000875 
0.0000005077 0.0000001123 0.0000000849 
0.0000005073 0.0000001131 0.0000000824 
0.0000005068 0.0000001140 0.0000000799 
0.0000005063 0.0000001148 0.0000000774 
0.0000005058 0.0000001156 0.0000000749 
0.0000005053 0.0000001164 0.0000000725 
0.0000005049 0.0000001172 0.0000000702 
0.0000005044 0.0000001180 0.0000000678 
0.0000005040 0.0000001188 0.0000000655 
0.0000005035 0.0000001196 0.0000000632 
0.0000005031 0.0000001204 0.0000000610 
0.0000005026 0.0000001212 0.0000000588 
0.0000005022 0.0000001220 0.0000000566 
0.0000005018 0.0000001227 0.0000000545 
0.0000005013 0.0000001235 0.0000000524 
0.0000005009 0.0000001243 0.0000000504 
0.0000005005 0.0000001251 0.0000000484 
0.0000005001 0.0000001259 0.0000000464 
0.0000004997 0.0000001266 0.0000000445 
0.0000004994 0.0000001274 0.0000000426 
0.0000004990 0.0000001282 0.0000000408 
0.0000004987 0.0000001290 0.0000000390 
0.0000004983 0.0000001298 0.0000000373 
0.0000004981 0.0000001305 0.0000000357 
0.0000004981 0.0000001305 0.0000000357 
0.0000004981 0.0000001305 0.0000000357 
0.0000004981 0.0000001305 0.0000000357 
0.0000004981 0.0000001305 0.0000000357 
0.0000004980 0.0000001313 0.0000000347 
0.0000004980 0.0000001313 0.0000000347 
0.0000004980 0.0000001313 0.0000000347 
0.0000004980 0.0000001313 0.0000000347 
0.0000004980 0.0000001313 0.0000000347 
0.0000004987 0.0000001323 0.0000000352 
0.0000004993 0.0000001332 0.0000000360 
0.0000004999 0.0000001341 0.0000000368 
0.0000005005 0.0000001350 0.0000000377 
0.0000005010 0.0000001360 0.0000000385 
0.0000005014 0.0000001370 0.0000000394 
0.0000005019 0.0000001380 0.0000000402 
0.0000005023 0.0000001390 0.0000000411 
0.0000005027 0.0000001400 0.0000000420 
0.0000005031 0.0000001410 0.0000000428 
0.0000005034 0.0000001421 0.0000000437 
0.0000005038 0.0000001431 0.0000000446 
0.0000005041 0.0000001441 0.0000000455 
0.0000005045 0.0000001451 0.0000000464 
0.0000005048 0.0000001461 0.0000000473 
0.0000005051 0.0000001471 0.0000000482 
0.0000005055 0.0000001481 0.0000000491 
0.0000005058 0.0000001490 0.0000000500 
0.0000005061 0.0000001499 0.0000000509 
0.0000005063 0.0000001508 0.0000000518 
0.0000005066 0.0000001518 0.0000000527 
0.0000005069 0.0000001527 0.0000000536 
0.0000005072 0.0000001535 0.0000000544 
0.0000005075 0.0000001544 0.0000000553 
0.0000005077 0.0000001553 0.0000000561 
0.0000005080 0.0000001561 0.0000000569 
0.0000005083 0.0000001569 0.0000000578 
0.0000005085 0.0000001578 0.0000000585 
0.0000005088 0.0000001586 0.0000000593 
0.0000005091 0.0000001594 0.0000000601 
0.0000005093 0.0000001601 0.0000000608 
0.0000005096 0.0000001609 0.0000000615 
0.0000005098 0.0000001617 0.0000000622 
0.0000005101 0.0000001624 0.0000000629 
0.0000005103 0.0000001632 0.0000000636 
0.0000005106 0.0000001639 0.0000000642 
0.0000005108 0.0000001646 0.0000000648 
0.0000005110 0.0000001653 0.0000000654 
0.0000005113 0.0000001660 0.0000000659 
0.0000005115 0.0000001667 0.0000000665 
0.0000005117 0.0000001674 0.0000000670 
0.0000005119 0.0000001681 0.0000000674 
0.0000005120 0.0000001687 0.0000000679 
0.0000005122 0.0000001694 0.0000000683 
0.0000005124 0.0000001700 0.0000000687 
0.0000005125 0.0000001707 0.0000000691 
0.0000005127 0.0000001713 0.0000000694 
0.0000005128 0.0000001719 0.0000000697 
0.0000005129 0.0000001725 0.0000000700 
0.0000005131 0.0000001731 0.0000000703 
0.0000005132 0.0000001737 0.0000000706 
0.0000005133 0.0000001743 0.0000000708 
0.0000005133 0.0000001748 0.0000000710 
0.0000005134 0.0000001754 0.0000000712 
0.0000005135 0.0000001760 0.0000000714 
0.0000005136 0.0000001765 0.0000000716 
0.0000005136 0.0000001771 0.0000000717 
0.0000005137 0.0000001776 0.0000000719 
0.0000005138 0.0000001782 0.0000000720 
0.0000005138 0.0000001787 0.0000000721 
0.0000005139 0.0000001792 0.0000000723 
0.0000005140 0.0000001797 0.0000000724 
0.0000005140 0.0000001803 0.0000000724 
0.0000005140 0.0000001808 0.0000000725 
0.0000005141 0.0000001813 0.0000000726 
0.0000005141 0.0000001818 0.0000000727 
0.0000005142 0.0000001823 0.0000000727 
0.0000005142 0.0000001827 0.0000000728 
0.0000005143 0.0000001832 0.0000000729 
0.0000005143 0.0000001837 0.0000000730 
0.0000005144 0.0000001842 0.0000000731 
0.0000005145 0.0000001847 0.0000000732 
0.0000005146 0.0000001851 0.0000000733 
0.0000005147 0.0000001856 0.0000000734 
0.0000005148 0.0000001861 0.0000000735 
0.0000005149 0.0000001865 0.0000000736 
0.0000005151 0.0000001870 0.0000000738 
0.0000005152 0.0000001874 0.0000000739 
0.0000005154 0.0000001879 0.0000000741 
0.0000005156 0.0000001883 0.0000000743 
0.0000005157 0.0000001887 0.0000000745 
0.0000005159 0.0000001892 0.0000000747 
0.0000005161 0.0000001896 0.0000000749 
0.0000005163 0.0000001900 0.0000000752 
0.0000005165 0.0000001905 0.0000000754 
0.0000005168 0.0000001909 0.0000000757 
0.0000005171 0.0000001913 0.0000000760 
0.0000005174 0.0000001917 0.0000000764 
0.0000005176 0.0000001921 0.0000000767 
0.0000005179 0.0000001926 0.0000000770 
0.0000005181 0.0000001930 0.0000000774 
0.0000005183 0.0000001934 0.0000000778 
0.0000005185 0.0000001938 0.0000000782 
0.0000005187 0.0000001943 0.0000000785 
0.0000005189 0.0000001947 0.0000000789 
0.0000005191 0.0000001951 0.0000000793 
0.0000005193 0.0000001955 0.0000000797 
0.0000005194 0.0000001960 0.0000000802 
0.0000005196 0.0000001964 0.0000000806 
0.0000005197 0.0000001968 0.0000000810 
0.0000005198 0.0000001972 0.0000000814 
0.0000005200 0.0000001977 0.0000000818 
0.0000005201 0.0000001981 0.0000000822 
0.0000005202 0.0000001985 0.0000000826 
0.0000005204 0.0000001989 0.0000000830 
0.0000005205 0.0000001993 0.0000000834 
0.0000005206 0.0000001997 0.0000000838 
0.0000005208 0.0000002001 0.0000000842 
0.0000005209 0.0000002005 0.0000000846 
0.0000005211 0.0000002009 0.0000000850 
0.0000005213 0.0000002013 0.0000000853 
0.0000005214 0.0000002016 0.0000000857 
0.0000005216 0.0000002020 0.0000000860 
0.0000005218 0.0000002023 0.0000000864 
0.0000005219 0.0000002027 0.0000000867 
0.0000005221 0.0000002030 0.0000000870 
0.0000005222 0.0000002034 0.0000000873 
0.0000005223 0.0000002038 0.0000000877 
0.0000005224 0.0000002041 0.0000000880 
0.0000005225 0.0000002045 0.0000000882 
0.0000005225 0.0000002048 0.0000000885 
0.0000005226 0.0000002052 0.0000000888 
0.0000005226 0.0000002055 0.0000000891 
0.0000005227 0.0000002059 0.0000000894 
0.0000005227 0.0000002062 0.0000000896 
0.0000005227 0.0000002066 0.0000000899 
0.0000005227 0.0000002069 0.0000000902 
0.0000005227 0.0000002073 0.0000000904 
0.0000005227 0.0000002077 0.0000000907 
0.0000005227 0.0000002080 0.0000000909 
0.0000005227 0.0000002083 0.0000000911 
0.0000005227 0.0000002087 0.0000000913 
0.0000005226 0.0000002090 0.0000000915 
0.0000005226 0.0000002093 0.0000000917 
0.0000005226 0.0000002096 0.0000000919 
0.0000005226 0.0000002100 0.0000000921 
0.0000005226 0.0000002103 0.0000000923 
0.0000005226 0.0000002106 0.0000000925 
0.0000005226 0.0000002109 0.0000000927 
0.0000005227 0.0000002112 0.0000000929 
0.0000005227 0.0000002115 0.0000000930 
0.0000005227 0.0000002118 0.0000000932 
0.0000005228 0.0000002121 0.0000000934 
0.0000005228 0.0000002124 0.0000000935 
0.0000005229 0.0000002127 0.0000000937 
0.0000005230 0.0000002130 0.0000000938 
0.0000005231 0.0000002132 0.0000000940 
0.0000005232 0.0000002135 0.0000000941 
0.0000005234 0.0000002138 0.0000000942 
0.0000005235 0.0000002140 0.0000000944 
0.0000005237 0.0000002143 0.0000000945 
0.0000005239 0.0000002146 0.0000000947 
0.0000005241 0.0000002148 0.0000000948 
0.0000005244 0.0000002151 0.0000000949 
0.0000005246 0.0000002154 0.0000000951 
0.0000005248 0.0000002156 0.0000000952 
0.0000005250 0.0000002159 0.0000000954 
0.0000005253 0.0000002161 0.0000000955 
0.0000005255 0.0000002164 0.0000000957 
0.0000005257 0.0000002166 0.0000000958 
0.0000005260 0.0000002169 0.0000000960 
0.0000005262 0.0000002171 0.0000000961 
0.0000005265 0.0000002174 0.0000000963 
0.0000005268 0.0000002176 0.0000000965 
0.0000005270 0.0000002179 0.0000000967 
0.0000005273 0.0000002182 0.0000000969 
0.0000005275 0.0000002184 0.0000000971 
0.0000005278 0.0000002187 0.0000000973 
0.0000005281 0.0000002189 0.0000000975 
0.0000005283 0.0000002191 0.0000000977 
0.0000005286 0.0000002194 0.0000000979 
0.0000005289 0.0000002196 0.0000000981 
0.0000005292 0.0000002199 0.0000000983 
0.0000005295 0.0000002201 0.0000000986 
0.0000005298 0.0000002203 0.0000000988 
0.0000005301 0.0000002205 0.0000000990 
0.0000005305 0.0000002207 0.0000000993 
0.0000005308 0.0000002209 0.0000000995 
0.0000005311 0.0000002211 0.0000000997 
0.0000005314 0.0000002212 0.0000001000 
0.0000005317 0.0000002214 0.0000001002 
0.0000005320 0.0000002216 0.0000001004 
0.0000005322 0.0000002217 0.0000001007 
0.0000005325 0.0000002219 0.0000001009 
0.0000005326 0.0000002220 0.0000001012 
0.0000005328 0.0000002222 0.0000001014 
0.0000005329 0.0000002223 0.0000001016 
0.0000005330 0.0000002225 0.0000001018 
0.0000005331 0.0000002226 0.0000001021 
0.0000005331 0.0000002227 0.0000001023 
0.0000005332 0.0000002229 0.0000001025 
0.0000005332 0.0000002230 0.0000001027 
0.0000005331 0.0000002231 0.0000001029 
0.0000005331 0.0000002232 0.0000001031 
0.0000005330 0.0000002233 0.0000001033 
0.0000005330 0.0000002234 0.0000001034 
0.0000005329 0.0000002235 0.0000001036 
0.0000005328 0.0000002236 0.0000001037 
0.0000005327 0.0000002237 0.0000001039 
0.0000005325 0.0000002238 0.0000001040 
0.0000005323 0.0000002238 0.0000001041 
0.0000005321 0.0000002239 0.0000001042 
0.0000005319 0.0000002240 0.0000001044 
0.0000005317 0.0000002240 0.0000001044 
0.0000005315 0.0000002241 0.0000001045 
0.0000005312 0.0000002241 0.0000001046 
0.0000005309 0.0000002242 0.0000001047 
0.0000005306 0.0000002242 0.0000001047 
0.0000005303 0.0000002243 0.0000001048 
0.0000005300 0.0000002243 0.0000001048 
0.0000005297 0.0000002243 0.0000001049 
0.0000005293 0.0000002243 0.0000001049 
0.0000005290 0.0000002243 0.0000001049 
0.0000005286 0.0000002244 0.0000001049 
0.0000005282 0.0000002244 0.0000001050 
0.0000005279 0.0000002244 0.0000001050 
0.0000005275 0.0000002244 0.0000001050 
0.0000005271 0.0000002244 0.0000001050 
0.0000005267 0.0000002244 0.0000001050 
0.0000005262 0.0000002244 0.0000001050 
0.0000005258 0.0000002244 0.0000001050 
0.0000005254 0.0000002243 0.0000001050 
0.0000005249 0.0000002243 0.0000001050 
0.0000005245 0.0000002243 0.0000001050 
0.0000005240 0.0000002243 0.0000001050 
0.0000005235 0.0000002243 0.0000001050 
0.0000005231 0.0000002243 0.0000001050 
0.0000005226 0.0000002242 0.0000001050 
0.0000005221 0.0000002242 0.0000001050 
0.0000005216 0.0000002242 0.0000001050 
0.0000005211 0.0000002242 0.0000001050 
0.0000005206 0.0000002241 0.0000001050 
0.0000005201 0.0000002241 0.0000001050 
0.0000005196 0.0000002241 0.0000001050 
0.0000005190 0.0000002240 0.0000001050 
0.0000005185 0.0000002240 0.0000001051 
0.0000005180 0.0000002240 0.0000001051 
0.0000005175 0.0000002239 0.0000001051 
0.0000005170 0.0000002239 0.0000001051 
0.0000005165 0.0000002238 0.0000001052 
0.0000005159 0.0000002237 0.0000001052 
0.0000005154 0.0000002237 0.0000001053 
0.0000005149 0.0000002236 0.0000001053 
0.0000005143 0.0000002235 0.0000001053 
0.0000005138 0.0000002235 0.0000001054 
0.0000005132 0.0000002234 0.0000001055 
0.0000005126 0.0000002233 0.0000001055 
0.0000005121 0.0000002233 0.0000001056 
0.0000005115 0.0000002232 0.0000001057 
0.0000005109 0.0000002231 0.0000001057 
0.0000005103 0.0000002231 0.0000001058 
0.0000005097 0.0000002230 0.0000001059 
0.0000005091 0.0000002229 0.0000001060 
0.0000005085 0.0000002229 0.0000001061 
0.0000005078 0.0000002228 0.0000001062 
0.0000005072 0.0000002227 0.0000001063 
0.0000005066 0.0000002226 0.0000001064 
0.0000005060 0.0000002226 0.0000001065 
0.0000005053 0.0000002225 0.0000001066 
0.0000005047 0.0000002224 0.0000001067 
0.0000005041 0.0000002224 0.0000001068 
0.0000005034 0.0000002223 0.0000001069 
0.0000005028 0.0000002222 0.0000001070 
0.0000005022 0.0000002222 0.0000001072 
0.0000005015 0.0000002221 0.0000001073 
0.0000005009 0.0000002220 0.0000001074 
0.0000005003 0.0000002220 0.0000001075 
0.0000004996 0.0000002219 0.0000001076 
0.0000004990 0.0000002218 0.0000001077 
0.0000004983 0.0000002217 0.0000001078 
0.0000004977 0.0000002217 0.0000001080 
0.0000004970 0.0000002216 0.0000001081 
0.0000004964 0.0000002215 0.0000001082 
0.0000004957 0.0000002215 0.0000001083 
0.0000004950 0.0000002214 0.0000001084 
0.0000004944 0.0000002213 0.0000001085 
0.0000004937 0.0000002213 0.0000001086 
0.0000004930 0.0000002212 0.0000001087 
0.0000004922 0.0000002211 0.0000001089 
0.0000004915 0.0000002210 0.0000001090 
0.0000004907 0.0000002210 0.0000001091 
0.0000004899 0.0000002209 0.0000001092 
0.0000004891 0.0000002208 0.0000001093 
0.0000004883 0.0000002207 0.0000001094 
0.0000004874 0.0000002206 0.0000001095 
0.0000004866 0.0000002206 0.0000001096 
0.0000004857 0.0000002205 0.0000001096 
0.0000004849 0.0000002204 0.0000001097 
0.0000004840 0.0000002203 0.0000001098 
0.0000004831 0.0000002202 0.0000001099 
0.0000004822 0.0000002201 0.0000001100 
0.0000004813 0.0000002200 0.0000001101 
0.0000004804 0.0000002200 0.0000001101 
0.0000004795 0.0000002199 0.0000001102 
0.0000004785 0.0000002198 0.0000001103 
0.0000004776 0.0000002197 0.0000001103 
0.0000004766 0.0000002196 0.0000001104 
0.0000004756 0.0000002195 0.0000001105 
0.0000004747 0.0000002194 0.0000001105 
0.0000004737 0.0000002193 0.0000001106 
0.0000004727 0.0000002191 0.0000001106 
0.0000004717 0.0000002190 0.0000001106 
0.0000004707 0.0000002189 0.0000001107 
0.0000004697 0.0000002188 0.0000001107 
0.0000004686 0.0000002187 0.0000001108 
0.0000004676 0.0000002186 0.0000001108 
0.0000004666 0.0000002185 0.0000001108 
0.0000004656 0.0000002183 0.0000001108 
0.0000004646 0.0000002182 0.0000001109 
0.0000004635 0.0000002181 0.0000001109 
0.0000004625 0.0000002180 0.0000001109 
0.0000004615 0.0000002179 0.0000001110 
0.0000004605 0.0000002177 0.0000001110 
0.0000004595 0.0000002176 0.0000001110 
0.0000004585 0.0000002175 0.0000001111 
0.0000004574 0.0000002174 0.0000001111 
0.0000004564 0.0000002172 0.0000001111 
0.0000004554 0.0000002171 0.0000001112 
0.0000004545 0.0000002170 0.0000001112 
0.0000004535 0.0000002169 0.0000001112 
0.0000004525 0.0000002167 0.0000001113 
0.0000004515 0.0000002166 0.0000001113 
0.0000004506 0.0000002165 0.0000001114 
0.0000004496 0.0000002163 0.0000001114 
0.0000004486 0.0000002162 0.0000001115 
0.0000004477 0.0000002160 0.0000001115 
0.0000004468 0.0000002159 0.0000001116 
0.0000004459 0.0000002158 0.0000001117 
0.0000004450 0.0000002156 0.0000001117 
0.0000004441 0.0000002155 0.0000001118 
0.0000004432 0.0000002154 0.0000001119 
0.0000004423 0.0000002152 0.0000001120 
0.0000004414 0.0000002151 0.0000001121 
0.0000004406 0.0000002149 0.0000001122 
0.0000004397 0.0000002148 0.0000001123 
0.0000004389 0.0000002147 0.0000001124 
0.0000004381 0.0000002145 0.0000001125 
0.0000004372 0.0000002144 0.0000001126 
0.0000004364 0.0000002143 0.0000001127 
0.0000004356 0.0000002141 0.0000001128 
0.0000004348 0.0000002140 0.0000001129 
0.0000004340 0.0000002139 0.0000001130 
0.0000004332 0.0000002137 0.0000001131 
0.0000004324 0.0000002136 0.0000001133 
0.0000004316 0.0000002135 0.0000001134 
0.0000004309 0.0000002133 0.0000001135 
0.0000004301 0.0000002132 0.0000001136 
0.0000004293 0.0000002130 0.0000001137 
0.0000004285 0.0000002129 0.0000001138 
0.0000004277 0.0000002127 0.0000001139 
0.0000004269 0.0000002126 0.0000001140 
0.0000004261 0.0000002125 0.0000001140 
0.0000004253 0.0000002123 0.0000001141 
0.0000004246 0.0000002122 0.0000001142 
0.0000004238 0.0000002120 0.0000001143 
0.0000004230 0.0000002119 0.0000001144 
0.0000004222 0.0000002117 0.0000001144 
0.0000004215 0.0000002116 0.0000001145 
0.0000004207 0.0000002114 0.0000001145 
0.0000004199 0.0000002113 0.0000001146 
0.0000004191 0.0000002111 0.0000001146 
0.0000004184 0.0000002110 0.0000001146 
0.0000004176 0.0000002108 0.0000001147 
0.0000004169 0.0000002107 0.0000001147 
0.0000004161 0.0000002105 0.0000001147 
0.0000004154 0.0000002104 0.0000001147 
0.0000004146 0.0000002102 0.0000001147 
0.0000004139 0.0000002101 0.0000001147 
0.0000004131 0.0000002099 0.0000001147 
0.0000004124 0.0000002098 0.0000001147 
0.0000004117 0.0000002096 0.0000001147 
0.0000004110 0.0000002095 0.0000001147 
0.0000004103 0.0000002093 0.0000001146 
0.0000004096 0.0000002092 0.0000001146 
0.0000004089 0.0000002090 0.0000001146 
0.0000004082 0.0000002089 0.0000001145 
0.0000004075 0.0000002087 0.0000001145 
0.0000004069 0.0000002086 0.0000001145 
0.0000004062 0.0000002085 0.0000001144 
0.0000004056 0.0000002083 0.0000001144 
0.0000004050 0.0000002082 0.0000001143 
0.0000004044 0.0000002081 0.0000001142 
0.0000004038 0.0000002079 0.0000001142 
0.0000004032 0.0000002078 0.0000001141 
0.0000004027 0.0000002077 0.0000001141 
0.0000004021 0.0000002075 0.0000001140 
0.0000004016 0.0000002074 0.0000001139 
0.0000004011 0.0000002073 0.0000001139 
0.0000004007 0.0000002072 0.0000001138 
0.0000004002 0.0000002071 0.0000001137 
0.0000003998 0.0000002070 0.0000001137 
0.0000003994 0.0000002069 0.0000001136 
0.0000003990 0.0000002068 0.0000001136 
0.0000003986 0.0000002067 0.0000001135 
0.0000003982 0.0000002067 0.0000001134 
0.0000003979 0.0000002066 0.0000001134 
0.0000003976 0.0000002065 0.0000001133 
0.0000003973 0.0000002064 0.0000001133 
0.0000003970 0.0000002064 0.0000001132 
0.0000003967 0.0000002063 0.0000001132 
0.0000003965 0.0000002062 0.0000001132 
0.0000003963 0.0000002062 0.0000001131 
0.0000003961 0.0000002061 0.0000001131 
0.0000003959 0.0000002061 0.0000001131 
0.0000003957 0.0000002060 0.0000001131 
0.0000003955 0.0000002060 0.0000001130 
0.0000003953 0.0000002059 0.0000001130 
0.0000003952 0.0000002059 0.0000001130 
0.0000003950 0.0000002058 0.0000001130 
0.0000003949 0.0000002058 0.0000001130 
0.0000003948 0.0000002058 0.0000001131 
0.0000003947 0.0000002057 0.0000001131 
0.0000003946 0.0000002057 0.0000001131 
0.0000003945 0.0000002057 0.0000001131 
0.0000003944 0.0000002056 0.0000001131 
0.0000003944 0.0000002056 0.0000001132 
0.0000003943 0.0000002056 0.0000001132 
0.0000003942 0.0000002055 0.0000001132 
0.0000003942 0.0000002055 0.0000001133 
0.0000003941 0.0000002055 0.0000001133 
0.0000003941 0.0000002055 0.0000001134 
0.0000003940 0.0000002055 0.0000001134 
0.0000003940 0.0000002054 0.0000001135 
0.0000003940 0.0000002054 0.0000001136 
0.0000003939 0.0000002054 0.0000001136 
0.0000003939 0.0000002054 0.0000001137 
0.0000003938 0.0000002053 0.0000001138 
0.0000003938 0.0000002053 0.0000001138 
0.0000003937 0.0000002053 0.0000001139 
0.0000003936 0.0000002052 0.0000001139 
0.0000003935 0.0000002052 0.0000001140 
0.0000003935 0.0000002051 0.0000001140 
0.0000003934 0.0000002051 0.0000001141 
0.0000003933 0.0000002050 0.0000001141 
0.0000003932 0.0000002050 0.0000001142 
0.0000003931 0.0000002049 0.0000001142 
0.0000003929 0.0000002048 0.0000001143 
0.0000003928 0.0000002048 0.0000001143 
0.0000003927 0.0000002047 0.0000001143 
0.0000003925 0.0000002046 0.0000001144 
0.0000003923 0.0000002045 0.0000001144 
0.0000003922 0.0000002045 0.0000001144 
0.0000003920 0.0000002044 0.0000001144 
0.0000003918 0.0000002043 0.0000001145 
0.0000003916 0.0000002042 0.0000001145 
0.0000003914 0.0000002041 0.0000001145 
0.0000003912 0.0000002040 0.0000001145 
0.0000003910 0.0000002040 0.0000001145 
0.0000003908 0.0000002039 0.0000001145 
0.0000003905 0.0000002038 0.0000001145 
0.0000003903 0.0000002037 0.0000001145 
0.0000003900 0.0000002036 0.0000001145 
0.0000003898 0.0000002035 0.0000001144 
0.0000003895 0.0000002033 0.0000001144 
0.0000003892 0.0000002032 0.0000001144 
0.0000003889 0.0000002031 0.0000001143 
0.0000003886 0.0000002030 0.0000001143 
0.0000003883 0.0000002029 0.0000001143 
0.0000003880 0.0000002027 0.0000001142 
0.0000003876 0.0000002026 0.0000001142 
0.0000003873 0.0000002025 0.0000001141 
0.0000003870 0.0000002024 0.0000001140 
0.0000003866 0.0000002022 0.0000001140 
0.0000003863 0.0000002021 0.0000001139 
0.0000003859 0.0000002020 0.0000001138 
0.0000003855 0.0000002018 0.0000001137 
0.0000003851 0.0000002017 0.0000001136 
0.0000003848 0.0000002016 0.0000001136 
0.0000003844 0.0000002014 0.0000001135 
0.0000003839 0.0000002013 0.0000001134 
0.0000003835 0.0000002011 0.0000001132 
0.0000003831 0.0000002010 0.0000001131 
0.0000003827 0.0000002008 0.0000001130 
0.0000003823 0.0000002007 0.0000001129 
0.0000003818 0.0000002006 0.0000001128 
0.0000003814 0.0000002004 0.0000001127 
0.0000003810 0.0000002003 0.0000001125 
0.0000003805 0.0000002001 0.0000001124 
0.0000003801 0.0000002000 0.0000001123 
0.0000003797 0.0000001999 0.0000001121 
0.0000003792 0.0000001997 0.0000001120 
0.0000003788 0.0000001996 0.0000001119 
0.0000003784 0.0000001995 0.0000001117 
0.0000003780 0.0000001993 0.0000001116 
0.0000003776 0.0000001992 0.0000001115 
0.0000003772 0.0000001991 0.0000001113 
0.0000003768 0.0000001990 0.0000001112 
0.0000003764 0.0000001988 0.0000001110 
0.0000003761 0.0000001987 0.0000001109 
0.0000003757 0.0000001986 0.0000001108 
0.0000003754 0.0000001985 0.0000001106 
0.0000003751 0.0000001985 0.0000001105 
0.0000003747 0.0000001984 0.0000001103 
0.0000003744 0.0000001983 0.0000001102 
0.0000003741 0.0000001982 0.0000001101 
0.0000003739 0.0000001982 0.0000001100 
0.0000003736 0.0000001981 0.0000001098 
0.0000003733 0.0000001981 0.0000001097 
0.0000003731 0.0000001981 0.0000001096 
0.0000003729 0.0000001981 0.0000001095 
0.0000003727 0.0000001980 0.0000001094 
0.0000003725 0.0000001981 0.0000001093 
0.0000003724 0.0000001981 0.0000001092 
0.0000003723 0.0000001981 0.0000001092 
0.0000003722 0.0000001982 0.0000001091 
0.0000003721 0.0000001982 0.0000001091 
0.0000003721 0.0000001983 0.0000001091 
0.0000003721 0.0000001984 0.0000001091 
0.0000003721 0.0000001985 0.0000001091 
0.0000003721 0.0000001986 0.0000001092 
0.0000003722 0.0000001987 0.0000001092 
0.0000003723 0.0000001988 0.0000001093 
0.0000003725 0.0000001989 0.0000001094 
0.0000003726 0.0000001991 0.0000001096 
0.0000003728 0.0000001992 0.0000001097 
0.0000003730 0.0000001994 0.0000001099 
0.0000003732 0.0000001996 0.0000001101 
0.0000003735 0.0000001998 0.0000001103 
0.0000003737 0.0000001999 0.0000001106 
0.0000003740 0.0000002001 0.0000001108 
0.0000003743 0.0000002003 0.0000001111 
0.0000003747 0.0000002005 0.0000001114 
0.0000003750 0.0000002007 0.0000001117 
0.0000003753 0.0000002009 0.0000001121 
0.0000003757 0.0000002011 0.0000001124 
0.0000003761 0.0000002013 0.0000001128 
0.0000003764 0.0000002015 0.0000001132 
0.0000003768 0.0000002017 0.0000001136 
0.0000003772 0.0000002019 0.0000001140 
0.0000003776 0.0000002021 0.0000001144 
0.0000003780 0.0000002023 0.0000001148 
0.0000003784 0.0000002024 0.0000001153 
0.0000003788 0.0000002026 0.0000001157 
0.0000003792 0.0000002028 0.0000001162 
0.0000003795 0.0000002030 0.0000001167 
0.0000003799 0.0000002031 0.0000001171 
0.0000003803 0.0000002033 0.0000001176 
0.0000003807 0.0000002035 0.0000001181 
0.0000003810 0.0000002036 0.0000001186 
0.0000003814 0.0000002038 0.0000001191 
0.0000003817 0.0000002039 0.0000001195 
0.0000003820 0.0000002041 0.0000001200 
0.0000003824 0.0000002042 0.0000001205 
0.0000003827 0.0000002043 0.0000001210 
0.0000003830 0.0000002044 0.0000001215 
0.0000003833 0.0000002045 0.0000001219 
0.0000003835 0.0000002046 0.0000001224 
0.0000003838 0.0000002047 0.0000001229 
0.0000003840 0.0000002048 0.0000001234 
0.0000003842 0.0000002049 0.0000001239 
0.0000003844 0.0000002049 0.0000001243 
0.0000003846 0.0000002050 0.0000001248 
0.0000003847 0.0000002050 0.0000001252 
0.0000003848 0.0000002050 0.0000001257 
0.0000003849 0.0000002051 0.0000001261 
0.0000003850 0.0000002051 0.0000001265 
0.0000003850 0.0000002051 0.0000001269 
0.0000003850 0.0000002051 0.0000001273 
0.0000003850 0.0000002050 0.0000001277 
0.0000003850 0.0000002050 0.0000001281 
0.0000003849 0.0000002050 0.0000001284 
0.0000003849 0.0000002049 0.0000001288 
0.0000003848 0.0000002049 0.0000001291 
0.0000003846 0.0000002048 0.0000001294 
0.0000003845 0.0000002048 0.0000001297 
0.0000003843 0.0000002047 0.0000001300 
0.0000003841 0.0000002046 0.0000001302 
0.0000003839 0.0000002045 0.0000001305 
0.0000003836 0.0000002044 0.0000001307 
0.0000003834 0.0000002043 0.0000001309 
0.0000003831 0.0000002042 0.0000001312 
0.0000003828 0.0000002041 0.0000001313 
0.0000003824 0.0000002039 0.0000001315 
0.0000003821 0.0000002038 0.0000001317 
0.0000003817 0.0000002036 0.0000001318 
0.0000003813 0.0000002035 0.0000001319 
0.0000003809 0.0000002033 0.0000001320 
0.0000003805 0.0000002032 0.0000001321 
0.0000003801 0.0000002030 0.0000001322 
0.0000003796 0.0000002028 0.0000001323 
0.0000003791 0.0000002026 0.0000001324 
0.0000003786 0.0000002024 0.0000001324 
0.0000003782 0.0000002022 0.0000001324 
0.0000003777 0.0000002020 0.0000001324 
0.0000003771 0.0000002018 0.0000001323 
0.0000003766 0.0000002016 0.0000001322 
0.0000003761 0.0000002014 0.0000001322 
0.0000003755 0.0000002012 0.0000001321 
0.0000003749 0.0000002010 0.0000001320 
0.0000003743 0.0000002008 0.0000001319 
0.0000003737 0.0000002006 0.0000001318 
0.0000003731 0.0000002003 0.0000001316 
0.0000003725 0.0000002001 0.0000001315 
0.0000003719 0.0000001998 0.0000001314 
0.0000003712 0.0000001996 0.0000001313 
0.0000003705 0.0000001993 0.0000001312 
0.0000003699 0.0000001990 0.0000001310 
0.0000003692 0.0000001987 0.0000001309 
0.0000003685 0.0000001984 0.0000001308 
0.0000003677 0.0000001981 0.0000001307 
0.0000003670 0.0000001978 0.0000001305 
0.0000003663 0.0000001975 0.0000001304 
0.0000003655 0.0000001972 0.0000001302 
0.0000003648 0.0000001969 0.0000001301 
0.0000003640 0.0000001965 0.0000001299 
0.0000003633 0.0000001962 0.0000001298 
0.0000003625 0.0000001959 0.0000001296 
0.0000003617 0.0000001955 0.0000001294 
0.0000003609 0.0000001952 0.0000001292 
0.0000003601 0.0000001948 0.0000001291 
0.0000003593 0.0000001945 0.0000001289 
0.0000003585 0.0000001941 0.0000001287 
0.0000003577 0.0000001938 0.0000001285 
0.0000003569 0.0000001934 0.0000001283 
0.0000003561 0.0000001931 0.0000001281 
0.0000003553 0.0000001927 0.0000001278 
0.0000003544 0.0000001923 0.0000001276 
0.0000003536 0.0000001920 0.0000001274 
0.0000003528 0.0000001916 0.0000001272 
0.0000003519 0.0000001912 0.0000001269 
0.0000003511 0.0000001908 0.0000001267 
0.0000003503 0.0000001905 0.0000001264 
0.0000003494 0.0000001901 0.0000001262 
0.0000003486 0.0000001897 0.0000001259 
0.0000003477 0.0000001893 0.0000001256 
0.0000003469 0.0000001889 0.0000001254 
0.0000003460 0.0000001885 0.0000001251 
0.0000003452 0.0000001881 0.0000001248 
0.0000003443 0.0000001878 0.0000001245 
0.0000003435 0.0000001874 0.0000001242 
0.0000003426 0.0000001870 0.0000001240 
0.0000003417 0.0000001866 0.0000001237 
0.0000003409 0.0000001862 0.0000001234 
0.0000003400 0.0000001858 0.0000001231 
0.0000003392 0.0000001854 0.0000001227 
0.0000003383 0.0000001850 0.0000001224 
0.0000003374 0.0000001846 0.0000001221 
0.0000003365 0.0000001842 0.0000001218 
0.0000003357 0.0000001838 0.0000001215 
0.0000003348 0.0000001834 0.0000001212 
0.0000003339 0.0000001830 0.0000001208 
0.0000003331 0.0000001826 0.0000001205 
0.0000003322 0.0000001822 0.0000001202 
0.0000003314 0.0000001818 0.0000001198 
0.0000003305 0.0000001814 0.0000001195 
0.0000003296 0.0000001810 0.0000001192 
0.0000003288 0.0000001806 0.0000001188 
0.0000003279 0.0000001802 0.0000001185 
0.0000003271 0.0000001798 0.0000001181 
0.0000003262 0.0000001794 0.0000001178 
0.0000003254 0.0000001790 0.0000001174 
0.0000003246 0.0000001786 0.0000001171 
0.0000003237 0.0000001782 0.0000001167 
0.0000003229 0.0000001778 0.0000001164 
0.0000003221 0.0000001774 0.0000001160 
0.0000003213 0.0000001770 0.0000001156 
0.0000003206 0.0000001766 0.0000001153 
0.0000003199 0.0000001763 0.0000001149 
0.0000003192 0.0000001759 0.0000001146 
0.0000003185 0.0000001755 0.0000001142 
0.0000003178 0.0000001752 0.0000001138 
0.0000003171 0.0000001748 0.0000001135 
0.0000003164 0.0000001745 0.0000001131 
0.0000003157 0.0000001741 0.0000001128 
0.0000003150 0.0000001737 0.0000001124 
0.0000003143 0.0000001734 0.0000001120 
0.0000003137 0.0000001730 0.0000001117 
0.0000003130 0.0000001727 0.0000001113 
0.0000003123 0.0000001723 0.0000001109 
0.0000003117 0.0000001719 0.0000001105 
0.0000003110 0.0000001716 0.0000001102 
0.0000003104 0.0000001712 0.0000001098 
0.0000003097 0.0000001709 0.0000001094 
0.0000003091 0.0000001705 0.0000001091 
0.0000003084 0.0000001701 0.0000001087 
0.0000003078 0.0000001698 0.0000001083 
0.0000003072 0.0000001694 0.0000001080 
0.0000003066 0.0000001691 0.0000001076 
0.0000003059 0.0000001687 0.0000001072 
0.0000003053 0.0000001683 0.0000001069 
0.0000003047 0.0000001680 0.0000001065 
0.0000003041 0.0000001676 0.0000001062 
0.0000003035 0.0000001672 0.0000001058 
0.0000003029 0.0000001669 0.0000001054 
0.0000003024 0.0000001665 0.0000001051 
0.0000003018 0.0000001661 0.0000001047 
0.0000003012 0.0000001657 0.0000001044 
0.0000003007 0.0000001654 0.0000001040 
0.0000003002 0.0000001650 0.0000001037 
0.0000002997 0.0000001646 0.0000001033 
0.0000002992 0.0000001643 0.0000001029 
0.0000002987 0.0000001639 0.0000001026 
0.0000002983 0.0000001635 0.0000001022 
0.0000002978 0.0000001632 0.0000001019 
0.0000002974 0.0000001628 0.0000001016 
0.0000002969 0.0000001624 0.0000001012 
0.0000002965 0.0000001621 0.0000001009 
0.0000002960 0.0000001617 0.0000001005 
0.0000002956 0.0000001614 0.0000001002 
0.0000002952 0.0000001610 0.0000000999 
0.0000002947 0.0000001606 0.0000000995 
0.0000002943 0.0000001603 0.0000000992 
0.0000002939 0.0000001599 0.0000000989 
0.0000002935 0.0000001596 0.0000000986 
0.0000002930 0.0000001592 0.0000000983 
0.0000002926 0.0000001588 0.0000000979 
0.0000002922 0.0000001585 0.0000000976 
0.0000002918 0.0000001581 0.0000000973 
0.0000002914 0.0000001578 0.0000000970 
0.0000002910 0.0000001574 0.0000000967 
0.0000002905 0.0000001571 0.0000000964 
0.0000002901 0.0000001567 0.0000000961 
0.0000002897 0.0000001563 0.0000000958 
0.0000002893 0.0000001560 0.0000000955 
0.0000002889 0.0000001556 0.0000000952 
0.0000002885 0.0000001553 0.0000000949 
0.0000002881 0.0000001549 0.0000000946 
0.0000002877 0.0000001546 0.0000000943 
0.0000002872 0.0000001542 0.0000000940 
0.0000002868 0.0000001539 0.0000000937 
