0.0000018116 -0.0000012659 0.0000022127 
0.0000022205 -0.0000005912 0.0000005013 
0.0000022823 -0.0000004851 0.0000001455 
0.0000022872 -0.0000004756 0.0000001002 
0.0000022872 -0.0000004756 0.0000001002 
0.0000022872 -0.0000004756 0.0000001002 
0.0000022872 -0.0000004756 0.0000001002 
0.0000022872 -0.0000004756 0.0000001002 
0.0000022872 -0.0000004756 0.0000001002 
0.0000022872 -0.0000004756 0.0000001002 
0.0000022872 -0.0000004756 0.0000001002 
0.0000022872 -0.0000004756 0.0000001002 
0.0000022872 -0.0000004756 0.0000001002 
0.0000022872 -0.0000004756 0.0000001002 
0.0000022872 -0.0000004756 0.0000001002 
0.0000022872 -0.0000004756 0.0000001002 
0.0000022872 -0.0000004756 0.0000001002 
0.0000022872 -0.0000004756 0.0000001002 
0.0000022872 -0.0000004756 0.0000001002 
0.0000022872 -0.0000004756 0.0000001002 
0.0000022872 -0.0000004756 0.0000001002 
0.0000022872 -0.0000004756 0.0000001002 
0.0000022872 -0.0000004756 0.0000001002 
0.0000022872 -0.0000004756 0.0000001002 
0.0000022872 -0.0000004756 0.0000001002 
0.0000022872 -0.0000004756 0.0000001002 
0.0000022872 -0.0000004756 0.0000001002 
0.0000022872 -0.0000004756 0.0000001002 
0.0000022872 -0.0000004756 0.0000001002 
0.0000022872 -0.0000004756 0.0000001002 
0.0000022872 -0.0000004756 0.0000001002 
0.0000022872 -0.0000004756 0.0000001002 
0.0000022872 -0.0000004756 0.0000001002 
0.0000022872 -0.0000004756 0.0000001002 
0.0000022872 -0.0000004756 0.0000001002 
0.0000022872 -0.0000004756 0.0000001002 
0.0000022872 -0.0000004756 0.0000001002 
0.0000022872 -0.0000004756 0.0000001002 
0.0000022872 -0.0000004756 0.0000001002 
0.0000022787 -0.0000004809 0.0000001016 
0.0000022787 -0.0000004809 0.0000001016 
0.0000022787 -0.0000004809 0.0000001016 
0.0000022787 -0.0000004809 0.0000001016 
0.0000022787 -0.0000004809 0.0000001016 
0.0000022701 -0.0000004864 0.0000001043 
0.0000022439 -0.0000005028 0.0000001127 
0.0000022264 -0.0000005138 0.0000001186 
0.0000022087 -0.0000005248 0.0000001247 
0.0000021908 -0.0000005358 0.0000001311 
0.0000021908 -0.0000005358 0.0000001311 
0.0000021817 -0.0000005414 0.0000001344 
0.0000021543 -0.0000005581 0.0000001446 
0.0000021450 -0.0000005637 0.0000001481 
0.0000021450 -0.0000005637 0.0000001481 
0.0000021261 -0.0000005749 0.0000001555 
0.0000021261 -0.0000005749 0.0000001555 
0.0000021261 -0.0000005749 0.0000001555 
0.0000021164 -0.0000005806 0.0000001593 
0.0000021164 -0.0000005806 0.0000001593 
0.0000021065 -0.0000005863 0.0000001632 
0.0000020965 -0.0000005920 0.0000001672 
0.0000020965 -0.0000005920 0.0000001672 
0.0000020965 -0.0000005920 0.0000001672 
0.0000020863 -0.0000005978 0.0000001713 
0.0000020760 -0.0000006036 0.0000001755 
0.0000020760 -0.0000006036 0.0000001755 
0.0000020760 -0.0000006036 0.0000001755 
0.0000020654 -0.0000006093 0.0000001798 
0.0000020654 -0.0000006093 0.0000001798 
0.0000020548 -0.0000006151 0.0000001841 
0.0000020441 -0.0000006208 0.0000001886 
0.0000020441 -0.0000006208 0.0000001886 
0.0000020333 -0.0000006266 0.0000001932 
0.0000020225 -0.0000006325 0.0000001978 
0.0000020116 -0.0000006383 0.0000002026 
0.0000020007 -0.0000006442 0.0000002074 
0.0000019897 -0.0000006500 0.0000002124 
0.0000019677 -0.0000006618 0.0000002226 
0.0000019677 -0.0000006618 0.0000002226 
0.0000019453 -0.0000006736 0.0000002333 
0.0000019341 -0.0000006795 0.0000002388 
0.0000019116 -0.0000006912 0.0000002500 
0.0000019003 -0.0000006971 0.0000002558 
0.0000018889 -0.0000007029 0.0000002616 
0.0000018889 -0.0000007029 0.0000002616 
0.0000018659 -0.0000007146 0.0000002738 
0.0000018659 -0.0000007146 0.0000002738 
0.0000018543 -0.0000007205 0.0000002800 
0.0000018426 -0.0000007263 0.0000002864 
0.0000018309 -0.0000007322 0.0000002929 
0.0000018191 -0.0000007380 0.0000002995 
0.0000018073 -0.0000007439 0.0000003062 
0.0000018073 -0.0000007439 0.0000003062 
0.0000018073 -0.0000007439 0.0000003062 
0.0000017952 -0.0000007497 0.0000003132 
0.0000017831 -0.0000007556 0.0000003203 
0.0000017708 -0.0000007615 0.0000003275 
0.0000017708 -0.0000007615 0.0000003275 
0.0000017584 -0.0000007675 0.0000003350 
0.0000017584 -0.0000007675 0.0000003350 
0.0000017459 -0.0000007735 0.0000003427 
0.0000017332 -0.0000007795 0.0000003506 
0.0000017332 -0.0000007795 0.0000003506 
0.0000017205 -0.0000007855 0.0000003587 
0.0000017077 -0.0000007916 0.0000003669 
0.0000017077 -0.0000007916 0.0000003669 
0.0000016948 -0.0000007976 0.0000003754 
0.0000016819 -0.0000008036 0.0000003841 
0.0000016690 -0.0000008096 0.0000003928 
0.0000016690 -0.0000008096 0.0000003928 
0.0000016560 -0.0000008156 0.0000004018 
0.0000016560 -0.0000008156 0.0000004018 
0.0000016429 -0.0000008216 0.0000004110 
0.0000016299 -0.0000008276 0.0000004203 
0.0000016169 -0.0000008335 0.0000004297 
0.0000016169 -0.0000008335 0.0000004297 
0.0000016039 -0.0000008395 0.0000004394 
0.0000016039 -0.0000008395 0.0000004394 
0.0000016039 -0.0000008395 0.0000004394 
0.0000015908 -0.0000008453 0.0000004493 
0.0000015908 -0.0000008453 0.0000004493 
0.0000015908 -0.0000008453 0.0000004493 
0.0000015908 -0.0000008453 0.0000004493 
0.0000015908 -0.0000008453 0.0000004493 
0.0000015908 -0.0000008453 0.0000004493 
0.0000015908 -0.0000008453 0.0000004493 
0.0000015908 -0.0000008453 0.0000004493 
0.0000015908 -0.0000008453 0.0000004493 
0.0000015908 -0.0000008453 0.0000004493 
0.0000015908 -0.0000008453 0.0000004493 
0.0000015908 -0.0000008453 0.0000004493 
0.0000015908 -0.0000008453 0.0000004493 
0.0000015908 -0.0000008453 0.0000004493 
0.0000015908 -0.0000008453 0.0000004493 
0.0000015908 -0.0000008453 0.0000004493 
0.0000015908 -0.0000008453 0.0000004493 
0.0000015908 -0.0000008453 0.0000004493 
0.0000015908 -0.0000008453 0.0000004493 
0.0000015908 -0.0000008453 0.0000004493 
0.0000015908 -0.0000008453 0.0000004493 
0.0000015908 -0.0000008453 0.0000004493 
0.0000015908 -0.0000008453 0.0000004493 
0.0000015908 -0.0000008453 0.0000004493 
0.0000015908 -0.0000008453 0.0000004493 
0.0000015908 -0.0000008453 0.0000004493 
0.0000015908 -0.0000008453 0.0000004493 
0.0000015908 -0.0000008453 0.0000004493 
0.0000015908 -0.0000008453 0.0000004493 
0.0000015908 -0.0000008453 0.0000004493 
0.0000015908 -0.0000008453 0.0000004493 
0.0000015908 -0.0000008453 0.0000004493 
0.0000015908 -0.0000008453 0.0000004493 
0.0000015908 -0.0000008453 0.0000004493 
0.0000015908 -0.0000008453 0.0000004493 
0.0000015908 -0.0000008453 0.0000004493 
0.0000015908 -0.0000008453 0.0000004493 
0.0000015908 -0.0000008453 0.0000004493 
0.0000015908 -0.0000008453 0.0000004493 
0.0000015908 -0.0000008453 0.0000004493 
0.0000015908 -0.0000008453 0.0000004493 
0.0000015908 -0.0000008453 0.0000004493 
0.0000015908 -0.0000008453 0.0000004493 
0.0000015908 -0.0000008453 0.0000004493 
0.0000015908 -0.0000008453 0.0000004493 
0.0000015908 -0.0000008453 0.0000004493 
0.0000015908 -0.0000008453 0.0000004493 
0.0000015908 -0.0000008453 0.0000004493 
0.0000015908 -0.0000008453 0.0000004493 
0.0000015908 -0.0000008453 0.0000004493 
0.0000015908 -0.0000008453 0.0000004493 
0.0000015908 -0.0000008453 0.0000004493 
0.0000015908 -0.0000008453 0.0000004493 
0.0000015908 -0.0000008453 0.0000004493 
0.0000015908 -0.0000008453 0.0000004493 
0.0000015908 -0.0000008453 0.0000004493 
0.0000015908 -0.0000008453 0.0000004493 
0.0000015908 -0.0000008453 0.0000004493 
0.0000015908 -0.0000008453 0.0000004493 
0.0000015908 -0.0000008453 0.0000004493 
0.0000015908 -0.0000008453 0.0000004493 
0.0000015908 -0.0000008453 0.0000004493 
0.0000015908 -0.0000008453 0.0000004493 
0.0000015908 -0.0000008453 0.0000004493 
0.0000015908 -0.0000008453 0.0000004493 
0.0000015908 -0.0000008453 0.0000004493 
0.0000015908 -0.0000008453 0.0000004493 
0.0000015908 -0.0000008453 0.0000004493 
0.0000015908 -0.0000008453 0.0000004493 
0.0000015908 -0.0000008453 0.0000004493 
0.0000015908 -0.0000008453 0.0000004493 
0.0000015908 -0.0000008453 0.0000004493 
0.0000015908 -0.0000008453 0.0000004493 
0.0000015908 -0.0000008453 0.0000004493 
0.0000015908 -0.0000008453 0.0000004493 
0.0000015908 -0.0000008453 0.0000004493 
0.0000015908 -0.0000008453 0.0000004493 
0.0000015908 -0.0000008453 0.0000004493 
0.0000015908 -0.0000008453 0.0000004493 
0.0000015908 -0.0000008453 0.0000004493 
0.0000015908 -0.0000008453 0.0000004493 
0.0000015908 -0.0000008453 0.0000004493 
0.0000015908 -0.0000008453 0.0000004493 
0.0000015908 -0.0000008453 0.0000004493 
0.0000015908 -0.0000008453 0.0000004493 
0.0000015908 -0.0000008453 0.0000004493 
0.0000015908 -0.0000008453 0.0000004493 
0.0000015908 -0.0000008453 0.0000004493 
0.0000015908 -0.0000008453 0.0000004493 
0.0000015908 -0.0000008453 0.0000004493 
0.0000015908 -0.0000008453 0.0000004493 
0.0000015908 -0.0000008453 0.0000004493 
0.0000015908 -0.0000008453 0.0000004493 
0.0000015908 -0.0000008453 0.0000004493 
0.0000015908 -0.0000008453 0.0000004493 
0.0000015908 -0.0000008453 0.0000004493 
0.0000015908 -0.0000008453 0.0000004493 
0.0000015908 -0.0000008453 0.0000004493 
0.0000015908 -0.0000008453 0.0000004493 
0.0000015908 -0.0000008453 0.0000004493 
0.0000015908 -0.0000008453 0.0000004493 
0.0000015908 -0.0000008453 0.0000004493 
0.0000015908 -0.0000008453 0.0000004493 
0.0000015908 -0.0000008453 0.0000004493 
0.0000015908 -0.0000008453 0.0000004493 
0.0000015908 -0.0000008453 0.0000004493 
0.0000015908 -0.0000008453 0.0000004493 
0.0000015908 -0.0000008453 0.0000004493 
0.0000015908 -0.0000008453 0.0000004493 
0.0000015908 -0.0000008453 0.0000004493 
0.0000015908 -0.0000008453 0.0000004493 
0.0000015908 -0.0000008453 0.0000004493 
0.0000015908 -0.0000008453 0.0000004493 
0.0000015908 -0.0000008453 0.0000004493 
0.0000015908 -0.0000008453 0.0000004493 
0.0000015908 -0.0000008453 0.0000004493 
0.0000015908 -0.0000008453 0.0000004493 
0.0000015908 -0.0000008453 0.0000004493 
0.0000015908 -0.0000008453 0.0000004493 
0.0000015908 -0.0000008453 0.0000004493 
0.0000015908 -0.0000008453 0.0000004493 
0.0000015908 -0.0000008453 0.0000004493 
0.0000015908 -0.0000008453 0.0000004493 
0.0000015908 -0.0000008453 0.0000004493 
0.0000015908 -0.0000008453 0.0000004493 
0.0000015908 -0.0000008453 0.0000004493 
0.0000015908 -0.0000008453 0.0000004493 
0.0000015908 -0.0000008453 0.0000004493 
0.0000015908 -0.0000008453 0.0000004493 
0.0000015908 -0.0000008453 0.0000004493 
0.0000015908 -0.0000008453 0.0000004493 
0.0000015908 -0.0000008453 0.0000004493 
0.0000015908 -0.0000008453 0.0000004493 
0.0000015908 -0.0000008453 0.0000004493 
0.0000015908 -0.0000008453 0.0000004493 
0.0000015908 -0.0000008453 0.0000004493 
0.0000015908 -0.0000008453 0.0000004493 
0.0000015908 -0.0000008453 0.0000004493 
0.0000015908 -0.0000008453 0.0000004493 
0.0000015908 -0.0000008453 0.0000004493 
0.0000015908 -0.0000008453 0.0000004493 
0.0000015908 -0.0000008453 0.0000004493 
0.0000015908 -0.0000008453 0.0000004493 
0.0000015908 -0.0000008453 0.0000004493 
0.0000015908 -0.0000008453 0.0000004493 
0.0000015908 -0.0000008453 0.0000004493 
0.0000015908 -0.0000008453 0.0000004493 
0.0000015908 -0.0000008453 0.0000004493 
0.0000015908 -0.0000008453 0.0000004493 
0.0000015908 -0.0000008453 0.0000004493 
0.0000015908 -0.0000008453 0.0000004493 
0.0000015908 -0.0000008453 0.0000004493 
0.0000015908 -0.0000008453 0.0000004493 
0.0000015908 -0.0000008453 0.0000004493 
0.0000015908 -0.0000008453 0.0000004493 
0.0000015908 -0.0000008453 0.0000004493 
0.0000015908 -0.0000008453 0.0000004493 
0.0000015908 -0.0000008453 0.0000004493 
0.0000015908 -0.0000008453 0.0000004493 
0.0000015908 -0.0000008453 0.0000004493 
0.0000015908 -0.0000008453 0.0000004493 
0.0000015908 -0.0000008453 0.0000004493 
0.0000015908 -0.0000008453 0.0000004493 
0.0000015908 -0.0000008453 0.0000004493 
0.0000015908 -0.0000008453 0.0000004493 
0.0000015908 -0.0000008453 0.0000004493 
0.0000015908 -0.0000008453 0.0000004493 
0.0000015908 -0.0000008453 0.0000004493 
0.0000015908 -0.0000008453 0.0000004493 
0.0000015908 -0.0000008453 0.0000004493 
0.0000015908 -0.0000008453 0.0000004493 
0.0000015908 -0.0000008453 0.0000004493 
0.0000015908 -0.0000008453 0.0000004493 
0.0000015908 -0.0000008453 0.0000004493 
0.0000015908 -0.0000008453 0.0000004493 
0.0000015908 -0.0000008453 0.0000004493 
0.0000015908 -0.0000008453 0.0000004493 
0.0000015908 -0.0000008453 0.0000004493 
0.0000015908 -0.0000008453 0.0000004493 
0.0000015908 -0.0000008453 0.0000004493 
0.0000015908 -0.0000008453 0.0000004493 
0.0000015908 -0.0000008453 0.0000004493 
0.0000015908 -0.0000008453 0.0000004493 
0.0000015908 -0.0000008453 0.0000004493 
0.0000015908 -0.0000008453 0.0000004493 
0.0000015908 -0.0000008453 0.0000004493 
0.0000015908 -0.0000008453 0.0000004493 
0.0000015908 -0.0000008453 0.0000004493 
0.0000015908 -0.0000008453 0.0000004493 
0.0000015908 -0.0000008453 0.0000004493 
0.0000015908 -0.0000008453 0.0000004493 
0.0000015908 -0.0000008453 0.0000004493 
0.0000015908 -0.0000008453 0.0000004493 
0.0000015908 -0.0000008453 0.0000004493 
0.0000015908 -0.0000008453 0.0000004493 
0.0000015908 -0.0000008453 0.0000004493 
0.0000015908 -0.0000008453 0.0000004493 
0.0000015908 -0.0000008453 0.0000004493 
0.0000015908 -0.0000008453 0.0000004493 
0.0000015908 -0.0000008453 0.0000004493 
0.0000015908 -0.0000008453 0.0000004493 
0.0000015908 -0.0000008453 0.0000004493 
0.0000015908 -0.0000008453 0.0000004493 
0.0000015908 -0.0000008453 0.0000004493 
0.0000015908 -0.0000008453 0.0000004493 
0.0000015908 -0.0000008453 0.0000004493 
0.0000015908 -0.0000008453 0.0000004493 
0.0000015908 -0.0000008453 0.0000004493 
0.0000015908 -0.0000008453 0.0000004493 
0.0000015908 -0.0000008453 0.0000004493 
0.0000015908 -0.0000008453 0.0000004493 
0.0000015908 -0.0000008453 0.0000004493 
0.0000015908 -0.0000008453 0.0000004493 
0.0000015908 -0.0000008453 0.0000004493 
0.0000015908 -0.0000008453 0.0000004493 
0.0000015908 -0.0000008453 0.0000004493 
0.0000015908 -0.0000008453 0.0000004493 
0.0000015908 -0.0000008453 0.0000004493 
0.0000015908 -0.0000008453 0.0000004493 
0.0000015908 -0.0000008453 0.0000004493 
0.0000015908 -0.0000008453 0.0000004493 
0.0000015908 -0.0000008453 0.0000004493 
0.0000015908 -0.0000008453 0.0000004493 
0.0000015908 -0.0000008453 0.0000004493 
0.0000015908 -0.0000008453 0.0000004493 
0.0000015908 -0.0000008453 0.0000004493 
0.0000015908 -0.0000008453 0.0000004493 
0.0000015908 -0.0000008453 0.0000004493 
0.0000015908 -0.0000008453 0.0000004493 
0.0000015908 -0.0000008453 0.0000004493 
0.0000015908 -0.0000008453 0.0000004493 
0.0000015908 -0.0000008453 0.0000004493 
0.0000015908 -0.0000008453 0.0000004493 
0.0000015908 -0.0000008453 0.0000004493 
0.0000015908 -0.0000008453 0.0000004493 
0.0000015908 -0.0000008453 0.0000004493 
0.0000015908 -0.0000008453 0.0000004493 
0.0000015908 -0.0000008453 0.0000004493 
0.0000015908 -0.0000008453 0.0000004493 
0.0000015908 -0.0000008453 0.0000004493 
0.0000015908 -0.0000008453 0.0000004493 
0.0000015908 -0.0000008453 0.0000004493 
0.0000015908 -0.0000008453 0.0000004493 
0.0000015908 -0.0000008453 0.0000004493 
0.0000015908 -0.0000008453 0.0000004493 
0.0000015908 -0.0000008453 0.0000004493 
0.0000015908 -0.0000008453 0.0000004493 
0.0000015908 -0.0000008453 0.0000004493 
0.0000015908 -0.0000008453 0.0000004493 
0.0000015908 -0.0000008453 0.0000004493 
0.0000015908 -0.0000008453 0.0000004493 
0.0000015908 -0.0000008453 0.0000004493 
0.0000015908 -0.0000008453 0.0000004493 
0.0000015908 -0.0000008453 0.0000004493 
0.0000015908 -0.0000008453 0.0000004493 
0.0000015908 -0.0000008453 0.0000004493 
0.0000015908 -0.0000008453 0.0000004493 
0.0000015908 -0.0000008453 0.0000004493 
0.0000015908 -0.0000008453 0.0000004493 
0.0000015908 -0.0000008453 0.0000004493 
0.0000015908 -0.0000008453 0.0000004493 
0.0000015908 -0.0000008453 0.0000004493 
0.0000015908 -0.0000008453 0.0000004493 
0.0000015908 -0.0000008453 0.0000004493 
0.0000015908 -0.0000008453 0.0000004493 
0.0000015908 -0.0000008453 0.0000004493 
0.0000015908 -0.0000008453 0.0000004493 
0.0000015908 -0.0000008453 0.0000004493 
0.0000015908 -0.0000008453 0.0000004493 
0.0000015908 -0.0000008453 0.0000004493 
0.0000015908 -0.0000008453 0.0000004493 
0.0000015908 -0.0000008453 0.0000004493 
0.0000015908 -0.0000008453 0.0000004493 
0.0000015908 -0.0000008453 0.0000004493 
0.0000015908 -0.0000008453 0.0000004493 
0.0000015908 -0.0000008453 0.0000004493 
0.0000015908 -0.0000008453 0.0000004493 
0.0000015908 -0.0000008453 0.0000004493 
0.0000015908 -0.0000008453 0.0000004493 
0.0000015908 -0.0000008453 0.0000004493 
0.0000015908 -0.0000008453 0.0000004493 
0.0000015908 -0.0000008453 0.0000004493 
0.0000015908 -0.0000008453 0.0000004493 
0.0000015908 -0.0000008453 0.0000004493 
0.0000015908 -0.0000008453 0.0000004493 
0.0000015908 -0.0000008453 0.0000004493 
0.0000015908 -0.0000008453 0.0000004493 
0.0000015908 -0.0000008453 0.0000004493 
0.0000015908 -0.0000008453 0.0000004493 
0.0000015908 -0.0000008453 0.0000004493 
0.0000015908 -0.0000008453 0.0000004493 
0.0000015908 -0.0000008453 0.0000004493 
0.0000015908 -0.0000008453 0.0000004493 
0.0000015908 -0.0000008453 0.0000004493 
0.0000015908 -0.0000008453 0.0000004493 
0.0000015908 -0.0000008453 0.0000004493 
0.0000015908 -0.0000008453 0.0000004493 
0.0000015908 -0.0000008453 0.0000004493 
0.0000015908 -0.0000008453 0.0000004493 
0.0000015908 -0.0000008453 0.0000004493 
0.0000015908 -0.0000008453 0.0000004493 
0.0000015908 -0.0000008453 0.0000004493 
0.0000015908 -0.0000008453 0.0000004493 
0.0000015908 -0.0000008453 0.0000004493 
0.0000015908 -0.0000008453 0.0000004493 
0.0000015908 -0.0000008453 0.0000004493 
0.0000015908 -0.0000008453 0.0000004493 
0.0000015908 -0.0000008453 0.0000004493 
0.0000015908 -0.0000008453 0.0000004493 
0.0000015908 -0.0000008453 0.0000004493 
0.0000015908 -0.0000008453 0.0000004493 
0.0000015908 -0.0000008453 0.0000004493 
0.0000015908 -0.0000008453 0.0000004493 
0.0000015908 -0.0000008453 0.0000004493 
0.0000015908 -0.0000008453 0.0000004493 
0.0000015908 -0.0000008453 0.0000004493 
0.0000015908 -0.0000008453 0.0000004493 
0.0000015908 -0.0000008453 0.0000004493 
0.0000015908 -0.0000008453 0.0000004493 
0.0000015908 -0.0000008453 0.0000004493 
0.0000015908 -0.0000008453 0.0000004493 
0.0000015908 -0.0000008453 0.0000004493 
0.0000015908 -0.0000008453 0.0000004493 
0.0000015908 -0.0000008453 0.0000004493 
0.0000015908 -0.0000008453 0.0000004493 
0.0000015908 -0.0000008453 0.0000004493 
0.0000015908 -0.0000008453 0.0000004493 
0.0000015908 -0.0000008453 0.0000004493 
0.0000015908 -0.0000008453 0.0000004493 
0.0000015908 -0.0000008453 0.0000004493 
0.0000015908 -0.0000008453 0.0000004493 
0.0000015908 -0.0000008453 0.0000004493 
0.0000015908 -0.0000008453 0.0000004493 
0.0000015908 -0.0000008453 0.0000004493 
0.0000015908 -0.0000008453 0.0000004493 
0.0000015908 -0.0000008453 0.0000004493 
0.0000015908 -0.0000008453 0.0000004493 
0.0000015908 -0.0000008453 0.0000004493 
0.0000015908 -0.0000008453 0.0000004493 
0.0000015908 -0.0000008453 0.0000004493 
0.0000015908 -0.0000008453 0.0000004493 
0.0000015908 -0.0000008453 0.0000004493 
0.0000015908 -0.0000008453 0.0000004493 
0.0000015908 -0.0000008453 0.0000004493 
0.0000015908 -0.0000008453 0.0000004493 
0.0000015908 -0.0000008453 0.0000004493 
0.0000015908 -0.0000008453 0.0000004493 
0.0000015908 -0.0000008453 0.0000004493 
0.0000015908 -0.0000008453 0.0000004493 
0.0000015908 -0.0000008453 0.0000004493 
0.0000015908 -0.0000008453 0.0000004493 
0.0000015908 -0.0000008453 0.0000004493 
0.0000015908 -0.0000008453 0.0000004493 
0.0000015908 -0.0000008453 0.0000004493 
0.0000015908 -0.0000008453 0.0000004493 
0.0000015908 -0.0000008453 0.0000004493 
0.0000015908 -0.0000008453 0.0000004493 
0.0000015908 -0.0000008453 0.0000004493 
0.0000015908 -0.0000008453 0.0000004493 
0.0000015908 -0.0000008453 0.0000004493 
0.0000015908 -0.0000008453 0.0000004493 
0.0000015908 -0.0000008453 0.0000004493 
0.0000015908 -0.0000008453 0.0000004493 
0.0000015908 -0.0000008453 0.0000004493 
0.0000015908 -0.0000008453 0.0000004493 
0.0000015908 -0.0000008453 0.0000004493 
0.0000015908 -0.0000008453 0.0000004493 
0.0000015908 -0.0000008453 0.0000004493 
0.0000015908 -0.0000008453 0.0000004493 
0.0000015908 -0.0000008453 0.0000004493 
0.0000015908 -0.0000008453 0.0000004493 
0.0000015908 -0.0000008453 0.0000004493 
0.0000015908 -0.0000008453 0.0000004493 
0.0000015908 -0.0000008453 0.0000004493 
0.0000015908 -0.0000008453 0.0000004493 
0.0000015908 -0.0000008453 0.0000004493 
0.0000015908 -0.0000008453 0.0000004493 
0.0000015908 -0.0000008453 0.0000004493 
0.0000015908 -0.0000008453 0.0000004493 
0.0000015908 -0.0000008453 0.0000004493 
0.0000015908 -0.0000008453 0.0000004493 
0.0000015908 -0.0000008453 0.0000004493 
0.0000015908 -0.0000008453 0.0000004493 
0.0000015908 -0.0000008453 0.0000004493 
0.0000015908 -0.0000008453 0.0000004493 
0.0000015908 -0.0000008453 0.0000004493 
0.0000015908 -0.0000008453 0.0000004493 
0.0000015908 -0.0000008453 0.0000004493 
0.0000015908 -0.0000008453 0.0000004493 
0.0000015908 -0.0000008453 0.0000004493 
0.0000015908 -0.0000008453 0.0000004493 
0.0000015908 -0.0000008453 0.0000004493 
0.0000015908 -0.0000008453 0.0000004493 
0.0000015908 -0.0000008453 0.0000004493 
0.0000015908 -0.0000008453 0.0000004493 
0.0000015908 -0.0000008453 0.0000004493 
0.0000015908 -0.0000008453 0.0000004493 
0.0000015908 -0.0000008453 0.0000004493 
0.0000015908 -0.0000008453 0.0000004493 
0.0000015908 -0.0000008453 0.0000004493 
0.0000015908 -0.0000008453 0.0000004493 
0.0000015908 -0.0000008453 0.0000004493 
0.0000015908 -0.0000008453 0.0000004493 
0.0000015908 -0.0000008453 0.0000004493 
0.0000015908 -0.0000008453 0.0000004493 
0.0000015908 -0.0000008453 0.0000004493 
0.0000015908 -0.0000008453 0.0000004493 
0.0000015908 -0.0000008453 0.0000004493 
0.0000015908 -0.0000008453 0.0000004493 
0.0000015908 -0.0000008453 0.0000004493 
0.0000015908 -0.0000008453 0.0000004493 
0.0000015908 -0.0000008453 0.0000004493 
0.0000015908 -0.0000008453 0.0000004493 
0.0000015908 -0.0000008453 0.0000004493 
0.0000015908 -0.0000008453 0.0000004493 
0.0000015908 -0.0000008453 0.0000004493 
0.0000015908 -0.0000008453 0.0000004493 
0.0000015908 -0.0000008453 0.0000004493 
0.0000015908 -0.0000008453 0.0000004493 
0.0000015908 -0.0000008453 0.0000004493 
0.0000015908 -0.0000008453 0.0000004493 
0.0000015908 -0.0000008453 0.0000004493 
0.0000015908 -0.0000008453 0.0000004493 
0.0000015908 -0.0000008453 0.0000004493 
0.0000015908 -0.0000008453 0.0000004493 
0.0000015908 -0.0000008453 0.0000004493 
0.0000015908 -0.0000008453 0.0000004493 
0.0000015908 -0.0000008453 0.0000004493 
0.0000015908 -0.0000008453 0.0000004493 
0.0000015908 -0.0000008453 0.0000004493 
0.0000015908 -0.0000008453 0.0000004493 
0.0000015908 -0.0000008453 0.0000004493 
0.0000015908 -0.0000008453 0.0000004493 
0.0000015908 -0.0000008453 0.0000004493 
0.0000015908 -0.0000008453 0.0000004493 
0.0000015908 -0.0000008453 0.0000004493 
0.0000015908 -0.0000008453 0.0000004493 
0.0000015908 -0.0000008453 0.0000004493 
0.0000015908 -0.0000008453 0.0000004493 
0.0000015908 -0.0000008453 0.0000004493 
0.0000015908 -0.0000008453 0.0000004493 
0.0000015908 -0.0000008453 0.0000004493 
0.0000015908 -0.0000008453 0.0000004493 
0.0000015908 -0.0000008453 0.0000004493 
0.0000015908 -0.0000008453 0.0000004493 
0.0000015908 -0.0000008453 0.0000004493 
0.0000015908 -0.0000008453 0.0000004493 
0.0000015908 -0.0000008453 0.0000004493 
0.0000015908 -0.0000008453 0.0000004493 
0.0000015908 -0.0000008453 0.0000004493 
0.0000015908 -0.0000008453 0.0000004493 
0.0000015908 -0.0000008453 0.0000004493 
0.0000015908 -0.0000008453 0.0000004493 
0.0000015908 -0.0000008453 0.0000004493 
0.0000015908 -0.0000008453 0.0000004493 
0.0000015908 -0.0000008453 0.0000004493 
0.0000015908 -0.0000008453 0.0000004493 
0.0000015908 -0.0000008453 0.0000004493 
0.0000015908 -0.0000008453 0.0000004493 
0.0000015908 -0.0000008453 0.0000004493 
0.0000015908 -0.0000008453 0.0000004493 
0.0000015908 -0.0000008453 0.0000004493 
0.0000015908 -0.0000008453 0.0000004493 
0.0000015908 -0.0000008453 0.0000004493 
0.0000015908 -0.0000008453 0.0000004493 
