0.0000024438 -0.0000009762 0.0000015749 
0.0000027614 -0.0000005189 0.0000004014 
0.0000028178 -0.0000004365 0.0000001004 
0.0000028215 -0.0000004306 0.0000000660 
0.0000028215 -0.0000004306 0.0000000660 
0.0000028215 -0.0000004306 0.0000000660 
0.0000028215 -0.0000004306 0.0000000660 
0.0000028215 -0.0000004306 0.0000000660 
0.0000028215 -0.0000004306 0.0000000660 
0.0000028215 -0.0000004306 0.0000000660 
0.0000028215 -0.0000004306 0.0000000660 
0.0000028215 -0.0000004306 0.0000000660 
0.0000028215 -0.0000004306 0.0000000660 
0.0000028215 -0.0000004306 0.0000000660 
0.0000028215 -0.0000004306 0.0000000660 
0.0000028215 -0.0000004306 0.0000000660 
0.0000028215 -0.0000004306 0.0000000660 
0.0000028215 -0.0000004306 0.0000000660 
0.0000028215 -0.0000004306 0.0000000660 
0.0000028215 -0.0000004306 0.0000000660 
0.0000028215 -0.0000004306 0.0000000660 
0.0000028215 -0.0000004306 0.0000000660 
0.0000028215 -0.0000004306 0.0000000660 
0.0000028215 -0.0000004306 0.0000000660 
0.0000028215 -0.0000004306 0.0000000660 
0.0000028215 -0.0000004306 0.0000000660 
0.0000028215 -0.0000004306 0.0000000660 
0.0000028215 -0.0000004306 0.0000000660 
0.0000028215 -0.0000004306 0.0000000660 
0.0000028215 -0.0000004306 0.0000000660 
0.0000028215 -0.0000004306 0.0000000660 
0.0000028215 -0.0000004306 0.0000000660 
0.0000028215 -0.0000004306 0.0000000660 
0.0000028215 -0.0000004306 0.0000000660 
0.0000028215 -0.0000004306 0.0000000660 
0.0000028215 -0.0000004306 0.0000000660 
0.0000028215 -0.0000004306 0.0000000660 
0.0000028215 -0.0000004306 0.0000000660 
0.0000028215 -0.0000004306 0.0000000660 
0.0000028022 -0.0000004399 0.0000000691 
0.0000026764 -0.0000005011 0.0000000939 
0.0000026280 -0.0000005248 0.0000001048 
0.0000025405 -0.0000005676 0.0000001270 
0.0000024917 -0.0000005916 0.0000001405 
0.0000024525 -0.0000006108 0.0000001522 
0.0000024032 -0.0000006349 0.0000001678 
0.0000023933 -0.0000006398 0.0000001711 
0.0000023434 -0.0000006642 0.0000001884 
0.0000023333 -0.0000006691 0.0000001920 
0.0000023131 -0.0000006790 0.0000001994 
0.0000022927 -0.0000006890 0.0000002070 
0.0000022825 -0.0000006940 0.0000002110 
0.0000022412 -0.0000007140 0.0000002275 
0.0000022412 -0.0000007140 0.0000002275 
0.0000022307 -0.0000007191 0.0000002318 
0.0000022095 -0.0000007293 0.0000002407 
0.0000022095 -0.0000007293 0.0000002407 
0.0000021987 -0.0000007344 0.0000002453 
0.0000021879 -0.0000007396 0.0000002500 
0.0000021769 -0.0000007448 0.0000002548 
0.0000021769 -0.0000007448 0.0000002548 
0.0000021548 -0.0000007552 0.0000002647 
0.0000021548 -0.0000007552 0.0000002647 
0.0000021548 -0.0000007552 0.0000002647 
0.0000021435 -0.0000007605 0.0000002699 
0.0000021322 -0.0000007658 0.0000002751 
0.0000021322 -0.0000007658 0.0000002751 
0.0000021207 -0.0000007711 0.0000002804 
0.0000021092 -0.0000007765 0.0000002859 
0.0000020976 -0.0000007818 0.0000002914 
0.0000020976 -0.0000007818 0.0000002914 
0.0000020859 -0.0000007872 0.0000002971 
0.0000020742 -0.0000007926 0.0000003029 
0.0000020742 -0.0000007926 0.0000003029 
0.0000020624 -0.0000007980 0.0000003088 
0.0000020505 -0.0000008035 0.0000003149 
0.0000020267 -0.0000008145 0.0000003274 
0.0000020267 -0.0000008145 0.0000003274 
0.0000020027 -0.0000008256 0.0000003404 
0.0000020027 -0.0000008256 0.0000003404 
0.0000019785 -0.0000008367 0.0000003539 
0.0000019663 -0.0000008422 0.0000003608 
0.0000019541 -0.0000008478 0.0000003678 
0.0000019418 -0.0000008533 0.0000003750 
0.0000019418 -0.0000008533 0.0000003750 
0.0000019170 -0.0000008644 0.0000003898 
0.0000019170 -0.0000008644 0.0000003898 
0.0000019045 -0.0000008699 0.0000003974 
0.0000019045 -0.0000008699 0.0000003974 
0.0000018919 -0.0000008755 0.0000004052 
0.0000018792 -0.0000008810 0.0000004131 
0.0000018665 -0.0000008866 0.0000004212 
0.0000018665 -0.0000008866 0.0000004212 
0.0000018536 -0.0000008922 0.0000004295 
0.0000018536 -0.0000008922 0.0000004295 
0.0000018406 -0.0000008978 0.0000004379 
0.0000018406 -0.0000008978 0.0000004379 
0.0000018275 -0.0000009035 0.0000004467 
0.0000018275 -0.0000009035 0.0000004467 
0.0000018142 -0.0000009092 0.0000004557 
0.0000018142 -0.0000009092 0.0000004557 
0.0000018008 -0.0000009149 0.0000004649 
0.0000017873 -0.0000009206 0.0000004743 
0.0000017873 -0.0000009206 0.0000004743 
0.0000017738 -0.0000009264 0.0000004839 
0.0000017602 -0.0000009321 0.0000004936 
0.0000017602 -0.0000009321 0.0000004936 
0.0000017465 -0.0000009379 0.0000005037 
0.0000017465 -0.0000009379 0.0000005037 
0.0000017328 -0.0000009436 0.0000005139 
0.0000017328 -0.0000009436 0.0000005139 
0.0000017190 -0.0000009493 0.0000005244 
0.0000017053 -0.0000009550 0.0000005349 
0.0000016916 -0.0000009607 0.0000005457 
0.0000016916 -0.0000009607 0.0000005457 
0.0000016916 -0.0000009607 0.0000005457 
0.0000016778 -0.0000009664 0.0000005567 
0.0000016778 -0.0000009664 0.0000005567 
0.0000016640 -0.0000009720 0.0000005679 
0.0000016640 -0.0000009720 0.0000005679 
0.0000016640 -0.0000009720 0.0000005679 
0.0000016640 -0.0000009720 0.0000005679 
0.0000016640 -0.0000009720 0.0000005679 
0.0000016640 -0.0000009720 0.0000005679 
0.0000016640 -0.0000009720 0.0000005679 
0.0000016640 -0.0000009720 0.0000005679 
0.0000016640 -0.0000009720 0.0000005679 
0.0000016640 -0.0000009720 0.0000005679 
0.0000016640 -0.0000009720 0.0000005679 
0.0000016640 -0.0000009720 0.0000005679 
0.0000016640 -0.0000009720 0.0000005679 
0.0000016640 -0.0000009720 0.0000005679 
0.0000016640 -0.0000009720 0.0000005679 
0.0000016640 -0.0000009720 0.0000005679 
0.0000016640 -0.0000009720 0.0000005679 
0.0000016640 -0.0000009720 0.0000005679 
0.0000016640 -0.0000009720 0.0000005679 
0.0000016640 -0.0000009720 0.0000005679 
0.0000016640 -0.0000009720 0.0000005679 
0.0000016640 -0.0000009720 0.0000005679 
0.0000016640 -0.0000009720 0.0000005679 
0.0000016640 -0.0000009720 0.0000005679 
0.0000016640 -0.0000009720 0.0000005679 
0.0000016640 -0.0000009720 0.0000005679 
0.0000016640 -0.0000009720 0.0000005679 
0.0000016640 -0.0000009720 0.0000005679 
0.0000016640 -0.0000009720 0.0000005679 
0.0000016640 -0.0000009720 0.0000005679 
0.0000016640 -0.0000009720 0.0000005679 
0.0000016640 -0.0000009720 0.0000005679 
0.0000016640 -0.0000009720 0.0000005679 
0.0000016640 -0.0000009720 0.0000005679 
0.0000016640 -0.0000009720 0.0000005679 
0.0000016640 -0.0000009720 0.0000005679 
0.0000016640 -0.0000009720 0.0000005679 
0.0000016640 -0.0000009720 0.0000005679 
0.0000016640 -0.0000009720 0.0000005679 
0.0000016640 -0.0000009720 0.0000005679 
0.0000016640 -0.0000009720 0.0000005679 
0.0000016640 -0.0000009720 0.0000005679 
0.0000016640 -0.0000009720 0.0000005679 
0.0000016640 -0.0000009720 0.0000005679 
0.0000016640 -0.0000009720 0.0000005679 
0.0000016640 -0.0000009720 0.0000005679 
0.0000016640 -0.0000009720 0.0000005679 
0.0000016640 -0.0000009720 0.0000005679 
0.0000016640 -0.0000009720 0.0000005679 
0.0000016640 -0.0000009720 0.0000005679 
0.0000016640 -0.0000009720 0.0000005679 
0.0000016640 -0.0000009720 0.0000005679 
0.0000016640 -0.0000009720 0.0000005679 
0.0000016640 -0.0000009720 0.0000005679 
0.0000016640 -0.0000009720 0.0000005679 
0.0000016640 -0.0000009720 0.0000005679 
0.0000016640 -0.0000009720 0.0000005679 
0.0000016640 -0.0000009720 0.0000005679 
0.0000016640 -0.0000009720 0.0000005679 
0.0000016640 -0.0000009720 0.0000005679 
0.0000016640 -0.0000009720 0.0000005679 
0.0000016640 -0.0000009720 0.0000005679 
0.0000016640 -0.0000009720 0.0000005679 
0.0000016640 -0.0000009720 0.0000005679 
0.0000016640 -0.0000009720 0.0000005679 
0.0000016640 -0.0000009720 0.0000005679 
0.0000016640 -0.0000009720 0.0000005679 
0.0000016640 -0.0000009720 0.0000005679 
0.0000016640 -0.0000009720 0.0000005679 
0.0000016640 -0.0000009720 0.0000005679 
0.0000016640 -0.0000009720 0.0000005679 
0.0000016640 -0.0000009720 0.0000005679 
0.0000016640 -0.0000009720 0.0000005679 
0.0000016640 -0.0000009720 0.0000005679 
0.0000016640 -0.0000009720 0.0000005679 
0.0000016640 -0.0000009720 0.0000005679 
0.0000016640 -0.0000009720 0.0000005679 
0.0000016640 -0.0000009720 0.0000005679 
0.0000016640 -0.0000009720 0.0000005679 
0.0000016640 -0.0000009720 0.0000005679 
0.0000016640 -0.0000009720 0.0000005679 
0.0000016640 -0.0000009720 0.0000005679 
0.0000016640 -0.0000009720 0.0000005679 
0.0000016640 -0.0000009720 0.0000005679 
0.0000016640 -0.0000009720 0.0000005679 
0.0000016640 -0.0000009720 0.0000005679 
0.0000016640 -0.0000009720 0.0000005679 
0.0000016640 -0.0000009720 0.0000005679 
0.0000016640 -0.0000009720 0.0000005679 
0.0000016640 -0.0000009720 0.0000005679 
0.0000016640 -0.0000009720 0.0000005679 
0.0000016640 -0.0000009720 0.0000005679 
0.0000016640 -0.0000009720 0.0000005679 
0.0000016640 -0.0000009720 0.0000005679 
0.0000016640 -0.0000009720 0.0000005679 
0.0000016640 -0.0000009720 0.0000005679 
0.0000016640 -0.0000009720 0.0000005679 
0.0000016640 -0.0000009720 0.0000005679 
0.0000016640 -0.0000009720 0.0000005679 
0.0000016640 -0.0000009720 0.0000005679 
0.0000016640 -0.0000009720 0.0000005679 
0.0000016640 -0.0000009720 0.0000005679 
0.0000016640 -0.0000009720 0.0000005679 
0.0000016640 -0.0000009720 0.0000005679 
0.0000016640 -0.0000009720 0.0000005679 
0.0000016640 -0.0000009720 0.0000005679 
0.0000016640 -0.0000009720 0.0000005679 
0.0000016640 -0.0000009720 0.0000005679 
0.0000016640 -0.0000009720 0.0000005679 
0.0000016640 -0.0000009720 0.0000005679 
0.0000016640 -0.0000009720 0.0000005679 
0.0000016640 -0.0000009720 0.0000005679 
0.0000016640 -0.0000009720 0.0000005679 
0.0000016640 -0.0000009720 0.0000005679 
0.0000016640 -0.0000009720 0.0000005679 
0.0000016640 -0.0000009720 0.0000005679 
0.0000016640 -0.0000009720 0.0000005679 
0.0000016640 -0.0000009720 0.0000005679 
0.0000016640 -0.0000009720 0.0000005679 
0.0000016640 -0.0000009720 0.0000005679 
0.0000016640 -0.0000009720 0.0000005679 
0.0000016640 -0.0000009720 0.0000005679 
0.0000016640 -0.0000009720 0.0000005679 
0.0000016640 -0.0000009720 0.0000005679 
0.0000016640 -0.0000009720 0.0000005679 
0.0000016640 -0.0000009720 0.0000005679 
0.0000016640 -0.0000009720 0.0000005679 
0.0000016640 -0.0000009720 0.0000005679 
0.0000016640 -0.0000009720 0.0000005679 
0.0000016640 -0.0000009720 0.0000005679 
0.0000016640 -0.0000009720 0.0000005679 
0.0000016640 -0.0000009720 0.0000005679 
0.0000016640 -0.0000009720 0.0000005679 
0.0000016640 -0.0000009720 0.0000005679 
0.0000016640 -0.0000009720 0.0000005679 
0.0000016640 -0.0000009720 0.0000005679 
0.0000016640 -0.0000009720 0.0000005679 
0.0000016640 -0.0000009720 0.0000005679 
0.0000016640 -0.0000009720 0.0000005679 
0.0000016640 -0.0000009720 0.0000005679 
0.0000016640 -0.0000009720 0.0000005679 
0.0000016640 -0.0000009720 0.0000005679 
0.0000016640 -0.0000009720 0.0000005679 
0.0000016640 -0.0000009720 0.0000005679 
0.0000016640 -0.0000009720 0.0000005679 
0.0000016640 -0.0000009720 0.0000005679 
0.0000016640 -0.0000009720 0.0000005679 
0.0000016640 -0.0000009720 0.0000005679 
0.0000016640 -0.0000009720 0.0000005679 
0.0000016640 -0.0000009720 0.0000005679 
0.0000016640 -0.0000009720 0.0000005679 
0.0000016640 -0.0000009720 0.0000005679 
0.0000016640 -0.0000009720 0.0000005679 
0.0000016640 -0.0000009720 0.0000005679 
0.0000016640 -0.0000009720 0.0000005679 
0.0000016640 -0.0000009720 0.0000005679 
0.0000016640 -0.0000009720 0.0000005679 
0.0000016640 -0.0000009720 0.0000005679 
0.0000016640 -0.0000009720 0.0000005679 
0.0000016640 -0.0000009720 0.0000005679 
0.0000016640 -0.0000009720 0.0000005679 
0.0000016640 -0.0000009720 0.0000005679 
0.0000016640 -0.0000009720 0.0000005679 
0.0000016640 -0.0000009720 0.0000005679 
0.0000016640 -0.0000009720 0.0000005679 
0.0000016640 -0.0000009720 0.0000005679 
0.0000016640 -0.0000009720 0.0000005679 
0.0000016640 -0.0000009720 0.0000005679 
0.0000016640 -0.0000009720 0.0000005679 
0.0000016640 -0.0000009720 0.0000005679 
0.0000016640 -0.0000009720 0.0000005679 
0.0000016640 -0.0000009720 0.0000005679 
0.0000016640 -0.0000009720 0.0000005679 
0.0000016640 -0.0000009720 0.0000005679 
0.0000016640 -0.0000009720 0.0000005679 
0.0000016640 -0.0000009720 0.0000005679 
0.0000016640 -0.0000009720 0.0000005679 
0.0000016640 -0.0000009720 0.0000005679 
0.0000016640 -0.0000009720 0.0000005679 
0.0000016640 -0.0000009720 0.0000005679 
0.0000016640 -0.0000009720 0.0000005679 
0.0000016640 -0.0000009720 0.0000005679 
0.0000016640 -0.0000009720 0.0000005679 
0.0000016640 -0.0000009720 0.0000005679 
0.0000016640 -0.0000009720 0.0000005679 
0.0000016640 -0.0000009720 0.0000005679 
0.0000016640 -0.0000009720 0.0000005679 
0.0000016640 -0.0000009720 0.0000005679 
0.0000016640 -0.0000009720 0.0000005679 
0.0000016640 -0.0000009720 0.0000005679 
0.0000016640 -0.0000009720 0.0000005679 
0.0000016640 -0.0000009720 0.0000005679 
0.0000016640 -0.0000009720 0.0000005679 
0.0000016640 -0.0000009720 0.0000005679 
0.0000016640 -0.0000009720 0.0000005679 
0.0000016640 -0.0000009720 0.0000005679 
0.0000016640 -0.0000009720 0.0000005679 
0.0000016640 -0.0000009720 0.0000005679 
0.0000016640 -0.0000009720 0.0000005679 
0.0000016640 -0.0000009720 0.0000005679 
0.0000016640 -0.0000009720 0.0000005679 
0.0000016640 -0.0000009720 0.0000005679 
0.0000016640 -0.0000009720 0.0000005679 
0.0000016640 -0.0000009720 0.0000005679 
0.0000016640 -0.0000009720 0.0000005679 
0.0000016640 -0.0000009720 0.0000005679 
0.0000016640 -0.0000009720 0.0000005679 
0.0000016640 -0.0000009720 0.0000005679 
0.0000016640 -0.0000009720 0.0000005679 
0.0000016640 -0.0000009720 0.0000005679 
0.0000016640 -0.0000009720 0.0000005679 
0.0000016640 -0.0000009720 0.0000005679 
0.0000016640 -0.0000009720 0.0000005679 
0.0000016640 -0.0000009720 0.0000005679 
0.0000016640 -0.0000009720 0.0000005679 
0.0000016640 -0.0000009720 0.0000005679 
0.0000016640 -0.0000009720 0.0000005679 
0.0000016640 -0.0000009720 0.0000005679 
0.0000016640 -0.0000009720 0.0000005679 
0.0000016640 -0.0000009720 0.0000005679 
0.0000016640 -0.0000009720 0.0000005679 
0.0000016640 -0.0000009720 0.0000005679 
0.0000016640 -0.0000009720 0.0000005679 
0.0000016640 -0.0000009720 0.0000005679 
0.0000016640 -0.0000009720 0.0000005679 
0.0000016640 -0.0000009720 0.0000005679 
0.0000016640 -0.0000009720 0.0000005679 
0.0000016640 -0.0000009720 0.0000005679 
0.0000016640 -0.0000009720 0.0000005679 
0.0000016640 -0.0000009720 0.0000005679 
0.0000016640 -0.0000009720 0.0000005679 
0.0000016640 -0.0000009720 0.0000005679 
0.0000016640 -0.0000009720 0.0000005679 
0.0000016640 -0.0000009720 0.0000005679 
0.0000016640 -0.0000009720 0.0000005679 
0.0000016640 -0.0000009720 0.0000005679 
0.0000016640 -0.0000009720 0.0000005679 
0.0000016640 -0.0000009720 0.0000005679 
0.0000016640 -0.0000009720 0.0000005679 
0.0000016640 -0.0000009720 0.0000005679 
0.0000016640 -0.0000009720 0.0000005679 
0.0000016640 -0.0000009720 0.0000005679 
0.0000016640 -0.0000009720 0.0000005679 
0.0000016640 -0.0000009720 0.0000005679 
0.0000016640 -0.0000009720 0.0000005679 
0.0000016640 -0.0000009720 0.0000005679 
0.0000016640 -0.0000009720 0.0000005679 
0.0000016640 -0.0000009720 0.0000005679 
0.0000016640 -0.0000009720 0.0000005679 
0.0000016640 -0.0000009720 0.0000005679 
0.0000016640 -0.0000009720 0.0000005679 
0.0000016640 -0.0000009720 0.0000005679 
0.0000016640 -0.0000009720 0.0000005679 
0.0000016640 -0.0000009720 0.0000005679 
0.0000016640 -0.0000009720 0.0000005679 
0.0000016640 -0.0000009720 0.0000005679 
0.0000016640 -0.0000009720 0.0000005679 
0.0000016640 -0.0000009720 0.0000005679 
0.0000016640 -0.0000009720 0.0000005679 
0.0000016640 -0.0000009720 0.0000005679 
0.0000016640 -0.0000009720 0.0000005679 
0.0000016640 -0.0000009720 0.0000005679 
0.0000016640 -0.0000009720 0.0000005679 
0.0000016640 -0.0000009720 0.0000005679 
0.0000016640 -0.0000009720 0.0000005679 
0.0000016640 -0.0000009720 0.0000005679 
0.0000016640 -0.0000009720 0.0000005679 
0.0000016640 -0.0000009720 0.0000005679 
0.0000016640 -0.0000009720 0.0000005679 
0.0000016640 -0.0000009720 0.0000005679 
0.0000016640 -0.0000009720 0.0000005679 
0.0000016640 -0.0000009720 0.0000005679 
0.0000016640 -0.0000009720 0.0000005679 
0.0000016640 -0.0000009720 0.0000005679 
0.0000016640 -0.0000009720 0.0000005679 
0.0000016640 -0.0000009720 0.0000005679 
0.0000016640 -0.0000009720 0.0000005679 
0.0000016640 -0.0000009720 0.0000005679 
0.0000016640 -0.0000009720 0.0000005679 
0.0000016640 -0.0000009720 0.0000005679 
0.0000016640 -0.0000009720 0.0000005679 
0.0000016640 -0.0000009720 0.0000005679 
0.0000016640 -0.0000009720 0.0000005679 
0.0000016640 -0.0000009720 0.0000005679 
0.0000016640 -0.0000009720 0.0000005679 
0.0000016640 -0.0000009720 0.0000005679 
0.0000016640 -0.0000009720 0.0000005679 
0.0000016640 -0.0000009720 0.0000005679 
0.0000016640 -0.0000009720 0.0000005679 
0.0000016640 -0.0000009720 0.0000005679 
0.0000016640 -0.0000009720 0.0000005679 
0.0000016640 -0.0000009720 0.0000005679 
0.0000016640 -0.0000009720 0.0000005679 
0.0000016640 -0.0000009720 0.0000005679 
0.0000016640 -0.0000009720 0.0000005679 
0.0000016640 -0.0000009720 0.0000005679 
0.0000016640 -0.0000009720 0.0000005679 
0.0000016640 -0.0000009720 0.0000005679 
0.0000016640 -0.0000009720 0.0000005679 
0.0000016640 -0.0000009720 0.0000005679 
0.0000016640 -0.0000009720 0.0000005679 
0.0000016640 -0.0000009720 0.0000005679 
0.0000016640 -0.0000009720 0.0000005679 
0.0000016640 -0.0000009720 0.0000005679 
0.0000016640 -0.0000009720 0.0000005679 
0.0000016640 -0.0000009720 0.0000005679 
0.0000016640 -0.0000009720 0.0000005679 
0.0000016640 -0.0000009720 0.0000005679 
0.0000016640 -0.0000009720 0.0000005679 
0.0000016640 -0.0000009720 0.0000005679 
0.0000016640 -0.0000009720 0.0000005679 
0.0000016640 -0.0000009720 0.0000005679 
0.0000016640 -0.0000009720 0.0000005679 
0.0000016640 -0.0000009720 0.0000005679 
0.0000016640 -0.0000009720 0.0000005679 
0.0000016640 -0.0000009720 0.0000005679 
0.0000016640 -0.0000009720 0.0000005679 
0.0000016640 -0.0000009720 0.0000005679 
0.0000016640 -0.0000009720 0.0000005679 
0.0000016640 -0.0000009720 0.0000005679 
0.0000016640 -0.0000009720 0.0000005679 
0.0000016640 -0.0000009720 0.0000005679 
0.0000016640 -0.0000009720 0.0000005679 
0.0000016640 -0.0000009720 0.0000005679 
0.0000016640 -0.0000009720 0.0000005679 
0.0000016640 -0.0000009720 0.0000005679 
0.0000016640 -0.0000009720 0.0000005679 
0.0000016640 -0.0000009720 0.0000005679 
0.0000016640 -0.0000009720 0.0000005679 
0.0000016640 -0.0000009720 0.0000005679 
0.0000016640 -0.0000009720 0.0000005679 
0.0000016640 -0.0000009720 0.0000005679 
0.0000016640 -0.0000009720 0.0000005679 
0.0000016640 -0.0000009720 0.0000005679 
0.0000016640 -0.0000009720 0.0000005679 
0.0000016640 -0.0000009720 0.0000005679 
0.0000016640 -0.0000009720 0.0000005679 
0.0000016640 -0.0000009720 0.0000005679 
0.0000016640 -0.0000009720 0.0000005679 
0.0000016640 -0.0000009720 0.0000005679 
0.0000016640 -0.0000009720 0.0000005679 
0.0000016640 -0.0000009720 0.0000005679 
0.0000016640 -0.0000009720 0.0000005679 
0.0000016640 -0.0000009720 0.0000005679 
0.0000016640 -0.0000009720 0.0000005679 
0.0000016640 -0.0000009720 0.0000005679 
0.0000016640 -0.0000009720 0.0000005679 
0.0000016640 -0.0000009720 0.0000005679 
0.0000016640 -0.0000009720 0.0000005679 
0.0000016640 -0.0000009720 0.0000005679 
0.0000016640 -0.0000009720 0.0000005679 
0.0000016640 -0.0000009720 0.0000005679 
0.0000016640 -0.0000009720 0.0000005679 
0.0000016640 -0.0000009720 0.0000005679 
0.0000016640 -0.0000009720 0.0000005679 
0.0000016640 -0.0000009720 0.0000005679 
0.0000016640 -0.0000009720 0.0000005679 
0.0000016640 -0.0000009720 0.0000005679 
0.0000016640 -0.0000009720 0.0000005679 
0.0000016640 -0.0000009720 0.0000005679 
0.0000016640 -0.0000009720 0.0000005679 
0.0000016640 -0.0000009720 0.0000005679 
0.0000016640 -0.0000009720 0.0000005679 
0.0000016640 -0.0000009720 0.0000005679 
0.0000016640 -0.0000009720 0.0000005679 
0.0000016640 -0.0000009720 0.0000005679 
0.0000016640 -0.0000009720 0.0000005679 
0.0000016640 -0.0000009720 0.0000005679 
0.0000016640 -0.0000009720 0.0000005679 
0.0000016640 -0.0000009720 0.0000005679 
0.0000016640 -0.0000009720 0.0000005679 
0.0000016640 -0.0000009720 0.0000005679 
0.0000016640 -0.0000009720 0.0000005679 
0.0000016640 -0.0000009720 0.0000005679 
0.0000016640 -0.0000009720 0.0000005679 
0.0000016640 -0.0000009720 0.0000005679 
0.0000016640 -0.0000009720 0.0000005679 
0.0000016640 -0.0000009720 0.0000005679 
0.0000016640 -0.0000009720 0.0000005679 
0.0000016640 -0.0000009720 0.0000005679 
0.0000016640 -0.0000009720 0.0000005679 
0.0000016640 -0.0000009720 0.0000005679 
0.0000016640 -0.0000009720 0.0000005679 
0.0000016640 -0.0000009720 0.0000005679 
0.0000016640 -0.0000009720 0.0000005679 
0.0000016640 -0.0000009720 0.0000005679 
0.0000016640 -0.0000009720 0.0000005679 
0.0000016640 -0.0000009720 0.0000005679 
0.0000016640 -0.0000009720 0.0000005679 
0.0000016640 -0.0000009720 0.0000005679 
0.0000016640 -0.0000009720 0.0000005679 
0.0000016640 -0.0000009720 0.0000005679 
0.0000016640 -0.0000009720 0.0000005679 
0.0000016640 -0.0000009720 0.0000005679 
0.0000016640 -0.0000009720 0.0000005679 
0.0000016640 -0.0000009720 0.0000005679 
0.0000016640 -0.0000009720 0.0000005679 
0.0000016640 -0.0000009720 0.0000005679 
0.0000016640 -0.0000009720 0.0000005679 
0.0000016640 -0.0000009720 0.0000005679 
0.0000016640 -0.0000009720 0.0000005679 
0.0000016640 -0.0000009720 0.0000005679 
0.0000016640 -0.0000009720 0.0000005679 
0.0000016640 -0.0000009720 0.0000005679 
0.0000016640 -0.0000009720 0.0000005679 
0.0000016640 -0.0000009720 0.0000005679 
0.0000016640 -0.0000009720 0.0000005679 
0.0000016640 -0.0000009720 0.0000005679 
0.0000016640 -0.0000009720 0.0000005679 
0.0000016640 -0.0000009720 0.0000005679 
0.0000016640 -0.0000009720 0.0000005679 
0.0000016640 -0.0000009720 0.0000005679 
0.0000016640 -0.0000009720 0.0000005679 
0.0000016640 -0.0000009720 0.0000005679 
0.0000016640 -0.0000009720 0.0000005679 
0.0000016640 -0.0000009720 0.0000005679 
0.0000016640 -0.0000009720 0.0000005679 
0.0000016640 -0.0000009720 0.0000005679 
0.0000016640 -0.0000009720 0.0000005679 
0.0000016640 -0.0000009720 0.0000005679 
0.0000016640 -0.0000009720 0.0000005679 
0.0000016640 -0.0000009720 0.0000005679 
0.0000016640 -0.0000009720 0.0000005679 
0.0000016640 -0.0000009720 0.0000005679 
0.0000016640 -0.0000009720 0.0000005679 
0.0000016640 -0.0000009720 0.0000005679 
0.0000016640 -0.0000009720 0.0000005679 
0.0000016640 -0.0000009720 0.0000005679 
0.0000016640 -0.0000009720 0.0000005679 
0.0000016640 -0.0000009720 0.0000005679 
0.0000016640 -0.0000009720 0.0000005679 
0.0000016640 -0.0000009720 0.0000005679 
0.0000016640 -0.0000009720 0.0000005679 
0.0000016640 -0.0000009720 0.0000005679 
0.0000016640 -0.0000009720 0.0000005679 
0.0000016640 -0.0000009720 0.0000005679 
0.0000016640 -0.0000009720 0.0000005679 
0.0000016640 -0.0000009720 0.0000005679 
0.0000016640 -0.0000009720 0.0000005679 
0.0000016640 -0.0000009720 0.0000005679 
0.0000016640 -0.0000009720 0.0000005679 
0.0000016640 -0.0000009720 0.0000005679 
0.0000016640 -0.0000009720 0.0000005679 
0.0000016640 -0.0000009720 0.0000005679 
0.0000016640 -0.0000009720 0.0000005679 
0.0000016640 -0.0000009720 0.0000005679 
0.0000016640 -0.0000009720 0.0000005679 
0.0000016640 -0.0000009720 0.0000005679 
0.0000016640 -0.0000009720 0.0000005679 
0.0000016640 -0.0000009720 0.0000005679 
0.0000016640 -0.0000009720 0.0000005679 
0.0000016640 -0.0000009720 0.0000005679 
0.0000016640 -0.0000009720 0.0000005679 
0.0000016640 -0.0000009720 0.0000005679 
0.0000016640 -0.0000009720 0.0000005679 
0.0000016640 -0.0000009720 0.0000005679 
0.0000016640 -0.0000009720 0.0000005679 
0.0000016640 -0.0000009720 0.0000005679 
0.0000016640 -0.0000009720 0.0000005679 
0.0000016640 -0.0000009720 0.0000005679 
0.0000016640 -0.0000009720 0.0000005679 
0.0000016640 -0.0000009720 0.0000005679 
0.0000016640 -0.0000009720 0.0000005679 
0.0000016640 -0.0000009720 0.0000005679 
0.0000016640 -0.0000009720 0.0000005679 
0.0000016640 -0.0000009720 0.0000005679 
