0.0000027116 0.0000019883 0.0000017763 
0.0000025646 0.0000018356 0.0000013956 
0.0000025098 0.0000017774 0.0000012636 
0.0000025098 0.0000017774 0.0000012636 
0.0000025098 0.0000017774 0.0000012636 
0.0000025098 0.0000017774 0.0000012636 
0.0000025098 0.0000017774 0.0000012636 
0.0000025098 0.0000017774 0.0000012636 
0.0000025098 0.0000017774 0.0000012636 
0.0000025098 0.0000017774 0.0000012636 
0.0000025098 0.0000017774 0.0000012636 
0.0000025098 0.0000017774 0.0000012636 
0.0000025098 0.0000017774 0.0000012636 
0.0000025098 0.0000017774 0.0000012636 
0.0000025098 0.0000017774 0.0000012636 
0.0000025098 0.0000017774 0.0000012636 
0.0000025098 0.0000017774 0.0000012636 
0.0000025098 0.0000017774 0.0000012636 
0.0000024870 0.0000017499 0.0000012319 
0.0000024870 0.0000017499 0.0000012319 
0.0000024870 0.0000017499 0.0000012319 
0.0000024870 0.0000017499 0.0000012319 
0.0000024870 0.0000017499 0.0000012319 
0.0000024870 0.0000017499 0.0000012319 
0.0000024648 0.0000017234 0.0000012049 
0.0000024648 0.0000017234 0.0000012049 
0.0000024428 0.0000016970 0.0000011789 
0.0000023325 0.0000015653 0.0000010506 
0.0000023105 0.0000015390 0.0000010252 
0.0000022665 0.0000014867 0.0000009752 
0.0000022225 0.0000014344 0.0000009258 
0.0000021787 0.0000013822 0.0000008769 
0.0000021568 0.0000013562 0.0000008528 
0.0000021349 0.0000013302 0.0000008288 
0.0000021130 0.0000013042 0.0000008051 
0.0000020691 0.0000012523 0.0000007580 
0.0000020691 0.0000012523 0.0000007580 
0.0000020472 0.0000012265 0.0000007348 
0.0000020252 0.0000012006 0.0000007118 
0.0000020252 0.0000012006 0.0000007118 
0.0000020030 0.0000011748 0.0000006891 
0.0000020030 0.0000011748 0.0000006891 
0.0000020030 0.0000011748 0.0000006891 
0.0000020030 0.0000011748 0.0000006891 
0.0000020030 0.0000011748 0.0000006891 
0.0000020030 0.0000011748 0.0000006891 
0.0000020030 0.0000011748 0.0000006891 
0.0000020030 0.0000011748 0.0000006891 
0.0000020030 0.0000011748 0.0000006891 
0.0000020030 0.0000011748 0.0000006891 
0.0000020030 0.0000011748 0.0000006891 
0.0000020030 0.0000011748 0.0000006891 
0.0000020030 0.0000011748 0.0000006891 
0.0000020030 0.0000011748 0.0000006891 
0.0000020030 0.0000011748 0.0000006891 
0.0000020030 0.0000011748 0.0000006891 
0.0000020030 0.0000011748 0.0000006891 
0.0000020030 0.0000011748 0.0000006891 
0.0000020030 0.0000011748 0.0000006891 
0.0000020030 0.0000011748 0.0000006891 
0.0000020030 0.0000011748 0.0000006891 
0.0000020030 0.0000011748 0.0000006891 
0.0000020030 0.0000011748 0.0000006891 
0.0000020030 0.0000011748 0.0000006891 
0.0000020030 0.0000011748 0.0000006891 
0.0000020030 0.0000011748 0.0000006891 
0.0000020030 0.0000011748 0.0000006891 
0.0000020030 0.0000011748 0.0000006891 
0.0000020030 0.0000011748 0.0000006891 
0.0000020030 0.0000011748 0.0000006891 
0.0000020030 0.0000011748 0.0000006891 
0.0000020030 0.0000011748 0.0000006891 
0.0000020030 0.0000011748 0.0000006891 
0.0000020030 0.0000011748 0.0000006891 
0.0000020030 0.0000011748 0.0000006891 
0.0000020030 0.0000011748 0.0000006891 
0.0000020030 0.0000011748 0.0000006891 
0.0000020030 0.0000011748 0.0000006891 
0.0000020030 0.0000011748 0.0000006891 
0.0000020030 0.0000011748 0.0000006891 
0.0000020030 0.0000011748 0.0000006891 
0.0000020030 0.0000011748 0.0000006891 
0.0000020030 0.0000011748 0.0000006891 
0.0000020030 0.0000011748 0.0000006891 
0.0000020030 0.0000011748 0.0000006891 
0.0000020030 0.0000011748 0.0000006891 
0.0000020030 0.0000011748 0.0000006891 
0.0000020030 0.0000011748 0.0000006891 
0.0000020030 0.0000011748 0.0000006891 
0.0000020030 0.0000011748 0.0000006891 
0.0000020030 0.0000011748 0.0000006891 
0.0000020030 0.0000011748 0.0000006891 
0.0000020030 0.0000011748 0.0000006891 
0.0000020030 0.0000011748 0.0000006891 
0.0000020030 0.0000011748 0.0000006891 
0.0000020030 0.0000011748 0.0000006891 
0.0000020030 0.0000011748 0.0000006891 
0.0000020030 0.0000011748 0.0000006891 
0.0000020030 0.0000011748 0.0000006891 
0.0000020030 0.0000011748 0.0000006891 
0.0000020030 0.0000011748 0.0000006891 
0.0000020030 0.0000011748 0.0000006891 
0.0000020030 0.0000011748 0.0000006891 
0.0000020030 0.0000011748 0.0000006891 
0.0000020030 0.0000011748 0.0000006891 
0.0000020030 0.0000011748 0.0000006891 
0.0000020030 0.0000011748 0.0000006891 
0.0000020030 0.0000011748 0.0000006891 
0.0000020030 0.0000011748 0.0000006891 
0.0000020030 0.0000011748 0.0000006891 
0.0000020030 0.0000011748 0.0000006891 
0.0000020030 0.0000011748 0.0000006891 
0.0000020030 0.0000011748 0.0000006891 
0.0000020030 0.0000011748 0.0000006891 
0.0000020030 0.0000011748 0.0000006891 
0.0000020030 0.0000011748 0.0000006891 
0.0000020030 0.0000011748 0.0000006891 
0.0000020030 0.0000011748 0.0000006891 
0.0000020030 0.0000011748 0.0000006891 
0.0000019748 0.0000011504 0.0000006702 
0.0000019748 0.0000011504 0.0000006702 
0.0000019184 0.0000011018 0.0000006328 
0.0000018342 0.0000010290 0.0000005774 
0.0000017781 0.0000009806 0.0000005409 
0.0000016943 0.0000009083 0.0000004869 
0.0000016943 0.0000009083 0.0000004869 
0.0000016387 0.0000008603 0.0000004517 
0.0000016109 0.0000008363 0.0000004343 
0.0000015831 0.0000008124 0.0000004170 
0.0000015831 0.0000008124 0.0000004170 
0.0000015554 0.0000007886 0.0000003999 
0.0000015277 0.0000007648 0.0000003829 
0.0000015277 0.0000007648 0.0000003829 
0.0000015000 0.0000007410 0.0000003661 
0.0000015000 0.0000007410 0.0000003661 
0.0000015000 0.0000007410 0.0000003661 
0.0000014446 0.0000006935 0.0000003330 
0.0000014446 0.0000006935 0.0000003330 
0.0000014446 0.0000006935 0.0000003330 
0.0000014169 0.0000006698 0.0000003167 
0.0000014169 0.0000006698 0.0000003167 
0.0000013891 0.0000006461 0.0000003005 
0.0000013891 0.0000006461 0.0000003005 
0.0000013614 0.0000006224 0.0000002845 
0.0000013614 0.0000006224 0.0000002845 
0.0000013614 0.0000006224 0.0000002845 
0.0000013614 0.0000006224 0.0000002845 
0.0000013337 0.0000005987 0.0000002688 
0.0000013337 0.0000005987 0.0000002688 
0.0000013337 0.0000005987 0.0000002688 
0.0000013059 0.0000005750 0.0000002532 
0.0000013059 0.0000005750 0.0000002532 
0.0000012782 0.0000005514 0.0000002379 
0.0000012782 0.0000005514 0.0000002379 
0.0000012505 0.0000005277 0.0000002227 
0.0000012505 0.0000005277 0.0000002227 
0.0000012505 0.0000005277 0.0000002227 
0.0000012505 0.0000005277 0.0000002227 
0.0000012228 0.0000005041 0.0000002078 
0.0000012228 0.0000005041 0.0000002078 
0.0000012228 0.0000005041 0.0000002078 
0.0000012228 0.0000005041 0.0000002078 
0.0000012228 0.0000005041 0.0000002078 
0.0000012228 0.0000005041 0.0000002078 
0.0000012228 0.0000005041 0.0000002078 
0.0000012228 0.0000005041 0.0000002078 
0.0000012228 0.0000005041 0.0000002078 
0.0000012228 0.0000005041 0.0000002078 
0.0000011951 0.0000004805 0.0000001932 
0.0000011951 0.0000004805 0.0000001932 
0.0000011951 0.0000004805 0.0000001932 
0.0000011951 0.0000004805 0.0000001932 
0.0000011951 0.0000004805 0.0000001932 
0.0000011951 0.0000004805 0.0000001932 
0.0000011951 0.0000004805 0.0000001932 
0.0000011951 0.0000004805 0.0000001932 
0.0000011951 0.0000004805 0.0000001932 
0.0000011951 0.0000004805 0.0000001932 
0.0000011951 0.0000004805 0.0000001932 
0.0000011951 0.0000004805 0.0000001932 
0.0000011951 0.0000004805 0.0000001932 
0.0000011951 0.0000004805 0.0000001932 
0.0000011951 0.0000004805 0.0000001932 
0.0000011951 0.0000004805 0.0000001932 
0.0000011951 0.0000004805 0.0000001932 
0.0000011951 0.0000004805 0.0000001932 
0.0000011951 0.0000004805 0.0000001932 
0.0000011951 0.0000004805 0.0000001932 
0.0000011951 0.0000004805 0.0000001932 
0.0000011951 0.0000004805 0.0000001932 
0.0000011951 0.0000004805 0.0000001932 
0.0000011951 0.0000004805 0.0000001932 
0.0000011951 0.0000004805 0.0000001932 
0.0000011951 0.0000004805 0.0000001932 
0.0000011951 0.0000004805 0.0000001932 
0.0000011951 0.0000004805 0.0000001932 
0.0000011951 0.0000004805 0.0000001932 
0.0000011951 0.0000004805 0.0000001932 
0.0000011951 0.0000004805 0.0000001932 
0.0000011951 0.0000004805 0.0000001932 
0.0000011951 0.0000004805 0.0000001932 
0.0000011951 0.0000004805 0.0000001932 
0.0000011951 0.0000004805 0.0000001932 
0.0000011951 0.0000004805 0.0000001932 
0.0000011951 0.0000004805 0.0000001932 
0.0000011951 0.0000004805 0.0000001932 
0.0000011951 0.0000004805 0.0000001932 
0.0000011951 0.0000004805 0.0000001932 
0.0000011951 0.0000004805 0.0000001932 
0.0000011951 0.0000004805 0.0000001932 
0.0000011951 0.0000004805 0.0000001932 
0.0000011951 0.0000004805 0.0000001932 
0.0000011951 0.0000004805 0.0000001932 
0.0000011951 0.0000004805 0.0000001932 
0.0000011951 0.0000004805 0.0000001932 
0.0000011951 0.0000004805 0.0000001932 
0.0000011951 0.0000004805 0.0000001932 
0.0000011951 0.0000004805 0.0000001932 
0.0000011951 0.0000004805 0.0000001932 
0.0000011951 0.0000004805 0.0000001932 
0.0000011951 0.0000004805 0.0000001932 
0.0000011951 0.0000004805 0.0000001932 
0.0000011951 0.0000004805 0.0000001932 
0.0000011951 0.0000004805 0.0000001932 
0.0000011951 0.0000004805 0.0000001932 
0.0000011951 0.0000004805 0.0000001932 
0.0000011951 0.0000004805 0.0000001932 
0.0000011951 0.0000004805 0.0000001932 
0.0000011951 0.0000004805 0.0000001932 
0.0000011951 0.0000004805 0.0000001932 
0.0000011951 0.0000004805 0.0000001932 
0.0000011951 0.0000004805 0.0000001932 
0.0000011951 0.0000004805 0.0000001932 
0.0000011951 0.0000004805 0.0000001932 
0.0000011951 0.0000004805 0.0000001932 
0.0000011951 0.0000004805 0.0000001932 
0.0000011951 0.0000004805 0.0000001932 
0.0000011951 0.0000004805 0.0000001932 
0.0000011951 0.0000004805 0.0000001932 
0.0000011951 0.0000004805 0.0000001932 
0.0000011951 0.0000004805 0.0000001932 
0.0000011951 0.0000004805 0.0000001932 
0.0000011951 0.0000004805 0.0000001932 
0.0000011951 0.0000004805 0.0000001932 
0.0000011951 0.0000004805 0.0000001932 
0.0000011951 0.0000004805 0.0000001932 
0.0000011951 0.0000004805 0.0000001932 
0.0000011951 0.0000004805 0.0000001932 
0.0000011951 0.0000004805 0.0000001932 
0.0000011951 0.0000004805 0.0000001932 
0.0000011951 0.0000004805 0.0000001932 
0.0000011951 0.0000004805 0.0000001932 
0.0000011951 0.0000004805 0.0000001932 
0.0000011951 0.0000004805 0.0000001932 
0.0000011951 0.0000004805 0.0000001932 
0.0000011951 0.0000004805 0.0000001932 
0.0000011951 0.0000004805 0.0000001932 
0.0000011951 0.0000004805 0.0000001932 
0.0000011951 0.0000004805 0.0000001932 
0.0000011951 0.0000004805 0.0000001932 
0.0000011951 0.0000004805 0.0000001932 
0.0000011951 0.0000004805 0.0000001932 
0.0000011951 0.0000004805 0.0000001932 
0.0000011951 0.0000004805 0.0000001932 
0.0000011951 0.0000004805 0.0000001932 
0.0000011951 0.0000004805 0.0000001932 
0.0000011951 0.0000004805 0.0000001932 
0.0000011951 0.0000004805 0.0000001932 
0.0000011951 0.0000004805 0.0000001932 
0.0000011951 0.0000004805 0.0000001932 
0.0000011951 0.0000004805 0.0000001932 
0.0000011951 0.0000004805 0.0000001932 
0.0000011951 0.0000004805 0.0000001932 
0.0000011951 0.0000004805 0.0000001932 
0.0000011951 0.0000004805 0.0000001932 
0.0000011951 0.0000004805 0.0000001932 
0.0000011951 0.0000004805 0.0000001932 
0.0000011951 0.0000004805 0.0000001932 
0.0000011951 0.0000004805 0.0000001932 
0.0000011951 0.0000004805 0.0000001932 
0.0000011951 0.0000004805 0.0000001932 
0.0000011951 0.0000004805 0.0000001932 
0.0000011951 0.0000004805 0.0000001932 
0.0000011951 0.0000004805 0.0000001932 
0.0000011951 0.0000004805 0.0000001932 
0.0000011951 0.0000004805 0.0000001932 
0.0000011951 0.0000004805 0.0000001932 
0.0000011951 0.0000004805 0.0000001932 
0.0000011951 0.0000004805 0.0000001932 
0.0000011951 0.0000004805 0.0000001932 
0.0000011951 0.0000004805 0.0000001932 
0.0000011951 0.0000004805 0.0000001932 
0.0000011951 0.0000004805 0.0000001932 
0.0000011951 0.0000004805 0.0000001932 
0.0000011951 0.0000004805 0.0000001932 
0.0000011951 0.0000004805 0.0000001932 
0.0000011951 0.0000004805 0.0000001932 
0.0000011951 0.0000004805 0.0000001932 
0.0000011951 0.0000004805 0.0000001932 
0.0000011951 0.0000004805 0.0000001932 
0.0000011951 0.0000004805 0.0000001932 
0.0000011951 0.0000004805 0.0000001932 
0.0000011951 0.0000004805 0.0000001932 
0.0000011951 0.0000004805 0.0000001932 
0.0000011951 0.0000004805 0.0000001932 
0.0000011951 0.0000004805 0.0000001932 
0.0000011951 0.0000004805 0.0000001932 
0.0000011951 0.0000004805 0.0000001932 
0.0000011951 0.0000004805 0.0000001932 
0.0000011951 0.0000004805 0.0000001932 
0.0000011951 0.0000004805 0.0000001932 
0.0000011951 0.0000004805 0.0000001932 
0.0000011951 0.0000004805 0.0000001932 
0.0000011951 0.0000004805 0.0000001932 
0.0000011951 0.0000004805 0.0000001932 
0.0000011951 0.0000004805 0.0000001932 
0.0000011951 0.0000004805 0.0000001932 
0.0000011951 0.0000004805 0.0000001932 
0.0000011951 0.0000004805 0.0000001932 
0.0000011951 0.0000004805 0.0000001932 
0.0000011951 0.0000004805 0.0000001932 
0.0000011951 0.0000004805 0.0000001932 
0.0000011951 0.0000004805 0.0000001932 
0.0000011951 0.0000004805 0.0000001932 
0.0000011951 0.0000004805 0.0000001932 
0.0000011951 0.0000004805 0.0000001932 
0.0000011951 0.0000004805 0.0000001932 
0.0000011951 0.0000004805 0.0000001932 
0.0000011951 0.0000004805 0.0000001932 
0.0000011951 0.0000004805 0.0000001932 
0.0000011951 0.0000004805 0.0000001932 
0.0000011951 0.0000004805 0.0000001932 
0.0000011951 0.0000004805 0.0000001932 
0.0000011951 0.0000004805 0.0000001932 
0.0000011951 0.0000004805 0.0000001932 
0.0000011951 0.0000004805 0.0000001932 
0.0000011951 0.0000004805 0.0000001932 
0.0000011951 0.0000004805 0.0000001932 
0.0000011951 0.0000004805 0.0000001932 
0.0000011951 0.0000004805 0.0000001932 
0.0000011951 0.0000004805 0.0000001932 
0.0000011951 0.0000004805 0.0000001932 
0.0000011951 0.0000004805 0.0000001932 
0.0000011951 0.0000004805 0.0000001932 
0.0000011951 0.0000004805 0.0000001932 
0.0000011951 0.0000004805 0.0000001932 
0.0000011951 0.0000004805 0.0000001932 
0.0000011951 0.0000004805 0.0000001932 
0.0000011951 0.0000004805 0.0000001932 
0.0000011951 0.0000004805 0.0000001932 
0.0000011951 0.0000004805 0.0000001932 
0.0000011951 0.0000004805 0.0000001932 
0.0000011951 0.0000004805 0.0000001932 
0.0000011951 0.0000004805 0.0000001932 
0.0000011951 0.0000004805 0.0000001932 
0.0000011951 0.0000004805 0.0000001932 
0.0000011951 0.0000004805 0.0000001932 
0.0000011951 0.0000004805 0.0000001932 
0.0000011951 0.0000004805 0.0000001932 
0.0000011951 0.0000004805 0.0000001932 
0.0000011951 0.0000004805 0.0000001932 
0.0000011951 0.0000004805 0.0000001932 
0.0000011951 0.0000004805 0.0000001932 
0.0000011951 0.0000004805 0.0000001932 
0.0000011951 0.0000004805 0.0000001932 
0.0000011951 0.0000004805 0.0000001932 
0.0000011951 0.0000004805 0.0000001932 
0.0000011951 0.0000004805 0.0000001932 
0.0000011951 0.0000004805 0.0000001932 
0.0000011951 0.0000004805 0.0000001932 
0.0000011951 0.0000004805 0.0000001932 
0.0000011951 0.0000004805 0.0000001932 
0.0000011951 0.0000004805 0.0000001932 
0.0000011951 0.0000004805 0.0000001932 
0.0000011951 0.0000004805 0.0000001932 
0.0000011951 0.0000004805 0.0000001932 
0.0000011951 0.0000004805 0.0000001932 
0.0000011951 0.0000004805 0.0000001932 
0.0000011951 0.0000004805 0.0000001932 
0.0000011951 0.0000004805 0.0000001932 
0.0000011951 0.0000004805 0.0000001932 
0.0000011951 0.0000004805 0.0000001932 
0.0000011951 0.0000004805 0.0000001932 
0.0000011951 0.0000004805 0.0000001932 
0.0000011951 0.0000004805 0.0000001932 
0.0000011951 0.0000004805 0.0000001932 
0.0000011951 0.0000004805 0.0000001932 
0.0000011951 0.0000004805 0.0000001932 
0.0000011951 0.0000004805 0.0000001932 
0.0000011951 0.0000004805 0.0000001932 
0.0000011951 0.0000004805 0.0000001932 
0.0000011951 0.0000004805 0.0000001932 
0.0000011951 0.0000004805 0.0000001932 
0.0000011951 0.0000004805 0.0000001932 
0.0000011951 0.0000004805 0.0000001932 
0.0000011951 0.0000004805 0.0000001932 
0.0000011951 0.0000004805 0.0000001932 
0.0000011951 0.0000004805 0.0000001932 
0.0000011951 0.0000004805 0.0000001932 
0.0000011951 0.0000004805 0.0000001932 
0.0000011951 0.0000004805 0.0000001932 
0.0000011951 0.0000004805 0.0000001932 
0.0000011951 0.0000004805 0.0000001932 
0.0000011951 0.0000004805 0.0000001932 
0.0000011951 0.0000004805 0.0000001932 
0.0000011951 0.0000004805 0.0000001932 
0.0000011951 0.0000004805 0.0000001932 
0.0000011951 0.0000004805 0.0000001932 
0.0000011951 0.0000004805 0.0000001932 
0.0000011951 0.0000004805 0.0000001932 
0.0000011951 0.0000004805 0.0000001932 
0.0000011951 0.0000004805 0.0000001932 
0.0000011951 0.0000004805 0.0000001932 
0.0000011951 0.0000004805 0.0000001932 
0.0000011951 0.0000004805 0.0000001932 
0.0000011951 0.0000004805 0.0000001932 
0.0000011951 0.0000004805 0.0000001932 
0.0000011951 0.0000004805 0.0000001932 
0.0000011951 0.0000004805 0.0000001932 
0.0000011951 0.0000004805 0.0000001932 
0.0000011951 0.0000004805 0.0000001932 
0.0000011951 0.0000004805 0.0000001932 
0.0000011951 0.0000004805 0.0000001932 
0.0000011951 0.0000004805 0.0000001932 
0.0000011951 0.0000004805 0.0000001932 
0.0000011951 0.0000004805 0.0000001932 
0.0000011951 0.0000004805 0.0000001932 
0.0000011951 0.0000004805 0.0000001932 
0.0000011951 0.0000004805 0.0000001932 
0.0000011951 0.0000004805 0.0000001932 
0.0000011951 0.0000004805 0.0000001932 
0.0000011951 0.0000004805 0.0000001932 
0.0000011951 0.0000004805 0.0000001932 
0.0000011951 0.0000004805 0.0000001932 
0.0000011951 0.0000004805 0.0000001932 
0.0000011951 0.0000004805 0.0000001932 
0.0000011951 0.0000004805 0.0000001932 
0.0000011951 0.0000004805 0.0000001932 
0.0000011951 0.0000004805 0.0000001932 
0.0000011951 0.0000004805 0.0000001932 
0.0000011951 0.0000004805 0.0000001932 
0.0000011951 0.0000004805 0.0000001932 
0.0000011951 0.0000004805 0.0000001932 
0.0000011951 0.0000004805 0.0000001932 
0.0000011951 0.0000004805 0.0000001932 
0.0000011951 0.0000004805 0.0000001932 
0.0000011951 0.0000004805 0.0000001932 
0.0000011951 0.0000004805 0.0000001932 
0.0000011951 0.0000004805 0.0000001932 
0.0000011951 0.0000004805 0.0000001932 
0.0000011951 0.0000004805 0.0000001932 
0.0000011951 0.0000004805 0.0000001932 
0.0000011951 0.0000004805 0.0000001932 
0.0000011951 0.0000004805 0.0000001932 
0.0000011951 0.0000004805 0.0000001932 
0.0000011951 0.0000004805 0.0000001932 
0.0000011951 0.0000004805 0.0000001932 
0.0000011951 0.0000004805 0.0000001932 
0.0000011951 0.0000004805 0.0000001932 
0.0000011951 0.0000004805 0.0000001932 
0.0000011951 0.0000004805 0.0000001932 
0.0000011951 0.0000004805 0.0000001932 
0.0000011951 0.0000004805 0.0000001932 
0.0000011951 0.0000004805 0.0000001932 
0.0000011951 0.0000004805 0.0000001932 
0.0000011951 0.0000004805 0.0000001932 
0.0000011951 0.0000004805 0.0000001932 
0.0000011951 0.0000004805 0.0000001932 
0.0000011951 0.0000004805 0.0000001932 
0.0000011951 0.0000004805 0.0000001932 
0.0000011951 0.0000004805 0.0000001932 
0.0000011951 0.0000004805 0.0000001932 
0.0000011951 0.0000004805 0.0000001932 
0.0000011951 0.0000004805 0.0000001932 
0.0000011951 0.0000004805 0.0000001932 
0.0000011951 0.0000004805 0.0000001932 
0.0000011951 0.0000004805 0.0000001932 
0.0000011951 0.0000004805 0.0000001932 
0.0000011951 0.0000004805 0.0000001932 
0.0000011951 0.0000004805 0.0000001932 
0.0000011951 0.0000004805 0.0000001932 
0.0000011951 0.0000004805 0.0000001932 
0.0000011951 0.0000004805 0.0000001932 
0.0000011951 0.0000004805 0.0000001932 
0.0000011951 0.0000004805 0.0000001932 
0.0000011951 0.0000004805 0.0000001932 
0.0000011951 0.0000004805 0.0000001932 
0.0000011951 0.0000004805 0.0000001932 
0.0000011951 0.0000004805 0.0000001932 
0.0000011951 0.0000004805 0.0000001932 
0.0000011951 0.0000004805 0.0000001932 
0.0000011951 0.0000004805 0.0000001932 
0.0000011951 0.0000004805 0.0000001932 
0.0000011951 0.0000004805 0.0000001932 
0.0000011951 0.0000004805 0.0000001932 
0.0000011951 0.0000004805 0.0000001932 
0.0000011951 0.0000004805 0.0000001932 
0.0000011951 0.0000004805 0.0000001932 
0.0000011951 0.0000004805 0.0000001932 
0.0000011951 0.0000004805 0.0000001932 
0.0000011951 0.0000004805 0.0000001932 
0.0000011951 0.0000004805 0.0000001932 
0.0000011951 0.0000004805 0.0000001932 
0.0000011951 0.0000004805 0.0000001932 
0.0000011951 0.0000004805 0.0000001932 
0.0000011951 0.0000004805 0.0000001932 
0.0000011951 0.0000004805 0.0000001932 
0.0000011951 0.0000004805 0.0000001932 
0.0000011951 0.0000004805 0.0000001932 
0.0000011951 0.0000004805 0.0000001932 
0.0000011951 0.0000004805 0.0000001932 
0.0000011951 0.0000004805 0.0000001932 
0.0000011951 0.0000004805 0.0000001932 
0.0000011951 0.0000004805 0.0000001932 
0.0000011951 0.0000004805 0.0000001932 
0.0000011951 0.0000004805 0.0000001932 
0.0000011951 0.0000004805 0.0000001932 
0.0000011951 0.0000004805 0.0000001932 
0.0000011951 0.0000004805 0.0000001932 
0.0000011951 0.0000004805 0.0000001932 
0.0000011951 0.0000004805 0.0000001932 
0.0000011951 0.0000004805 0.0000001932 
0.0000011951 0.0000004805 0.0000001932 
0.0000011951 0.0000004805 0.0000001932 
0.0000011951 0.0000004805 0.0000001932 
0.0000011951 0.0000004805 0.0000001932 
0.0000011951 0.0000004805 0.0000001932 
0.0000011951 0.0000004805 0.0000001932 
0.0000011951 0.0000004805 0.0000001932 
0.0000011951 0.0000004805 0.0000001932 
0.0000011951 0.0000004805 0.0000001932 
0.0000011951 0.0000004805 0.0000001932 
0.0000011951 0.0000004805 0.0000001932 
0.0000011951 0.0000004805 0.0000001932 
0.0000011951 0.0000004805 0.0000001932 
0.0000011951 0.0000004805 0.0000001932 
0.0000011951 0.0000004805 0.0000001932 
0.0000011951 0.0000004805 0.0000001932 
0.0000011951 0.0000004805 0.0000001932 
0.0000011951 0.0000004805 0.0000001932 
0.0000011951 0.0000004805 0.0000001932 
0.0000011951 0.0000004805 0.0000001932 
0.0000011951 0.0000004805 0.0000001932 
0.0000011951 0.0000004805 0.0000001932 
0.0000011951 0.0000004805 0.0000001932 
0.0000011951 0.0000004805 0.0000001932 
0.0000011951 0.0000004805 0.0000001932 
0.0000011951 0.0000004805 0.0000001932 
0.0000011951 0.0000004805 0.0000001932 
0.0000011951 0.0000004805 0.0000001932 
0.0000011951 0.0000004805 0.0000001932 
0.0000011951 0.0000004805 0.0000001932 
0.0000011951 0.0000004805 0.0000001932 
0.0000011951 0.0000004805 0.0000001932 
0.0000011951 0.0000004805 0.0000001932 
0.0000011951 0.0000004805 0.0000001932 
0.0000011951 0.0000004805 0.0000001932 
0.0000011951 0.0000004805 0.0000001932 
0.0000011951 0.0000004805 0.0000001932 
0.0000011951 0.0000004805 0.0000001932 
0.0000011951 0.0000004805 0.0000001932 
0.0000011951 0.0000004805 0.0000001932 
0.0000011951 0.0000004805 0.0000001932 
0.0000011951 0.0000004805 0.0000001932 
0.0000011951 0.0000004805 0.0000001932 
0.0000011951 0.0000004805 0.0000001932 
0.0000011951 0.0000004805 0.0000001932 
0.0000011951 0.0000004805 0.0000001932 
0.0000011951 0.0000004805 0.0000001932 
0.0000011951 0.0000004805 0.0000001932 
0.0000011951 0.0000004805 0.0000001932 
0.0000011951 0.0000004805 0.0000001932 
0.0000011951 0.0000004805 0.0000001932 
0.0000011951 0.0000004805 0.0000001932 
0.0000011951 0.0000004805 0.0000001932 
0.0000011951 0.0000004805 0.0000001932 
0.0000011951 0.0000004805 0.0000001932 
0.0000011951 0.0000004805 0.0000001932 
0.0000011951 0.0000004805 0.0000001932 
0.0000011951 0.0000004805 0.0000001932 
0.0000011951 0.0000004805 0.0000001932 
0.0000011951 0.0000004805 0.0000001932 
0.0000011951 0.0000004805 0.0000001932 
0.0000011951 0.0000004805 0.0000001932 
