0.0002806664 0.0000137740 0.0002585600 
0.0002807322 0.0000164808 0.0002527836 
0.0002809250 0.0000189658 0.0002472091 
0.0002812676 0.0000212749 0.0002417530 
0.0002817669 0.0000234404 0.0002363546 
0.0002824211 0.0000254876 0.0002309700 
0.0002832239 0.0000274392 0.0002255680 
0.0002841634 0.0000293135 0.0002201309 
0.0002852208 0.0000311252 0.0002146546 
0.0002863751 0.0000328853 0.0002091566 
0.0002876042 0.0000346152 0.0002036436 
0.0002888662 0.0000363404 0.0001981511 
0.0002901389 0.0000380859 0.0001926984 
0.0002914045 0.0000398501 0.0001873108 
0.0002926591 0.0000416251 0.0001819986 
0.0002938743 0.0000434391 0.0001767932 
0.0002950363 0.0000452884 0.0001717103 
0.0002961346 0.0000471632 0.0001667634 
0.0002971588 0.0000490439 0.0001619660 
0.0002981063 0.0000509224 0.0001573306 
0.0002989873 0.0000527888 0.0001528563 
0.0002998081 0.0000546310 0.0001485391 
0.0003005677 0.0000564410 0.0001443868 
0.0003012623 0.0000582263 0.0001403953 
0.0003018950 0.0000599833 0.0001365627 
0.0003024640 0.0000617233 0.0001328854 
0.0003029850 0.0000634332 0.0001293513 
0.0003034402 0.0000651375 0.0001259648 
0.0003038310 0.0000668288 0.0001227230 
0.0003041736 0.0000684842 0.0001196074 
0.0003044619 0.0000700926 0.0001166172 
0.0003046928 0.0000716689 0.0001137514 
0.0003048709 0.0000732201 0.0001110048 
0.0003049957 0.0000747520 0.0001083777 
0.0003050538 0.0000762808 0.0001058724 
0.0003050893 0.0000777888 0.0001034644 
0.0003051096 0.0000792830 0.0001011522 
0.0003050825 0.0000807885 0.0000989492 
0.0003050599 0.0000822728 0.0000968306 
0.0003050311 0.0000837366 0.0000948047 
0.0003049686 0.0000852036 0.0000928832 
0.0003048900 0.0000866610 0.0000910451 
0.0003047947 0.0000881093 0.0000892872 
0.0003046960 0.0000895429 0.0000875972 
0.0003045944 0.0000909616 0.0000859675 
0.0003044974 0.0000923634 0.0000843959 
0.0003044024 0.0000937439 0.0000828824 
0.0003042980 0.0000951132 0.0000814332 
0.0003041920 0.0000964635 0.0000800402 
0.0003040765 0.0000978057 0.0000787066 
0.0003039521 0.0000991442 0.0000774311 
0.0003038050 0.0001004913 0.0000762215 
0.0003036183 0.0001018559 0.0000750854 
0.0003033925 0.0001032370 0.0000740228 
0.0003031183 0.0001046394 0.0000730371 
0.0003028017 0.0001060577 0.0000721247 
0.0003024494 0.0001074832 0.0000712780 
0.0003020512 0.0001089118 0.0000704994 
0.0003016099 0.0001103377 0.0000697851 
0.0003011334 0.0001117552 0.0000691300 
0.0003006444 0.0001131632 0.0000685249 
0.0003001650 0.0001145508 0.0000679564 
0.0002996940 0.0001159203 0.0000674243 
0.0002992325 0.0001172733 0.0000669263 
0.0002987827 0.0001186097 0.0000664596 
0.0002983452 0.0001199267 0.0000660226 
0.0002979175 0.0001212239 0.0000656157 
0.0002975036 0.0001224974 0.0000652367 
0.0002970952 0.0001237497 0.0000648897 
0.0002966799 0.0001249829 0.0000645772 
0.0002962552 0.0001261934 0.0000642967 
0.0002958170 0.0001273789 0.0000640473 
0.0002953616 0.0001285342 0.0000638273 
0.0002948859 0.0001296534 0.0000636341 
0.0002943981 0.0001307328 0.0000634624 
0.0002938957 0.0001317720 0.0000633111 
0.0002933810 0.0001327651 0.0000631771 
0.0002928487 0.0001337065 0.0000630592 
0.0002922919 0.0001345894 0.0000629544 
0.0002917097 0.0001354032 0.0000628555 
0.0002917097 0.0001354032 0.0000628555 
0.0002917097 0.0001354032 0.0000628555 
0.0002917097 0.0001354032 0.0000628555 
0.0002917097 0.0001354032 0.0000628555 
0.0002917097 0.0001354032 0.0000628555 
0.0002917097 0.0001354032 0.0000628555 
0.0002917097 0.0001354032 0.0000628555 
0.0002917097 0.0001354032 0.0000628555 
0.0002917097 0.0001354032 0.0000628555 
0.0002917097 0.0001354032 0.0000628555 
0.0002917097 0.0001354032 0.0000628555 
0.0002917097 0.0001354032 0.0000628555 
0.0002917097 0.0001354032 0.0000628555 
0.0002917097 0.0001354032 0.0000628555 
0.0002917097 0.0001354032 0.0000628555 
0.0002917097 0.0001354032 0.0000628555 
0.0002914118 0.0001355145 0.0000625088 
0.0002914118 0.0001355145 0.0000625088 
0.0002914118 0.0001355145 0.0000625088 
0.0002914118 0.0001355145 0.0000625088 
0.0002914118 0.0001355145 0.0000625088 
0.0002914118 0.0001355145 0.0000625088 
0.0002914118 0.0001355145 0.0000625088 
0.0002914118 0.0001355145 0.0000625088 
0.0002914118 0.0001355145 0.0000625088 
0.0002914118 0.0001355145 0.0000625088 
0.0002914118 0.0001355145 0.0000625088 
0.0002914118 0.0001355145 0.0000625088 
0.0002914118 0.0001355145 0.0000625088 
0.0002914118 0.0001355145 0.0000625088 
0.0002914118 0.0001355145 0.0000625088 
0.0002914118 0.0001355145 0.0000625088 
0.0002914118 0.0001355145 0.0000625088 
0.0002914118 0.0001355145 0.0000625088 
0.0002914118 0.0001355145 0.0000625088 
0.0002914118 0.0001355145 0.0000625088 
0.0002914118 0.0001355145 0.0000625088 
0.0002914118 0.0001355145 0.0000625088 
0.0002914118 0.0001355145 0.0000625088 
0.0002914118 0.0001355145 0.0000625088 
0.0002914118 0.0001355145 0.0000625088 
0.0002914118 0.0001355145 0.0000625088 
0.0002914118 0.0001355145 0.0000625088 
0.0002914118 0.0001355145 0.0000625088 
0.0002914118 0.0001355145 0.0000625088 
0.0002914118 0.0001355145 0.0000625088 
0.0002914118 0.0001355145 0.0000625088 
0.0002914118 0.0001355145 0.0000625088 
0.0002914118 0.0001355145 0.0000625088 
0.0002914118 0.0001355145 0.0000625088 
0.0002914118 0.0001355145 0.0000625088 
0.0002914118 0.0001355145 0.0000625088 
0.0002914118 0.0001355145 0.0000625088 
0.0002914118 0.0001355145 0.0000625088 
0.0002914118 0.0001355145 0.0000625088 
0.0002914118 0.0001355145 0.0000625088 
0.0002914118 0.0001355145 0.0000625088 
0.0002914118 0.0001355145 0.0000625088 
0.0002914118 0.0001355145 0.0000625088 
0.0002914118 0.0001355145 0.0000625088 
0.0002914118 0.0001355145 0.0000625088 
0.0002914118 0.0001355145 0.0000625088 
0.0002914118 0.0001355145 0.0000625088 
0.0002914118 0.0001355145 0.0000625088 
0.0002914118 0.0001355145 0.0000625088 
0.0002914118 0.0001355145 0.0000625088 
0.0002914118 0.0001355145 0.0000625088 
0.0002914118 0.0001355145 0.0000625088 
0.0002914118 0.0001355145 0.0000625088 
0.0002914118 0.0001355145 0.0000625088 
0.0002914118 0.0001355145 0.0000625088 
0.0002914118 0.0001355145 0.0000625088 
0.0002914118 0.0001355145 0.0000625088 
0.0002914118 0.0001355145 0.0000625088 
0.0002914118 0.0001355145 0.0000625088 
0.0002914118 0.0001355145 0.0000625088 
0.0002914118 0.0001355145 0.0000625088 
0.0002914118 0.0001355145 0.0000625088 
0.0002914118 0.0001355145 0.0000625088 
0.0002914118 0.0001355145 0.0000625088 
0.0002914118 0.0001355145 0.0000625088 
0.0002914118 0.0001355145 0.0000625088 
0.0002914118 0.0001355145 0.0000625088 
0.0002914118 0.0001355145 0.0000625088 
0.0002914118 0.0001355145 0.0000625088 
0.0002914118 0.0001355145 0.0000625088 
0.0002914118 0.0001355145 0.0000625088 
0.0002914118 0.0001355145 0.0000625088 
0.0002914118 0.0001355145 0.0000625088 
0.0002914118 0.0001355145 0.0000625088 
0.0002914118 0.0001355145 0.0000625088 
0.0002914118 0.0001355145 0.0000625088 
0.0002914118 0.0001355145 0.0000625088 
0.0002914118 0.0001355145 0.0000625088 
0.0002914118 0.0001355145 0.0000625088 
0.0002914118 0.0001355145 0.0000625088 
0.0002914118 0.0001355145 0.0000625088 
0.0002914118 0.0001355145 0.0000625088 
0.0002914118 0.0001355145 0.0000625088 
0.0002914118 0.0001355145 0.0000625088 
0.0002914118 0.0001355145 0.0000625088 
0.0002914118 0.0001355145 0.0000625088 
0.0002914118 0.0001355145 0.0000625088 
0.0002914118 0.0001355145 0.0000625088 
0.0002914118 0.0001355145 0.0000625088 
0.0002914118 0.0001355145 0.0000625088 
0.0002914118 0.0001355145 0.0000625088 
0.0002914118 0.0001355145 0.0000625088 
0.0002914118 0.0001355145 0.0000625088 
0.0002914118 0.0001355145 0.0000625088 
0.0002914118 0.0001355145 0.0000625088 
0.0002914118 0.0001355145 0.0000625088 
0.0002914118 0.0001355145 0.0000625088 
0.0002914118 0.0001355145 0.0000625088 
0.0002914118 0.0001355145 0.0000625088 
0.0002914118 0.0001355145 0.0000625088 
0.0002914118 0.0001355145 0.0000625088 
0.0002914118 0.0001355145 0.0000625088 
0.0002914118 0.0001355145 0.0000625088 
0.0002914118 0.0001355145 0.0000625088 
0.0002914118 0.0001355145 0.0000625088 
0.0002914118 0.0001355145 0.0000625088 
0.0002914118 0.0001355145 0.0000625088 
0.0002914118 0.0001355145 0.0000625088 
0.0002914118 0.0001355145 0.0000625088 
0.0002914118 0.0001355145 0.0000625088 
0.0002914118 0.0001355145 0.0000625088 
0.0002914118 0.0001355145 0.0000625088 
0.0002914118 0.0001355145 0.0000625088 
0.0002914118 0.0001355145 0.0000625088 
0.0002914118 0.0001355145 0.0000625088 
0.0002914118 0.0001355145 0.0000625088 
0.0002914118 0.0001355145 0.0000625088 
0.0002914118 0.0001355145 0.0000625088 
0.0002914118 0.0001355145 0.0000625088 
0.0002914118 0.0001355145 0.0000625088 
0.0002914118 0.0001355145 0.0000625088 
0.0002914118 0.0001355145 0.0000625088 
0.0002914118 0.0001355145 0.0000625088 
0.0002914118 0.0001355145 0.0000625088 
0.0002914118 0.0001355145 0.0000625088 
0.0002914118 0.0001355145 0.0000625088 
0.0002914118 0.0001355145 0.0000625088 
0.0002914118 0.0001355145 0.0000625088 
0.0002914118 0.0001355145 0.0000625088 
0.0002914118 0.0001355145 0.0000625088 
0.0002914118 0.0001355145 0.0000625088 
0.0002914118 0.0001355145 0.0000625088 
0.0002914118 0.0001355145 0.0000625088 
0.0002914118 0.0001355145 0.0000625088 
0.0002914118 0.0001355145 0.0000625088 
0.0002914118 0.0001355145 0.0000625088 
0.0002914118 0.0001355145 0.0000625088 
0.0002914118 0.0001355145 0.0000625088 
0.0002914118 0.0001355145 0.0000625088 
0.0002914118 0.0001355145 0.0000625088 
0.0002914118 0.0001355145 0.0000625088 
0.0002914118 0.0001355145 0.0000625088 
0.0002914118 0.0001355145 0.0000625088 
0.0002914118 0.0001355145 0.0000625088 
0.0002914118 0.0001355145 0.0000625088 
0.0002914118 0.0001355145 0.0000625088 
0.0002914118 0.0001355145 0.0000625088 
0.0002914118 0.0001355145 0.0000625088 
0.0002914118 0.0001355145 0.0000625088 
0.0002914118 0.0001355145 0.0000625088 
0.0002914118 0.0001355145 0.0000625088 
0.0002914118 0.0001355145 0.0000625088 
0.0002914118 0.0001355145 0.0000625088 
0.0002914118 0.0001355145 0.0000625088 
0.0002914118 0.0001355145 0.0000625088 
0.0002914118 0.0001355145 0.0000625088 
0.0002914118 0.0001355145 0.0000625088 
0.0002914118 0.0001355145 0.0000625088 
0.0002914118 0.0001355145 0.0000625088 
0.0002914118 0.0001355145 0.0000625088 
0.0002914118 0.0001355145 0.0000625088 
0.0002914118 0.0001355145 0.0000625088 
0.0002914118 0.0001355145 0.0000625088 
0.0002914118 0.0001355145 0.0000625088 
0.0002914118 0.0001355145 0.0000625088 
0.0002914118 0.0001355145 0.0000625088 
0.0002914118 0.0001355145 0.0000625088 
0.0002914118 0.0001355145 0.0000625088 
0.0002914118 0.0001355145 0.0000625088 
0.0002914118 0.0001355145 0.0000625088 
0.0002914118 0.0001355145 0.0000625088 
0.0002914118 0.0001355145 0.0000625088 
0.0002914118 0.0001355145 0.0000625088 
0.0002914118 0.0001355145 0.0000625088 
0.0002914118 0.0001355145 0.0000625088 
0.0002914118 0.0001355145 0.0000625088 
0.0002914118 0.0001355145 0.0000625088 
0.0002914118 0.0001355145 0.0000625088 
0.0002914118 0.0001355145 0.0000625088 
0.0002914118 0.0001355145 0.0000625088 
0.0002914118 0.0001355145 0.0000625088 
0.0002914118 0.0001355145 0.0000625088 
0.0002914118 0.0001355145 0.0000625088 
0.0002914118 0.0001355145 0.0000625088 
0.0002914118 0.0001355145 0.0000625088 
0.0002914118 0.0001355145 0.0000625088 
0.0002914118 0.0001355145 0.0000625088 
0.0002914118 0.0001355145 0.0000625088 
0.0002914118 0.0001355145 0.0000625088 
0.0002914118 0.0001355145 0.0000625088 
0.0002914118 0.0001355145 0.0000625088 
0.0002914118 0.0001355145 0.0000625088 
0.0002914118 0.0001355145 0.0000625088 
0.0002914118 0.0001355145 0.0000625088 
0.0002914118 0.0001355145 0.0000625088 
0.0002914118 0.0001355145 0.0000625088 
0.0002914118 0.0001355145 0.0000625088 
0.0002914118 0.0001355145 0.0000625088 
0.0002914118 0.0001355145 0.0000625088 
0.0002914118 0.0001355145 0.0000625088 
0.0002914118 0.0001355145 0.0000625088 
0.0002914118 0.0001355145 0.0000625088 
0.0002914118 0.0001355145 0.0000625088 
0.0002914118 0.0001355145 0.0000625088 
0.0002914118 0.0001355145 0.0000625088 
0.0002914118 0.0001355145 0.0000625088 
0.0002914118 0.0001355145 0.0000625088 
0.0002914118 0.0001355145 0.0000625088 
0.0002914118 0.0001355145 0.0000625088 
0.0002914118 0.0001355145 0.0000625088 
0.0002914118 0.0001355145 0.0000625088 
0.0002914118 0.0001355145 0.0000625088 
0.0002914118 0.0001355145 0.0000625088 
0.0002914118 0.0001355145 0.0000625088 
0.0002914118 0.0001355145 0.0000625088 
0.0002914118 0.0001355145 0.0000625088 
0.0002914118 0.0001355145 0.0000625088 
0.0002914118 0.0001355145 0.0000625088 
0.0002914118 0.0001355145 0.0000625088 
0.0002914118 0.0001355145 0.0000625088 
0.0002914118 0.0001355145 0.0000625088 
0.0002914118 0.0001355145 0.0000625088 
0.0002914118 0.0001355145 0.0000625088 
0.0002914118 0.0001355145 0.0000625088 
0.0002914118 0.0001355145 0.0000625088 
0.0002914118 0.0001355145 0.0000625088 
0.0002914118 0.0001355145 0.0000625088 
0.0002914118 0.0001355145 0.0000625088 
0.0002914118 0.0001355145 0.0000625088 
0.0002914118 0.0001355145 0.0000625088 
0.0002914118 0.0001355145 0.0000625088 
0.0002914118 0.0001355145 0.0000625088 
0.0002914118 0.0001355145 0.0000625088 
0.0002914118 0.0001355145 0.0000625088 
0.0002914118 0.0001355145 0.0000625088 
0.0002914118 0.0001355145 0.0000625088 
0.0002914118 0.0001355145 0.0000625088 
0.0002914118 0.0001355145 0.0000625088 
0.0002914118 0.0001355145 0.0000625088 
0.0002914118 0.0001355145 0.0000625088 
0.0002914118 0.0001355145 0.0000625088 
0.0002914118 0.0001355145 0.0000625088 
0.0002914118 0.0001355145 0.0000625088 
0.0002914118 0.0001355145 0.0000625088 
0.0002914118 0.0001355145 0.0000625088 
0.0002914118 0.0001355145 0.0000625088 
0.0002914118 0.0001355145 0.0000625088 
0.0002914118 0.0001355145 0.0000625088 
0.0002914118 0.0001355145 0.0000625088 
0.0002914118 0.0001355145 0.0000625088 
0.0002914118 0.0001355145 0.0000625088 
0.0002914118 0.0001355145 0.0000625088 
0.0002914118 0.0001355145 0.0000625088 
0.0002914118 0.0001355145 0.0000625088 
0.0002914118 0.0001355145 0.0000625088 
0.0002914118 0.0001355145 0.0000625088 
0.0002914118 0.0001355145 0.0000625088 
0.0002914118 0.0001355145 0.0000625088 
0.0002914118 0.0001355145 0.0000625088 
0.0002914118 0.0001355145 0.0000625088 
0.0002914118 0.0001355145 0.0000625088 
0.0002914118 0.0001355145 0.0000625088 
0.0002914118 0.0001355145 0.0000625088 
0.0002914118 0.0001355145 0.0000625088 
0.0002914118 0.0001355145 0.0000625088 
0.0002914118 0.0001355145 0.0000625088 
0.0002914118 0.0001355145 0.0000625088 
0.0002914118 0.0001355145 0.0000625088 
0.0002914118 0.0001355145 0.0000625088 
0.0002914118 0.0001355145 0.0000625088 
0.0002914118 0.0001355145 0.0000625088 
0.0002914118 0.0001355145 0.0000625088 
0.0002914118 0.0001355145 0.0000625088 
0.0002914118 0.0001355145 0.0000625088 
0.0002914118 0.0001355145 0.0000625088 
0.0002914118 0.0001355145 0.0000625088 
0.0002914118 0.0001355145 0.0000625088 
0.0002914118 0.0001355145 0.0000625088 
0.0002914118 0.0001355145 0.0000625088 
0.0002914118 0.0001355145 0.0000625088 
0.0002914118 0.0001355145 0.0000625088 
0.0002914118 0.0001355145 0.0000625088 
0.0002914118 0.0001355145 0.0000625088 
0.0002914118 0.0001355145 0.0000625088 
0.0002914118 0.0001355145 0.0000625088 
0.0002914118 0.0001355145 0.0000625088 
0.0002914118 0.0001355145 0.0000625088 
0.0002914118 0.0001355145 0.0000625088 
0.0002914118 0.0001355145 0.0000625088 
0.0002914118 0.0001355145 0.0000625088 
0.0002914118 0.0001355145 0.0000625088 
0.0002914118 0.0001355145 0.0000625088 
0.0002914118 0.0001355145 0.0000625088 
0.0002914118 0.0001355145 0.0000625088 
0.0002914118 0.0001355145 0.0000625088 
0.0002914118 0.0001355145 0.0000625088 
0.0002914118 0.0001355145 0.0000625088 
0.0002914118 0.0001355145 0.0000625088 
0.0002914118 0.0001355145 0.0000625088 
0.0002914118 0.0001355145 0.0000625088 
0.0002914118 0.0001355145 0.0000625088 
0.0002914118 0.0001355145 0.0000625088 
0.0002914118 0.0001355145 0.0000625088 
0.0002914118 0.0001355145 0.0000625088 
0.0002914118 0.0001355145 0.0000625088 
0.0002914118 0.0001355145 0.0000625088 
0.0002914118 0.0001355145 0.0000625088 
0.0002914118 0.0001355145 0.0000625088 
0.0002914118 0.0001355145 0.0000625088 
0.0002914118 0.0001355145 0.0000625088 
0.0002914118 0.0001355145 0.0000625088 
0.0002914118 0.0001355145 0.0000625088 
0.0002914118 0.0001355145 0.0000625088 
0.0002914118 0.0001355145 0.0000625088 
0.0002914118 0.0001355145 0.0000625088 
0.0002914118 0.0001355145 0.0000625088 
0.0002914118 0.0001355145 0.0000625088 
0.0002914118 0.0001355145 0.0000625088 
0.0002914118 0.0001355145 0.0000625088 
0.0002914118 0.0001355145 0.0000625088 
0.0002914118 0.0001355145 0.0000625088 
0.0002914118 0.0001355145 0.0000625088 
0.0002914118 0.0001355145 0.0000625088 
0.0002914118 0.0001355145 0.0000625088 
0.0002914118 0.0001355145 0.0000625088 
0.0002914118 0.0001355145 0.0000625088 
0.0002914118 0.0001355145 0.0000625088 
0.0002914118 0.0001355145 0.0000625088 
0.0002914118 0.0001355145 0.0000625088 
0.0002914118 0.0001355145 0.0000625088 
0.0002914118 0.0001355145 0.0000625088 
0.0002914118 0.0001355145 0.0000625088 
0.0002914118 0.0001355145 0.0000625088 
0.0002914118 0.0001355145 0.0000625088 
0.0002914118 0.0001355145 0.0000625088 
0.0002914118 0.0001355145 0.0000625088 
0.0002914118 0.0001355145 0.0000625088 
0.0002914118 0.0001355145 0.0000625088 
0.0002914118 0.0001355145 0.0000625088 
0.0002914118 0.0001355145 0.0000625088 
0.0002914118 0.0001355145 0.0000625088 
0.0002914118 0.0001355145 0.0000625088 
0.0002914118 0.0001355145 0.0000625088 
0.0002914118 0.0001355145 0.0000625088 
0.0002914118 0.0001355145 0.0000625088 
0.0002914118 0.0001355145 0.0000625088 
0.0002914118 0.0001355145 0.0000625088 
0.0002914118 0.0001355145 0.0000625088 
0.0002914118 0.0001355145 0.0000625088 
0.0002914118 0.0001355145 0.0000625088 
0.0002914118 0.0001355145 0.0000625088 
0.0002914118 0.0001355145 0.0000625088 
0.0002914118 0.0001355145 0.0000625088 
0.0002914118 0.0001355145 0.0000625088 
0.0002914118 0.0001355145 0.0000625088 
0.0002914118 0.0001355145 0.0000625088 
0.0002914118 0.0001355145 0.0000625088 
0.0002914118 0.0001355145 0.0000625088 
0.0002914118 0.0001355145 0.0000625088 
0.0002914118 0.0001355145 0.0000625088 
0.0002914118 0.0001355145 0.0000625088 
0.0002914118 0.0001355145 0.0000625088 
0.0002914118 0.0001355145 0.0000625088 
0.0002914118 0.0001355145 0.0000625088 
0.0002914118 0.0001355145 0.0000625088 
0.0002914118 0.0001355145 0.0000625088 
0.0002914118 0.0001355145 0.0000625088 
0.0002914118 0.0001355145 0.0000625088 
0.0002914118 0.0001355145 0.0000625088 
0.0002914118 0.0001355145 0.0000625088 
0.0002914118 0.0001355145 0.0000625088 
0.0002914118 0.0001355145 0.0000625088 
0.0002914118 0.0001355145 0.0000625088 
0.0002914118 0.0001355145 0.0000625088 
0.0002914118 0.0001355145 0.0000625088 
0.0002914118 0.0001355145 0.0000625088 
0.0002914118 0.0001355145 0.0000625088 
0.0002914118 0.0001355145 0.0000625088 
0.0002914118 0.0001355145 0.0000625088 
0.0002914118 0.0001355145 0.0000625088 
0.0002914118 0.0001355145 0.0000625088 
0.0002914118 0.0001355145 0.0000625088 
0.0002914118 0.0001355145 0.0000625088 
0.0002914118 0.0001355145 0.0000625088 
0.0002914118 0.0001355145 0.0000625088 
0.0002914118 0.0001355145 0.0000625088 
0.0002914118 0.0001355145 0.0000625088 
0.0002914118 0.0001355145 0.0000625088 
0.0002914118 0.0001355145 0.0000625088 
0.0002914118 0.0001355145 0.0000625088 
0.0002914118 0.0001355145 0.0000625088 
0.0002914118 0.0001355145 0.0000625088 
0.0002914118 0.0001355145 0.0000625088 
0.0002914118 0.0001355145 0.0000625088 
0.0002914118 0.0001355145 0.0000625088 
0.0002914118 0.0001355145 0.0000625088 
0.0002914118 0.0001355145 0.0000625088 
0.0002914118 0.0001355145 0.0000625088 
0.0002914118 0.0001355145 0.0000625088 
0.0002914118 0.0001355145 0.0000625088 
0.0002914118 0.0001355145 0.0000625088 
0.0002914118 0.0001355145 0.0000625088 
0.0002914118 0.0001355145 0.0000625088 
0.0002914118 0.0001355145 0.0000625088 
0.0002914118 0.0001355145 0.0000625088 
0.0002914118 0.0001355145 0.0000625088 
0.0002914118 0.0001355145 0.0000625088 
0.0002914118 0.0001355145 0.0000625088 
0.0002914118 0.0001355145 0.0000625088 
0.0002914118 0.0001355145 0.0000625088 
0.0002914118 0.0001355145 0.0000625088 
0.0002914118 0.0001355145 0.0000625088 
0.0002914118 0.0001355145 0.0000625088 
0.0002914118 0.0001355145 0.0000625088 
0.0002914118 0.0001355145 0.0000625088 
0.0002914118 0.0001355145 0.0000625088 
0.0002914118 0.0001355145 0.0000625088 
0.0002914118 0.0001355145 0.0000625088 
0.0002914118 0.0001355145 0.0000625088 
0.0002914118 0.0001355145 0.0000625088 
0.0002914118 0.0001355145 0.0000625088 
0.0002914118 0.0001355145 0.0000625088 
0.0002914118 0.0001355145 0.0000625088 
0.0002914118 0.0001355145 0.0000625088 
0.0002914118 0.0001355145 0.0000625088 
0.0002914118 0.0001355145 0.0000625088 
0.0002914118 0.0001355145 0.0000625088 
0.0002914118 0.0001355145 0.0000625088 
0.0002914118 0.0001355145 0.0000625088 
0.0002914118 0.0001355145 0.0000625088 
0.0002914118 0.0001355145 0.0000625088 
0.0002914118 0.0001355145 0.0000625088 
0.0002914118 0.0001355145 0.0000625088 
0.0002914118 0.0001355145 0.0000625088 
0.0002914118 0.0001355145 0.0000625088 
0.0002914118 0.0001355145 0.0000625088 
0.0002914118 0.0001355145 0.0000625088 
0.0002914118 0.0001355145 0.0000625088 
0.0002914118 0.0001355145 0.0000625088 
0.0002914118 0.0001355145 0.0000625088 
0.0002914118 0.0001355145 0.0000625088 
0.0002914118 0.0001355145 0.0000625088 
0.0002914118 0.0001355145 0.0000625088 
0.0002914118 0.0001355145 0.0000625088 
0.0002914118 0.0001355145 0.0000625088 
0.0002914118 0.0001355145 0.0000625088 
0.0002914118 0.0001355145 0.0000625088 
0.0002914118 0.0001355145 0.0000625088 
0.0002914118 0.0001355145 0.0000625088 
0.0002914118 0.0001355145 0.0000625088 
0.0002914118 0.0001355145 0.0000625088 
0.0002914118 0.0001355145 0.0000625088 
0.0002914118 0.0001355145 0.0000625088 
0.0002914118 0.0001355145 0.0000625088 
0.0002914118 0.0001355145 0.0000625088 
0.0002914118 0.0001355145 0.0000625088 
0.0002914118 0.0001355145 0.0000625088 
0.0002914118 0.0001355145 0.0000625088 
0.0002914118 0.0001355145 0.0000625088 
0.0002914118 0.0001355145 0.0000625088 
0.0002914118 0.0001355145 0.0000625088 
0.0002914118 0.0001355145 0.0000625088 
0.0002914118 0.0001355145 0.0000625088 
0.0002914118 0.0001355145 0.0000625088 
0.0002914118 0.0001355145 0.0000625088 
0.0002914118 0.0001355145 0.0000625088 
0.0002914118 0.0001355145 0.0000625088 
0.0002914118 0.0001355145 0.0000625088 
0.0002914118 0.0001355145 0.0000625088 
0.0002914118 0.0001355145 0.0000625088 
0.0002914118 0.0001355145 0.0000625088 
0.0002914118 0.0001355145 0.0000625088 
0.0002914118 0.0001355145 0.0000625088 
0.0002914118 0.0001355145 0.0000625088 
0.0002914118 0.0001355145 0.0000625088 
0.0002914118 0.0001355145 0.0000625088 
0.0002914118 0.0001355145 0.0000625088 
0.0002914118 0.0001355145 0.0000625088 
0.0002914118 0.0001355145 0.0000625088 
0.0002914118 0.0001355145 0.0000625088 
0.0002914118 0.0001355145 0.0000625088 
0.0002914118 0.0001355145 0.0000625088 
0.0002914118 0.0001355145 0.0000625088 
0.0002914118 0.0001355145 0.0000625088 
0.0002914118 0.0001355145 0.0000625088 
0.0002914118 0.0001355145 0.0000625088 
0.0002914118 0.0001355145 0.0000625088 
0.0002914118 0.0001355145 0.0000625088 
0.0002914118 0.0001355145 0.0000625088 
0.0002914118 0.0001355145 0.0000625088 
0.0002914118 0.0001355145 0.0000625088 
0.0002914118 0.0001355145 0.0000625088 
0.0002914118 0.0001355145 0.0000625088 
0.0002914118 0.0001355145 0.0000625088 
0.0002914118 0.0001355145 0.0000625088 
0.0002914118 0.0001355145 0.0000625088 
0.0002914118 0.0001355145 0.0000625088 
0.0002914118 0.0001355145 0.0000625088 
0.0002914118 0.0001355145 0.0000625088 
0.0002914118 0.0001355145 0.0000625088 
0.0002914118 0.0001355145 0.0000625088 
0.0002914118 0.0001355145 0.0000625088 
0.0002914118 0.0001355145 0.0000625088 
0.0002914118 0.0001355145 0.0000625088 
0.0002914118 0.0001355145 0.0000625088 
0.0002914118 0.0001355145 0.0000625088 
0.0002914118 0.0001355145 0.0000625088 
0.0002914118 0.0001355145 0.0000625088 
0.0002914118 0.0001355145 0.0000625088 
0.0002914118 0.0001355145 0.0000625088 
0.0002914118 0.0001355145 0.0000625088 
0.0002914118 0.0001355145 0.0000625088 
0.0002914118 0.0001355145 0.0000625088 
0.0002914118 0.0001355145 0.0000625088 
0.0002914118 0.0001355145 0.0000625088 
0.0002914118 0.0001355145 0.0000625088 
0.0002914118 0.0001355145 0.0000625088 
0.0002914118 0.0001355145 0.0000625088 
0.0002914118 0.0001355145 0.0000625088 
0.0002914118 0.0001355145 0.0000625088 
0.0002914118 0.0001355145 0.0000625088 
0.0002914118 0.0001355145 0.0000625088 
0.0002914118 0.0001355145 0.0000625088 
0.0002914118 0.0001355145 0.0000625088 
0.0002914118 0.0001355145 0.0000625088 
0.0002914118 0.0001355145 0.0000625088 
0.0002914118 0.0001355145 0.0000625088 
0.0002914118 0.0001355145 0.0000625088 
0.0002914118 0.0001355145 0.0000625088 
0.0002914118 0.0001355145 0.0000625088 
0.0002914118 0.0001355145 0.0000625088 
0.0002914118 0.0001355145 0.0000625088 
0.0002914118 0.0001355145 0.0000625088 
0.0002914118 0.0001355145 0.0000625088 
0.0002914118 0.0001355145 0.0000625088 
0.0002914118 0.0001355145 0.0000625088 
0.0002914118 0.0001355145 0.0000625088 
0.0002914118 0.0001355145 0.0000625088 
0.0002914118 0.0001355145 0.0000625088 
0.0002914118 0.0001355145 0.0000625088 
0.0002914118 0.0001355145 0.0000625088 
0.0002914118 0.0001355145 0.0000625088 
0.0002914118 0.0001355145 0.0000625088 
0.0002914118 0.0001355145 0.0000625088 
0.0002914118 0.0001355145 0.0000625088 
0.0002914118 0.0001355145 0.0000625088 
0.0002914118 0.0001355145 0.0000625088 
0.0002914118 0.0001355145 0.0000625088 
0.0002914118 0.0001355145 0.0000625088 
0.0002914118 0.0001355145 0.0000625088 
0.0002914118 0.0001355145 0.0000625088 
0.0002914118 0.0001355145 0.0000625088 
0.0002914118 0.0001355145 0.0000625088 
0.0002914118 0.0001355145 0.0000625088 
0.0002914118 0.0001355145 0.0000625088 
0.0002914118 0.0001355145 0.0000625088 
0.0002914118 0.0001355145 0.0000625088 
0.0002914118 0.0001355145 0.0000625088 
0.0002914118 0.0001355145 0.0000625088 
0.0002914118 0.0001355145 0.0000625088 
0.0002914118 0.0001355145 0.0000625088 
0.0002914118 0.0001355145 0.0000625088 
0.0002914118 0.0001355145 0.0000625088 
0.0002914118 0.0001355145 0.0000625088 
0.0002914118 0.0001355145 0.0000625088 
0.0002914118 0.0001355145 0.0000625088 
0.0002914118 0.0001355145 0.0000625088 
0.0002914118 0.0001355145 0.0000625088 
0.0002914118 0.0001355145 0.0000625088 
0.0002914118 0.0001355145 0.0000625088 
0.0002914118 0.0001355145 0.0000625088 
0.0002914118 0.0001355145 0.0000625088 
0.0002914118 0.0001355145 0.0000625088 
0.0002914118 0.0001355145 0.0000625088 
0.0002914118 0.0001355145 0.0000625088 
0.0002914118 0.0001355145 0.0000625088 
0.0002914118 0.0001355145 0.0000625088 
0.0002914118 0.0001355145 0.0000625088 
0.0002914118 0.0001355145 0.0000625088 
0.0002914118 0.0001355145 0.0000625088 
0.0002914118 0.0001355145 0.0000625088 
0.0002914118 0.0001355145 0.0000625088 
0.0002914118 0.0001355145 0.0000625088 
0.0002914118 0.0001355145 0.0000625088 
0.0002914118 0.0001355145 0.0000625088 
0.0002914118 0.0001355145 0.0000625088 
0.0002914118 0.0001355145 0.0000625088 
0.0002914118 0.0001355145 0.0000625088 
0.0002914118 0.0001355145 0.0000625088 
0.0002914118 0.0001355145 0.0000625088 
0.0002914118 0.0001355145 0.0000625088 
0.0002914118 0.0001355145 0.0000625088 
0.0002914118 0.0001355145 0.0000625088 
0.0002914118 0.0001355145 0.0000625088 
0.0002914118 0.0001355145 0.0000625088 
0.0002914118 0.0001355145 0.0000625088 
0.0002914118 0.0001355145 0.0000625088 
0.0002914118 0.0001355145 0.0000625088 
0.0002914118 0.0001355145 0.0000625088 
0.0002914118 0.0001355145 0.0000625088 
0.0002914118 0.0001355145 0.0000625088 
0.0002914118 0.0001355145 0.0000625088 
0.0002914118 0.0001355145 0.0000625088 
0.0002914118 0.0001355145 0.0000625088 
0.0002914118 0.0001355145 0.0000625088 
0.0002914118 0.0001355145 0.0000625088 
0.0002914118 0.0001355145 0.0000625088 
0.0002914118 0.0001355145 0.0000625088 
0.0002914118 0.0001355145 0.0000625088 
0.0002914118 0.0001355145 0.0000625088 
0.0002914118 0.0001355145 0.0000625088 
0.0002914118 0.0001355145 0.0000625088 
0.0002914118 0.0001355145 0.0000625088 
0.0002914118 0.0001355145 0.0000625088 
0.0002914118 0.0001355145 0.0000625088 
0.0002914118 0.0001355145 0.0000625088 
0.0002914118 0.0001355145 0.0000625088 
0.0002914118 0.0001355145 0.0000625088 
0.0002914118 0.0001355145 0.0000625088 
0.0002914118 0.0001355145 0.0000625088 
0.0002914118 0.0001355145 0.0000625088 
0.0002914118 0.0001355145 0.0000625088 
0.0002914118 0.0001355145 0.0000625088 
0.0002914118 0.0001355145 0.0000625088 
0.0002914118 0.0001355145 0.0000625088 
0.0002914118 0.0001355145 0.0000625088 
0.0002914118 0.0001355145 0.0000625088 
0.0002914118 0.0001355145 0.0000625088 
0.0002914118 0.0001355145 0.0000625088 
0.0002914118 0.0001355145 0.0000625088 
0.0002914118 0.0001355145 0.0000625088 
0.0002914118 0.0001355145 0.0000625088 
0.0002914118 0.0001355145 0.0000625088 
0.0002914118 0.0001355145 0.0000625088 
0.0002914118 0.0001355145 0.0000625088 
0.0002914118 0.0001355145 0.0000625088 
0.0002914118 0.0001355145 0.0000625088 
0.0002914118 0.0001355145 0.0000625088 
0.0002914118 0.0001355145 0.0000625088 
0.0002914118 0.0001355145 0.0000625088 
0.0002914118 0.0001355145 0.0000625088 
0.0002914118 0.0001355145 0.0000625088 
0.0002914118 0.0001355145 0.0000625088 
0.0002914118 0.0001355145 0.0000625088 
0.0002914118 0.0001355145 0.0000625088 
0.0002914118 0.0001355145 0.0000625088 
0.0002914118 0.0001355145 0.0000625088 
0.0002914118 0.0001355145 0.0000625088 
0.0002914118 0.0001355145 0.0000625088 
0.0002914118 0.0001355145 0.0000625088 
0.0002914118 0.0001355145 0.0000625088 
0.0002914118 0.0001355145 0.0000625088 
0.0002914118 0.0001355145 0.0000625088 
0.0002914118 0.0001355145 0.0000625088 
0.0002914118 0.0001355145 0.0000625088 
0.0002914118 0.0001355145 0.0000625088 
0.0002914118 0.0001355145 0.0000625088 
0.0002914118 0.0001355145 0.0000625088 
0.0002914118 0.0001355145 0.0000625088 
0.0002914118 0.0001355145 0.0000625088 
0.0002914118 0.0001355145 0.0000625088 
0.0002914118 0.0001355145 0.0000625088 
0.0002914118 0.0001355145 0.0000625088 
0.0002914118 0.0001355145 0.0000625088 
0.0002914118 0.0001355145 0.0000625088 
0.0002914118 0.0001355145 0.0000625088 
0.0002914118 0.0001355145 0.0000625088 
0.0002914118 0.0001355145 0.0000625088 
0.0002914118 0.0001355145 0.0000625088 
0.0002914118 0.0001355145 0.0000625088 
0.0002914118 0.0001355145 0.0000625088 
0.0002914118 0.0001355145 0.0000625088 
0.0002914118 0.0001355145 0.0000625088 
0.0002914118 0.0001355145 0.0000625088 
0.0002914118 0.0001355145 0.0000625088 
0.0002914118 0.0001355145 0.0000625088 
0.0002914118 0.0001355145 0.0000625088 
0.0002914118 0.0001355145 0.0000625088 
0.0002914118 0.0001355145 0.0000625088 
0.0002914118 0.0001355145 0.0000625088 
0.0002914118 0.0001355145 0.0000625088 
0.0002914118 0.0001355145 0.0000625088 
0.0002914118 0.0001355145 0.0000625088 
0.0002914118 0.0001355145 0.0000625088 
0.0002914118 0.0001355145 0.0000625088 
0.0002914118 0.0001355145 0.0000625088 
0.0002914118 0.0001355145 0.0000625088 
0.0002914118 0.0001355145 0.0000625088 
0.0002914118 0.0001355145 0.0000625088 
0.0002914118 0.0001355145 0.0000625088 
0.0002914118 0.0001355145 0.0000625088 
0.0002914118 0.0001355145 0.0000625088 
0.0002914118 0.0001355145 0.0000625088 
0.0002914118 0.0001355145 0.0000625088 
0.0002914118 0.0001355145 0.0000625088 
0.0002914118 0.0001355145 0.0000625088 
0.0002914118 0.0001355145 0.0000625088 
0.0002914118 0.0001355145 0.0000625088 
0.0002914118 0.0001355145 0.0000625088 
0.0002914118 0.0001355145 0.0000625088 
0.0002914118 0.0001355145 0.0000625088 
0.0002914118 0.0001355145 0.0000625088 
0.0002914118 0.0001355145 0.0000625088 
0.0002914118 0.0001355145 0.0000625088 
0.0002914118 0.0001355145 0.0000625088 
0.0002914118 0.0001355145 0.0000625088 
0.0002914118 0.0001355145 0.0000625088 
0.0002914118 0.0001355145 0.0000625088 
0.0002914118 0.0001355145 0.0000625088 
0.0002914118 0.0001355145 0.0000625088 
0.0002914118 0.0001355145 0.0000625088 
0.0002914118 0.0001355145 0.0000625088 
0.0002914118 0.0001355145 0.0000625088 
0.0002914118 0.0001355145 0.0000625088 
0.0002914118 0.0001355145 0.0000625088 
0.0002914118 0.0001355145 0.0000625088 
0.0002914118 0.0001355145 0.0000625088 
0.0002914118 0.0001355145 0.0000625088 
0.0002914118 0.0001355145 0.0000625088 
0.0002914118 0.0001355145 0.0000625088 
0.0002914118 0.0001355145 0.0000625088 
0.0002914118 0.0001355145 0.0000625088 
0.0002914118 0.0001355145 0.0000625088 
0.0002914118 0.0001355145 0.0000625088 
0.0002914118 0.0001355145 0.0000625088 
0.0002914118 0.0001355145 0.0000625088 
0.0002914118 0.0001355145 0.0000625088 
0.0002914118 0.0001355145 0.0000625088 
0.0002914118 0.0001355145 0.0000625088 
0.0002914118 0.0001355145 0.0000625088 
0.0002914118 0.0001355145 0.0000625088 
0.0002914118 0.0001355145 0.0000625088 
0.0002914118 0.0001355145 0.0000625088 
0.0002914118 0.0001355145 0.0000625088 
0.0002914118 0.0001355145 0.0000625088 
0.0002914118 0.0001355145 0.0000625088 
0.0002914118 0.0001355145 0.0000625088 
0.0002914118 0.0001355145 0.0000625088 
0.0002914118 0.0001355145 0.0000625088 
0.0002914118 0.0001355145 0.0000625088 
0.0002914118 0.0001355145 0.0000625088 
0.0002914118 0.0001355145 0.0000625088 
0.0002914118 0.0001355145 0.0000625088 
0.0002914118 0.0001355145 0.0000625088 
0.0002914118 0.0001355145 0.0000625088 
0.0002914118 0.0001355145 0.0000625088 
0.0002914118 0.0001355145 0.0000625088 
0.0002914118 0.0001355145 0.0000625088 
0.0002914118 0.0001355145 0.0000625088 
0.0002914118 0.0001355145 0.0000625088 
0.0002914118 0.0001355145 0.0000625088 
0.0002914118 0.0001355145 0.0000625088 
0.0002914118 0.0001355145 0.0000625088 
0.0002914118 0.0001355145 0.0000625088 
0.0002914118 0.0001355145 0.0000625088 
0.0002914118 0.0001355145 0.0000625088 
0.0002914118 0.0001355145 0.0000625088 
0.0002914118 0.0001355145 0.0000625088 
0.0002914118 0.0001355145 0.0000625088 
0.0002914118 0.0001355145 0.0000625088 
0.0002914118 0.0001355145 0.0000625088 
0.0002914118 0.0001355145 0.0000625088 
0.0002914118 0.0001355145 0.0000625088 
0.0002914118 0.0001355145 0.0000625088 
0.0002914118 0.0001355145 0.0000625088 
0.0002914118 0.0001355145 0.0000625088 
0.0002914118 0.0001355145 0.0000625088 
0.0002914118 0.0001355145 0.0000625088 
0.0002914118 0.0001355145 0.0000625088 
0.0002914118 0.0001355145 0.0000625088 
0.0002914118 0.0001355145 0.0000625088 
0.0002914118 0.0001355145 0.0000625088 
0.0002914118 0.0001355145 0.0000625088 
0.0002914118 0.0001355145 0.0000625088 
0.0002914118 0.0001355145 0.0000625088 
0.0002914118 0.0001355145 0.0000625088 
0.0002914118 0.0001355145 0.0000625088 
0.0002914118 0.0001355145 0.0000625088 
0.0002914118 0.0001355145 0.0000625088 
0.0002914118 0.0001355145 0.0000625088 
0.0002914118 0.0001355145 0.0000625088 
0.0002914118 0.0001355145 0.0000625088 
0.0002914118 0.0001355145 0.0000625088 
0.0002914118 0.0001355145 0.0000625088 
0.0002914118 0.0001355145 0.0000625088 
0.0002914118 0.0001355145 0.0000625088 
0.0002914118 0.0001355145 0.0000625088 
0.0002914118 0.0001355145 0.0000625088 
0.0002914118 0.0001355145 0.0000625088 
0.0002914118 0.0001355145 0.0000625088 
0.0002914118 0.0001355145 0.0000625088 
0.0002914118 0.0001355145 0.0000625088 
0.0002914118 0.0001355145 0.0000625088 
0.0002914118 0.0001355145 0.0000625088 
0.0002914118 0.0001355145 0.0000625088 
0.0002914118 0.0001355145 0.0000625088 
0.0002914118 0.0001355145 0.0000625088 
0.0002914118 0.0001355145 0.0000625088 
0.0002914118 0.0001355145 0.0000625088 
0.0002914118 0.0001355145 0.0000625088 
0.0002914118 0.0001355145 0.0000625088 
0.0002914118 0.0001355145 0.0000625088 
0.0002914118 0.0001355145 0.0000625088 
0.0002914118 0.0001355145 0.0000625088 
0.0002914118 0.0001355145 0.0000625088 
0.0002914118 0.0001355145 0.0000625088 
0.0002914118 0.0001355145 0.0000625088 
0.0002914118 0.0001355145 0.0000625088 
0.0002914118 0.0001355145 0.0000625088 
0.0002914118 0.0001355145 0.0000625088 
0.0002914118 0.0001355145 0.0000625088 
0.0002914118 0.0001355145 0.0000625088 
0.0002914118 0.0001355145 0.0000625088 
0.0002914118 0.0001355145 0.0000625088 
0.0002914118 0.0001355145 0.0000625088 
0.0002914118 0.0001355145 0.0000625088 
0.0002914118 0.0001355145 0.0000625088 
0.0002914118 0.0001355145 0.0000625088 
0.0002914118 0.0001355145 0.0000625088 
0.0002914118 0.0001355145 0.0000625088 
0.0002914118 0.0001355145 0.0000625088 
0.0002914118 0.0001355145 0.0000625088 
0.0002914118 0.0001355145 0.0000625088 
0.0002914118 0.0001355145 0.0000625088 
0.0002914118 0.0001355145 0.0000625088 
0.0002914118 0.0001355145 0.0000625088 
0.0002914118 0.0001355145 0.0000625088 
0.0002914118 0.0001355145 0.0000625088 
0.0002914118 0.0001355145 0.0000625088 
0.0002914118 0.0001355145 0.0000625088 
0.0002914118 0.0001355145 0.0000625088 
0.0002914118 0.0001355145 0.0000625088 
0.0002914118 0.0001355145 0.0000625088 
0.0002914118 0.0001355145 0.0000625088 
0.0002914118 0.0001355145 0.0000625088 
0.0002914118 0.0001355145 0.0000625088 
0.0002914118 0.0001355145 0.0000625088 
0.0002914118 0.0001355145 0.0000625088 
0.0002914118 0.0001355145 0.0000625088 
0.0002914118 0.0001355145 0.0000625088 
0.0002914118 0.0001355145 0.0000625088 
0.0002914118 0.0001355145 0.0000625088 
0.0002914118 0.0001355145 0.0000625088 
0.0002914118 0.0001355145 0.0000625088 
0.0002914118 0.0001355145 0.0000625088 
0.0002914118 0.0001355145 0.0000625088 
0.0002914118 0.0001355145 0.0000625088 
0.0002914118 0.0001355145 0.0000625088 
0.0002914118 0.0001355145 0.0000625088 
0.0002914118 0.0001355145 0.0000625088 
0.0002914118 0.0001355145 0.0000625088 
0.0002914118 0.0001355145 0.0000625088 
0.0002914118 0.0001355145 0.0000625088 
0.0002914118 0.0001355145 0.0000625088 
0.0002914118 0.0001355145 0.0000625088 
0.0002914118 0.0001355145 0.0000625088 
0.0002914118 0.0001355145 0.0000625088 
0.0002914118 0.0001355145 0.0000625088 
0.0002914118 0.0001355145 0.0000625088 
0.0002914118 0.0001355145 0.0000625088 
0.0002914118 0.0001355145 0.0000625088 
0.0002914118 0.0001355145 0.0000625088 
0.0002914118 0.0001355145 0.0000625088 
0.0002914118 0.0001355145 0.0000625088 
0.0002914118 0.0001355145 0.0000625088 
0.0002914118 0.0001355145 0.0000625088 
0.0002914118 0.0001355145 0.0000625088 
0.0002914118 0.0001355145 0.0000625088 
0.0002914118 0.0001355145 0.0000625088 
0.0002914118 0.0001355145 0.0000625088 
0.0002914118 0.0001355145 0.0000625088 
0.0002914118 0.0001355145 0.0000625088 
0.0002914118 0.0001355145 0.0000625088 
0.0002914118 0.0001355145 0.0000625088 
0.0002914118 0.0001355145 0.0000625088 
0.0002914118 0.0001355145 0.0000625088 
0.0002914118 0.0001355145 0.0000625088 
0.0002914118 0.0001355145 0.0000625088 
0.0002914118 0.0001355145 0.0000625088 
0.0002914118 0.0001355145 0.0000625088 
0.0002914118 0.0001355145 0.0000625088 
0.0002914118 0.0001355145 0.0000625088 
0.0002914118 0.0001355145 0.0000625088 
0.0002914118 0.0001355145 0.0000625088 
0.0002914118 0.0001355145 0.0000625088 
0.0002914118 0.0001355145 0.0000625088 
0.0002914118 0.0001355145 0.0000625088 
0.0002914118 0.0001355145 0.0000625088 
0.0002914118 0.0001355145 0.0000625088 
0.0002914118 0.0001355145 0.0000625088 
0.0002914118 0.0001355145 0.0000625088 
0.0002914118 0.0001355145 0.0000625088 
0.0002914118 0.0001355145 0.0000625088 
0.0002914118 0.0001355145 0.0000625088 
0.0002914118 0.0001355145 0.0000625088 
0.0002914118 0.0001355145 0.0000625088 
0.0002914118 0.0001355145 0.0000625088 
0.0002914118 0.0001355145 0.0000625088 
0.0002914118 0.0001355145 0.0000625088 
0.0002914118 0.0001355145 0.0000625088 
0.0002914118 0.0001355145 0.0000625088 
0.0002914118 0.0001355145 0.0000625088 
0.0002914118 0.0001355145 0.0000625088 
0.0002914118 0.0001355145 0.0000625088 
0.0002914118 0.0001355145 0.0000625088 
0.0002914118 0.0001355145 0.0000625088 
0.0002914118 0.0001355145 0.0000625088 
0.0002914118 0.0001355145 0.0000625088 
0.0002914118 0.0001355145 0.0000625088 
0.0002914118 0.0001355145 0.0000625088 
0.0002914118 0.0001355145 0.0000625088 
0.0002914118 0.0001355145 0.0000625088 
0.0002914118 0.0001355145 0.0000625088 
0.0002914118 0.0001355145 0.0000625088 
0.0002914118 0.0001355145 0.0000625088 
0.0002914118 0.0001355145 0.0000625088 
0.0002914118 0.0001355145 0.0000625088 
0.0002914118 0.0001355145 0.0000625088 
0.0002914118 0.0001355145 0.0000625088 
0.0002914118 0.0001355145 0.0000625088 
0.0002914118 0.0001355145 0.0000625088 
0.0002914118 0.0001355145 0.0000625088 
0.0002914118 0.0001355145 0.0000625088 
0.0002914118 0.0001355145 0.0000625088 
0.0002914118 0.0001355145 0.0000625088 
0.0002914118 0.0001355145 0.0000625088 
0.0002914118 0.0001355145 0.0000625088 
0.0002914118 0.0001355145 0.0000625088 
0.0002914118 0.0001355145 0.0000625088 
0.0002914118 0.0001355145 0.0000625088 
0.0002914118 0.0001355145 0.0000625088 
0.0002914118 0.0001355145 0.0000625088 
0.0002914118 0.0001355145 0.0000625088 
0.0002914118 0.0001355145 0.0000625088 
0.0002914118 0.0001355145 0.0000625088 
0.0002914118 0.0001355145 0.0000625088 
0.0002914118 0.0001355145 0.0000625088 
0.0002914118 0.0001355145 0.0000625088 
0.0002914118 0.0001355145 0.0000625088 
0.0002914118 0.0001355145 0.0000625088 
0.0002914118 0.0001355145 0.0000625088 
0.0002914118 0.0001355145 0.0000625088 
0.0002914118 0.0001355145 0.0000625088 
0.0002914118 0.0001355145 0.0000625088 
0.0002914118 0.0001355145 0.0000625088 
0.0002914118 0.0001355145 0.0000625088 
0.0002914118 0.0001355145 0.0000625088 
0.0002914118 0.0001355145 0.0000625088 
0.0002914118 0.0001355145 0.0000625088 
0.0002914118 0.0001355145 0.0000625088 
0.0002914118 0.0001355145 0.0000625088 
0.0002914118 0.0001355145 0.0000625088 
0.0002914118 0.0001355145 0.0000625088 
0.0002914118 0.0001355145 0.0000625088 
0.0002914118 0.0001355145 0.0000625088 
0.0002914118 0.0001355145 0.0000625088 
0.0002914118 0.0001355145 0.0000625088 
0.0002914118 0.0001355145 0.0000625088 
0.0002914118 0.0001355145 0.0000625088 
0.0002914118 0.0001355145 0.0000625088 
0.0002914118 0.0001355145 0.0000625088 
0.0002914118 0.0001355145 0.0000625088 
0.0002914118 0.0001355145 0.0000625088 
0.0002914118 0.0001355145 0.0000625088 
0.0002914118 0.0001355145 0.0000625088 
0.0002914118 0.0001355145 0.0000625088 
0.0002914118 0.0001355145 0.0000625088 
0.0002914118 0.0001355145 0.0000625088 
0.0002914118 0.0001355145 0.0000625088 
0.0002914118 0.0001355145 0.0000625088 
0.0002914118 0.0001355145 0.0000625088 
0.0002914118 0.0001355145 0.0000625088 
0.0002914118 0.0001355145 0.0000625088 
0.0002914118 0.0001355145 0.0000625088 
0.0002914118 0.0001355145 0.0000625088 
0.0002914118 0.0001355145 0.0000625088 
0.0002914118 0.0001355145 0.0000625088 
0.0002914118 0.0001355145 0.0000625088 
0.0002914118 0.0001355145 0.0000625088 
0.0002914118 0.0001355145 0.0000625088 
0.0002914118 0.0001355145 0.0000625088 
0.0002914118 0.0001355145 0.0000625088 
0.0002914118 0.0001355145 0.0000625088 
0.0002914118 0.0001355145 0.0000625088 
0.0002914118 0.0001355145 0.0000625088 
0.0002914118 0.0001355145 0.0000625088 
0.0002914118 0.0001355145 0.0000625088 
0.0002914118 0.0001355145 0.0000625088 
0.0002914118 0.0001355145 0.0000625088 
0.0002914118 0.0001355145 0.0000625088 
0.0002914118 0.0001355145 0.0000625088 
0.0002914118 0.0001355145 0.0000625088 
0.0002914118 0.0001355145 0.0000625088 
0.0002914118 0.0001355145 0.0000625088 
0.0002914118 0.0001355145 0.0000625088 
0.0002914118 0.0001355145 0.0000625088 
0.0002914118 0.0001355145 0.0000625088 
0.0002914118 0.0001355145 0.0000625088 
0.0002914118 0.0001355145 0.0000625088 
0.0002914118 0.0001355145 0.0000625088 
0.0002914118 0.0001355145 0.0000625088 
0.0002914118 0.0001355145 0.0000625088 
0.0002914118 0.0001355145 0.0000625088 
0.0002914118 0.0001355145 0.0000625088 
0.0002914118 0.0001355145 0.0000625088 
0.0002914118 0.0001355145 0.0000625088 
0.0002914118 0.0001355145 0.0000625088 
0.0002914118 0.0001355145 0.0000625088 
0.0002914118 0.0001355145 0.0000625088 
0.0002914118 0.0001355145 0.0000625088 
0.0002914118 0.0001355145 0.0000625088 
0.0002914118 0.0001355145 0.0000625088 
0.0002914118 0.0001355145 0.0000625088 
0.0002914118 0.0001355145 0.0000625088 
0.0002914118 0.0001355145 0.0000625088 
0.0002914118 0.0001355145 0.0000625088 
0.0002914118 0.0001355145 0.0000625088 
0.0002914118 0.0001355145 0.0000625088 
0.0002914118 0.0001355145 0.0000625088 
0.0002914118 0.0001355145 0.0000625088 
0.0002914118 0.0001355145 0.0000625088 
0.0002914118 0.0001355145 0.0000625088 
0.0002914118 0.0001355145 0.0000625088 
0.0002914118 0.0001355145 0.0000625088 
0.0002914118 0.0001355145 0.0000625088 
0.0002914118 0.0001355145 0.0000625088 
0.0002914118 0.0001355145 0.0000625088 
0.0002914118 0.0001355145 0.0000625088 
0.0002914118 0.0001355145 0.0000625088 
0.0002914118 0.0001355145 0.0000625088 
0.0002914118 0.0001355145 0.0000625088 
0.0002914118 0.0001355145 0.0000625088 
0.0002914118 0.0001355145 0.0000625088 
0.0002914118 0.0001355145 0.0000625088 
0.0002914118 0.0001355145 0.0000625088 
0.0002914118 0.0001355145 0.0000625088 
0.0002914118 0.0001355145 0.0000625088 
0.0002914118 0.0001355145 0.0000625088 
0.0002914118 0.0001355145 0.0000625088 
0.0002914118 0.0001355145 0.0000625088 
0.0002914118 0.0001355145 0.0000625088 
0.0002914118 0.0001355145 0.0000625088 
0.0002914118 0.0001355145 0.0000625088 
0.0002914118 0.0001355145 0.0000625088 
0.0002914118 0.0001355145 0.0000625088 
0.0002914118 0.0001355145 0.0000625088 
0.0002914118 0.0001355145 0.0000625088 
0.0002914118 0.0001355145 0.0000625088 
0.0002914118 0.0001355145 0.0000625088 
0.0002914118 0.0001355145 0.0000625088 
0.0002914118 0.0001355145 0.0000625088 
0.0002914118 0.0001355145 0.0000625088 
0.0002914118 0.0001355145 0.0000625088 
0.0002914118 0.0001355145 0.0000625088 
0.0002914118 0.0001355145 0.0000625088 
0.0002914118 0.0001355145 0.0000625088 
0.0002914118 0.0001355145 0.0000625088 
0.0002914118 0.0001355145 0.0000625088 
0.0002914118 0.0001355145 0.0000625088 
0.0002914118 0.0001355145 0.0000625088 
0.0002914118 0.0001355145 0.0000625088 
0.0002914118 0.0001355145 0.0000625088 
0.0002914118 0.0001355145 0.0000625088 
0.0002914118 0.0001355145 0.0000625088 
0.0002914118 0.0001355145 0.0000625088 
0.0002914118 0.0001355145 0.0000625088 
0.0002914118 0.0001355145 0.0000625088 
0.0002914118 0.0001355145 0.0000625088 
0.0002914118 0.0001355145 0.0000625088 
0.0002914118 0.0001355145 0.0000625088 
0.0002914118 0.0001355145 0.0000625088 
0.0002914118 0.0001355145 0.0000625088 
0.0002914118 0.0001355145 0.0000625088 
0.0002914118 0.0001355145 0.0000625088 
0.0002914118 0.0001355145 0.0000625088 
0.0002914118 0.0001355145 0.0000625088 
0.0002914118 0.0001355145 0.0000625088 
0.0002914118 0.0001355145 0.0000625088 
0.0002914118 0.0001355145 0.0000625088 
0.0002914118 0.0001355145 0.0000625088 
0.0002914118 0.0001355145 0.0000625088 
0.0002914118 0.0001355145 0.0000625088 
0.0002914118 0.0001355145 0.0000625088 
0.0002914118 0.0001355145 0.0000625088 
0.0002914118 0.0001355145 0.0000625088 
0.0002914118 0.0001355145 0.0000625088 
0.0002914118 0.0001355145 0.0000625088 
0.0002914118 0.0001355145 0.0000625088 
0.0002914118 0.0001355145 0.0000625088 
0.0002914118 0.0001355145 0.0000625088 
0.0002914118 0.0001355145 0.0000625088 
0.0002914118 0.0001355145 0.0000625088 
0.0002914118 0.0001355145 0.0000625088 
0.0002914118 0.0001355145 0.0000625088 
0.0002914118 0.0001355145 0.0000625088 
0.0002914118 0.0001355145 0.0000625088 
0.0002914118 0.0001355145 0.0000625088 
0.0002914118 0.0001355145 0.0000625088 
0.0002914118 0.0001355145 0.0000625088 
0.0002914118 0.0001355145 0.0000625088 
0.0002914118 0.0001355145 0.0000625088 
0.0002914118 0.0001355145 0.0000625088 
0.0002914118 0.0001355145 0.0000625088 
0.0002914118 0.0001355145 0.0000625088 
0.0002914118 0.0001355145 0.0000625088 
0.0002914118 0.0001355145 0.0000625088 
0.0002914118 0.0001355145 0.0000625088 
0.0002914118 0.0001355145 0.0000625088 
0.0002914118 0.0001355145 0.0000625088 
0.0002914118 0.0001355145 0.0000625088 
0.0002914118 0.0001355145 0.0000625088 
0.0002914118 0.0001355145 0.0000625088 
0.0002914118 0.0001355145 0.0000625088 
0.0002914118 0.0001355145 0.0000625088 
0.0002914118 0.0001355145 0.0000625088 
0.0002914118 0.0001355145 0.0000625088 
0.0002914118 0.0001355145 0.0000625088 
0.0002914118 0.0001355145 0.0000625088 
0.0002914118 0.0001355145 0.0000625088 
0.0002914118 0.0001355145 0.0000625088 
0.0002914118 0.0001355145 0.0000625088 
0.0002914118 0.0001355145 0.0000625088 
0.0002914118 0.0001355145 0.0000625088 
0.0002914118 0.0001355145 0.0000625088 
0.0002914118 0.0001355145 0.0000625088 
0.0002914118 0.0001355145 0.0000625088 
0.0002914118 0.0001355145 0.0000625088 
0.0002914118 0.0001355145 0.0000625088 
0.0002914118 0.0001355145 0.0000625088 
0.0002914118 0.0001355145 0.0000625088 
0.0002914118 0.0001355145 0.0000625088 
0.0002914118 0.0001355145 0.0000625088 
0.0002914118 0.0001355145 0.0000625088 
0.0002914118 0.0001355145 0.0000625088 
0.0002914118 0.0001355145 0.0000625088 
0.0002914118 0.0001355145 0.0000625088 
0.0002914118 0.0001355145 0.0000625088 
0.0002914118 0.0001355145 0.0000625088 
0.0002914118 0.0001355145 0.0000625088 
0.0002914118 0.0001355145 0.0000625088 
0.0002914118 0.0001355145 0.0000625088 
0.0002914118 0.0001355145 0.0000625088 
0.0002914118 0.0001355145 0.0000625088 
0.0002914118 0.0001355145 0.0000625088 
0.0002914118 0.0001355145 0.0000625088 
0.0002914118 0.0001355145 0.0000625088 
0.0002914118 0.0001355145 0.0000625088 
0.0002914118 0.0001355145 0.0000625088 
0.0002914118 0.0001355145 0.0000625088 
0.0002914118 0.0001355145 0.0000625088 
0.0002914118 0.0001355145 0.0000625088 
0.0002914118 0.0001355145 0.0000625088 
0.0002914118 0.0001355145 0.0000625088 
0.0002914118 0.0001355145 0.0000625088 
0.0002914118 0.0001355145 0.0000625088 
0.0002914118 0.0001355145 0.0000625088 
0.0002914118 0.0001355145 0.0000625088 
0.0002914118 0.0001355145 0.0000625088 
0.0002914118 0.0001355145 0.0000625088 
0.0002914118 0.0001355145 0.0000625088 
0.0002914118 0.0001355145 0.0000625088 
0.0002914118 0.0001355145 0.0000625088 
0.0002914118 0.0001355145 0.0000625088 
0.0002914118 0.0001355145 0.0000625088 
0.0002914118 0.0001355145 0.0000625088 
0.0002914118 0.0001355145 0.0000625088 
0.0002914118 0.0001355145 0.0000625088 
0.0002914118 0.0001355145 0.0000625088 
0.0002914118 0.0001355145 0.0000625088 
0.0002914118 0.0001355145 0.0000625088 
0.0002914118 0.0001355145 0.0000625088 
0.0002914118 0.0001355145 0.0000625088 
0.0002914118 0.0001355145 0.0000625088 
0.0002914118 0.0001355145 0.0000625088 
0.0002914118 0.0001355145 0.0000625088 
0.0002914118 0.0001355145 0.0000625088 
0.0002914118 0.0001355145 0.0000625088 
0.0002914118 0.0001355145 0.0000625088 
0.0002914118 0.0001355145 0.0000625088 
0.0002914118 0.0001355145 0.0000625088 
0.0002914118 0.0001355145 0.0000625088 
0.0002914118 0.0001355145 0.0000625088 
0.0002914118 0.0001355145 0.0000625088 
0.0002914118 0.0001355145 0.0000625088 
0.0002914118 0.0001355145 0.0000625088 
0.0002914118 0.0001355145 0.0000625088 
0.0002914118 0.0001355145 0.0000625088 
0.0002914118 0.0001355145 0.0000625088 
0.0002914118 0.0001355145 0.0000625088 
0.0002914118 0.0001355145 0.0000625088 
0.0002914118 0.0001355145 0.0000625088 
0.0002914118 0.0001355145 0.0000625088 
0.0002914118 0.0001355145 0.0000625088 
0.0002914118 0.0001355145 0.0000625088 
0.0002914118 0.0001355145 0.0000625088 
0.0002914118 0.0001355145 0.0000625088 
0.0002914118 0.0001355145 0.0000625088 
0.0002914118 0.0001355145 0.0000625088 
0.0002914118 0.0001355145 0.0000625088 
0.0002914118 0.0001355145 0.0000625088 
0.0002914118 0.0001355145 0.0000625088 
0.0002914118 0.0001355145 0.0000625088 
0.0002914118 0.0001355145 0.0000625088 
0.0002914118 0.0001355145 0.0000625088 
0.0002914118 0.0001355145 0.0000625088 
0.0002914118 0.0001355145 0.0000625088 
0.0002914118 0.0001355145 0.0000625088 
0.0002914118 0.0001355145 0.0000625088 
0.0002914118 0.0001355145 0.0000625088 
0.0002914118 0.0001355145 0.0000625088 
0.0002914118 0.0001355145 0.0000625088 
0.0002914118 0.0001355145 0.0000625088 
0.0002914118 0.0001355145 0.0000625088 
0.0002914118 0.0001355145 0.0000625088 
0.0002914118 0.0001355145 0.0000625088 
0.0002914118 0.0001355145 0.0000625088 
0.0002914118 0.0001355145 0.0000625088 
0.0002914118 0.0001355145 0.0000625088 
0.0002914118 0.0001355145 0.0000625088 
0.0002914118 0.0001355145 0.0000625088 
0.0002914118 0.0001355145 0.0000625088 
0.0002914118 0.0001355145 0.0000625088 
0.0002914118 0.0001355145 0.0000625088 
0.0002914118 0.0001355145 0.0000625088 
0.0002914118 0.0001355145 0.0000625088 
0.0002914118 0.0001355145 0.0000625088 
0.0002914118 0.0001355145 0.0000625088 
0.0002914118 0.0001355145 0.0000625088 
0.0002914118 0.0001355145 0.0000625088 
0.0002914118 0.0001355145 0.0000625088 
0.0002914118 0.0001355145 0.0000625088 
0.0002914118 0.0001355145 0.0000625088 
0.0002914118 0.0001355145 0.0000625088 
0.0002914118 0.0001355145 0.0000625088 
0.0002914118 0.0001355145 0.0000625088 
0.0002914118 0.0001355145 0.0000625088 
0.0002914118 0.0001355145 0.0000625088 
0.0002914118 0.0001355145 0.0000625088 
0.0002914118 0.0001355145 0.0000625088 
0.0002914118 0.0001355145 0.0000625088 
0.0002914118 0.0001355145 0.0000625088 
0.0002914118 0.0001355145 0.0000625088 
0.0002914118 0.0001355145 0.0000625088 
0.0002914118 0.0001355145 0.0000625088 
0.0002914118 0.0001355145 0.0000625088 
0.0002914118 0.0001355145 0.0000625088 
0.0002914118 0.0001355145 0.0000625088 
0.0002914118 0.0001355145 0.0000625088 
0.0002914118 0.0001355145 0.0000625088 
0.0002914118 0.0001355145 0.0000625088 
0.0002914118 0.0001355145 0.0000625088 
0.0002914118 0.0001355145 0.0000625088 
0.0002914118 0.0001355145 0.0000625088 
0.0002914118 0.0001355145 0.0000625088 
0.0002914118 0.0001355145 0.0000625088 
0.0002914118 0.0001355145 0.0000625088 
0.0002914118 0.0001355145 0.0000625088 
0.0002914118 0.0001355145 0.0000625088 
0.0002914118 0.0001355145 0.0000625088 
0.0002914118 0.0001355145 0.0000625088 
0.0002914118 0.0001355145 0.0000625088 
0.0002914118 0.0001355145 0.0000625088 
0.0002914118 0.0001355145 0.0000625088 
0.0002914118 0.0001355145 0.0000625088 
0.0002914118 0.0001355145 0.0000625088 
0.0002914118 0.0001355145 0.0000625088 
0.0002914118 0.0001355145 0.0000625088 
0.0002914118 0.0001355145 0.0000625088 
0.0002914118 0.0001355145 0.0000625088 
0.0002914118 0.0001355145 0.0000625088 
0.0002914118 0.0001355145 0.0000625088 
0.0002914118 0.0001355145 0.0000625088 
0.0002914118 0.0001355145 0.0000625088 
0.0002914118 0.0001355145 0.0000625088 
0.0002914118 0.0001355145 0.0000625088 
0.0002914118 0.0001355145 0.0000625088 
0.0002914118 0.0001355145 0.0000625088 
0.0002914118 0.0001355145 0.0000625088 
0.0002914118 0.0001355145 0.0000625088 
0.0002914118 0.0001355145 0.0000625088 
0.0002914118 0.0001355145 0.0000625088 
0.0002914118 0.0001355145 0.0000625088 
0.0002914118 0.0001355145 0.0000625088 
0.0002914118 0.0001355145 0.0000625088 
0.0002914118 0.0001355145 0.0000625088 
0.0002914118 0.0001355145 0.0000625088 
0.0002914118 0.0001355145 0.0000625088 
0.0002914118 0.0001355145 0.0000625088 
0.0002914118 0.0001355145 0.0000625088 
0.0002914118 0.0001355145 0.0000625088 
0.0002914118 0.0001355145 0.0000625088 
0.0002914118 0.0001355145 0.0000625088 
0.0002914118 0.0001355145 0.0000625088 
0.0002914118 0.0001355145 0.0000625088 
0.0002914118 0.0001355145 0.0000625088 
0.0002914118 0.0001355145 0.0000625088 
0.0002914118 0.0001355145 0.0000625088 
0.0002914118 0.0001355145 0.0000625088 
0.0002914118 0.0001355145 0.0000625088 
0.0002914118 0.0001355145 0.0000625088 
0.0002914118 0.0001355145 0.0000625088 
0.0002914118 0.0001355145 0.0000625088 
0.0002914118 0.0001355145 0.0000625088 
0.0002914118 0.0001355145 0.0000625088 
0.0002914118 0.0001355145 0.0000625088 
0.0002914118 0.0001355145 0.0000625088 
0.0002914118 0.0001355145 0.0000625088 
0.0002914118 0.0001355145 0.0000625088 
0.0002914118 0.0001355145 0.0000625088 
0.0002914118 0.0001355145 0.0000625088 
0.0002914118 0.0001355145 0.0000625088 
0.0002914118 0.0001355145 0.0000625088 
0.0002914118 0.0001355145 0.0000625088 
0.0002914118 0.0001355145 0.0000625088 
0.0002914118 0.0001355145 0.0000625088 
0.0002914118 0.0001355145 0.0000625088 
0.0002914118 0.0001355145 0.0000625088 
0.0002914118 0.0001355145 0.0000625088 
0.0002914118 0.0001355145 0.0000625088 
0.0002914118 0.0001355145 0.0000625088 
0.0002914118 0.0001355145 0.0000625088 
0.0002914118 0.0001355145 0.0000625088 
0.0002914118 0.0001355145 0.0000625088 
0.0002914118 0.0001355145 0.0000625088 
0.0002914118 0.0001355145 0.0000625088 
0.0002914118 0.0001355145 0.0000625088 
0.0002914118 0.0001355145 0.0000625088 
0.0002914118 0.0001355145 0.0000625088 
0.0002914118 0.0001355145 0.0000625088 
0.0002914118 0.0001355145 0.0000625088 
0.0002914118 0.0001355145 0.0000625088 
0.0002914118 0.0001355145 0.0000625088 
0.0002914118 0.0001355145 0.0000625088 
0.0002914118 0.0001355145 0.0000625088 
0.0002914118 0.0001355145 0.0000625088 
0.0002914118 0.0001355145 0.0000625088 
0.0002914118 0.0001355145 0.0000625088 
0.0002914118 0.0001355145 0.0000625088 
0.0002914118 0.0001355145 0.0000625088 
0.0002914118 0.0001355145 0.0000625088 
0.0002914118 0.0001355145 0.0000625088 
0.0002914118 0.0001355145 0.0000625088 
0.0002914118 0.0001355145 0.0000625088 
0.0002914118 0.0001355145 0.0000625088 
0.0002914118 0.0001355145 0.0000625088 
0.0002914118 0.0001355145 0.0000625088 
0.0002914118 0.0001355145 0.0000625088 
0.0002914118 0.0001355145 0.0000625088 
0.0002914118 0.0001355145 0.0000625088 
0.0002914118 0.0001355145 0.0000625088 
0.0002914118 0.0001355145 0.0000625088 
0.0002914118 0.0001355145 0.0000625088 
0.0002914118 0.0001355145 0.0000625088 
0.0002914118 0.0001355145 0.0000625088 
0.0002914118 0.0001355145 0.0000625088 
0.0002914118 0.0001355145 0.0000625088 
0.0002914118 0.0001355145 0.0000625088 
0.0002914118 0.0001355145 0.0000625088 
0.0002914118 0.0001355145 0.0000625088 
0.0002914118 0.0001355145 0.0000625088 
0.0002914118 0.0001355145 0.0000625088 
0.0002914118 0.0001355145 0.0000625088 
0.0002914118 0.0001355145 0.0000625088 
0.0002914118 0.0001355145 0.0000625088 
