0.0001296755 0.0000983487 0.0002258996 
0.0001308548 0.0001004667 0.0002203257 
0.0001320947 0.0001024265 0.0002149474 
0.0001334212 0.0001042631 0.0002096876 
0.0001348457 0.0001060003 0.0002044905 
0.0001363717 0.0001076562 0.0001993152 
0.0001379973 0.0001092477 0.0001941333 
0.0001397151 0.0001107892 0.0001889282 
0.0001415110 0.0001122927 0.0001836961 
0.0001433684 0.0001137667 0.0001784532 
0.0001452687 0.0001152299 0.0001732055 
0.0001471751 0.0001167051 0.0001679850 
0.0001490690 0.0001182134 0.0001628087 
0.0001509360 0.0001197515 0.0001577018 
0.0001527735 0.0001213089 0.0001526766 
0.0001545537 0.0001229112 0.0001477658 
0.0001562632 0.0001245513 0.0001429866 
0.0001578940 0.0001262151 0.0001383529 
0.0001594375 0.0001278795 0.0001338802 
0.0001608900 0.0001295298 0.0001295847 
0.0001622600 0.0001311471 0.0001254720 
0.0001635527 0.0001327077 0.0001215445 
0.0001647657 0.0001341871 0.0001178181 
0.0001658907 0.0001355690 0.0001143023 
0.0001669348 0.0001368068 0.0001110108 
0.0001669348 0.0001368068 0.0001110108 
0.0001669348 0.0001368068 0.0001110108 
0.0001669348 0.0001368068 0.0001110108 
0.0001669348 0.0001368068 0.0001110108 
0.0001669348 0.0001368068 0.0001110108 
0.0001669348 0.0001368068 0.0001110108 
0.0001669348 0.0001368068 0.0001110108 
0.0001669348 0.0001368068 0.0001110108 
0.0001669348 0.0001368068 0.0001110108 
0.0001669348 0.0001368068 0.0001110108 
0.0001669348 0.0001368068 0.0001110108 
0.0001669348 0.0001368068 0.0001110108 
0.0001669348 0.0001368068 0.0001110108 
0.0001669348 0.0001368068 0.0001110108 
0.0001669348 0.0001368068 0.0001110108 
0.0001669348 0.0001368068 0.0001110108 
0.0001669348 0.0001368068 0.0001110108 
0.0001669348 0.0001368068 0.0001110108 
0.0001669348 0.0001368068 0.0001110108 
0.0001669348 0.0001368068 0.0001110108 
0.0001669348 0.0001368068 0.0001110108 
0.0001669348 0.0001368068 0.0001110108 
0.0001669348 0.0001368068 0.0001110108 
0.0001669348 0.0001368068 0.0001110108 
0.0001669348 0.0001368068 0.0001110108 
0.0001669348 0.0001368068 0.0001110108 
0.0001669348 0.0001368068 0.0001110108 
0.0001669348 0.0001368068 0.0001110108 
0.0001669348 0.0001368068 0.0001110108 
0.0001669348 0.0001368068 0.0001110108 
0.0001669348 0.0001368068 0.0001110108 
0.0001669348 0.0001368068 0.0001110108 
0.0001669348 0.0001368068 0.0001110108 
0.0001669348 0.0001368068 0.0001110108 
0.0001669348 0.0001368068 0.0001110108 
0.0001669348 0.0001368068 0.0001110108 
0.0001669348 0.0001368068 0.0001110108 
0.0001669348 0.0001368068 0.0001110108 
0.0001669348 0.0001368068 0.0001110108 
0.0001669348 0.0001368068 0.0001110108 
0.0001669348 0.0001368068 0.0001110108 
0.0001669348 0.0001368068 0.0001110108 
0.0001669348 0.0001368068 0.0001110108 
0.0001669348 0.0001368068 0.0001110108 
0.0001669348 0.0001368068 0.0001110108 
0.0001669348 0.0001368068 0.0001110108 
0.0001669348 0.0001368068 0.0001110108 
0.0001669348 0.0001368068 0.0001110108 
0.0001669348 0.0001368068 0.0001110108 
0.0001669348 0.0001368068 0.0001110108 
0.0001669348 0.0001368068 0.0001110108 
0.0001669348 0.0001368068 0.0001110108 
0.0001669348 0.0001368068 0.0001110108 
0.0001669348 0.0001368068 0.0001110108 
0.0001669348 0.0001368068 0.0001110108 
0.0001669348 0.0001368068 0.0001110108 
0.0001669348 0.0001368068 0.0001110108 
0.0001669348 0.0001368068 0.0001110108 
0.0001669348 0.0001368068 0.0001110108 
0.0001669348 0.0001368068 0.0001110108 
0.0001669348 0.0001368068 0.0001110108 
0.0001669348 0.0001368068 0.0001110108 
0.0001669348 0.0001368068 0.0001110108 
0.0001669348 0.0001368068 0.0001110108 
0.0001669348 0.0001368068 0.0001110108 
0.0001669348 0.0001368068 0.0001110108 
0.0001669348 0.0001368068 0.0001110108 
0.0001669348 0.0001368068 0.0001110108 
0.0001669348 0.0001368068 0.0001110108 
0.0001669348 0.0001368068 0.0001110108 
0.0001669348 0.0001368068 0.0001110108 
0.0001669348 0.0001368068 0.0001110108 
0.0001669348 0.0001368068 0.0001110108 
0.0001669348 0.0001368068 0.0001110108 
0.0001669348 0.0001368068 0.0001110108 
0.0001669348 0.0001368068 0.0001110108 
0.0001669348 0.0001368068 0.0001110108 
0.0001669348 0.0001368068 0.0001110108 
0.0001669348 0.0001368068 0.0001110108 
0.0001669348 0.0001368068 0.0001110108 
0.0001669348 0.0001368068 0.0001110108 
0.0001669348 0.0001368068 0.0001110108 
0.0001669348 0.0001368068 0.0001110108 
0.0001669348 0.0001368068 0.0001110108 
0.0001669348 0.0001368068 0.0001110108 
0.0001669348 0.0001368068 0.0001110108 
0.0001669348 0.0001368068 0.0001110108 
0.0001669348 0.0001368068 0.0001110108 
0.0001669348 0.0001368068 0.0001110108 
0.0001669348 0.0001368068 0.0001110108 
0.0001669348 0.0001368068 0.0001110108 
0.0001669348 0.0001368068 0.0001110108 
0.0001669348 0.0001368068 0.0001110108 
0.0001669348 0.0001368068 0.0001110108 
0.0001669348 0.0001368068 0.0001110108 
0.0001669348 0.0001368068 0.0001110108 
0.0001669348 0.0001368068 0.0001110108 
0.0001669348 0.0001368068 0.0001110108 
0.0001669348 0.0001368068 0.0001110108 
0.0001669348 0.0001368068 0.0001110108 
0.0001669348 0.0001368068 0.0001110108 
0.0001669348 0.0001368068 0.0001110108 
0.0001669348 0.0001368068 0.0001110108 
0.0001669348 0.0001368068 0.0001110108 
0.0001669348 0.0001368068 0.0001110108 
0.0001669348 0.0001368068 0.0001110108 
0.0001669348 0.0001368068 0.0001110108 
0.0001669348 0.0001368068 0.0001110108 
0.0001669348 0.0001368068 0.0001110108 
0.0001669348 0.0001368068 0.0001110108 
0.0001669348 0.0001368068 0.0001110108 
0.0001669348 0.0001368068 0.0001110108 
0.0001669348 0.0001368068 0.0001110108 
0.0001669348 0.0001368068 0.0001110108 
0.0001669348 0.0001368068 0.0001110108 
0.0001669348 0.0001368068 0.0001110108 
0.0001669348 0.0001368068 0.0001110108 
0.0001669348 0.0001368068 0.0001110108 
0.0001669348 0.0001368068 0.0001110108 
0.0001669348 0.0001368068 0.0001110108 
0.0001669348 0.0001368068 0.0001110108 
0.0001669348 0.0001368068 0.0001110108 
0.0001669348 0.0001368068 0.0001110108 
0.0001669348 0.0001368068 0.0001110108 
0.0001669348 0.0001368068 0.0001110108 
0.0001669348 0.0001368068 0.0001110108 
0.0001669348 0.0001368068 0.0001110108 
0.0001676973 0.0001355765 0.0001096157 
0.0001684611 0.0001343492 0.0001082307 
0.0001690789 0.0001331735 0.0001069536 
0.0001695825 0.0001320506 0.0001057680 
0.0001700083 0.0001309774 0.0001046556 
0.0001703838 0.0001299505 0.0001036016 
0.0001707277 0.0001289662 0.0001025946 
0.0001710529 0.0001280219 0.0001016261 
0.0001713679 0.0001271149 0.0001006896 
0.0001716787 0.0001262429 0.0000997803 
0.0001719895 0.0001254039 0.0000988947 
0.0001723031 0.0001245959 0.0000980298 
0.0001726212 0.0001238172 0.0000971838 
0.0001729451 0.0001230660 0.0000963550 
0.0001732754 0.0001223407 0.0000955423 
0.0001736124 0.0001216399 0.0000947450 
0.0001739561 0.0001209620 0.0000939622 
0.0001743066 0.0001203058 0.0000931935 
0.0001746642 0.0001196699 0.0000924379 
0.0001750285 0.0001190534 0.0000916952 
0.0001753997 0.0001184552 0.0000909648 
0.0001757780 0.0001178744 0.0000902465 
0.0001761626 0.0001173101 0.0000895401 
0.0001765526 0.0001167616 0.0000888457 
0.0001769473 0.0001162280 0.0000881631 
0.0001773460 0.0001157086 0.0000874924 
0.0001777484 0.0001152029 0.0000868333 
0.0001781539 0.0001147101 0.0000861856 
0.0001785621 0.0001142297 0.0000855494 
0.0001789727 0.0001137611 0.0000849242 
0.0001793852 0.0001133039 0.0000843101 
0.0001797994 0.0001128575 0.0000837067 
0.0001802143 0.0001124212 0.0000831139 
0.0001806316 0.0001119955 0.0000825311 
0.0001810503 0.0001115797 0.0000819582 
0.0001814698 0.0001111732 0.0000813950 
0.0001818896 0.0001107756 0.0000808414 
0.0001823095 0.0001103865 0.0000802973 
0.0001827293 0.0001100055 0.0000797624 
0.0001831489 0.0001096324 0.0000792367 
0.0001835682 0.0001092670 0.0000787198 
0.0001839872 0.0001089091 0.0000782118 
0.0001844057 0.0001085583 0.0000777122 
0.0001848231 0.0001082141 0.0000772203 
0.0001852400 0.0001078769 0.0000767370 
0.0001856564 0.0001075466 0.0000762622 
0.0001860723 0.0001072230 0.0000757956 
0.0001864876 0.0001069059 0.0000753371 
0.0001869020 0.0001065950 0.0000748864 
0.0001873156 0.0001062902 0.0000744433 
0.0001877281 0.0001059913 0.0000740076 
0.0001881394 0.0001056980 0.0000735792 
0.0001885492 0.0001054105 0.0000731581 
0.0001889573 0.0001051282 0.0000727439 
0.0001893550 0.0001048498 0.0000723411 
0.0001897480 0.0001045760 0.0000719465 
0.0001901399 0.0001043088 0.0000715617 
0.0001905297 0.0001040469 0.0000711846 
0.0001909174 0.0001037902 0.0000708148 
0.0001913029 0.0001035385 0.0000704524 
0.0001916862 0.0001032919 0.0000700974 
0.0001920672 0.0001030504 0.0000697498 
0.0001924460 0.0001028138 0.0000694096 
0.0001928224 0.0001025823 0.0000690768 
0.0001931967 0.0001023556 0.0000687513 
0.0001935689 0.0001021338 0.0000684332 
0.0001939392 0.0001019167 0.0000681224 
0.0001943077 0.0001017045 0.0000678186 
0.0001946745 0.0001014969 0.0000675220 
0.0001950399 0.0001012942 0.0000672324 
0.0001954059 0.0001010964 0.0000669504 
0.0001957684 0.0001009021 0.0000666744 
0.0001961307 0.0001007134 0.0000664054 
0.0001964974 0.0001005310 0.0000661447 
0.0001968684 0.0001003549 0.0000658922 
0.0001972415 0.0001001842 0.0000656472 
0.0001976102 0.0001000170 0.0000654098 
0.0001979734 0.0000998530 0.0000651798 
0.0001983322 0.0000996927 0.0000649569 
0.0001986876 0.0000995363 0.0000647406 
0.0001990400 0.0000993841 0.0000645310 
0.0001993896 0.0000992364 0.0000643278 
0.0001997366 0.0000990932 0.0000641309 
0.0002000810 0.0000989544 0.0000639401 
0.0002004227 0.0000988201 0.0000637551 
0.0002007617 0.0000986901 0.0000635759 
0.0002010980 0.0000985645 0.0000634022 
0.0002014315 0.0000984431 0.0000632338 
0.0002017622 0.0000983258 0.0000630705 
0.0002020901 0.0000982126 0.0000629121 
0.0002024143 0.0000981032 0.0000627586 
0.0002027349 0.0000979974 0.0000626097 
0.0002030519 0.0000978951 0.0000624654 
0.0002033654 0.0000977963 0.0000623253 
0.0002036757 0.0000977010 0.0000621892 
0.0002039826 0.0000976089 0.0000620571 
0.0002042863 0.0000975200 0.0000619288 
0.0002045868 0.0000974342 0.0000618040 
0.0002048840 0.0000973515 0.0000616827 
0.0002051780 0.0000972716 0.0000615647 
0.0002054687 0.0000971946 0.0000614500 
0.0002057562 0.0000971203 0.0000613383 
0.0002060403 0.0000970487 0.0000612297 
0.0002063212 0.0000969797 0.0000611239 
0.0002065988 0.0000969132 0.0000610210 
0.0002068731 0.0000968492 0.0000609208 
0.0002071440 0.0000967875 0.0000608232 
0.0002074117 0.0000967282 0.0000607283 
0.0002076761 0.0000966712 0.0000606358 
0.0002079373 0.0000966164 0.0000605458 
0.0002081952 0.0000965637 0.0000604580 
0.0002084499 0.0000965131 0.0000603726 
0.0002087015 0.0000964645 0.0000602894 
0.0002089500 0.0000964178 0.0000602083 
0.0002091954 0.0000963731 0.0000601292 
0.0002094378 0.0000963302 0.0000600521 
0.0002096773 0.0000962890 0.0000599770 
0.0002099139 0.0000962497 0.0000599038 
0.0002101477 0.0000962120 0.0000598325 
0.0002103787 0.0000961760 0.0000597629 
0.0002106070 0.0000961416 0.0000596951 
0.0002108326 0.0000961088 0.0000596289 
0.0002110557 0.0000960775 0.0000595644 
0.0002112763 0.0000960477 0.0000595015 
0.0002114943 0.0000960193 0.0000594402 
0.0002117100 0.0000959923 0.0000593803 
0.0002119233 0.0000959666 0.0000593219 
0.0002121344 0.0000959422 0.0000592649 
0.0002123432 0.0000959190 0.0000592093 
0.0002125499 0.0000958970 0.0000591549 
0.0002127545 0.0000958761 0.0000591018 
0.0002129572 0.0000958563 0.0000590499 
0.0002131578 0.0000958376 0.0000589993 
0.0002133566 0.0000958198 0.0000589497 
0.0002135536 0.0000958031 0.0000589013 
0.0002137488 0.0000957873 0.0000588540 
0.0002139423 0.0000957724 0.0000588077 
0.0002141342 0.0000957583 0.0000587625 
0.0002143244 0.0000957451 0.0000587182 
0.0002145131 0.0000957326 0.0000586748 
0.0002147003 0.0000957209 0.0000586324 
0.0002148861 0.0000957099 0.0000585908 
0.0002150705 0.0000956995 0.0000585501 
0.0002152535 0.0000956897 0.0000585101 
0.0002154353 0.0000956806 0.0000584710 
0.0002156158 0.0000956719 0.0000584326 
0.0002157952 0.0000956638 0.0000583948 
0.0002159734 0.0000956562 0.0000583578 
0.0002161505 0.0000956490 0.0000583214 
0.0002163266 0.0000956423 0.0000582857 
0.0002165017 0.0000956360 0.0000582506 
0.0002166759 0.0000956300 0.0000582160 
0.0002168491 0.0000956244 0.0000581821 
0.0002170215 0.0000956192 0.0000581486 
0.0002171930 0.0000956143 0.0000581157 
0.0002173636 0.0000956096 0.0000580833 
0.0002175336 0.0000956052 0.0000580513 
0.0002177028 0.0000956009 0.0000580198 
0.0002178713 0.0000955969 0.0000579886 
0.0002180391 0.0000955930 0.0000579579 
0.0002182064 0.0000955893 0.0000579276 
0.0002183731 0.0000955858 0.0000578976 
0.0002185392 0.0000955825 0.0000578681 
0.0002187048 0.0000955794 0.0000578389 
0.0002188699 0.0000955766 0.0000578102 
0.0002190345 0.0000955740 0.0000577819 
0.0002191986 0.0000955716 0.0000577541 
0.0002193622 0.0000955694 0.0000577266 
0.0002195254 0.0000955675 0.0000576995 
0.0002196881 0.0000955658 0.0000576729 
0.0002198503 0.0000955643 0.0000576466 
0.0002200122 0.0000955631 0.0000576207 
0.0002201736 0.0000955620 0.0000575952 
0.0002203346 0.0000955612 0.0000575701 
0.0002204951 0.0000955605 0.0000575454 
0.0002206553 0.0000955601 0.0000575210 
0.0002208151 0.0000955598 0.0000574970 
0.0002209745 0.0000955597 0.0000574733 
0.0002211336 0.0000955597 0.0000574499 
0.0002212923 0.0000955598 0.0000574268 
0.0002214507 0.0000955601 0.0000574040 
0.0002216087 0.0000955605 0.0000573816 
0.0002217664 0.0000955611 0.0000573594 
0.0002219238 0.0000955617 0.0000573375 
0.0002220810 0.0000955624 0.0000573159 
0.0002222378 0.0000955633 0.0000572945 
0.0002223943 0.0000955643 0.0000572734 
0.0002225506 0.0000955653 0.0000572526 
0.0002227066 0.0000955665 0.0000572321 
0.0002228623 0.0000955678 0.0000572118 
0.0002230178 0.0000955691 0.0000571918 
0.0002231730 0.0000955706 0.0000571720 
0.0002233280 0.0000955722 0.0000571525 
0.0002234827 0.0000955738 0.0000571332 
0.0002236372 0.0000955756 0.0000571142 
0.0002237914 0.0000955775 0.0000570954 
0.0002239454 0.0000955795 0.0000570769 
0.0002240992 0.0000955817 0.0000570586 
0.0002242527 0.0000955839 0.0000570406 
0.0002244060 0.0000955863 0.0000570229 
0.0002245591 0.0000955888 0.0000570054 
0.0002247119 0.0000955914 0.0000569881 
0.0002248644 0.0000955941 0.0000569711 
0.0002250168 0.0000955969 0.0000569542 
0.0002251688 0.0000955998 0.0000569376 
0.0002253207 0.0000956025 0.0000569210 
0.0002254724 0.0000956051 0.0000569044 
0.0002256239 0.0000956074 0.0000568877 
0.0002257753 0.0000956093 0.0000568708 
0.0002259266 0.0000956107 0.0000568536 
0.0002260779 0.0000956111 0.0000568358 
0.0002262294 0.0000956104 0.0000568171 
0.0002263811 0.0000956079 0.0000567971 
0.0002265333 0.0000956031 0.0000567754 
0.0002266862 0.0000955956 0.0000567517 
0.0002268402 0.0000955849 0.0000567256 
0.0002269953 0.0000955710 0.0000566970 
0.0002271519 0.0000955536 0.0000566657 
0.0002273101 0.0000955329 0.0000566319 
0.0002274699 0.0000955089 0.0000565955 
0.0002276315 0.0000954819 0.0000565567 
0.0002277950 0.0000954521 0.0000565156 
0.0002279603 0.0000954196 0.0000564724 
0.0002281275 0.0000953848 0.0000564273 
0.0002282966 0.0000953480 0.0000563804 
0.0002284675 0.0000953092 0.0000563318 
0.0002286402 0.0000952687 0.0000562818 
0.0002288147 0.0000952267 0.0000562302 
0.0002289908 0.0000951832 0.0000561774 
0.0002291686 0.0000951383 0.0000561233 
0.0002293480 0.0000950922 0.0000560679 
0.0002295289 0.0000950449 0.0000560114 
0.0002297113 0.0000949963 0.0000559537 
0.0002298951 0.0000949465 0.0000558949 
0.0002300803 0.0000948955 0.0000558348 
0.0002302669 0.0000948431 0.0000557735 
0.0002304549 0.0000947893 0.0000557109 
0.0002306441 0.0000947341 0.0000556469 
0.0002308347 0.0000946774 0.0000555816 
0.0002310266 0.0000946190 0.0000555147 
0.0002312197 0.0000945587 0.0000554461 
0.0002314141 0.0000944961 0.0000553754 
0.0002316099 0.0000944306 0.0000553021 
0.0002318073 0.0000943615 0.0000552257 
0.0002320066 0.0000942881 0.0000551457 
0.0002322078 0.0000942100 0.0000550617 
0.0002324113 0.0000941269 0.0000549737 
0.0002326171 0.0000940390 0.0000548816 
0.0002328252 0.0000939465 0.0000547858 
0.0002330359 0.0000938498 0.0000546864 
0.0002332490 0.0000937494 0.0000545838 
0.0002334646 0.0000936459 0.0000544785 
0.0002336827 0.0000935399 0.0000543709 
0.0002339033 0.0000934318 0.0000542615 
0.0002341261 0.0000933224 0.0000541506 
0.0002343512 0.0000932122 0.0000540387 
0.0002345785 0.0000931016 0.0000539261 
0.0002348090 0.0000929893 0.0000538113 
0.0002350404 0.0000928795 0.0000536989 
0.0002352732 0.0000927710 0.0000535876 
0.0002355078 0.0000926634 0.0000534765 
0.0002357443 0.0000925566 0.0000533654 
0.0002359825 0.0000924508 0.0000532541 
0.0002362222 0.0000923459 0.0000531429 
0.0002364632 0.0000922424 0.0000530318 
0.0002367051 0.0000921405 0.0000529212 
0.0002369476 0.0000920404 0.0000528114 
0.0002371903 0.0000919423 0.0000527025 
0.0002374330 0.0000918464 0.0000525948 
0.0002376753 0.0000917530 0.0000524885 
0.0002379170 0.0000916622 0.0000523839 
0.0002381577 0.0000915742 0.0000522811 
0.0002383973 0.0000914890 0.0000521803 
0.0002386354 0.0000914068 0.0000520817 
0.0002388719 0.0000913277 0.0000519852 
0.0002391065 0.0000912517 0.0000518911 
0.0002393391 0.0000911788 0.0000517995 
0.0002395694 0.0000911091 0.0000517103 
0.0002397975 0.0000910427 0.0000516237 
0.0002400230 0.0000909794 0.0000515397 
0.0002402460 0.0000909194 0.0000514583 
0.0002404662 0.0000908625 0.0000513795 
0.0002406836 0.0000908088 0.0000513034 
0.0002408982 0.0000907583 0.0000512300 
0.0002411098 0.0000907108 0.0000511592 
0.0002413183 0.0000906665 0.0000510911 
0.0002415239 0.0000906251 0.0000510256 
0.0002417263 0.0000905867 0.0000509628 
0.0002419256 0.0000905513 0.0000509026 
0.0002421217 0.0000905188 0.0000508450 
0.0002423147 0.0000904891 0.0000507900 
0.0002425045 0.0000904622 0.0000507375 
0.0002426911 0.0000904380 0.0000506875 
0.0002428745 0.0000904165 0.0000506400 
0.0002430547 0.0000903977 0.0000505950 
0.0002432318 0.0000903815 0.0000505524 
0.0002434057 0.0000903677 0.0000505121 
0.0002435765 0.0000903565 0.0000504742 
0.0002437442 0.0000903476 0.0000504386 
0.0002439088 0.0000903411 0.0000504052 
0.0002440704 0.0000903368 0.0000503741 
0.0002442290 0.0000903347 0.0000503450 
0.0002443846 0.0000903348 0.0000503181 
0.0002445373 0.0000903368 0.0000502929 
0.0002446875 0.0000903402 0.0000502693 
0.0002448352 0.0000903446 0.0000502468 
0.0002449808 0.0000903496 0.0000502251 
0.0002451244 0.0000903548 0.0000502039 
0.0002452663 0.0000903597 0.0000501828 
0.0002454069 0.0000903641 0.0000501616 
0.0002455463 0.0000903675 0.0000501399 
0.0002456849 0.0000903697 0.0000501174 
0.0002458227 0.0000903704 0.0000500942 
0.0002459601 0.0000903697 0.0000500700 
0.0002460971 0.0000903675 0.0000500449 
0.0002462337 0.0000903639 0.0000500189 
0.0002463701 0.0000903591 0.0000499922 
0.0002465063 0.0000903532 0.0000499649 
0.0002466423 0.0000903466 0.0000499371 
0.0002467780 0.0000903394 0.0000499089 
0.0002469134 0.0000903319 0.0000498807 
0.0002470484 0.0000903243 0.0000498525 
0.0002471830 0.0000903169 0.0000498245 
0.0002473171 0.0000903098 0.0000497969 
0.0002474507 0.0000903032 0.0000497697 
0.0002475836 0.0000902973 0.0000497432 
0.0002477157 0.0000902922 0.0000497173 
0.0002478470 0.0000902880 0.0000496923 
0.0002479774 0.0000902849 0.0000496682 
0.0002481069 0.0000902828 0.0000496449 
0.0002482354 0.0000902818 0.0000496227 
0.0002483628 0.0000902820 0.0000496015 
0.0002484890 0.0000902835 0.0000495813 
0.0002486140 0.0000902863 0.0000495623 
0.0002487377 0.0000902903 0.0000495444 
0.0002488601 0.0000902958 0.0000495276 
0.0002489810 0.0000903025 0.0000495121 
0.0002491006 0.0000903107 0.0000494978 
0.0002492188 0.0000903202 0.0000494847 
0.0002493354 0.0000903311 0.0000494729 
0.0002494505 0.0000903433 0.0000494623 
0.0002495641 0.0000903569 0.0000494529 
0.0002496761 0.0000903718 0.0000494447 
0.0002497866 0.0000903881 0.0000494377 
0.0002498955 0.0000904056 0.0000494319 
0.0002500029 0.0000904243 0.0000494272 
0.0002501089 0.0000904439 0.0000494234 
0.0002502134 0.0000904644 0.0000494205 
0.0002503166 0.0000904857 0.0000494184 
0.0002504186 0.0000905077 0.0000494170 
0.0002505193 0.0000905302 0.0000494163 
0.0002506188 0.0000905533 0.0000494162 
0.0002507171 0.0000905770 0.0000494167 
0.0002508142 0.0000906012 0.0000494178 
0.0002509102 0.0000906259 0.0000494196 
0.0002510050 0.0000906513 0.0000494221 
0.0002510986 0.0000906774 0.0000494254 
0.0002511910 0.0000907042 0.0000494294 
0.0002512822 0.0000907318 0.0000494342 
0.0002513722 0.0000907602 0.0000494398 
0.0002514610 0.0000907895 0.0000494464 
0.0002515485 0.0000908196 0.0000494538 
0.0002516347 0.0000908507 0.0000494621 
0.0002517196 0.0000908826 0.0000494713 
0.0002518033 0.0000909155 0.0000494815 
0.0002518857 0.0000909494 0.0000494926 
0.0002519668 0.0000909841 0.0000495046 
0.0002520466 0.0000910198 0.0000495175 
0.0002521250 0.0000910564 0.0000495314 
0.0002522022 0.0000910939 0.0000495462 
0.0002522781 0.0000911323 0.0000495618 
0.0002523527 0.0000911715 0.0000495784 
0.0002524261 0.0000912117 0.0000495959 
0.0002524981 0.0000912526 0.0000496142 
0.0002525689 0.0000912944 0.0000496333 
0.0002526385 0.0000913369 0.0000496533 
0.0002527067 0.0000913803 0.0000496741 
0.0002527738 0.0000914244 0.0000496957 
0.0002528398 0.0000914691 0.0000497180 
0.0002529047 0.0000915142 0.0000497408 
0.0002529689 0.0000915594 0.0000497637 
0.0002530325 0.0000916044 0.0000497867 
0.0002530956 0.0000916489 0.0000498095 
0.0002531584 0.0000916929 0.0000498320 
0.0002532208 0.0000917363 0.0000498542 
0.0002532828 0.0000917792 0.0000498762 
0.0002533445 0.0000918217 0.0000498980 
0.0002534058 0.0000918639 0.0000499198 
0.0002534667 0.0000919060 0.0000499417 
0.0002535271 0.0000919481 0.0000499637 
0.0002535869 0.0000919904 0.0000499860 
0.0002536462 0.0000920328 0.0000500086 
0.0002537049 0.0000920756 0.0000500315 
0.0002537630 0.0000921186 0.0000500547 
0.0002538206 0.0000921619 0.0000500783 
0.0002538777 0.0000922054 0.0000501022 
0.0002539341 0.0000922492 0.0000501264 
0.0002539900 0.0000922932 0.0000501509 
0.0002540453 0.0000923375 0.0000501758 
0.0002541000 0.0000923822 0.0000502011 
0.0002541539 0.0000924272 0.0000502268 
0.0002542073 0.0000924726 0.0000502529 
0.0002542599 0.0000925184 0.0000502795 
0.0002543117 0.0000925647 0.0000503065 
0.0002543629 0.0000926114 0.0000503340 
0.0002544134 0.0000926585 0.0000503620 
0.0002544631 0.0000927059 0.0000503903 
0.0002545123 0.0000927536 0.0000504190 
0.0002545607 0.0000928016 0.0000504481 
0.0002546086 0.0000928498 0.0000504774 
0.0002546559 0.0000928982 0.0000505070 
0.0002547026 0.0000929466 0.0000505368 
0.0002547488 0.0000929951 0.0000505668 
0.0002547946 0.0000930436 0.0000505969 
0.0002548398 0.0000930922 0.0000506271 
0.0002548845 0.0000931408 0.0000506576 
0.0002549287 0.0000931895 0.0000506882 
0.0002549724 0.0000932383 0.0000507191 
0.0002550155 0.0000932872 0.0000507502 
0.0002550581 0.0000933364 0.0000507816 
0.0002551002 0.0000933856 0.0000508132 
0.0002551419 0.0000934348 0.0000508449 
0.0002551833 0.0000934838 0.0000508764 
0.0002552246 0.0000935324 0.0000509079 
0.0002552656 0.0000935807 0.0000509391 
0.0002553065 0.0000936286 0.0000509702 
0.0002553473 0.0000936761 0.0000510010 
0.0002553878 0.0000937233 0.0000510318 
0.0002554282 0.0000937702 0.0000510624 
0.0002554683 0.0000938169 0.0000510930 
0.0002555082 0.0000938636 0.0000511237 
0.0002555478 0.0000939101 0.0000511543 
0.0002555870 0.0000939567 0.0000511851 
0.0002556260 0.0000940033 0.0000512160 
0.0002556646 0.0000940499 0.0000512471 
0.0002557028 0.0000940967 0.0000512783 
0.0002557407 0.0000941436 0.0000513097 
0.0002557782 0.0000941906 0.0000513414 
0.0002558153 0.0000942377 0.0000513732 
0.0002558519 0.0000942850 0.0000514052 
0.0002558882 0.0000943323 0.0000514374 
0.0002559241 0.0000943797 0.0000514697 
0.0002559597 0.0000944272 0.0000515022 
0.0002559948 0.0000944747 0.0000515348 
0.0002560296 0.0000945222 0.0000515675 
0.0002560641 0.0000945697 0.0000516003 
0.0002560983 0.0000946171 0.0000516332 
0.0002561321 0.0000946645 0.0000516661 
0.0002561656 0.0000947118 0.0000516991 
0.0002561989 0.0000947590 0.0000517321 
0.0002562319 0.0000948062 0.0000517652 
0.0002562647 0.0000948532 0.0000517982 
0.0002562974 0.0000949000 0.0000518311 
0.0002563301 0.0000949467 0.0000518638 
0.0002563629 0.0000949931 0.0000518963 
0.0002563959 0.0000950392 0.0000519286 
0.0002564291 0.0000950850 0.0000519605 
0.0002564627 0.0000951304 0.0000519921 
0.0002564967 0.0000951756 0.0000520233 
0.0002565311 0.0000952203 0.0000520542 
0.0002565660 0.0000952647 0.0000520846 
0.0002566013 0.0000953088 0.0000521146 
0.0002566371 0.0000953524 0.0000521442 
0.0002566733 0.0000953957 0.0000521735 
0.0002567100 0.0000954385 0.0000522023 
0.0002567472 0.0000954810 0.0000522307 
0.0002567848 0.0000955231 0.0000522587 
0.0002568229 0.0000955649 0.0000522863 
0.0002568614 0.0000956062 0.0000523135 
0.0002569003 0.0000956471 0.0000523403 
0.0002569398 0.0000956875 0.0000523666 
0.0002569803 0.0000957267 0.0000523917 
0.0002570224 0.0000957640 0.0000524150 
0.0002570666 0.0000957984 0.0000524358 
0.0002571132 0.0000958294 0.0000524537 
0.0002571624 0.0000958567 0.0000524685 
0.0002572143 0.0000958803 0.0000524803 
0.0002572687 0.0000959005 0.0000524891 
0.0002573256 0.0000959174 0.0000524952 
0.0002573846 0.0000959316 0.0000524990 
0.0002574459 0.0000959433 0.0000525006 
0.0002575092 0.0000959529 0.0000525003 
0.0002575747 0.0000959602 0.0000524979 
0.0002576422 0.0000959655 0.0000524936 
0.0002577119 0.0000959687 0.0000524874 
0.0002577834 0.0000959702 0.0000524796 
0.0002578567 0.0000959702 0.0000524703 
0.0002579315 0.0000959689 0.0000524599 
0.0002580076 0.0000959667 0.0000524484 
0.0002580849 0.0000959638 0.0000524363 
0.0002581632 0.0000959606 0.0000524237 
0.0002582421 0.0000959574 0.0000524109 
0.0002583216 0.0000959544 0.0000523981 
0.0002584014 0.0000959518 0.0000523855 
0.0002584813 0.0000959499 0.0000523733 
0.0002585613 0.0000959488 0.0000523616 
0.0002586410 0.0000959486 0.0000523506 
0.0002587204 0.0000959495 0.0000523403 
0.0002587993 0.0000959515 0.0000523309 
0.0002588777 0.0000959547 0.0000523225 
0.0002589553 0.0000959591 0.0000523150 
0.0002590322 0.0000959649 0.0000523085 
0.0002591084 0.0000959717 0.0000523029 
0.0002591840 0.0000959793 0.0000522979 
0.0002592591 0.0000959875 0.0000522934 
0.0002593337 0.0000959961 0.0000522892 
0.0002594079 0.0000960049 0.0000522853 
0.0002594817 0.0000960139 0.0000522816 
0.0002595549 0.0000960231 0.0000522783 
0.0002596276 0.0000960327 0.0000522753 
0.0002596996 0.0000960427 0.0000522729 
0.0002597709 0.0000960533 0.0000522710 
0.0002598414 0.0000960645 0.0000522698 
0.0002599111 0.0000960764 0.0000522693 
0.0002599798 0.0000960892 0.0000522697 
0.0002600476 0.0000961029 0.0000522709 
0.0002601144 0.0000961174 0.0000522731 
0.0002601801 0.0000961330 0.0000522762 
0.0002602448 0.0000961495 0.0000522803 
0.0002603083 0.0000961671 0.0000522853 
0.0002603706 0.0000961856 0.0000522914 
0.0002604319 0.0000962051 0.0000522985 
0.0002604919 0.0000962257 0.0000523066 
0.0002605508 0.0000962471 0.0000523156 
0.0002606084 0.0000962696 0.0000523257 
0.0002606649 0.0000962930 0.0000523368 
0.0002607201 0.0000963173 0.0000523488 
0.0002607742 0.0000963424 0.0000523617 
0.0002608271 0.0000963687 0.0000523756 
0.0002608788 0.0000963957 0.0000523903 
0.0002609294 0.0000964234 0.0000524057 
0.0002609790 0.0000964518 0.0000524218 
0.0002610282 0.0000964805 0.0000524368 
0.0002610768 0.0000965093 0.0000524510 
0.0002611248 0.0000965381 0.0000524647 
0.0002611720 0.0000965670 0.0000524779 
0.0002612186 0.0000965958 0.0000524909 
0.0002612646 0.0000966246 0.0000525036 
0.0002613100 0.0000966533 0.0000525161 
0.0002613549 0.0000966818 0.0000525285 
0.0002613994 0.0000967101 0.0000525406 
0.0002614435 0.0000967382 0.0000525525 
0.0002614872 0.0000967660 0.0000525642 
0.0002615306 0.0000967935 0.0000525758 
0.0002615736 0.0000968208 0.0000525871 
0.0002616164 0.0000968477 0.0000525982 
0.0002616593 0.0000968739 0.0000526088 
0.0002617024 0.0000968991 0.0000526185 
0.0002617462 0.0000969227 0.0000526270 
0.0002617909 0.0000969445 0.0000526340 
0.0002618368 0.0000969641 0.0000526393 
0.0002618838 0.0000969815 0.0000526428 
0.0002619322 0.0000969967 0.0000526446 
0.0002619819 0.0000970098 0.0000526446 
0.0002620327 0.0000970209 0.0000526432 
0.0002620847 0.0000970305 0.0000526406 
0.0002621376 0.0000970388 0.0000526369 
0.0002621914 0.0000970459 0.0000526324 
0.0002622459 0.0000970523 0.0000526272 
0.0002623013 0.0000970578 0.0000526214 
0.0002623575 0.0000970626 0.0000526150 
0.0002624145 0.0000970666 0.0000526079 
0.0002624724 0.0000970699 0.0000526002 
0.0002625310 0.0000970724 0.0000525919 
0.0002625903 0.0000970743 0.0000525831 
0.0002626503 0.0000970757 0.0000525740 
0.0002627108 0.0000970767 0.0000525646 
0.0002627717 0.0000970775 0.0000525551 
0.0002628330 0.0000970783 0.0000525456 
0.0002628944 0.0000970791 0.0000525361 
0.0002629559 0.0000970801 0.0000525270 
0.0002630173 0.0000970814 0.0000525181 
0.0002630787 0.0000970832 0.0000525096 
0.0002631399 0.0000970854 0.0000525016 
0.0002632010 0.0000970880 0.0000524940 
0.0002632621 0.0000970907 0.0000524865 
0.0002633233 0.0000970932 0.0000524788 
0.0002633849 0.0000970952 0.0000524707 
0.0002634471 0.0000970963 0.0000524619 
0.0002635098 0.0000970964 0.0000524523 
0.0002635731 0.0000970955 0.0000524420 
0.0002636370 0.0000970936 0.0000524310 
0.0002637014 0.0000970910 0.0000524195 
0.0002637660 0.0000970879 0.0000524076 
0.0002638309 0.0000970843 0.0000523955 
0.0002638960 0.0000970807 0.0000523834 
0.0002639610 0.0000970771 0.0000523714 
0.0002640259 0.0000970737 0.0000523597 
0.0002640906 0.0000970707 0.0000523484 
0.0002641550 0.0000970681 0.0000523376 
0.0002642191 0.0000970662 0.0000523274 
0.0002642826 0.0000970650 0.0000523179 
0.0002643456 0.0000970645 0.0000523091 
0.0002644080 0.0000970648 0.0000523011 
0.0002644697 0.0000970659 0.0000522939 
0.0002645307 0.0000970679 0.0000522875 
0.0002645909 0.0000970707 0.0000522821 
0.0002646503 0.0000970744 0.0000522775 
0.0002647088 0.0000970789 0.0000522738 
0.0002647664 0.0000970844 0.0000522711 
0.0002648231 0.0000970907 0.0000522693 
0.0002648789 0.0000970979 0.0000522684 
0.0002649337 0.0000971060 0.0000522684 
0.0002649875 0.0000971149 0.0000522693 
0.0002650403 0.0000971246 0.0000522712 
0.0002650922 0.0000971350 0.0000522739 
0.0002651430 0.0000971462 0.0000522774 
0.0002651928 0.0000971581 0.0000522818 
0.0002652417 0.0000971707 0.0000522870 
0.0002652896 0.0000971840 0.0000522930 
0.0002653365 0.0000971980 0.0000522998 
0.0002653824 0.0000972125 0.0000523074 
0.0002654274 0.0000972277 0.0000523157 
0.0002654714 0.0000972434 0.0000523248 
0.0002655144 0.0000972597 0.0000523345 
0.0002655566 0.0000972765 0.0000523450 
0.0002655979 0.0000972939 0.0000523561 
0.0002656382 0.0000973117 0.0000523678 
0.0002656777 0.0000973299 0.0000523802 
0.0002657164 0.0000973485 0.0000523932 
0.0002657543 0.0000973676 0.0000524067 
0.0002657913 0.0000973870 0.0000524207 
0.0002658276 0.0000974068 0.0000524353 
0.0002658632 0.0000974268 0.0000524504 
0.0002658980 0.0000974472 0.0000524660 
0.0002659321 0.0000974679 0.0000524819 
0.0002659656 0.0000974888 0.0000524984 
0.0002659984 0.0000975099 0.0000525152 
0.0002660306 0.0000975313 0.0000525324 
0.0002660621 0.0000975528 0.0000525500 
0.0002660931 0.0000975745 0.0000525679 
0.0002661235 0.0000975964 0.0000525861 
0.0002661534 0.0000976185 0.0000526047 
0.0002661827 0.0000976407 0.0000526235 
0.0002662116 0.0000976630 0.0000526427 
0.0002662399 0.0000976855 0.0000526622 
0.0002662677 0.0000977081 0.0000526819 
0.0002662951 0.0000977309 0.0000527019 
0.0002663220 0.0000977538 0.0000527222 
0.0002663483 0.0000977769 0.0000527428 
0.0002663742 0.0000978001 0.0000527637 
0.0002663997 0.0000978236 0.0000527849 
0.0002664246 0.0000978472 0.0000528064 
0.0002664491 0.0000978711 0.0000528282 
0.0002664731 0.0000978951 0.0000528504 
0.0002664966 0.0000979193 0.0000528728 
0.0002665197 0.0000979437 0.0000528955 
0.0002665423 0.0000979683 0.0000529185 
0.0002665645 0.0000979931 0.0000529417 
0.0002665863 0.0000980180 0.0000529652 
0.0002666075 0.0000980432 0.0000529890 
0.0002666281 0.0000980687 0.0000530134 
0.0002666476 0.0000980948 0.0000530385 
0.0002666656 0.0000981220 0.0000530647 
0.0002666817 0.0000981505 0.0000530925 
0.0002666955 0.0000981807 0.0000531222 
0.0002667064 0.0000982132 0.0000531542 
0.0002667140 0.0000982484 0.0000531891 
0.0002667178 0.0000982868 0.0000532273 
0.0002667175 0.0000983289 0.0000532692 
0.0002667127 0.0000983751 0.0000533153 
0.0002667032 0.0000984258 0.0000533657 
0.0002666889 0.0000984811 0.0000534206 
0.0002666698 0.0000985413 0.0000534802 
0.0002666457 0.0000986063 0.0000535445 
0.0002666169 0.0000986762 0.0000536134 
0.0002665833 0.0000987508 0.0000536868 
0.0002665453 0.0000988300 0.0000537646 
0.0002665030 0.0000989136 0.0000538465 
0.0002664566 0.0000990012 0.0000539324 
0.0002664065 0.0000990927 0.0000540218 
0.0002663506 0.0000991869 0.0000541139 
0.0002662894 0.0000992837 0.0000542083 
0.0002662243 0.0000993829 0.0000543052 
0.0002661566 0.0000994845 0.0000544045 
0.0002660871 0.0000995883 0.0000545060 
0.0002660162 0.0000996942 0.0000546096 
0.0002659443 0.0000998019 0.0000547151 
0.0002658717 0.0000999113 0.0000548223 
0.0002657986 0.0001000221 0.0000549311 
0.0002657251 0.0001001340 0.0000550411 
0.0002656513 0.0001002469 0.0000551522 
0.0002655774 0.0001003606 0.0000552641 
0.0002655035 0.0001004747 0.0000553767 
0.0002654297 0.0001005892 0.0000554898 
0.0002653561 0.0001007036 0.0000556029 
0.0002652829 0.0001008177 0.0000557159 
0.0002652104 0.0001009308 0.0000558281 
0.0002651387 0.0001010426 0.0000559393 
0.0002650681 0.0001011527 0.0000560491 
0.0002649987 0.0001012608 0.0000561573 
0.0002649306 0.0001013668 0.0000562638 
0.0002648637 0.0001014707 0.0000563685 
0.0002647981 0.0001015725 0.0000564716 
0.0002647339 0.0001016721 0.0000565729 
0.0002646708 0.0001017698 0.0000566725 
0.0002646090 0.0001018655 0.0000567706 
0.0002645485 0.0001019594 0.0000568671 
0.0002644891 0.0001020514 0.0000569621 
0.0002644308 0.0001021417 0.0000570556 
0.0002643738 0.0001022302 0.0000571476 
0.0002643178 0.0001023170 0.0000572381 
0.0002642631 0.0001024018 0.0000573270 
0.0002642096 0.0001024847 0.0000574141 
0.0002641573 0.0001025655 0.0000574994 
0.0002641064 0.0001026441 0.0000575828 
0.0002640568 0.0001027205 0.0000576644 
0.0002640084 0.0001027947 0.0000577440 
0.0002639614 0.0001028667 0.0000578218 
0.0002639155 0.0001029366 0.0000578978 
0.0002638708 0.0001030045 0.0000579721 
0.0002638273 0.0001030704 0.0000580447 
0.0002637849 0.0001031343 0.0000581157 
0.0002637435 0.0001031964 0.0000581851 
0.0002637032 0.0001032567 0.0000582529 
0.0002636640 0.0001033152 0.0000583192 
0.0002636257 0.0001033719 0.0000583841 
0.0002635885 0.0001034269 0.0000584474 
0.0002635522 0.0001034801 0.0000585092 
0.0002635169 0.0001035315 0.0000585695 
0.0002634826 0.0001035811 0.0000586283 
0.0002634493 0.0001036289 0.0000586856 
0.0002634170 0.0001036749 0.0000587413 
0.0002633857 0.0001037192 0.0000587956 
0.0002633554 0.0001037616 0.0000588483 
0.0002633260 0.0001038023 0.0000588996 
0.0002632975 0.0001038413 0.0000589494 
0.0002632701 0.0001038785 0.0000589978 
0.0002632435 0.0001039141 0.0000590448 
0.0002632180 0.0001039479 0.0000590903 
0.0002631934 0.0001039801 0.0000591344 
0.0002631697 0.0001040106 0.0000591771 
0.0002631470 0.0001040394 0.0000592184 
0.0002631253 0.0001040666 0.0000592583 
0.0002631046 0.0001040921 0.0000592968 
0.0002630848 0.0001041160 0.0000593339 
0.0002630661 0.0001041382 0.0000593696 
0.0002630483 0.0001041589 0.0000594040 
0.0002630315 0.0001041779 0.0000594370 
0.0002630158 0.0001041954 0.0000594686 
0.0002630010 0.0001042113 0.0000594989 
0.0002629873 0.0001042256 0.0000595279 
0.0002629746 0.0001042384 0.0000595555 
0.0002629629 0.0001042496 0.0000595818 
0.0002629523 0.0001042593 0.0000596067 
0.0002629428 0.0001042675 0.0000596304 
0.0002629343 0.0001042742 0.0000596527 
0.0002629269 0.0001042793 0.0000596737 
0.0002629206 0.0001042830 0.0000596934 
0.0002629154 0.0001042852 0.0000597119 
0.0002629113 0.0001042860 0.0000597290 
0.0002629083 0.0001042854 0.0000597449 
0.0002629064 0.0001042833 0.0000597595 
0.0002629057 0.0001042798 0.0000597729 
0.0002629060 0.0001042750 0.0000597850 
0.0002629075 0.0001042688 0.0000597960 
0.0002629101 0.0001042613 0.0000598057 
0.0002629138 0.0001042524 0.0000598142 
0.0002629187 0.0001042423 0.0000598215 
0.0002629248 0.0001042308 0.0000598276 
0.0002629320 0.0001042179 0.0000598324 
0.0002629404 0.0001042038 0.0000598361 
0.0002629499 0.0001041885 0.0000598386 
0.0002629607 0.0001041718 0.0000598399 
0.0002629726 0.0001041540 0.0000598401 
0.0002629856 0.0001041349 0.0000598391 
0.0002629999 0.0001041146 0.0000598370 
0.0002630154 0.0001040930 0.0000598336 
0.0002630322 0.0001040702 0.0000598289 
0.0002630503 0.0001040459 0.0000598229 
0.0002630699 0.0001040201 0.0000598152 
0.0002630911 0.0001039924 0.0000598057 
0.0002631140 0.0001039626 0.0000597941 
0.0002631388 0.0001039305 0.0000597801 
0.0002631657 0.0001038957 0.0000597635 
0.0002631945 0.0001038583 0.0000597445 
0.0002632252 0.0001038184 0.0000597229 
0.0002632577 0.0001037761 0.0000596990 
0.0002632918 0.0001037315 0.0000596728 
0.0002633275 0.0001036848 0.0000596444 
0.0002633647 0.0001036362 0.0000596142 
0.0002634034 0.0001035859 0.0000595822 
0.0002634434 0.0001035342 0.0000595487 
0.0002634846 0.0001034814 0.0000595139 
0.0002635271 0.0001034276 0.0000594781 
0.0002635707 0.0001033731 0.0000594413 
0.0002636155 0.0001033179 0.0000594038 
0.0002636612 0.0001032623 0.0000593656 
0.0002637079 0.0001032064 0.0000593269 
0.0002637556 0.0001031502 0.0000592878 
0.0002638041 0.0001030939 0.0000592484 
0.0002638533 0.0001030375 0.0000592087 
0.0002639034 0.0001029812 0.0000591688 
0.0002639541 0.0001029248 0.0000591288 
0.0002640055 0.0001028685 0.0000590887 
0.0002640574 0.0001028123 0.0000590486 
0.0002641100 0.0001027563 0.0000590084 
0.0002641630 0.0001027004 0.0000589683 
0.0002642165 0.0001026447 0.0000589281 
0.0002642704 0.0001025891 0.0000588881 
0.0002643247 0.0001025337 0.0000588481 
0.0002643794 0.0001024784 0.0000588082 
0.0002644344 0.0001024234 0.0000587684 
0.0002644897 0.0001023686 0.0000587286 
0.0002645452 0.0001023140 0.0000586889 
0.0002646011 0.0001022592 0.0000586489 
0.0002646574 0.0001022042 0.0000586086 
0.0002647142 0.0001021487 0.0000585676 
0.0002647716 0.0001020925 0.0000585260 
0.0002648295 0.0001020357 0.0000584837 
0.0002648879 0.0001019783 0.0000584409 
0.0002649468 0.0001019204 0.0000583976 
0.0002650062 0.0001018620 0.0000583538 
0.0002650659 0.0001018034 0.0000583098 
0.0002651261 0.0001017446 0.0000582655 
0.0002651866 0.0001016856 0.0000582212 
0.0002652473 0.0001016267 0.0000581768 
0.0002653084 0.0001015679 0.0000581325 
0.0002653696 0.0001015093 0.0000580882 
0.0002654310 0.0001014509 0.0000580441 
0.0002654926 0.0001013925 0.0000579998 
0.0002655545 0.0001013341 0.0000579553 
0.0002656167 0.0001012754 0.0000579104 
0.0002656793 0.0001012162 0.0000578650 
0.0002657424 0.0001011566 0.0000578191 
0.0002658058 0.0001010966 0.0000577728 
0.0002658697 0.0001010362 0.0000577260 
0.0002659339 0.0001009755 0.0000576790 
0.0002659984 0.0001009146 0.0000576318 
0.0002660632 0.0001008537 0.0000575845 
0.0002661283 0.0001007929 0.0000575372 
0.0002661935 0.0001007322 0.0000574901 
0.0002662589 0.0001006719 0.0000574431 
0.0002663244 0.0001006118 0.0000573963 
0.0002663900 0.0001005519 0.0000573496 
0.0002664558 0.0001004921 0.0000573029 
0.0002665218 0.0001004325 0.0000572561 
0.0002665880 0.0001003728 0.0000572094 
0.0002666544 0.0001003133 0.0000571627 
0.0002667209 0.0001002538 0.0000571160 
0.0002667877 0.0001001945 0.0000570694 
0.0002668545 0.0001001354 0.0000570230 
0.0002669215 0.0001000766 0.0000569768 
0.0002669885 0.0001000180 0.0000569309 
0.0002670556 0.0000999598 0.0000568852 
0.0002671228 0.0000999021 0.0000568399 
0.0002671899 0.0000998447 0.0000567950 
0.0002672571 0.0000997878 0.0000567505 
0.0002673243 0.0000997314 0.0000567064 
0.0002673914 0.0000996755 0.0000566627 
0.0002674585 0.0000996201 0.0000566194 
0.0002675255 0.0000995652 0.0000565766 
0.0002675924 0.0000995107 0.0000565340 
0.0002676593 0.0000994565 0.0000564915 
0.0002677262 0.0000994023 0.0000564490 
0.0002677933 0.0000993481 0.0000564064 
0.0002678605 0.0000992938 0.0000563636 
0.0002679279 0.0000992395 0.0000563208 
0.0002679954 0.0000991850 0.0000562779 
0.0002680630 0.0000991306 0.0000562349 
0.0002681308 0.0000990762 0.0000561920 
0.0002681986 0.0000990220 0.0000561492 
0.0002682665 0.0000989679 0.0000561065 
0.0002683344 0.0000989141 0.0000560639 
0.0002684024 0.0000988605 0.0000560214 
0.0002684705 0.0000988070 0.0000559790 
0.0002685387 0.0000987536 0.0000559366 
0.0002686070 0.0000987004 0.0000558943 
0.0002686754 0.0000986473 0.0000558521 
0.0002687440 0.0000985945 0.0000558100 
0.0002688126 0.0000985418 0.0000557681 
0.0002688812 0.0000984895 0.0000557264 
0.0002689499 0.0000984374 0.0000556850 
0.0002690187 0.0000983857 0.0000556438 
0.0002690875 0.0000983344 0.0000556030 
0.0002691563 0.0000982836 0.0000555625 
0.0002692250 0.0000982331 0.0000555223 
0.0002692938 0.0000981831 0.0000554824 
0.0002693626 0.0000981335 0.0000554429 
0.0002694312 0.0000980843 0.0000554036 
0.0002694999 0.0000980355 0.0000553647 
0.0002695684 0.0000979871 0.0000553259 
0.0002696369 0.0000979389 0.0000552871 
0.0002697055 0.0000978908 0.0000552482 
0.0002697741 0.0000978427 0.0000552091 
0.0002698428 0.0000977944 0.0000551697 
0.0002699116 0.0000977457 0.0000551298 
0.0002699807 0.0000976967 0.0000550894 
0.0002700500 0.0000976473 0.0000550485 
0.0002701196 0.0000975976 0.0000550072 
0.0002701894 0.0000975475 0.0000549654 
0.0002702595 0.0000974972 0.0000549233 
0.0002703297 0.0000974466 0.0000548809 
0.0002704002 0.0000973960 0.0000548383 
0.0002704709 0.0000973453 0.0000547956 
0.0002705418 0.0000972947 0.0000547528 
0.0002706128 0.0000972443 0.0000547100 
0.0002706839 0.0000971940 0.0000546673 
0.0002707551 0.0000971441 0.0000546248 
0.0002708264 0.0000970945 0.0000545824 
0.0002708978 0.0000970453 0.0000545404 
0.0002709692 0.0000969965 0.0000544986 
0.0002710406 0.0000969481 0.0000544571 
0.0002711120 0.0000969003 0.0000544160 
0.0002711834 0.0000968530 0.0000543753 
0.0002712547 0.0000968062 0.0000543350 
0.0002713261 0.0000967599 0.0000542950 
0.0002713973 0.0000967141 0.0000542555 
0.0002714685 0.0000966689 0.0000542164 
0.0002715397 0.0000966243 0.0000541777 
0.0002716107 0.0000965801 0.0000541395 
0.0002716816 0.0000965366 0.0000541017 
0.0002717524 0.0000964935 0.0000540643 
0.0002718232 0.0000964510 0.0000540274 
0.0002718938 0.0000964091 0.0000539909 
0.0002719642 0.0000963676 0.0000539548 
0.0002720345 0.0000963267 0.0000539191 
0.0002721045 0.0000962863 0.0000538838 
0.0002721745 0.0000962464 0.0000538487 
0.0002722443 0.0000962067 0.0000538139 
0.0002723140 0.0000961674 0.0000537792 
0.0002723836 0.0000961282 0.0000537446 
0.0002724532 0.0000960893 0.0000537101 
0.0002725228 0.0000960505 0.0000536757 
0.0002725923 0.0000960119 0.0000536414 
0.0002726617 0.0000959734 0.0000536073 
0.0002727311 0.0000959353 0.0000535732 
0.0002728004 0.0000958973 0.0000535393 
0.0002728696 0.0000958597 0.0000535055 
0.0002729386 0.0000958223 0.0000534717 
0.0002730076 0.0000957850 0.0000534380 
0.0002730764 0.0000957479 0.0000534041 
0.0002731452 0.0000957108 0.0000533702 
0.0002732140 0.0000956737 0.0000533360 
0.0002732829 0.0000956364 0.0000533015 
0.0002733518 0.0000955990 0.0000532668 
0.0002734208 0.0000955614 0.0000532318 
0.0002734899 0.0000955238 0.0000531965 
0.0002735590 0.0000954860 0.0000531611 
0.0002736282 0.0000954483 0.0000531256 
0.0002736974 0.0000954107 0.0000530900 
0.0002737667 0.0000953731 0.0000530544 
0.0002738359 0.0000953358 0.0000530188 
0.0002739052 0.0000952987 0.0000529834 
0.0002739744 0.0000952618 0.0000529481 
0.0002740436 0.0000952254 0.0000529130 
0.0002741127 0.0000951893 0.0000528782 
0.0002741817 0.0000951536 0.0000528436 
0.0002742504 0.0000951186 0.0000528095 
0.0002743187 0.0000950843 0.0000527756 
0.0002743866 0.0000950506 0.0000527420 
0.0002744542 0.0000950171 0.0000527082 
0.0002745216 0.0000949837 0.0000526740 
0.0002745889 0.0000949500 0.0000526393 
0.0002746563 0.0000949158 0.0000526040 
0.0002747237 0.0000948812 0.0000525679 
0.0002747913 0.0000948461 0.0000525311 
0.0002748589 0.0000948105 0.0000524937 
0.0002749267 0.0000947745 0.0000524557 
0.0002749945 0.0000947383 0.0000524174 
0.0002750623 0.0000947019 0.0000523789 
0.0002751302 0.0000946656 0.0000523402 
0.0002751980 0.0000946293 0.0000523015 
0.0002752658 0.0000945934 0.0000522629 
0.0002753335 0.0000945577 0.0000522245 
0.0002754010 0.0000945225 0.0000521864 
0.0002754684 0.0000944878 0.0000521487 
0.0002755356 0.0000944537 0.0000521115 
0.0002756026 0.0000944202 0.0000520747 
0.0002756694 0.0000943874 0.0000520385 
0.0002757359 0.0000943552 0.0000520029 
0.0002758022 0.0000943238 0.0000519679 
0.0002758681 0.0000942931 0.0000519336 
0.0002759338 0.0000942632 0.0000518999 
0.0002759991 0.0000942340 0.0000518669 
0.0002760641 0.0000942056 0.0000518346 
0.0002761287 0.0000941779 0.0000518030 
0.0002761930 0.0000941510 0.0000517720 
0.0002762569 0.0000941247 0.0000517417 
0.0002763205 0.0000940993 0.0000517122 
0.0002763836 0.0000940745 0.0000516833 
0.0002764463 0.0000940505 0.0000516550 
0.0002765085 0.0000940272 0.0000516275 
0.0002765703 0.0000940046 0.0000516005 
0.0002766317 0.0000939826 0.0000515740 
0.0002766926 0.0000939610 0.0000515479 
0.0002767533 0.0000939399 0.0000515222 
0.0002768136 0.0000939191 0.0000514969 
0.0002768736 0.0000938987 0.0000514719 
0.0002769333 0.0000938786 0.0000514473 
0.0002769927 0.0000938589 0.0000514231 
0.0002770518 0.0000938396 0.0000513992 
0.0002771105 0.0000938208 0.0000513759 
0.0002771689 0.0000938023 0.0000513529 
0.0002772270 0.0000937844 0.0000513305 
0.0002772847 0.0000937669 0.0000513085 
0.0002773420 0.0000937499 0.0000512871 
0.0002773989 0.0000937336 0.0000512661 
0.0002774553 0.0000937177 0.0000512457 
0.0002775113 0.0000937025 0.0000512257 
0.0002775668 0.0000936876 0.0000512060 
0.0002776220 0.0000936731 0.0000511866 
0.0002776768 0.0000936589 0.0000511673 
0.0002777313 0.0000936447 0.0000511481 
0.0002777856 0.0000936307 0.0000511290 
0.0002778397 0.0000936167 0.0000511099 
0.0002778936 0.0000936029 0.0000510908 
0.0002779473 0.0000935891 0.0000510719 
0.0002780007 0.0000935755 0.0000510530 
0.0002780540 0.0000935620 0.0000510343 
0.0002781069 0.0000935487 0.0000510158 
0.0002781597 0.0000935357 0.0000509976 
0.0002782122 0.0000935230 0.0000509796 
0.0002782643 0.0000935107 0.0000509620 
0.0002783162 0.0000934987 0.0000509447 
0.0002783678 0.0000934870 0.0000509277 
0.0002784191 0.0000934758 0.0000509111 
0.0002784701 0.0000934650 0.0000508949 
0.0002785207 0.0000934546 0.0000508791 
0.0002785711 0.0000934447 0.0000508636 
0.0002786211 0.0000934351 0.0000508486 
0.0002786707 0.0000934260 0.0000508340 
0.0002787200 0.0000934173 0.0000508197 
0.0002787689 0.0000934091 0.0000508059 
0.0002788175 0.0000934014 0.0000507924 
0.0002788656 0.0000933941 0.0000507793 
0.0002789133 0.0000933872 0.0000507665 
0.0002789605 0.0000933808 0.0000507539 
0.0002790073 0.0000933746 0.0000507414 
0.0002790539 0.0000933686 0.0000507288 
0.0002791002 0.0000933625 0.0000507160 
0.0002791463 0.0000933563 0.0000507030 
0.0002791923 0.0000933499 0.0000506897 
0.0002792383 0.0000933433 0.0000506761 
0.0002792841 0.0000933365 0.0000506623 
0.0002793298 0.0000933296 0.0000506483 
0.0002793753 0.0000933226 0.0000506341 
0.0002794207 0.0000933157 0.0000506200 
0.0002794659 0.0000933088 0.0000506058 
0.0002795108 0.0000933021 0.0000505916 
0.0002795556 0.0000932955 0.0000505775 
0.0002796001 0.0000932891 0.0000505635 
0.0002796443 0.0000932828 0.0000505496 
0.0002796884 0.0000932767 0.0000505358 
0.0002797322 0.0000932709 0.0000505222 
0.0002797757 0.0000932654 0.0000505089 
0.0002798190 0.0000932601 0.0000504958 
0.0002798620 0.0000932552 0.0000504830 
0.0002799046 0.0000932507 0.0000504705 
0.0002799046 0.0000932507 0.0000504705 
0.0002799046 0.0000932507 0.0000504705 
0.0002799046 0.0000932507 0.0000504705 
0.0002799046 0.0000932507 0.0000504705 
0.0002799046 0.0000932507 0.0000504705 
0.0002799046 0.0000932507 0.0000504705 
0.0002799046 0.0000932507 0.0000504705 
0.0002799046 0.0000932507 0.0000504705 
0.0002799046 0.0000932507 0.0000504705 
0.0002799046 0.0000932507 0.0000504705 
0.0002799046 0.0000932507 0.0000504705 
0.0002799046 0.0000932507 0.0000504705 
0.0002799046 0.0000932507 0.0000504705 
0.0002799046 0.0000932507 0.0000504705 
0.0002799046 0.0000932507 0.0000504705 
0.0002799046 0.0000932507 0.0000504705 
0.0002799046 0.0000932507 0.0000504705 
0.0002799046 0.0000932507 0.0000504705 
0.0002799046 0.0000932507 0.0000504705 
0.0002799046 0.0000932507 0.0000504705 
0.0002799046 0.0000932507 0.0000504705 
0.0002799046 0.0000932507 0.0000504705 
0.0002799046 0.0000932507 0.0000504705 
0.0002799046 0.0000932507 0.0000504705 
0.0002799046 0.0000932507 0.0000504705 
0.0002799046 0.0000932507 0.0000504705 
0.0002799046 0.0000932507 0.0000504705 
0.0002799046 0.0000932507 0.0000504705 
0.0002799046 0.0000932507 0.0000504705 
0.0002799046 0.0000932507 0.0000504705 
0.0002799046 0.0000932507 0.0000504705 
0.0002799046 0.0000932507 0.0000504705 
0.0002799046 0.0000932507 0.0000504705 
0.0002799046 0.0000932507 0.0000504705 
0.0002799046 0.0000932507 0.0000504705 
0.0002799046 0.0000932507 0.0000504705 
0.0002799046 0.0000932507 0.0000504705 
0.0002799046 0.0000932507 0.0000504705 
0.0002799046 0.0000932507 0.0000504705 
0.0002799046 0.0000932507 0.0000504705 
0.0002799046 0.0000932507 0.0000504705 
0.0002799046 0.0000932507 0.0000504705 
0.0002799046 0.0000932507 0.0000504705 
0.0002799046 0.0000932507 0.0000504705 
0.0002799046 0.0000932507 0.0000504705 
0.0002799046 0.0000932507 0.0000504705 
0.0002799046 0.0000932507 0.0000504705 
0.0002799046 0.0000932507 0.0000504705 
0.0002799046 0.0000932507 0.0000504705 
0.0002799046 0.0000932507 0.0000504705 
0.0002799046 0.0000932507 0.0000504705 
0.0002799046 0.0000932507 0.0000504705 
0.0002799046 0.0000932507 0.0000504705 
0.0002799046 0.0000932507 0.0000504705 
0.0002799046 0.0000932507 0.0000504705 
0.0002799046 0.0000932507 0.0000504705 
0.0002799046 0.0000932507 0.0000504705 
0.0002799046 0.0000932507 0.0000504705 
0.0002799046 0.0000932507 0.0000504705 
0.0002799046 0.0000932507 0.0000504705 
0.0002799046 0.0000932507 0.0000504705 
0.0002799046 0.0000932507 0.0000504705 
0.0002799046 0.0000932507 0.0000504705 
0.0002799046 0.0000932507 0.0000504705 
0.0002799046 0.0000932507 0.0000504705 
0.0002799046 0.0000932507 0.0000504705 
0.0002799046 0.0000932507 0.0000504705 
0.0002799046 0.0000932507 0.0000504705 
0.0002799046 0.0000932507 0.0000504705 
0.0002799046 0.0000932507 0.0000504705 
0.0002799046 0.0000932507 0.0000504705 
0.0002799046 0.0000932507 0.0000504705 
0.0002799046 0.0000932507 0.0000504705 
0.0002799046 0.0000932507 0.0000504705 
0.0002799046 0.0000932507 0.0000504705 
0.0002799046 0.0000932507 0.0000504705 
0.0002799046 0.0000932507 0.0000504705 
0.0002799046 0.0000932507 0.0000504705 
0.0002799046 0.0000932507 0.0000504705 
0.0002799046 0.0000932507 0.0000504705 
0.0002799046 0.0000932507 0.0000504705 
0.0002799046 0.0000932507 0.0000504705 
0.0002799046 0.0000932507 0.0000504705 
0.0002799046 0.0000932507 0.0000504705 
0.0002799046 0.0000932507 0.0000504705 
0.0002799046 0.0000932507 0.0000504705 
0.0002799046 0.0000932507 0.0000504705 
0.0002799046 0.0000932507 0.0000504705 
0.0002799046 0.0000932507 0.0000504705 
0.0002799046 0.0000932507 0.0000504705 
0.0002799046 0.0000932507 0.0000504705 
0.0002799046 0.0000932507 0.0000504705 
0.0002799046 0.0000932507 0.0000504705 
0.0002799046 0.0000932507 0.0000504705 
0.0002799046 0.0000932507 0.0000504705 
0.0002799046 0.0000932507 0.0000504705 
0.0002799046 0.0000932507 0.0000504705 
0.0002799046 0.0000932507 0.0000504705 
0.0002799046 0.0000932507 0.0000504705 
0.0002799046 0.0000932507 0.0000504705 
0.0002799046 0.0000932507 0.0000504705 
0.0002799046 0.0000932507 0.0000504705 
0.0002799046 0.0000932507 0.0000504705 
0.0002799046 0.0000932507 0.0000504705 
0.0002799046 0.0000932507 0.0000504705 
0.0002799046 0.0000932507 0.0000504705 
0.0002799046 0.0000932507 0.0000504705 
0.0002799046 0.0000932507 0.0000504705 
0.0002799046 0.0000932507 0.0000504705 
0.0002799046 0.0000932507 0.0000504705 
0.0002799046 0.0000932507 0.0000504705 
0.0002799046 0.0000932507 0.0000504705 
0.0002799046 0.0000932507 0.0000504705 
0.0002799046 0.0000932507 0.0000504705 
0.0002799046 0.0000932507 0.0000504705 
0.0002799046 0.0000932507 0.0000504705 
0.0002799046 0.0000932507 0.0000504705 
0.0002799046 0.0000932507 0.0000504705 
0.0002799046 0.0000932507 0.0000504705 
0.0002799046 0.0000932507 0.0000504705 
0.0002799046 0.0000932507 0.0000504705 
0.0002799046 0.0000932507 0.0000504705 
0.0002799046 0.0000932507 0.0000504705 
0.0002799046 0.0000932507 0.0000504705 
0.0002799046 0.0000932507 0.0000504705 
0.0002799046 0.0000932507 0.0000504705 
0.0002799046 0.0000932507 0.0000504705 
0.0002799046 0.0000932507 0.0000504705 
0.0002799046 0.0000932507 0.0000504705 
0.0002799046 0.0000932507 0.0000504705 
0.0002799046 0.0000932507 0.0000504705 
0.0002799046 0.0000932507 0.0000504705 
0.0002799046 0.0000932507 0.0000504705 
0.0002799046 0.0000932507 0.0000504705 
0.0002799046 0.0000932507 0.0000504705 
0.0002799046 0.0000932507 0.0000504705 
0.0002799046 0.0000932507 0.0000504705 
0.0002799046 0.0000932507 0.0000504705 
0.0002799046 0.0000932507 0.0000504705 
0.0002799046 0.0000932507 0.0000504705 
0.0002799046 0.0000932507 0.0000504705 
0.0002799046 0.0000932507 0.0000504705 
0.0002799046 0.0000932507 0.0000504705 
0.0002799046 0.0000932507 0.0000504705 
0.0002799046 0.0000932507 0.0000504705 
0.0002799046 0.0000932507 0.0000504705 
0.0002799046 0.0000932507 0.0000504705 
0.0002799046 0.0000932507 0.0000504705 
0.0002799046 0.0000932507 0.0000504705 
0.0002799046 0.0000932507 0.0000504705 
0.0002799046 0.0000932507 0.0000504705 
0.0002799046 0.0000932507 0.0000504705 
0.0002799046 0.0000932507 0.0000504705 
0.0002799046 0.0000932507 0.0000504705 
0.0002799046 0.0000932507 0.0000504705 
0.0002799046 0.0000932507 0.0000504705 
0.0002799046 0.0000932507 0.0000504705 
0.0002799046 0.0000932507 0.0000504705 
0.0002799046 0.0000932507 0.0000504705 
0.0002799046 0.0000932507 0.0000504705 
0.0002799046 0.0000932507 0.0000504705 
0.0002799046 0.0000932507 0.0000504705 
0.0002799046 0.0000932507 0.0000504705 
0.0002799046 0.0000932507 0.0000504705 
0.0002799046 0.0000932507 0.0000504705 
0.0002799046 0.0000932507 0.0000504705 
0.0002799046 0.0000932507 0.0000504705 
0.0002799046 0.0000932507 0.0000504705 
0.0002799046 0.0000932507 0.0000504705 
0.0002799046 0.0000932507 0.0000504705 
0.0002799046 0.0000932507 0.0000504705 
0.0002799046 0.0000932507 0.0000504705 
0.0002799046 0.0000932507 0.0000504705 
0.0002799046 0.0000932507 0.0000504705 
0.0002799046 0.0000932507 0.0000504705 
0.0002799046 0.0000932507 0.0000504705 
0.0002799046 0.0000932507 0.0000504705 
0.0002799046 0.0000932507 0.0000504705 
0.0002799046 0.0000932507 0.0000504705 
0.0002799046 0.0000932507 0.0000504705 
0.0002799046 0.0000932507 0.0000504705 
0.0002799046 0.0000932507 0.0000504705 
0.0002799046 0.0000932507 0.0000504705 
0.0002799046 0.0000932507 0.0000504705 
0.0002799046 0.0000932507 0.0000504705 
0.0002799046 0.0000932507 0.0000504705 
0.0002799046 0.0000932507 0.0000504705 
0.0002799046 0.0000932507 0.0000504705 
0.0002799046 0.0000932507 0.0000504705 
0.0002799046 0.0000932507 0.0000504705 
0.0002799046 0.0000932507 0.0000504705 
0.0002799046 0.0000932507 0.0000504705 
0.0002799046 0.0000932507 0.0000504705 
0.0002799046 0.0000932507 0.0000504705 
0.0002799046 0.0000932507 0.0000504705 
0.0002799046 0.0000932507 0.0000504705 
0.0002799046 0.0000932507 0.0000504705 
0.0002799046 0.0000932507 0.0000504705 
0.0002799046 0.0000932507 0.0000504705 
0.0002799046 0.0000932507 0.0000504705 
0.0002799046 0.0000932507 0.0000504705 
0.0002799046 0.0000932507 0.0000504705 
0.0002799046 0.0000932507 0.0000504705 
0.0002799046 0.0000932507 0.0000504705 
0.0002799046 0.0000932507 0.0000504705 
0.0002799046 0.0000932507 0.0000504705 
0.0002799046 0.0000932507 0.0000504705 
0.0002799046 0.0000932507 0.0000504705 
0.0002799046 0.0000932507 0.0000504705 
0.0002799046 0.0000932507 0.0000504705 
0.0002799046 0.0000932507 0.0000504705 
0.0002799046 0.0000932507 0.0000504705 
0.0002799046 0.0000932507 0.0000504705 
0.0002799046 0.0000932507 0.0000504705 
0.0002799046 0.0000932507 0.0000504705 
0.0002799046 0.0000932507 0.0000504705 
0.0002799046 0.0000932507 0.0000504705 
0.0002799046 0.0000932507 0.0000504705 
0.0002799046 0.0000932507 0.0000504705 
0.0002799046 0.0000932507 0.0000504705 
0.0002799046 0.0000932507 0.0000504705 
0.0002799046 0.0000932507 0.0000504705 
0.0002799046 0.0000932507 0.0000504705 
0.0002799046 0.0000932507 0.0000504705 
0.0002799046 0.0000932507 0.0000504705 
0.0002799046 0.0000932507 0.0000504705 
0.0002799046 0.0000932507 0.0000504705 
0.0002799046 0.0000932507 0.0000504705 
0.0002799046 0.0000932507 0.0000504705 
0.0002799046 0.0000932507 0.0000504705 
0.0002799046 0.0000932507 0.0000504705 
0.0002799046 0.0000932507 0.0000504705 
0.0002799046 0.0000932507 0.0000504705 
0.0002799046 0.0000932507 0.0000504705 
0.0002799046 0.0000932507 0.0000504705 
0.0002799046 0.0000932507 0.0000504705 
0.0002799046 0.0000932507 0.0000504705 
0.0002799046 0.0000932507 0.0000504705 
0.0002799046 0.0000932507 0.0000504705 
0.0002799046 0.0000932507 0.0000504705 
0.0002799046 0.0000932507 0.0000504705 
0.0002799046 0.0000932507 0.0000504705 
0.0002799046 0.0000932507 0.0000504705 
0.0002799046 0.0000932507 0.0000504705 
0.0002799046 0.0000932507 0.0000504705 
0.0002799046 0.0000932507 0.0000504705 
0.0002799046 0.0000932507 0.0000504705 
0.0002799046 0.0000932507 0.0000504705 
0.0002799046 0.0000932507 0.0000504705 
0.0002799046 0.0000932507 0.0000504705 
0.0002799046 0.0000932507 0.0000504705 
0.0002799046 0.0000932507 0.0000504705 
0.0002799046 0.0000932507 0.0000504705 
0.0002799046 0.0000932507 0.0000504705 
0.0002799046 0.0000932507 0.0000504705 
0.0002799046 0.0000932507 0.0000504705 
0.0002799046 0.0000932507 0.0000504705 
0.0002799046 0.0000932507 0.0000504705 
0.0002799046 0.0000932507 0.0000504705 
