0.0001759052 -0.0001228603 0.0002329880 
0.0001765471 -0.0001193817 0.0002276611 
0.0001772674 -0.0001164324 0.0002224292 
0.0001781042 -0.0001138436 0.0002172483 
0.0001790734 -0.0001115118 0.0002120828 
0.0001801794 -0.0001093697 0.0002069047 
0.0001814191 -0.0001073687 0.0002016937 
0.0001827830 -0.0001054736 0.0001964390 
0.0001842543 -0.0001036582 0.0001911407 
0.0001858134 -0.0001019031 0.0001858177 
0.0001874384 -0.0001001825 0.0001804794 
0.0001890885 -0.0000984671 0.0001751611 
0.0001907415 -0.0000967300 0.0001698834 
0.0001923795 -0.0000949702 0.0001646725 
0.0001939981 -0.0000931941 0.0001595406 
0.0001955682 -0.0000913730 0.0001545205 
0.0001970757 -0.0000895094 0.0001496288 
0.0001985109 -0.0000876131 0.0001448787 
0.0001998638 -0.0000857026 0.0001402837 
0.0002011312 -0.0000837858 0.0001358569 
0.0002023225 -0.0000818718 0.0001315981 
0.0002034439 -0.0000799725 0.0001275031 
0.0002044952 -0.0000780956 0.0001235787 
0.0002054720 -0.0000762335 0.0001198209 
0.0002063775 -0.0000743898 0.0001162276 
0.0002072101 -0.0000725530 0.0001127948 
0.0002079842 -0.0000707348 0.0001095105 
0.0002086830 -0.0000689108 0.0001063778 
0.0002093083 -0.0000670892 0.0001033931 
0.0002098769 -0.0000652925 0.0001005364 
0.0002103819 -0.0000635297 0.0000978066 
0.0002108209 -0.0000617866 0.0000952016 
0.0002111991 -0.0000600568 0.0000927158 
0.0002115161 -0.0000583349 0.0000903488 
0.0002117596 -0.0000566062 0.0000881022 
0.0002119742 -0.0000548887 0.0000859509 
0.0002121671 -0.0000531752 0.0000838931 
0.0002123077 -0.0000514418 0.0000819411 
0.0002124481 -0.0000497208 0.0000800698 
0.0002125778 -0.0000480109 0.0000782868 
0.0002126693 -0.0000462891 0.0000766033 
0.0002127404 -0.0000445687 0.0000749982 
0.0002127902 -0.0000428497 0.0000734682 
0.0002128313 -0.0000411376 0.0000720009 
0.0002128642 -0.0000394329 0.0000705888 
0.0002128965 -0.0000377375 0.0000692295 
0.0002129258 -0.0000360559 0.0000679230 
0.0002129412 -0.0000343786 0.0000666750 
0.0002129505 -0.0000327135 0.0000654773 
0.0002129460 -0.0000310498 0.0000643329 
0.0002129276 -0.0000293830 0.0000632407 
0.0002128815 -0.0000277012 0.0000622084 
0.0002127903 -0.0000259950 0.0000612437 
0.0002126548 -0.0000242657 0.0000603464 
0.0002124645 -0.0000225076 0.0000595207 
0.0002122247 -0.0000207254 0.0000587630 
0.0002119416 -0.0000189274 0.0000580664 
0.0002116050 -0.0000171174 0.0000574334 
0.0002112174 -0.0000153015 0.0000568599 
0.0002107885 -0.0000134859 0.0000563403 
0.0002103425 -0.0000116722 0.0000558646 
0.0002099022 -0.0000098711 0.0000554189 
0.0002094672 -0.0000080799 0.0000550029 
0.0002090392 -0.0000062968 0.0000546143 
0.0002086206 -0.0000045213 0.0000542502 
0.0002082123 -0.0000027555 0.0000539093 
0.0002078117 -0.0000009991 0.0000535922 
0.0002074230 0.0000007444 0.0000532970 
0.0002070378 0.0000024776 0.0000530275 
0.0002066441 0.0000042019 0.0000527861 
0.0002062398 0.0000059137 0.0000525703 
0.0002058219 0.0000076109 0.0000523789 
0.0002053873 0.0000092894 0.0000522105 
0.0002049342 0.0000109446 0.0000520630 
0.0002044733 0.0000125744 0.0000519310 
0.0002040042 0.0000141819 0.0000518138 
0.0002035325 0.0000157645 0.0000517091 
0.0002030583 0.0000173217 0.0000516165 
0.0002025813 0.0000188536 0.0000515343 
0.0002021057 0.0000203603 0.0000514613 
0.0002016357 0.0000218400 0.0000513964 
0.0002011726 0.0000232954 0.0000513398 
0.0002007176 0.0000247271 0.0000512931 
0.0002002685 0.0000261347 0.0000512564 
0.0001998288 0.0000275148 0.0000512262 
0.0001993939 0.0000288693 0.0000511993 
0.0001989612 0.0000301980 0.0000511770 
0.0001985328 0.0000315012 0.0000511575 
0.0001981104 0.0000327842 0.0000511470 
0.0001976921 0.0000340431 0.0000511383 
0.0001972819 0.0000352791 0.0000511304 
0.0001968759 0.0000364942 0.0000511264 
0.0001964746 0.0000376882 0.0000511264 
0.0001960773 0.0000388611 0.0000511314 
0.0001956803 0.0000400111 0.0000511370 
0.0001952870 0.0000411402 0.0000511485 
0.0001949019 0.0000422460 0.0000511576 
0.0001945247 0.0000433285 0.0000511643 
0.0001941563 0.0000443890 0.0000511691 
0.0001937971 0.0000454277 0.0000511698 
0.0001934454 0.0000464455 0.0000511683 
0.0001931000 0.0000474429 0.0000511655 
0.0001927595 0.0000484206 0.0000511618 
0.0001924229 0.0000493789 0.0000511572 
0.0001920896 0.0000503184 0.0000511521 
0.0001917605 0.0000512400 0.0000511476 
0.0001914338 0.0000521457 0.0000511460 
0.0001911079 0.0000530369 0.0000511529 
0.0001907847 0.0000539099 0.0000511588 
0.0001904656 0.0000547656 0.0000511644 
0.0001901524 0.0000556050 0.0000511698 
0.0001898451 0.0000564290 0.0000511750 
0.0001895455 0.0000572360 0.0000511783 
0.0001892544 0.0000580282 0.0000511820 
0.0001889722 0.0000588052 0.0000511851 
0.0001886985 0.0000595669 0.0000511871 
0.0001884324 0.0000603127 0.0000511874 
0.0001881723 0.0000610420 0.0000511850 
0.0001879190 0.0000617549 0.0000511804 
0.0001876719 0.0000624505 0.0000511737 
0.0001874292 0.0000631296 0.0000511638 
0.0001871818 0.0000637913 0.0000511435 
0.0001869227 0.0000644384 0.0000511183 
0.0001866492 0.0000650721 0.0000510892 
0.0001863582 0.0000656933 0.0000510583 
0.0001860483 0.0000663021 0.0000510267 
0.0001857196 0.0000668976 0.0000509946 
0.0001853741 0.0000674785 0.0000509612 
0.0001850147 0.0000680429 0.0000509254 
0.0001846465 0.0000685885 0.0000508840 
0.0001842729 0.0000691139 0.0000508361 
0.0001838980 0.0000696176 0.0000507806 
0.0001835231 0.0000700977 0.0000507133 
0.0001831515 0.0000705541 0.0000506342 
0.0001827868 0.0000709871 0.0000505437 
0.0001824307 0.0000713966 0.0000504424 
0.0001820853 0.0000717828 0.0000503304 
0.0001817517 0.0000721435 0.0000502072 
0.0001814328 0.0000724796 0.0000500727 
0.0001811320 0.0000727930 0.0000499269 
0.0001808483 0.0000730840 0.0000497704 
0.0001805829 0.0000733530 0.0000496033 
0.0001803365 0.0000736008 0.0000494257 
0.0001801014 0.0000738211 0.0000492315 
0.0001798839 0.0000740158 0.0000490256 
0.0001796906 0.0000741873 0.0000488101 
0.0001795282 0.0000743365 0.0000485840 
0.0001793978 0.0000744663 0.0000483489 
0.0001793001 0.0000745785 0.0000481056 
0.0001792343 0.0000746750 0.0000478550 
0.0001791985 0.0000747573 0.0000475981 
0.0001791917 0.0000748264 0.0000473352 
0.0001792083 0.0000748839 0.0000470688 
0.0001792463 0.0000749318 0.0000467998 
0.0001793050 0.0000749679 0.0000465265 
0.0001793829 0.0000749935 0.0000462498 
0.0001794785 0.0000750096 0.0000459709 
0.0001795905 0.0000750175 0.0000456905 
0.0001797180 0.0000750180 0.0000454093 
0.0001798602 0.0000750118 0.0000451279 
0.0001800161 0.0000749995 0.0000448467 
0.0001801853 0.0000749819 0.0000445663 
0.0001803669 0.0000749593 0.0000442869 
0.0001805604 0.0000749324 0.0000440089 
0.0001807652 0.0000749015 0.0000437328 
0.0001809807 0.0000748671 0.0000434587 
0.0001812062 0.0000748297 0.0000431871 
0.0001814412 0.0000747895 0.0000429181 
0.0001816851 0.0000747469 0.0000426521 
0.0001819373 0.0000747023 0.0000423892 
0.0001821979 0.0000746558 0.0000421291 
0.0001824662 0.0000746079 0.0000418722 
0.0001827425 0.0000745589 0.0000416183 
0.0001830266 0.0000745090 0.0000413674 
0.0001833176 0.0000744585 0.0000411200 
0.0001836146 0.0000744076 0.0000408763 
0.0001839168 0.0000743565 0.0000406366 
0.0001842236 0.0000743054 0.0000404011 
0.0001845344 0.0000742545 0.0000401698 
0.0001848487 0.0000742038 0.0000399429 
0.0001851659 0.0000741536 0.0000397206 
0.0001854857 0.0000741038 0.0000395027 
0.0001858077 0.0000740546 0.0000392894 
0.0001861314 0.0000740060 0.0000390807 
0.0001864559 0.0000739578 0.0000388766 
0.0001867826 0.0000739109 0.0000386766 
0.0001871106 0.0000738651 0.0000384809 
0.0001874392 0.0000738202 0.0000382894 
0.0001877679 0.0000737761 0.0000381023 
0.0001880966 0.0000737329 0.0000379195 
0.0001884250 0.0000736905 0.0000377410 
0.0001887530 0.0000736491 0.0000375669 
0.0001890805 0.0000736087 0.0000373971 
0.0001894074 0.0000735694 0.0000372314 
0.0001897335 0.0000735311 0.0000370700 
0.0001900583 0.0000734936 0.0000369120 
0.0001903822 0.0000734575 0.0000367584 
0.0001907054 0.0000734228 0.0000366093 
0.0001910277 0.0000733895 0.0000364645 
0.0001913489 0.0000733577 0.0000363240 
0.0001916690 0.0000733273 0.0000361875 
0.0001919877 0.0000732983 0.0000360551 
0.0001923051 0.0000732707 0.0000359266 
0.0001926209 0.0000732444 0.0000358020 
0.0001929348 0.0000732196 0.0000356812 
0.0001932468 0.0000731959 0.0000355641 
0.0001935493 0.0000731723 0.0000354544 
0.0001938470 0.0000731494 0.0000353494 
0.0001941433 0.0000731292 0.0000352509 
0.0001944370 0.0000731104 0.0000351568 
0.0001947282 0.0000730929 0.0000350668 
0.0001950168 0.0000730769 0.0000349809 
0.0001953028 0.0000730623 0.0000348992 
0.0001955861 0.0000730494 0.0000348217 
0.0001958667 0.0000730380 0.0000347486 
0.0001961447 0.0000730283 0.0000346798 
0.0001964200 0.0000730204 0.0000346155 
0.0001966928 0.0000730141 0.0000345554 
0.0001969632 0.0000730096 0.0000344998 
0.0001972315 0.0000730070 0.0000344484 
0.0001974978 0.0000730062 0.0000344014 
0.0001977622 0.0000730074 0.0000343585 
0.0001980267 0.0000730107 0.0000343206 
0.0001982872 0.0000730147 0.0000342859 
0.0001985475 0.0000730219 0.0000342556 
0.0001988120 0.0000730329 0.0000342311 
0.0001990804 0.0000730475 0.0000342120 
0.0001993506 0.0000730650 0.0000341979 
0.0001996162 0.0000730835 0.0000341889 
0.0001998762 0.0000731029 0.0000341847 
0.0002001318 0.0000731234 0.0000341850 
0.0002003836 0.0000731455 0.0000341896 
0.0002006324 0.0000731695 0.0000341983 
0.0002008783 0.0000731956 0.0000342110 
0.0002011215 0.0000732240 0.0000342275 
0.0002013621 0.0000732546 0.0000342477 
0.0002016000 0.0000732875 0.0000342715 
0.0002018352 0.0000733227 0.0000342986 
0.0002020677 0.0000733600 0.0000343290 
0.0002022975 0.0000733996 0.0000343623 
0.0002025247 0.0000734413 0.0000343985 
0.0002027494 0.0000734850 0.0000344375 
0.0002029705 0.0000735306 0.0000344790 
0.0002031883 0.0000735779 0.0000345231 
0.0002034027 0.0000736268 0.0000345695 
0.0002036140 0.0000736773 0.0000346180 
0.0002038223 0.0000737294 0.0000346685 
0.0002040276 0.0000737830 0.0000347209 
0.0002042301 0.0000738380 0.0000347750 
0.0002044296 0.0000738944 0.0000348307 
0.0002046263 0.0000739521 0.0000348878 
0.0002048202 0.0000740110 0.0000349464 
0.0002050111 0.0000740710 0.0000350062 
0.0002051992 0.0000741321 0.0000350673 
0.0002053845 0.0000741943 0.0000351294 
0.0002055669 0.0000742574 0.0000351926 
0.0002057464 0.0000743215 0.0000352569 
0.0002059230 0.0000743865 0.0000353220 
0.0002060968 0.0000744523 0.0000353881 
0.0002062678 0.0000745190 0.0000354549 
0.0002064359 0.0000745864 0.0000355226 
0.0002066013 0.0000746546 0.0000355909 
0.0002067639 0.0000747234 0.0000356599 
0.0002069238 0.0000747929 0.0000357296 
0.0002070810 0.0000748630 0.0000357998 
0.0002072356 0.0000749336 0.0000358705 
0.0002073876 0.0000750047 0.0000359417 
0.0002075371 0.0000750764 0.0000360133 
0.0002076842 0.0000751484 0.0000360854 
0.0002078288 0.0000752210 0.0000361578 
0.0002079712 0.0000752939 0.0000362306 
0.0002081112 0.0000753671 0.0000363036 
0.0002082491 0.0000754408 0.0000363770 
0.0002083847 0.0000755148 0.0000364506 
0.0002085183 0.0000755891 0.0000365245 
0.0002086499 0.0000756636 0.0000365986 
0.0002087794 0.0000757384 0.0000366728 
0.0002089071 0.0000758134 0.0000367472 
0.0002090328 0.0000758886 0.0000368217 
0.0002091568 0.0000759639 0.0000368963 
0.0002092791 0.0000760393 0.0000369709 
0.0002093997 0.0000761149 0.0000370456 
0.0002095187 0.0000761904 0.0000371202 
0.0002096361 0.0000762660 0.0000371949 
0.0002097521 0.0000763416 0.0000372696 
0.0002098667 0.0000764172 0.0000373442 
0.0002099799 0.0000764928 0.0000374187 
0.0002100917 0.0000765683 0.0000374932 
0.0002102024 0.0000766437 0.0000375675 
0.0002103118 0.0000767190 0.0000376418 
0.0002104201 0.0000767942 0.0000377159 
0.0002105273 0.0000768692 0.0000377898 
0.0002106334 0.0000769441 0.0000378636 
0.0002107385 0.0000770187 0.0000379372 
0.0002108427 0.0000770931 0.0000380106 
0.0002109459 0.0000771673 0.0000380837 
0.0002110483 0.0000772412 0.0000381566 
0.0002111499 0.0000773148 0.0000382293 
0.0002112507 0.0000773881 0.0000383016 
0.0002113509 0.0000774610 0.0000383737 
0.0002114503 0.0000775336 0.0000384455 
0.0002115491 0.0000776059 0.0000385170 
0.0002116473 0.0000776778 0.0000385881 
0.0002117450 0.0000777493 0.0000386590 
0.0002118421 0.0000778205 0.0000387295 
0.0002119388 0.0000778912 0.0000387997 
0.0002120349 0.0000779615 0.0000388695 
0.0002121307 0.0000780314 0.0000389389 
0.0002122261 0.0000781008 0.0000390079 
0.0002123211 0.0000781698 0.0000390765 
0.0002124159 0.0000782382 0.0000391447 
0.0002125103 0.0000783061 0.0000392125 
0.0002126046 0.0000783736 0.0000392798 
0.0002126986 0.0000784406 0.0000393468 
0.0002127925 0.0000785072 0.0000394134 
0.0002128862 0.0000785733 0.0000394796 
0.0002129797 0.0000786391 0.0000395454 
0.0002130732 0.0000787044 0.0000396110 
0.0002131665 0.0000787694 0.0000396761 
0.0002132596 0.0000788341 0.0000397410 
0.0002133527 0.0000788984 0.0000398055 
0.0002134457 0.0000789623 0.0000398698 
0.0002135386 0.0000790259 0.0000399337 
0.0002136315 0.0000790891 0.0000399973 
0.0002137243 0.0000791520 0.0000400606 
0.0002138170 0.0000792146 0.0000401235 
0.0002139096 0.0000792768 0.0000401862 
0.0002140022 0.0000793386 0.0000402486 
0.0002140948 0.0000794001 0.0000403106 
0.0002141873 0.0000794613 0.0000403724 
0.0002142799 0.0000795221 0.0000404338 
0.0002143724 0.0000795825 0.0000404949 
0.0002144649 0.0000796426 0.0000405556 
0.0002145574 0.0000797023 0.0000406161 
0.0002146499 0.0000797616 0.0000406762 
0.0002147425 0.0000798206 0.0000407360 
0.0002148351 0.0000798792 0.0000407955 
0.0002149277 0.0000799375 0.0000408547 
0.0002150204 0.0000799954 0.0000409136 
0.0002151131 0.0000800530 0.0000409721 
0.0002152059 0.0000801102 0.0000410304 
0.0002152988 0.0000801671 0.0000410883 
0.0002153917 0.0000802237 0.0000411460 
0.0002154846 0.0000802799 0.0000412033 
0.0002155777 0.0000803359 0.0000412604 
0.0002156708 0.0000803915 0.0000413171 
0.0002157640 0.0000804468 0.0000413736 
0.0002158573 0.0000805018 0.0000414298 
0.0002159506 0.0000805565 0.0000414858 
0.0002160440 0.0000806110 0.0000415415 
0.0002161375 0.0000806652 0.0000415969 
0.0002162311 0.0000807191 0.0000416521 
0.0002163247 0.0000807728 0.0000417070 
0.0002164184 0.0000808262 0.0000417617 
0.0002165121 0.0000808794 0.0000418161 
0.0002166059 0.0000809323 0.0000418703 
0.0002166998 0.0000809848 0.0000419241 
0.0002167937 0.0000810370 0.0000419776 
0.0002168877 0.0000810886 0.0000420306 
0.0002169818 0.0000811396 0.0000420831 
0.0002170761 0.0000811899 0.0000421349 
0.0002171705 0.0000812393 0.0000421860 
0.0002172651 0.0000812876 0.0000422361 
0.0002173600 0.0000813344 0.0000422849 
0.0002174554 0.0000813793 0.0000423321 
0.0002175514 0.0000814216 0.0000423772 
0.0002176482 0.0000814610 0.0000424200 
0.0002177461 0.0000814972 0.0000424600 
0.0002178454 0.0000815299 0.0000424972 
0.0002179461 0.0000815589 0.0000425315 
0.0002180485 0.0000815845 0.0000425629 
0.0002181526 0.0000816066 0.0000425914 
0.0002182587 0.0000816254 0.0000426172 
0.0002183667 0.0000816413 0.0000426403 
0.0002184767 0.0000816544 0.0000426610 
0.0002185887 0.0000816649 0.0000426795 
0.0002187027 0.0000816731 0.0000426958 
0.0002188187 0.0000816793 0.0000427101 
0.0002189366 0.0000816835 0.0000427226 
0.0002190565 0.0000816859 0.0000427332 
0.0002191783 0.0000816867 0.0000427422 
0.0002193019 0.0000816858 0.0000427496 
0.0002194272 0.0000816835 0.0000427554 
0.0002195543 0.0000816798 0.0000427597 
0.0002196830 0.0000816746 0.0000427625 
0.0002198133 0.0000816680 0.0000427637 
0.0002199452 0.0000816599 0.0000427634 
0.0002200787 0.0000816502 0.0000427616 
0.0002202137 0.0000816390 0.0000427581 
0.0002203501 0.0000816262 0.0000427530 
0.0002204881 0.0000816116 0.0000427461 
0.0002206274 0.0000815953 0.0000427374 
0.0002207682 0.0000815768 0.0000427267 
0.0002209103 0.0000815560 0.0000427136 
0.0002210538 0.0000815321 0.0000426978 
0.0002211990 0.0000815046 0.0000426785 
0.0002213460 0.0000814727 0.0000426555 
0.0002214950 0.0000814360 0.0000426283 
0.0002216462 0.0000813944 0.0000425968 
0.0002217996 0.0000813479 0.0000425611 
0.0002219555 0.0000812968 0.0000425214 
0.0002221139 0.0000812413 0.0000424779 
0.0002222748 0.0000811821 0.0000424310 
0.0002224383 0.0000811196 0.0000423811 
0.0002226043 0.0000810544 0.0000423286 
0.0002227729 0.0000809871 0.0000422739 
0.0002229441 0.0000809182 0.0000422175 
0.0002231176 0.0000808483 0.0000421598 
0.0002232936 0.0000807778 0.0000421011 
0.0002234730 0.0000807054 0.0000420398 
0.0002236537 0.0000806351 0.0000419804 
0.0002238362 0.0000805657 0.0000419216 
0.0002240207 0.0000804969 0.0000418626 
0.0002242075 0.0000804287 0.0000418031 
0.0002243963 0.0000803610 0.0000417432 
0.0002245870 0.0000802941 0.0000416829 
0.0002247793 0.0000802283 0.0000416224 
0.0002249729 0.0000801637 0.0000415620 
0.0002251674 0.0000801007 0.0000415020 
0.0002253626 0.0000800394 0.0000414427 
0.0002255580 0.0000799801 0.0000413842 
0.0002257535 0.0000799229 0.0000413267 
0.0002259487 0.0000798680 0.0000412706 
0.0002261434 0.0000798156 0.0000412159 
0.0002263372 0.0000797657 0.0000411628 
0.0002265300 0.0000797185 0.0000411115 
0.0002267216 0.0000796741 0.0000410621 
0.0002269116 0.0000796324 0.0000410147 
0.0002271000 0.0000795937 0.0000409694 
0.0002272866 0.0000795578 0.0000409262 
0.0002274712 0.0000795248 0.0000408852 
0.0002276537 0.0000794948 0.0000408464 
0.0002278339 0.0000794676 0.0000408100 
0.0002280117 0.0000794434 0.0000407758 
0.0002281872 0.0000794220 0.0000407440 
0.0002283600 0.0000794035 0.0000407145 
0.0002285303 0.0000793878 0.0000406874 
0.0002286978 0.0000793750 0.0000406626 
0.0002288627 0.0000793648 0.0000406401 
0.0002290247 0.0000793574 0.0000406199 
0.0002291839 0.0000793526 0.0000406021 
0.0002293403 0.0000793505 0.0000405866 
0.0002294938 0.0000793510 0.0000405733 
0.0002296444 0.0000793539 0.0000405623 
0.0002297922 0.0000793594 0.0000405535 
0.0002299370 0.0000793673 0.0000405469 
0.0002300789 0.0000793777 0.0000405425 
0.0002302179 0.0000793903 0.0000405403 
0.0002303541 0.0000794053 0.0000405401 
0.0002304874 0.0000794225 0.0000405420 
0.0002306178 0.0000794418 0.0000405460 
0.0002307455 0.0000794633 0.0000405519 
0.0002308703 0.0000794868 0.0000405598 
0.0002309924 0.0000795123 0.0000405696 
0.0002311117 0.0000795398 0.0000405812 
0.0002312285 0.0000795689 0.0000405944 
0.0002313427 0.0000795993 0.0000406089 
0.0002314548 0.0000796306 0.0000406243 
0.0002315649 0.0000796622 0.0000406403 
0.0002316733 0.0000796939 0.0000406566 
0.0002317801 0.0000797253 0.0000406729 
0.0002318856 0.0000797560 0.0000406889 
0.0002319901 0.0000797855 0.0000407042 
0.0002320938 0.0000798138 0.0000407186 
0.0002321969 0.0000798405 0.0000407321 
0.0002322997 0.0000798656 0.0000407444 
0.0002324021 0.0000798891 0.0000407558 
0.0002325042 0.0000799113 0.0000407661 
0.0002326063 0.0000799321 0.0000407755 
0.0002327081 0.0000799517 0.0000407842 
0.0002328099 0.0000799705 0.0000407922 
0.0002329114 0.0000799887 0.0000407998 
0.0002330128 0.0000800064 0.0000408072 
0.0002331139 0.0000800239 0.0000408144 
0.0002332148 0.0000800415 0.0000408216 
0.0002333152 0.0000800593 0.0000408291 
0.0002334152 0.0000800775 0.0000408369 
0.0002335146 0.0000800963 0.0000408452 
0.0002336135 0.0000801157 0.0000408540 
0.0002337116 0.0000801360 0.0000408635 
0.0002338091 0.0000801571 0.0000408736 
0.0002339057 0.0000801792 0.0000408846 
0.0002340015 0.0000802023 0.0000408963 
0.0002340963 0.0000802265 0.0000409089 
0.0002341901 0.0000802518 0.0000409224 
0.0002342829 0.0000802782 0.0000409369 
0.0002343746 0.0000803058 0.0000409523 
0.0002344650 0.0000803346 0.0000409688 
0.0002345543 0.0000803646 0.0000409863 
0.0002346423 0.0000803959 0.0000410048 
0.0002347290 0.0000804284 0.0000410244 
0.0002348144 0.0000804622 0.0000410451 
0.0002348984 0.0000804972 0.0000410669 
0.0002349811 0.0000805334 0.0000410897 
0.0002350624 0.0000805708 0.0000411136 
0.0002351422 0.0000806094 0.0000411385 
0.0002352207 0.0000806491 0.0000411645 
0.0002352978 0.0000806899 0.0000411914 
0.0002353736 0.0000807315 0.0000412190 
0.0002354482 0.0000807739 0.0000412474 
0.0002355216 0.0000808169 0.0000412765 
0.0002355938 0.0000808605 0.0000413061 
0.0002356649 0.0000809046 0.0000413363 
0.0002357350 0.0000809492 0.0000413669 
0.0002358040 0.0000809941 0.0000413981 
0.0002358719 0.0000810396 0.0000414297 
0.0002359389 0.0000810854 0.0000414618 
0.0002360047 0.0000811318 0.0000414946 
0.0002360696 0.0000811788 0.0000415279 
0.0002361333 0.0000812264 0.0000415619 
0.0002361960 0.0000812747 0.0000415965 
0.0002362576 0.0000813237 0.0000416318 
0.0002363181 0.0000813735 0.0000416679 
0.0002363775 0.0000814240 0.0000417048 
0.0002364358 0.0000814753 0.0000417424 
0.0002364929 0.0000815275 0.0000417808 
0.0002365488 0.0000815804 0.0000418200 
0.0002366037 0.0000816342 0.0000418600 
0.0002366573 0.0000816889 0.0000419009 
0.0002367098 0.0000817443 0.0000419425 
0.0002367611 0.0000818006 0.0000419849 
0.0002368113 0.0000818576 0.0000420281 
0.0002368603 0.0000819155 0.0000420721 
0.0002369082 0.0000819741 0.0000421168 
0.0002369549 0.0000820335 0.0000421623 
0.0002370005 0.0000820936 0.0000422086 
0.0002370449 0.0000821544 0.0000422555 
0.0002370882 0.0000822160 0.0000423032 
0.0002371305 0.0000822782 0.0000423516 
0.0002371716 0.0000823411 0.0000424007 
0.0002372117 0.0000824045 0.0000424503 
0.0002372510 0.0000824682 0.0000425003 
0.0002372895 0.0000825320 0.0000425504 
0.0002373276 0.0000825954 0.0000426004 
0.0002373654 0.0000826584 0.0000426501 
0.0002374028 0.0000827207 0.0000426995 
0.0002374400 0.0000827824 0.0000427485 
0.0002374770 0.0000828435 0.0000427971 
0.0002375137 0.0000829041 0.0000428456 
0.0002375500 0.0000829644 0.0000428938 
0.0002375861 0.0000830245 0.0000429421 
0.0002376217 0.0000830845 0.0000429904 
0.0002376570 0.0000831446 0.0000430389 
0.0002376917 0.0000832049 0.0000430876 
0.0002377260 0.0000832653 0.0000431365 
0.0002377599 0.0000833260 0.0000431856 
0.0002377933 0.0000833869 0.0000432350 
0.0002378262 0.0000834479 0.0000432846 
0.0002378587 0.0000835091 0.0000433344 
0.0002378908 0.0000835705 0.0000433845 
0.0002379223 0.0000836321 0.0000434348 
0.0002379533 0.0000836940 0.0000434854 
0.0002379837 0.0000837561 0.0000435363 
0.0002380137 0.0000838186 0.0000435876 
0.0002380430 0.0000838814 0.0000436392 
0.0002380717 0.0000839446 0.0000436911 
0.0002380998 0.0000840081 0.0000437435 
0.0002381273 0.0000840720 0.0000437962 
0.0002381542 0.0000841361 0.0000438492 
0.0002381806 0.0000842005 0.0000439025 
0.0002382065 0.0000842650 0.0000439560 
0.0002382318 0.0000843297 0.0000440097 
0.0002382567 0.0000843945 0.0000440636 
0.0002382812 0.0000844593 0.0000441176 
0.0002383052 0.0000845241 0.0000441716 
0.0002383289 0.0000845888 0.0000442257 
0.0002383521 0.0000846535 0.0000442799 
0.0002383750 0.0000847182 0.0000443342 
0.0002383974 0.0000847829 0.0000443886 
0.0002384195 0.0000848477 0.0000444431 
0.0002384411 0.0000849125 0.0000444978 
0.0002384622 0.0000849775 0.0000445527 
0.0002384830 0.0000850425 0.0000446077 
0.0002385035 0.0000851074 0.0000446626 
0.0002385238 0.0000851720 0.0000447174 
0.0002385440 0.0000852362 0.0000447720 
0.0002385642 0.0000853000 0.0000448263 
0.0002385842 0.0000853634 0.0000448804 
0.0002386042 0.0000854263 0.0000449341 
0.0002386241 0.0000854889 0.0000449877 
0.0002386439 0.0000855511 0.0000450411 
0.0002386636 0.0000856131 0.0000450944 
0.0002386831 0.0000856750 0.0000451476 
0.0002387024 0.0000857367 0.0000452007 
0.0002387216 0.0000857983 0.0000452539 
0.0002387405 0.0000858599 0.0000453072 
0.0002387591 0.0000859216 0.0000453605 
0.0002387775 0.0000859832 0.0000454139 
0.0002387956 0.0000860450 0.0000454674 
0.0002388134 0.0000861068 0.0000455211 
0.0002388310 0.0000861686 0.0000455748 
0.0002388482 0.0000862305 0.0000456286 
0.0002388652 0.0000862924 0.0000456826 
0.0002388818 0.0000863544 0.0000457366 
0.0002388982 0.0000864163 0.0000457906 
0.0002389144 0.0000864782 0.0000458448 
0.0002389303 0.0000865401 0.0000458989 
0.0002389459 0.0000866019 0.0000459531 
0.0002389613 0.0000866636 0.0000460072 
0.0002389766 0.0000867252 0.0000460613 
0.0002389916 0.0000867866 0.0000461154 
0.0002390064 0.0000868479 0.0000461695 
0.0002390211 0.0000869091 0.0000462234 
0.0002390356 0.0000869701 0.0000462773 
0.0002390502 0.0000870308 0.0000463310 
0.0002390649 0.0000870913 0.0000463844 
0.0002390798 0.0000871515 0.0000464376 
0.0002390950 0.0000872113 0.0000464903 
0.0002391106 0.0000872707 0.0000465427 
0.0002391266 0.0000873298 0.0000465947 
0.0002391432 0.0000873885 0.0000466462 
0.0002391602 0.0000874467 0.0000466972 
0.0002391778 0.0000875045 0.0000467477 
0.0002391960 0.0000875619 0.0000467978 
0.0002392147 0.0000876188 0.0000468473 
0.0002392340 0.0000876753 0.0000468964 
0.0002392539 0.0000877314 0.0000469450 
0.0002392744 0.0000877870 0.0000469931 
0.0002392954 0.0000878421 0.0000470408 
0.0002393169 0.0000878968 0.0000470879 
0.0002393390 0.0000879511 0.0000471346 
0.0002393616 0.0000880049 0.0000471808 
0.0002393848 0.0000880582 0.0000472264 
0.0002394091 0.0000881102 0.0000472708 
0.0002394350 0.0000881603 0.0000473133 
0.0002394631 0.0000882075 0.0000473534 
0.0002394936 0.0000882513 0.0000473904 
0.0002395267 0.0000882914 0.0000474244 
0.0002395625 0.0000883279 0.0000474553 
0.0002396008 0.0000883608 0.0000474832 
0.0002396416 0.0000883906 0.0000475084 
0.0002396846 0.0000884177 0.0000475312 
0.0002397297 0.0000884423 0.0000475519 
0.0002397770 0.0000884647 0.0000475705 
0.0002398264 0.0000884850 0.0000475871 
0.0002398779 0.0000885031 0.0000476017 
0.0002399315 0.0000885192 0.0000476145 
0.0002399870 0.0000885336 0.0000476255 
0.0002400443 0.0000885464 0.0000476351 
0.0002401031 0.0000885580 0.0000476435 
0.0002401634 0.0000885686 0.0000476508 
0.0002402248 0.0000885785 0.0000476573 
0.0002402873 0.0000885881 0.0000476634 
0.0002403505 0.0000885977 0.0000476692 
0.0002404143 0.0000886074 0.0000476749 
0.0002404785 0.0000886175 0.0000476808 
0.0002405429 0.0000886282 0.0000476870 
0.0002406074 0.0000886396 0.0000476936 
0.0002406718 0.0000886519 0.0000477008 
0.0002407360 0.0000886652 0.0000477087 
0.0002407998 0.0000886796 0.0000477174 
0.0002408631 0.0000886951 0.0000477270 
0.0002409259 0.0000887119 0.0000477374 
0.0002409880 0.0000887298 0.0000477488 
0.0002410494 0.0000887487 0.0000477609 
0.0002411104 0.0000887684 0.0000477737 
0.0002411710 0.0000887886 0.0000477868 
0.0002412312 0.0000888092 0.0000478001 
0.0002412910 0.0000888299 0.0000478137 
0.0002413505 0.0000888507 0.0000478274 
0.0002414096 0.0000888718 0.0000478414 
0.0002414681 0.0000888931 0.0000478558 
0.0002415261 0.0000889148 0.0000478705 
0.0002415835 0.0000889371 0.0000478857 
0.0002416402 0.0000889599 0.0000479016 
0.0002416962 0.0000889834 0.0000479181 
0.0002417513 0.0000890076 0.0000479353 
0.0002418055 0.0000890327 0.0000479534 
0.0002418589 0.0000890586 0.0000479723 
0.0002419113 0.0000890855 0.0000479920 
0.0002419626 0.0000891132 0.0000480127 
0.0002420130 0.0000891419 0.0000480343 
0.0002420623 0.0000891716 0.0000480568 
0.0002421106 0.0000892021 0.0000480802 
0.0002421578 0.0000892336 0.0000481045 
0.0002422039 0.0000892660 0.0000481298 
0.0002422489 0.0000892993 0.0000481560 
0.0002422928 0.0000893335 0.0000481830 
0.0002423355 0.0000893685 0.0000482110 
0.0002423772 0.0000894044 0.0000482398 
0.0002424178 0.0000894412 0.0000482695 
0.0002424574 0.0000894787 0.0000482999 
0.0002424960 0.0000895169 0.0000483309 
0.0002425335 0.0000895557 0.0000483626 
0.0002425708 0.0000895948 0.0000483931 
0.0002426076 0.0000896339 0.0000484227 
0.0002426438 0.0000896731 0.0000484516 
0.0002426794 0.0000897122 0.0000484802 
0.0002427143 0.0000897514 0.0000485085 
0.0002427487 0.0000897904 0.0000485365 
0.0002427825 0.0000898294 0.0000485643 
0.0002428159 0.0000898683 0.0000485919 
0.0002428490 0.0000899069 0.0000486193 
0.0002428816 0.0000899453 0.0000486465 
0.0002429139 0.0000899833 0.0000486734 
0.0002429460 0.0000900211 0.0000487001 
0.0002429777 0.0000900586 0.0000487267 
0.0002430092 0.0000900958 0.0000487530 
0.0002430408 0.0000901323 0.0000487788 
0.0002430728 0.0000901678 0.0000488037 
0.0002431054 0.0000902018 0.0000488273 
0.0002431389 0.0000902339 0.0000488495 
0.0002431735 0.0000902639 0.0000488700 
0.0002432094 0.0000902917 0.0000488887 
0.0002432465 0.0000903173 0.0000489057 
0.0002432850 0.0000903409 0.0000489210 
0.0002433246 0.0000903625 0.0000489348 
0.0002433654 0.0000903826 0.0000489474 
0.0002434071 0.0000904014 0.0000489589 
0.0002434497 0.0000904192 0.0000489697 
0.0002434932 0.0000904360 0.0000489797 
0.0002435374 0.0000904522 0.0000489891 
0.0002435825 0.0000904675 0.0000489978 
0.0002436285 0.0000904821 0.0000490059 
0.0002436753 0.0000904959 0.0000490133 
0.0002437229 0.0000905090 0.0000490202 
0.0002437713 0.0000905214 0.0000490265 
0.0002438204 0.0000905334 0.0000490325 
0.0002438700 0.0000905449 0.0000490381 
0.0002439201 0.0000905562 0.0000490436 
0.0002439705 0.0000905675 0.0000490491 
0.0002440213 0.0000905788 0.0000490547 
0.0002440721 0.0000905903 0.0000490604 
0.0002441231 0.0000906020 0.0000490665 
0.0002441739 0.0000906142 0.0000490729 
0.0002442247 0.0000906268 0.0000490797 
0.0002442755 0.0000906397 0.0000490868 
0.0002443262 0.0000906528 0.0000490940 
0.0002443772 0.0000906657 0.0000491010 
0.0002444287 0.0000906780 0.0000491076 
0.0002444807 0.0000906895 0.0000491135 
0.0002445333 0.0000906999 0.0000491185 
0.0002445866 0.0000907093 0.0000491228 
0.0002446405 0.0000907178 0.0000491264 
0.0002446949 0.0000907256 0.0000491295 
0.0002447496 0.0000907327 0.0000491321 
0.0002448047 0.0000907395 0.0000491345 
0.0002448599 0.0000907462 0.0000491368 
0.0002449152 0.0000907528 0.0000491392 
0.0002449704 0.0000907597 0.0000491419 
0.0002450255 0.0000907669 0.0000491449 
0.0002450803 0.0000907746 0.0000491484 
0.0002451349 0.0000907829 0.0000491524 
0.0002451890 0.0000907918 0.0000491571 
0.0002452427 0.0000908014 0.0000491624 
0.0002452958 0.0000908118 0.0000491685 
0.0002453483 0.0000908230 0.0000491753 
0.0002454002 0.0000908349 0.0000491829 
0.0002454515 0.0000908477 0.0000491914 
0.0002455019 0.0000908613 0.0000492006 
0.0002455516 0.0000908758 0.0000492108 
0.0002456005 0.0000908911 0.0000492217 
0.0002456485 0.0000909072 0.0000492336 
0.0002456957 0.0000909242 0.0000492463 
0.0002457420 0.0000909420 0.0000492599 
0.0002457874 0.0000909605 0.0000492743 
0.0002458319 0.0000909798 0.0000492896 
0.0002458755 0.0000909998 0.0000493056 
0.0002459182 0.0000910206 0.0000493225 
0.0002459599 0.0000910420 0.0000493401 
0.0002460008 0.0000910640 0.0000493585 
0.0002460407 0.0000910867 0.0000493776 
0.0002460798 0.0000911100 0.0000493975 
0.0002461180 0.0000911338 0.0000494180 
0.0002461552 0.0000911582 0.0000494393 
0.0002461917 0.0000911832 0.0000494612 
0.0002462272 0.0000912086 0.0000494837 
0.0002462619 0.0000912346 0.0000495069 
0.0002462958 0.0000912610 0.0000495307 
0.0002463289 0.0000912878 0.0000495551 
0.0002463612 0.0000913150 0.0000495800 
0.0002463927 0.0000913426 0.0000496055 
0.0002464235 0.0000913705 0.0000496314 
0.0002464535 0.0000913988 0.0000496579 
0.0002464829 0.0000914274 0.0000496847 
0.0002465116 0.0000914562 0.0000497121 
0.0002465396 0.0000914853 0.0000497398 
0.0002465670 0.0000915146 0.0000497679 
0.0002465938 0.0000915441 0.0000497964 
0.0002466200 0.0000915739 0.0000498253 
0.0002466457 0.0000916038 0.0000498544 
0.0002466708 0.0000916338 0.0000498839 
0.0002466954 0.0000916640 0.0000499137 
0.0002467195 0.0000916943 0.0000499437 
0.0002467430 0.0000917247 0.0000499740 
0.0002467662 0.0000917553 0.0000500045 
0.0002467888 0.0000917859 0.0000500353 
0.0002468111 0.0000918167 0.0000500663 
0.0002468329 0.0000918475 0.0000500976 
0.0002468543 0.0000918785 0.0000501290 
0.0002468752 0.0000919095 0.0000501607 
0.0002468958 0.0000919407 0.0000501927 
0.0002469159 0.0000919720 0.0000502248 
0.0002469356 0.0000920035 0.0000502573 
0.0002469549 0.0000920351 0.0000502900 
0.0002469737 0.0000920669 0.0000503229 
0.0002469922 0.0000920988 0.0000503561 
0.0002470102 0.0000921309 0.0000503895 
0.0002470278 0.0000921631 0.0000504232 
0.0002470451 0.0000921955 0.0000504570 
0.0002470620 0.0000922280 0.0000504911 
0.0002470785 0.0000922606 0.0000505254 
0.0002470945 0.0000922934 0.0000505600 
0.0002471099 0.0000923266 0.0000505950 
0.0002471242 0.0000923604 0.0000506308 
0.0002471371 0.0000923952 0.0000506678 
0.0002471480 0.0000924314 0.0000507063 
0.0002471564 0.0000924695 0.0000507468 
0.0002471620 0.0000925099 0.0000507897 
0.0002471642 0.0000925531 0.0000508355 
0.0002471625 0.0000925996 0.0000508847 
0.0002471565 0.0000926499 0.0000509378 
0.0002471460 0.0000927045 0.0000509950 
0.0002471308 0.0000927636 0.0000510566 
0.0002471107 0.0000928275 0.0000511229 
0.0002470856 0.0000928963 0.0000511938 
0.0002470556 0.0000929700 0.0000512695 
0.0002470209 0.0000930486 0.0000513498 
0.0002469814 0.0000931319 0.0000514347 
0.0002469374 0.0000932199 0.0000515239 
0.0002468892 0.0000933122 0.0000516172 
0.0002468369 0.0000934087 0.0000517145 
0.0002467811 0.0000935089 0.0000518152 
0.0002467194 0.0000936119 0.0000519186 
0.0002466525 0.0000937173 0.0000520244 
0.0002465819 0.0000938252 0.0000521324 
0.0002465088 0.0000939353 0.0000522428 
0.0002464339 0.0000940476 0.0000523553 
0.0002463578 0.0000941620 0.0000524699 
0.0002462809 0.0000942781 0.0000525863 
0.0002462034 0.0000943957 0.0000527043 
0.0002461255 0.0000945147 0.0000528237 
0.0002460474 0.0000946347 0.0000529443 
0.0002459692 0.0000947556 0.0000530658 
0.0002458910 0.0000948771 0.0000531881 
0.0002458130 0.0000949991 0.0000533110 
0.0002457352 0.0000951212 0.0000534341 
0.0002456578 0.0000952432 0.0000535573 
0.0002455809 0.0000953647 0.0000536801 
0.0002455048 0.0000954852 0.0000538022 
0.0002454297 0.0000956042 0.0000539230 
0.0002453558 0.0000957215 0.0000540423 
0.0002452832 0.0000958367 0.0000541600 
0.0002452120 0.0000959496 0.0000542758 
0.0002451421 0.0000960604 0.0000543898 
0.0002450737 0.0000961688 0.0000545020 
0.0002450067 0.0000962751 0.0000546123 
0.0002449411 0.0000963793 0.0000547208 
0.0002448769 0.0000964814 0.0000548277 
0.0002448140 0.0000965816 0.0000549328 
0.0002447524 0.0000966798 0.0000550364 
0.0002446921 0.0000967761 0.0000551383 
0.0002446331 0.0000968705 0.0000552386 
0.0002445754 0.0000969631 0.0000553372 
0.0002445190 0.0000970537 0.0000554342 
0.0002444640 0.0000971422 0.0000555292 
0.0002444103 0.0000972284 0.0000556224 
0.0002443581 0.0000973124 0.0000557135 
0.0002443073 0.0000973940 0.0000558026 
0.0002442580 0.0000974734 0.0000558898 
0.0002442100 0.0000975504 0.0000559750 
0.0002441633 0.0000976253 0.0000560583 
0.0002441180 0.0000976980 0.0000561397 
0.0002440739 0.0000977686 0.0000562194 
0.0002440310 0.0000978371 0.0000562973 
0.0002439894 0.0000979037 0.0000563735 
0.0002439489 0.0000979684 0.0000564481 
0.0002439096 0.0000980312 0.0000565210 
0.0002438714 0.0000980921 0.0000565924 
0.0002438343 0.0000981512 0.0000566621 
0.0002437984 0.0000982084 0.0000567303 
0.0002437635 0.0000982637 0.0000567968 
0.0002437298 0.0000983171 0.0000568617 
0.0002436971 0.0000983686 0.0000569250 
0.0002436656 0.0000984183 0.0000569867 
0.0002436351 0.0000984660 0.0000570468 
0.0002436057 0.0000985119 0.0000571053 
0.0002435774 0.0000985559 0.0000571622 
0.0002435502 0.0000985982 0.0000572176 
0.0002435240 0.0000986386 0.0000572715 
0.0002434988 0.0000986772 0.0000573238 
0.0002434748 0.0000987140 0.0000573746 
0.0002434517 0.0000987491 0.0000574239 
0.0002434298 0.0000987825 0.0000574718 
0.0002434088 0.0000988140 0.0000575181 
0.0002433890 0.0000988439 0.0000575630 
0.0002433702 0.0000988720 0.0000576064 
0.0002433525 0.0000988985 0.0000576483 
0.0002433358 0.0000989232 0.0000576888 
0.0002433203 0.0000989463 0.0000577279 
0.0002433058 0.0000989677 0.0000577655 
0.0002432924 0.0000989874 0.0000578017 
0.0002432801 0.0000990055 0.0000578365 
0.0002432689 0.0000990220 0.0000578698 
0.0002432588 0.0000990368 0.0000579018 
0.0002432498 0.0000990501 0.0000579323 
0.0002432420 0.0000990617 0.0000579615 
0.0002432352 0.0000990718 0.0000579893 
0.0002432297 0.0000990803 0.0000580157 
0.0002432252 0.0000990873 0.0000580408 
0.0002432219 0.0000990927 0.0000580645 
0.0002432198 0.0000990966 0.0000580868 
0.0002432188 0.0000990991 0.0000581079 
0.0002432190 0.0000991000 0.0000581276 
0.0002432204 0.0000990995 0.0000581459 
0.0002432230 0.0000990975 0.0000581630 
0.0002432267 0.0000990941 0.0000581789 
0.0002432316 0.0000990894 0.0000581934 
0.0002432376 0.0000990832 0.0000582067 
0.0002432449 0.0000990757 0.0000582187 
0.0002432534 0.0000990668 0.0000582295 
0.0002432630 0.0000990566 0.0000582390 
0.0002432739 0.0000990450 0.0000582473 
0.0002432860 0.0000990321 0.0000582543 
0.0002432993 0.0000990178 0.0000582601 
0.0002433138 0.0000990023 0.0000582647 
0.0002433296 0.0000989855 0.0000582681 
0.0002433465 0.0000989675 0.0000582704 
0.0002433647 0.0000989482 0.0000582714 
0.0002433842 0.0000989277 0.0000582711 
0.0002434049 0.0000989058 0.0000582696 
0.0002434270 0.0000988825 0.0000582666 
0.0002434506 0.0000988576 0.0000582620 
0.0002434757 0.0000988309 0.0000582555 
0.0002435026 0.0000988021 0.0000582470 
0.0002435314 0.0000987709 0.0000582360 
0.0002435622 0.0000987371 0.0000582225 
0.0002435949 0.0000987008 0.0000582065 
0.0002436295 0.0000986619 0.0000581881 
0.0002436657 0.0000986206 0.0000581672 
0.0002437035 0.0000985770 0.0000581440 
0.0002437429 0.0000985314 0.0000581187 
0.0002437838 0.0000984838 0.0000580914 
0.0002438262 0.0000984346 0.0000580624 
0.0002438698 0.0000983839 0.0000580320 
0.0002439148 0.0000983322 0.0000580002 
0.0002439610 0.0000982794 0.0000579673 
0.0002440083 0.0000982259 0.0000579334 
0.0002440567 0.0000981717 0.0000578988 
0.0002441062 0.0000981171 0.0000578635 
0.0002441567 0.0000980621 0.0000578277 
0.0002442082 0.0000980069 0.0000577914 
0.0002442605 0.0000979515 0.0000577548 
0.0002443136 0.0000978960 0.0000577179 
0.0002443676 0.0000978405 0.0000576807 
0.0002444222 0.0000977850 0.0000576434 
0.0002444776 0.0000977295 0.0000576060 
0.0002445336 0.0000976741 0.0000575685 
0.0002445901 0.0000976188 0.0000575309 
0.0002446472 0.0000975637 0.0000574933 
0.0002447049 0.0000975086 0.0000574558 
0.0002447630 0.0000974537 0.0000574182 
0.0002448215 0.0000973990 0.0000573807 
0.0002448804 0.0000973444 0.0000573432 
0.0002449397 0.0000972899 0.0000573058 
0.0002449993 0.0000972357 0.0000572685 
0.0002450591 0.0000971817 0.0000572311 
0.0002451193 0.0000971275 0.0000571935 
0.0002451800 0.0000970730 0.0000571554 
0.0002452412 0.0000970181 0.0000571168 
0.0002453029 0.0000969625 0.0000570775 
0.0002453652 0.0000969062 0.0000570376 
0.0002454280 0.0000968494 0.0000569970 
0.0002454913 0.0000967920 0.0000569559 
0.0002455551 0.0000967342 0.0000569144 
0.0002456193 0.0000966761 0.0000568726 
0.0002456838 0.0000966178 0.0000568306 
0.0002457488 0.0000965593 0.0000567884 
0.0002458140 0.0000965009 0.0000567462 
0.0002458795 0.0000964426 0.0000567040 
0.0002459452 0.0000963844 0.0000566619 
0.0002460112 0.0000963264 0.0000566198 
0.0002460773 0.0000962685 0.0000565776 
0.0002461437 0.0000962105 0.0000565352 
0.0002462104 0.0000961522 0.0000564924 
0.0002462776 0.0000960936 0.0000564490 
0.0002463452 0.0000960344 0.0000564052 
0.0002464132 0.0000959748 0.0000563609 
0.0002464815 0.0000959148 0.0000563162 
0.0002465503 0.0000958546 0.0000562712 
0.0002466193 0.0000957941 0.0000562259 
0.0002466887 0.0000957336 0.0000561806 
0.0002467583 0.0000956732 0.0000561353 
0.0002468281 0.0000956129 0.0000560901 
0.0002468981 0.0000955529 0.0000560451 
0.0002469682 0.0000954931 0.0000560001 
0.0002470384 0.0000954336 0.0000559553 
0.0002471089 0.0000953741 0.0000559104 
0.0002471795 0.0000953148 0.0000558656 
0.0002472503 0.0000952555 0.0000558206 
0.0002473214 0.0000951962 0.0000557757 
0.0002473926 0.0000951371 0.0000557308 
0.0002474640 0.0000950780 0.0000556861 
0.0002475355 0.0000950192 0.0000556414 
0.0002476071 0.0000949606 0.0000555969 
0.0002476789 0.0000949023 0.0000555527 
0.0002477507 0.0000948443 0.0000555087 
0.0002478226 0.0000947867 0.0000554651 
0.0002478946 0.0000947295 0.0000554218 
0.0002479665 0.0000946727 0.0000553789 
0.0002480385 0.0000946165 0.0000553364 
0.0002481105 0.0000945606 0.0000552943 
0.0002481824 0.0000945053 0.0000552526 
0.0002482542 0.0000944505 0.0000552113 
0.0002483260 0.0000943961 0.0000551702 
0.0002483977 0.0000943419 0.0000551292 
0.0002484695 0.0000942878 0.0000550882 
0.0002485414 0.0000942337 0.0000550471 
0.0002486135 0.0000941795 0.0000550059 
0.0002486857 0.0000941252 0.0000549645 
0.0002487581 0.0000940708 0.0000549230 
0.0002488306 0.0000940164 0.0000548815 
0.0002489032 0.0000939620 0.0000548400 
0.0002489759 0.0000939078 0.0000547986 
0.0002490486 0.0000938538 0.0000547573 
0.0002491214 0.0000938000 0.0000547161 
0.0002491943 0.0000937463 0.0000546750 
0.0002492672 0.0000936928 0.0000546340 
0.0002493403 0.0000936395 0.0000545929 
0.0002494135 0.0000935862 0.0000545520 
0.0002494868 0.0000935331 0.0000545111 
0.0002495601 0.0000934802 0.0000544703 
0.0002496336 0.0000934275 0.0000544297 
0.0002497072 0.0000933751 0.0000543893 
0.0002497808 0.0000933229 0.0000543492 
0.0002498545 0.0000932711 0.0000543093 
0.0002499282 0.0000932197 0.0000542696 
0.0002500019 0.0000931687 0.0000542303 
0.0002500756 0.0000931181 0.0000541913 
0.0002501493 0.0000930679 0.0000541526 
0.0002502230 0.0000930181 0.0000541143 
0.0002502967 0.0000929688 0.0000540762 
0.0002503702 0.0000929198 0.0000540383 
0.0002504438 0.0000928712 0.0000540007 
0.0002505172 0.0000928229 0.0000539630 
0.0002505907 0.0000927746 0.0000539253 
0.0002506642 0.0000927262 0.0000538873 
0.0002507378 0.0000926777 0.0000538490 
0.0002508115 0.0000926290 0.0000538102 
0.0002508855 0.0000925798 0.0000537710 
0.0002509596 0.0000925303 0.0000537312 
0.0002510340 0.0000924804 0.0000536910 
0.0002511086 0.0000924302 0.0000536504 
0.0002511835 0.0000923797 0.0000536094 
0.0002512585 0.0000923291 0.0000535681 
0.0002513338 0.0000922783 0.0000535267 
0.0002514092 0.0000922275 0.0000534850 
0.0002514848 0.0000921768 0.0000534433 
0.0002515606 0.0000921262 0.0000534016 
0.0002516365 0.0000920758 0.0000533600 
0.0002517125 0.0000920257 0.0000533185 
0.0002517885 0.0000919759 0.0000532773 
0.0002518646 0.0000919265 0.0000532362 
0.0002519408 0.0000918775 0.0000531955 
0.0002520170 0.0000918290 0.0000531550 
0.0002520932 0.0000917809 0.0000531149 
0.0002521694 0.0000917333 0.0000530751 
0.0002522456 0.0000916862 0.0000530357 
0.0002523217 0.0000916397 0.0000529967 
0.0002523978 0.0000915936 0.0000529581 
0.0002524738 0.0000915481 0.0000529199 
0.0002525498 0.0000915031 0.0000528821 
0.0002526257 0.0000914586 0.0000528447 
0.0002527015 0.0000914147 0.0000528077 
0.0002527772 0.0000913713 0.0000527712 
0.0002528528 0.0000913284 0.0000527351 
0.0002529283 0.0000912860 0.0000526993 
0.0002530037 0.0000912442 0.0000526640 
0.0002530788 0.0000912028 0.0000526291 
0.0002531538 0.0000911620 0.0000525945 
0.0002532287 0.0000911216 0.0000525602 
0.0002533034 0.0000910815 0.0000525260 
0.0002533780 0.0000910416 0.0000524921 
0.0002534526 0.0000910020 0.0000524582 
0.0002535271 0.0000909625 0.0000524244 
0.0002536016 0.0000909233 0.0000523907 
0.0002536760 0.0000908842 0.0000523571 
0.0002537504 0.0000908452 0.0000523236 
0.0002538246 0.0000908066 0.0000522902 
0.0002538988 0.0000907681 0.0000522569 
0.0002539729 0.0000907299 0.0000522237 
0.0002540468 0.0000906920 0.0000521906 
0.0002541207 0.0000906542 0.0000521575 
0.0002541944 0.0000906166 0.0000521243 
0.0002542680 0.0000905790 0.0000520909 
0.0002543417 0.0000905414 0.0000520574 
0.0002544154 0.0000905036 0.0000520235 
0.0002544891 0.0000904657 0.0000519894 
0.0002545629 0.0000904276 0.0000519550 
0.0002546367 0.0000903895 0.0000519204 
0.0002547106 0.0000903513 0.0000518856 
0.0002547846 0.0000903131 0.0000518507 
0.0002548586 0.0000902749 0.0000518157 
0.0002549326 0.0000902369 0.0000517807 
0.0002550066 0.0000901990 0.0000517457 
0.0002550806 0.0000901613 0.0000517108 
0.0002551546 0.0000901240 0.0000516761 
0.0002552285 0.0000900870 0.0000516416 
0.0002553024 0.0000900503 0.0000516073 
0.0002553761 0.0000900141 0.0000515732 
0.0002554496 0.0000899785 0.0000515396 
0.0002555226 0.0000899436 0.0000515062 
0.0002555953 0.0000899093 0.0000514731 
0.0002556675 0.0000898753 0.0000514398 
0.0002557396 0.0000898414 0.0000514062 
0.0002558116 0.0000898071 0.0000513720 
0.0002558836 0.0000897725 0.0000513372 
0.0002559556 0.0000897374 0.0000513017 
0.0002560276 0.0000897018 0.0000512654 
0.0002560998 0.0000896658 0.0000512286 
0.0002561721 0.0000896294 0.0000511912 
0.0002562444 0.0000895927 0.0000511535 
0.0002563167 0.0000895559 0.0000511155 
0.0002563891 0.0000895191 0.0000510773 
0.0002564614 0.0000894825 0.0000510392 
0.0002565336 0.0000894460 0.0000510011 
0.0002566058 0.0000894099 0.0000509632 
0.0002566778 0.0000893742 0.0000509256 
0.0002567497 0.0000893390 0.0000508884 
0.0002568214 0.0000893043 0.0000508516 
0.0002568930 0.0000892703 0.0000508153 
0.0002569643 0.0000892369 0.0000507795 
0.0002570354 0.0000892041 0.0000507442 
0.0002571062 0.0000891721 0.0000507096 
0.0002571767 0.0000891408 0.0000506756 
0.0002572470 0.0000891102 0.0000506423 
0.0002573169 0.0000890803 0.0000506095 
0.0002573866 0.0000890511 0.0000505775 
0.0002574559 0.0000890227 0.0000505461 
0.0002575248 0.0000889950 0.0000505154 
0.0002575935 0.0000889681 0.0000504853 
0.0002576617 0.0000889418 0.0000504559 
0.0002577296 0.0000889162 0.0000504272 
0.0002577970 0.0000888914 0.0000503991 
0.0002578640 0.0000888672 0.0000503717 
0.0002579305 0.0000888437 0.0000503448 
0.0002579966 0.0000888208 0.0000503184 
0.0002580624 0.0000887984 0.0000502924 
0.0002581278 0.0000887763 0.0000502668 
0.0002581929 0.0000887547 0.0000502415 
0.0002582577 0.0000887333 0.0000502165 
0.0002583222 0.0000887123 0.0000501919 
0.0002583864 0.0000886917 0.0000501677 
0.0002584503 0.0000886714 0.0000501439 
0.0002585138 0.0000886516 0.0000501205 
0.0002585771 0.0000886321 0.0000500975 
0.0002586400 0.0000886132 0.0000500750 
0.0002587025 0.0000885946 0.0000500530 
0.0002587647 0.0000885766 0.0000500314 
0.0002588265 0.0000885592 0.0000500104 
0.0002588878 0.0000885423 0.0000499898 
0.0002589486 0.0000885260 0.0000499697 
0.0002590090 0.0000885101 0.0000499499 
0.0002590690 0.0000884945 0.0000499304 
0.0002591287 0.0000884791 0.0000499109 
0.0002591881 0.0000884639 0.0000498916 
0.0002592473 0.0000884488 0.0000498723 
0.0002593062 0.0000884338 0.0000498530 
0.0002593649 0.0000884188 0.0000498338 
0.0002594234 0.0000884039 0.0000498147 
0.0002594817 0.0000883892 0.0000497956 
0.0002595398 0.0000883746 0.0000497768 
0.0002595976 0.0000883602 0.0000497581 
0.0002596552 0.0000883461 0.0000497396 
0.0002597125 0.0000883323 0.0000497214 
0.0002597695 0.0000883188 0.0000497036 
0.0002598263 0.0000883056 0.0000496860 
0.0002598828 0.0000882928 0.0000496688 
0.0002599389 0.0000882804 0.0000496519 
0.0002599947 0.0000882684 0.0000496354 
0.0002600503 0.0000882568 0.0000496193 
0.0002601055 0.0000882457 0.0000496035 
0.0002601603 0.0000882349 0.0000495882 
0.0002602149 0.0000882246 0.0000495732 
0.0002602691 0.0000882147 0.0000495586 
0.0002603229 0.0000882052 0.0000495444 
0.0002603763 0.0000881962 0.0000495306 
0.0002604294 0.0000881876 0.0000495171 
0.0002604819 0.0000881796 0.0000495040 
0.0002605340 0.0000881719 0.0000494910 
0.0002605857 0.0000881645 0.0000494781 
0.0002606371 0.0000881572 0.0000494652 
0.0002606883 0.0000881499 0.0000494520 
0.0002607392 0.0000881424 0.0000494387 
0.0002607900 0.0000881348 0.0000494250 
0.0002608408 0.0000881270 0.0000494111 
0.0002608914 0.0000881191 0.0000493969 
0.0002609418 0.0000881110 0.0000493825 
0.0002609921 0.0000881028 0.0000493680 
0.0002610423 0.0000880947 0.0000493535 
0.0002610922 0.0000880867 0.0000493389 
0.0002611419 0.0000880788 0.0000493244 
0.0002611913 0.0000880710 0.0000493099 
0.0002612406 0.0000880634 0.0000492955 
0.0002612896 0.0000880559 0.0000492812 
0.0002613384 0.0000880487 0.0000492671 
0.0002613869 0.0000880417 0.0000492531 
0.0002614352 0.0000880349 0.0000492394 
0.0002614832 0.0000880285 0.0000492259 
0.0002615309 0.0000880224 0.0000492126 
0.0002615783 0.0000880166 0.0000491997 
0.0002615783 0.0000880166 0.0000491997 
0.0002615783 0.0000880166 0.0000491997 
0.0002615783 0.0000880166 0.0000491997 
0.0002615783 0.0000880166 0.0000491997 
0.0002615783 0.0000880166 0.0000491997 
0.0002615783 0.0000880166 0.0000491997 
0.0002615783 0.0000880166 0.0000491997 
0.0002615783 0.0000880166 0.0000491997 
0.0002615783 0.0000880166 0.0000491997 
0.0002615783 0.0000880166 0.0000491997 
0.0002615783 0.0000880166 0.0000491997 
0.0002615783 0.0000880166 0.0000491997 
0.0002615783 0.0000880166 0.0000491997 
0.0002615783 0.0000880166 0.0000491997 
0.0002615783 0.0000880166 0.0000491997 
0.0002615783 0.0000880166 0.0000491997 
0.0002615783 0.0000880166 0.0000491997 
0.0002615783 0.0000880166 0.0000491997 
0.0002615783 0.0000880166 0.0000491997 
0.0002615783 0.0000880166 0.0000491997 
0.0002615783 0.0000880166 0.0000491997 
0.0002615783 0.0000880166 0.0000491997 
0.0002615783 0.0000880166 0.0000491997 
0.0002615783 0.0000880166 0.0000491997 
0.0002615783 0.0000880166 0.0000491997 
0.0002615783 0.0000880166 0.0000491997 
0.0002615783 0.0000880166 0.0000491997 
0.0002615783 0.0000880166 0.0000491997 
0.0002615783 0.0000880166 0.0000491997 
0.0002615783 0.0000880166 0.0000491997 
0.0002615783 0.0000880166 0.0000491997 
0.0002615783 0.0000880166 0.0000491997 
0.0002615783 0.0000880166 0.0000491997 
0.0002615783 0.0000880166 0.0000491997 
0.0002615783 0.0000880166 0.0000491997 
0.0002615783 0.0000880166 0.0000491997 
0.0002615783 0.0000880166 0.0000491997 
0.0002615783 0.0000880166 0.0000491997 
0.0002615783 0.0000880166 0.0000491997 
0.0002615783 0.0000880166 0.0000491997 
0.0002615783 0.0000880166 0.0000491997 
0.0002615783 0.0000880166 0.0000491997 
0.0002615783 0.0000880166 0.0000491997 
0.0002615783 0.0000880166 0.0000491997 
0.0002615783 0.0000880166 0.0000491997 
0.0002615783 0.0000880166 0.0000491997 
0.0002615783 0.0000880166 0.0000491997 
0.0002615783 0.0000880166 0.0000491997 
0.0002615783 0.0000880166 0.0000491997 
0.0002615783 0.0000880166 0.0000491997 
0.0002615783 0.0000880166 0.0000491997 
0.0002615783 0.0000880166 0.0000491997 
0.0002615783 0.0000880166 0.0000491997 
0.0002615783 0.0000880166 0.0000491997 
0.0002615783 0.0000880166 0.0000491997 
0.0002615783 0.0000880166 0.0000491997 
0.0002615783 0.0000880166 0.0000491997 
0.0002615783 0.0000880166 0.0000491997 
0.0002615783 0.0000880166 0.0000491997 
0.0002615783 0.0000880166 0.0000491997 
0.0002615783 0.0000880166 0.0000491997 
0.0002615783 0.0000880166 0.0000491997 
0.0002615783 0.0000880166 0.0000491997 
0.0002615783 0.0000880166 0.0000491997 
0.0002615783 0.0000880166 0.0000491997 
0.0002615783 0.0000880166 0.0000491997 
0.0002615783 0.0000880166 0.0000491997 
0.0002615783 0.0000880166 0.0000491997 
0.0002615783 0.0000880166 0.0000491997 
0.0002615783 0.0000880166 0.0000491997 
0.0002615783 0.0000880166 0.0000491997 
0.0002615783 0.0000880166 0.0000491997 
0.0002615783 0.0000880166 0.0000491997 
0.0002615783 0.0000880166 0.0000491997 
0.0002615783 0.0000880166 0.0000491997 
0.0002615783 0.0000880166 0.0000491997 
0.0002615783 0.0000880166 0.0000491997 
0.0002615783 0.0000880166 0.0000491997 
0.0002615783 0.0000880166 0.0000491997 
0.0002615783 0.0000880166 0.0000491997 
0.0002615783 0.0000880166 0.0000491997 
0.0002615783 0.0000880166 0.0000491997 
0.0002615783 0.0000880166 0.0000491997 
0.0002615783 0.0000880166 0.0000491997 
0.0002615783 0.0000880166 0.0000491997 
0.0002615783 0.0000880166 0.0000491997 
0.0002615783 0.0000880166 0.0000491997 
0.0002615783 0.0000880166 0.0000491997 
0.0002615783 0.0000880166 0.0000491997 
0.0002615783 0.0000880166 0.0000491997 
0.0002615783 0.0000880166 0.0000491997 
0.0002615783 0.0000880166 0.0000491997 
0.0002615783 0.0000880166 0.0000491997 
0.0002615783 0.0000880166 0.0000491997 
0.0002615783 0.0000880166 0.0000491997 
0.0002615783 0.0000880166 0.0000491997 
0.0002615783 0.0000880166 0.0000491997 
0.0002615783 0.0000880166 0.0000491997 
0.0002615783 0.0000880166 0.0000491997 
0.0002615783 0.0000880166 0.0000491997 
0.0002615783 0.0000880166 0.0000491997 
0.0002615783 0.0000880166 0.0000491997 
0.0002615783 0.0000880166 0.0000491997 
0.0002615783 0.0000880166 0.0000491997 
0.0002615783 0.0000880166 0.0000491997 
0.0002615783 0.0000880166 0.0000491997 
0.0002615783 0.0000880166 0.0000491997 
0.0002615783 0.0000880166 0.0000491997 
0.0002615783 0.0000880166 0.0000491997 
0.0002615783 0.0000880166 0.0000491997 
0.0002615783 0.0000880166 0.0000491997 
0.0002615783 0.0000880166 0.0000491997 
0.0002615783 0.0000880166 0.0000491997 
0.0002615783 0.0000880166 0.0000491997 
0.0002615783 0.0000880166 0.0000491997 
0.0002615783 0.0000880166 0.0000491997 
0.0002615783 0.0000880166 0.0000491997 
0.0002615783 0.0000880166 0.0000491997 
0.0002615783 0.0000880166 0.0000491997 
0.0002615783 0.0000880166 0.0000491997 
0.0002615783 0.0000880166 0.0000491997 
0.0002615783 0.0000880166 0.0000491997 
0.0002615783 0.0000880166 0.0000491997 
0.0002615783 0.0000880166 0.0000491997 
0.0002615783 0.0000880166 0.0000491997 
0.0002615783 0.0000880166 0.0000491997 
0.0002615783 0.0000880166 0.0000491997 
0.0002615783 0.0000880166 0.0000491997 
0.0002615783 0.0000880166 0.0000491997 
0.0002615783 0.0000880166 0.0000491997 
0.0002615783 0.0000880166 0.0000491997 
0.0002615783 0.0000880166 0.0000491997 
0.0002615783 0.0000880166 0.0000491997 
0.0002615783 0.0000880166 0.0000491997 
0.0002615783 0.0000880166 0.0000491997 
0.0002615783 0.0000880166 0.0000491997 
0.0002615783 0.0000880166 0.0000491997 
0.0002615783 0.0000880166 0.0000491997 
0.0002615783 0.0000880166 0.0000491997 
0.0002615783 0.0000880166 0.0000491997 
0.0002615783 0.0000880166 0.0000491997 
0.0002615783 0.0000880166 0.0000491997 
0.0002615783 0.0000880166 0.0000491997 
0.0002615783 0.0000880166 0.0000491997 
0.0002615783 0.0000880166 0.0000491997 
0.0002615783 0.0000880166 0.0000491997 
0.0002615783 0.0000880166 0.0000491997 
0.0002615783 0.0000880166 0.0000491997 
0.0002615783 0.0000880166 0.0000491997 
0.0002615783 0.0000880166 0.0000491997 
0.0002615783 0.0000880166 0.0000491997 
0.0002615783 0.0000880166 0.0000491997 
0.0002615783 0.0000880166 0.0000491997 
0.0002615783 0.0000880166 0.0000491997 
0.0002615783 0.0000880166 0.0000491997 
0.0002615783 0.0000880166 0.0000491997 
0.0002615783 0.0000880166 0.0000491997 
0.0002615783 0.0000880166 0.0000491997 
0.0002615783 0.0000880166 0.0000491997 
0.0002615783 0.0000880166 0.0000491997 
0.0002615783 0.0000880166 0.0000491997 
0.0002615783 0.0000880166 0.0000491997 
0.0002615783 0.0000880166 0.0000491997 
0.0002615783 0.0000880166 0.0000491997 
0.0002615783 0.0000880166 0.0000491997 
0.0002615783 0.0000880166 0.0000491997 
0.0002615783 0.0000880166 0.0000491997 
0.0002615783 0.0000880166 0.0000491997 
0.0002615783 0.0000880166 0.0000491997 
0.0002615783 0.0000880166 0.0000491997 
0.0002615783 0.0000880166 0.0000491997 
0.0002615783 0.0000880166 0.0000491997 
0.0002615783 0.0000880166 0.0000491997 
0.0002615783 0.0000880166 0.0000491997 
0.0002615783 0.0000880166 0.0000491997 
0.0002615783 0.0000880166 0.0000491997 
0.0002615783 0.0000880166 0.0000491997 
0.0002615783 0.0000880166 0.0000491997 
0.0002615783 0.0000880166 0.0000491997 
0.0002615783 0.0000880166 0.0000491997 
0.0002615783 0.0000880166 0.0000491997 
0.0002615783 0.0000880166 0.0000491997 
0.0002615783 0.0000880166 0.0000491997 
0.0002615783 0.0000880166 0.0000491997 
0.0002615783 0.0000880166 0.0000491997 
0.0002615783 0.0000880166 0.0000491997 
0.0002615783 0.0000880166 0.0000491997 
0.0002615783 0.0000880166 0.0000491997 
0.0002615783 0.0000880166 0.0000491997 
0.0002615783 0.0000880166 0.0000491997 
0.0002615783 0.0000880166 0.0000491997 
0.0002615783 0.0000880166 0.0000491997 
0.0002615783 0.0000880166 0.0000491997 
0.0002615783 0.0000880166 0.0000491997 
0.0002615783 0.0000880166 0.0000491997 
0.0002615783 0.0000880166 0.0000491997 
0.0002615783 0.0000880166 0.0000491997 
0.0002615783 0.0000880166 0.0000491997 
0.0002615783 0.0000880166 0.0000491997 
0.0002615783 0.0000880166 0.0000491997 
0.0002615783 0.0000880166 0.0000491997 
0.0002615783 0.0000880166 0.0000491997 
0.0002615783 0.0000880166 0.0000491997 
0.0002615783 0.0000880166 0.0000491997 
0.0002615783 0.0000880166 0.0000491997 
0.0002615783 0.0000880166 0.0000491997 
0.0002615783 0.0000880166 0.0000491997 
0.0002615783 0.0000880166 0.0000491997 
0.0002615783 0.0000880166 0.0000491997 
0.0002615783 0.0000880166 0.0000491997 
0.0002615783 0.0000880166 0.0000491997 
0.0002615783 0.0000880166 0.0000491997 
0.0002615783 0.0000880166 0.0000491997 
0.0002615783 0.0000880166 0.0000491997 
0.0002615783 0.0000880166 0.0000491997 
0.0002615783 0.0000880166 0.0000491997 
0.0002615783 0.0000880166 0.0000491997 
0.0002615783 0.0000880166 0.0000491997 
0.0002615783 0.0000880166 0.0000491997 
0.0002615783 0.0000880166 0.0000491997 
0.0002615783 0.0000880166 0.0000491997 
0.0002615783 0.0000880166 0.0000491997 
0.0002615783 0.0000880166 0.0000491997 
0.0002615783 0.0000880166 0.0000491997 
0.0002615783 0.0000880166 0.0000491997 
0.0002615783 0.0000880166 0.0000491997 
0.0002615783 0.0000880166 0.0000491997 
0.0002615783 0.0000880166 0.0000491997 
0.0002615783 0.0000880166 0.0000491997 
0.0002615783 0.0000880166 0.0000491997 
0.0002615783 0.0000880166 0.0000491997 
0.0002615783 0.0000880166 0.0000491997 
0.0002615783 0.0000880166 0.0000491997 
0.0002615783 0.0000880166 0.0000491997 
0.0002615783 0.0000880166 0.0000491997 
0.0002615783 0.0000880166 0.0000491997 
0.0002615783 0.0000880166 0.0000491997 
0.0002615783 0.0000880166 0.0000491997 
0.0002615783 0.0000880166 0.0000491997 
0.0002615783 0.0000880166 0.0000491997 
0.0002615783 0.0000880166 0.0000491997 
0.0002615783 0.0000880166 0.0000491997 
0.0002615783 0.0000880166 0.0000491997 
0.0002615783 0.0000880166 0.0000491997 
0.0002615783 0.0000880166 0.0000491997 
0.0002615783 0.0000880166 0.0000491997 
0.0002615783 0.0000880166 0.0000491997 
0.0002615783 0.0000880166 0.0000491997 
0.0002615783 0.0000880166 0.0000491997 
0.0002615783 0.0000880166 0.0000491997 
0.0002615783 0.0000880166 0.0000491997 
0.0002615783 0.0000880166 0.0000491997 
0.0002615783 0.0000880166 0.0000491997 
0.0002615783 0.0000880166 0.0000491997 
0.0002615783 0.0000880166 0.0000491997 
0.0002615783 0.0000880166 0.0000491997 
0.0002615783 0.0000880166 0.0000491997 
0.0002615783 0.0000880166 0.0000491997 
0.0002615783 0.0000880166 0.0000491997 
