0.0001649187 -0.0001613928 0.0002658259 
0.0001657616 -0.0001576893 0.0002605588 
0.0001666607 -0.0001546072 0.0002553545 
0.0001676629 -0.0001519408 0.0002501790 
0.0001687895 -0.0001495654 0.0002450034 
0.0001700483 -0.0001474005 0.0002398040 
0.0001714383 -0.0001453903 0.0002345636 
0.0001729513 -0.0001434948 0.0002292736 
0.0001745710 -0.0001416848 0.0002239353 
0.0001762781 -0.0001399396 0.0002185691 
0.0001780506 -0.0001382325 0.0002131859 
0.0001798472 -0.0001365340 0.0002078221 
0.0001816458 -0.0001348168 0.0002024983 
0.0001834289 -0.0001330796 0.0001972406 
0.0001851923 -0.0001313288 0.0001920607 
0.0001869069 -0.0001295357 0.0001869913 
0.0001885583 -0.0001277023 0.0001820485 
0.0001901369 -0.0001258382 0.0001772452 
0.0001916328 -0.0001239619 0.0001725947 
0.0001930425 -0.0001220808 0.0001681103 
0.0001943754 -0.0001202037 0.0001637915 
0.0001956381 -0.0001183428 0.0001596339 
0.0001968307 -0.0001165059 0.0001556440 
0.0001979484 -0.0001146853 0.0001518182 
0.0001989943 -0.0001128848 0.0001481542 
0.0001999672 -0.0001110931 0.0001446480 
0.0002008815 -0.0001093218 0.0001412878 
0.0002017202 -0.0001075467 0.0001380766 
0.0002024850 -0.0001057760 0.0001350110 
0.0002031932 -0.0001040327 0.0001320711 
0.0002038372 -0.0001023253 0.0001292559 
0.0002044148 -0.0001006395 0.0001265634 
0.0002049312 -0.0000989688 0.0001239879 
0.0002053862 -0.0000973079 0.0001215295 
0.0002057669 -0.0000956414 0.0001191899 
0.0002061179 -0.0000939871 0.0001169443 
0.0002064462 -0.0000923379 0.0001147909 
0.0002067214 -0.0000906700 0.0001127420 
0.0002069953 -0.0000890155 0.0001107727 
0.0002072574 -0.0000873737 0.0001088908 
0.0002074803 -0.0000857212 0.0001071074 
0.0002076817 -0.0000840715 0.0001054017 
0.0002078606 -0.0000824244 0.0001037702 
0.0002080296 -0.0000807859 0.0001022005 
0.0002081893 -0.0000791562 0.0001006850 
0.0002083477 -0.0000775375 0.0000992213 
0.0002085020 -0.0000759341 0.0000978092 
0.0002086415 -0.0000743367 0.0000964547 
0.0002087741 -0.0000727533 0.0000951495 
0.0002088918 -0.0000711729 0.0000938966 
0.0002089947 -0.0000695913 0.0000926951 
0.0002090690 -0.0000679966 0.0000915523 
0.0002090972 -0.0000663792 0.0000904762 
0.0002090795 -0.0000647400 0.0000894668 
0.0002090056 -0.0000630733 0.0000885284 
0.0002088807 -0.0000613833 0.0000876576 
0.0002087108 -0.0000596783 0.0000868473 
0.0002084860 -0.0000579620 0.0000860998 
0.0002082091 -0.0000562404 0.0000854114 
0.0002078896 -0.0000545198 0.0000847763 
0.0002075517 -0.0000528015 0.0000841848 
0.0002072180 -0.0000510963 0.0000836231 
0.0002068885 -0.0000494016 0.0000830907 
0.0002065645 -0.0000477156 0.0000825854 
0.0002062485 -0.0000460377 0.0000821045 
0.0002059417 -0.0000443701 0.0000816465 
0.0002056416 -0.0000427126 0.0000812121 
0.0002053528 -0.0000410689 0.0000807992 
0.0002050662 -0.0000394353 0.0000804121 
0.0002047690 -0.0000378086 0.0000800539 
0.0002044587 -0.0000361909 0.0000797226 
0.0002041317 -0.0000345835 0.0000794173 
0.0002037849 -0.0000329894 0.0000791367 
0.0002034161 -0.0000314131 0.0000788787 
0.0002030360 -0.0000298561 0.0000786381 
0.0002026437 -0.0000283149 0.0000784141 
0.0002022447 -0.0000267921 0.0000782044 
0.0002018391 -0.0000252881 0.0000780085 
0.0002014265 -0.0000238029 0.0000778249 
0.0002010112 -0.0000223363 0.0000776519 
0.0002005971 -0.0000208903 0.0000774888 
0.0002001857 -0.0000194624 0.0000773356 
0.0001997782 -0.0000180519 0.0000771938 
0.0001993721 -0.0000166593 0.0000770635 
0.0001989710 -0.0000152882 0.0000769412 
0.0001985702 -0.0000139366 0.0000768237 
0.0001981670 -0.0000126052 0.0000767122 
0.0001977636 -0.0000112936 0.0000766047 
0.0001973615 -0.0000099968 0.0000765072 
0.0001969588 -0.0000087185 0.0000764127 
0.0001965597 -0.0000074577 0.0000763204 
0.0001961602 -0.0000062124 0.0000762332 
0.0001957605 -0.0000049831 0.0000761511 
0.0001953603 -0.0000037698 0.0000760751 
0.0001949551 -0.0000025743 0.0000760008 
0.0001945487 -0.0000013948 0.0000759331 
0.0001941454 -0.0000002339 0.0000758638 
0.0001937453 0.0000009084 0.0000757930 
0.0001933494 0.0000020325 0.0000757206 
0.0001929586 0.0000031379 0.0000756441 
0.0001925715 0.0000042249 0.0000755651 
0.0001921868 0.0000052936 0.0000754843 
0.0001918037 0.0000063442 0.0000754021 
0.0001914209 0.0000073769 0.0000753184 
0.0001910381 0.0000083922 0.0000752335 
0.0001906562 0.0000093907 0.0000751487 
0.0001902736 0.0000103743 0.0000750661 
0.0001898883 0.0000113444 0.0000749916 
0.0001895023 0.0000122972 0.0000749158 
0.0001891171 0.0000132332 0.0000748392 
0.0001887347 0.0000141537 0.0000747620 
0.0001883550 0.0000150595 0.0000746843 
0.0001879797 0.0000159490 0.0000746043 
0.0001876097 0.0000168244 0.0000745246 
0.0001872454 0.0000176853 0.0000744441 
0.0001868865 0.0000185315 0.0000743624 
0.0001865321 0.0000193625 0.0000742787 
0.0001861808 0.0000201775 0.0000741922 
0.0001858334 0.0000209769 0.0000741032 
0.0001854891 0.0000217592 0.0000740121 
0.0001851468 0.0000225257 0.0000739176 
0.0001847975 0.0000232756 0.0000738129 
0.0001844345 0.0000240117 0.0000737033 
0.0001840558 0.0000247354 0.0000735899 
0.0001836584 0.0000254474 0.0000734744 
0.0001832412 0.0000261477 0.0000733578 
0.0001828042 0.0000268355 0.0000732402 
0.0001823495 0.0000275092 0.0000731208 
0.0001818800 0.0000281669 0.0000729981 
0.0001814005 0.0000288064 0.0000728692 
0.0001809146 0.0000294260 0.0000727331 
0.0001804262 0.0000300245 0.0000725886 
0.0001799364 0.0000305999 0.0000724318 
0.0001794487 0.0000311520 0.0000722625 
0.0001789665 0.0000316811 0.0000720813 
0.0001784917 0.0000321871 0.0000718885 
0.0001780262 0.0000326700 0.0000716843 
0.0001775700 0.0000331261 0.0000714679 
0.0001771275 0.0000335573 0.0000712388 
0.0001767032 0.0000339669 0.0000709978 
0.0001762956 0.0000343552 0.0000707454 
0.0001759059 0.0000347227 0.0000704818 
0.0001755342 0.0000350697 0.0000702072 
0.0001751729 0.0000353900 0.0000699154 
0.0001748279 0.0000356855 0.0000696112 
0.0001745057 0.0000359583 0.0000692968 
0.0001742132 0.0000362095 0.0000689710 
0.0001739511 0.0000364419 0.0000686359 
0.0001737202 0.0000366575 0.0000682923 
0.0001735199 0.0000368581 0.0000679410 
0.0001733485 0.0000370454 0.0000675833 
0.0001732056 0.0000372203 0.0000672193 
0.0001730852 0.0000373845 0.0000668517 
0.0001729856 0.0000375400 0.0000664815 
0.0001729067 0.0000376846 0.0000661069 
0.0001728470 0.0000378193 0.0000657286 
0.0001728053 0.0000379455 0.0000653480 
0.0001727806 0.0000380640 0.0000649657 
0.0001727719 0.0000381759 0.0000645826 
0.0001727787 0.0000382818 0.0000641992 
0.0001728004 0.0000383824 0.0000638161 
0.0001728363 0.0000384783 0.0000634336 
0.0001728860 0.0000385700 0.0000630522 
0.0001729489 0.0000386580 0.0000626723 
0.0001730245 0.0000387428 0.0000622944 
0.0001731123 0.0000388248 0.0000619187 
0.0001732117 0.0000389044 0.0000615456 
0.0001733222 0.0000389820 0.0000611755 
0.0001734432 0.0000390578 0.0000608086 
0.0001735742 0.0000391323 0.0000604452 
0.0001737154 0.0000392055 0.0000600849 
0.0001738662 0.0000392779 0.0000597281 
0.0001740266 0.0000393498 0.0000593748 
0.0001741967 0.0000394215 0.0000590250 
0.0001743756 0.0000394931 0.0000586791 
0.0001745623 0.0000395649 0.0000583374 
0.0001747560 0.0000396370 0.0000580002 
0.0001749562 0.0000397097 0.0000576677 
0.0001751621 0.0000397829 0.0000573400 
0.0001753734 0.0000398569 0.0000570173 
0.0001755895 0.0000399317 0.0000566996 
0.0001758100 0.0000400074 0.0000563871 
0.0001760345 0.0000400841 0.0000560797 
0.0001762627 0.0000401619 0.0000557774 
0.0001764935 0.0000402403 0.0000554804 
0.0001767283 0.0000403204 0.0000551882 
0.0001769664 0.0000404020 0.0000549008 
0.0001772069 0.0000404847 0.0000546184 
0.0001774495 0.0000405686 0.0000543409 
0.0001776938 0.0000406537 0.0000540684 
0.0001779396 0.0000407398 0.0000538009 
0.0001781868 0.0000408271 0.0000535384 
0.0001784352 0.0000409156 0.0000532807 
0.0001786847 0.0000410053 0.0000530280 
0.0001789350 0.0000410962 0.0000527801 
0.0001791855 0.0000411879 0.0000525362 
0.0001794369 0.0000412810 0.0000522975 
0.0001796889 0.0000413756 0.0000520638 
0.0001799415 0.0000414716 0.0000518350 
0.0001801945 0.0000415690 0.0000516111 
0.0001804477 0.0000416678 0.0000513919 
0.0001807010 0.0000417679 0.0000511774 
0.0001809543 0.0000418693 0.0000509674 
0.0001812074 0.0000419720 0.0000507619 
0.0001814599 0.0000420760 0.0000505609 
0.0001817118 0.0000421811 0.0000503643 
0.0001819528 0.0000422858 0.0000501774 
0.0001821903 0.0000423914 0.0000499962 
0.0001824285 0.0000425000 0.0000498224 
0.0001826662 0.0000426103 0.0000496537 
0.0001829033 0.0000427222 0.0000494899 
0.0001831396 0.0000428356 0.0000493311 
0.0001833749 0.0000429507 0.0000491773 
0.0001836091 0.0000430675 0.0000490287 
0.0001838421 0.0000431860 0.0000488854 
0.0001840738 0.0000433062 0.0000487474 
0.0001843043 0.0000434282 0.0000486148 
0.0001845335 0.0000435520 0.0000484877 
0.0001847617 0.0000436775 0.0000483659 
0.0001849889 0.0000438049 0.0000482496 
0.0001852153 0.0000439341 0.0000481386 
0.0001854410 0.0000440653 0.0000480330 
0.0001856678 0.0000441985 0.0000479333 
0.0001858916 0.0000443324 0.0000478380 
0.0001861159 0.0000444690 0.0000477479 
0.0001863446 0.0000446092 0.0000476646 
0.0001865778 0.0000447527 0.0000475876 
0.0001868134 0.0000448989 0.0000475165 
0.0001870453 0.0000450463 0.0000474518 
0.0001872727 0.0000451944 0.0000473929 
0.0001874968 0.0000453438 0.0000473396 
0.0001877185 0.0000454949 0.0000472918 
0.0001879383 0.0000456479 0.0000472492 
0.0001881565 0.0000458030 0.0000472118 
0.0001883731 0.0000459603 0.0000471793 
0.0001885882 0.0000461198 0.0000471517 
0.0001888018 0.0000462816 0.0000471288 
0.0001890138 0.0000464456 0.0000471103 
0.0001892241 0.0000466117 0.0000470962 
0.0001894327 0.0000467798 0.0000470862 
0.0001896398 0.0000469500 0.0000470801 
0.0001898450 0.0000471221 0.0000470778 
0.0001900477 0.0000472958 0.0000470793 
0.0001902478 0.0000474711 0.0000470842 
0.0001904455 0.0000476479 0.0000470925 
0.0001906409 0.0000478262 0.0000471039 
0.0001908342 0.0000480059 0.0000471183 
0.0001910253 0.0000481869 0.0000471355 
0.0001912144 0.0000483692 0.0000471553 
0.0001914013 0.0000485526 0.0000471776 
0.0001915862 0.0000487372 0.0000472022 
0.0001917689 0.0000489228 0.0000472292 
0.0001919495 0.0000491093 0.0000472582 
0.0001921279 0.0000492968 0.0000472893 
0.0001923041 0.0000494851 0.0000473224 
0.0001924781 0.0000496742 0.0000473573 
0.0001926498 0.0000498640 0.0000473939 
0.0001928194 0.0000500545 0.0000474323 
0.0001929866 0.0000502457 0.0000474723 
0.0001931517 0.0000504375 0.0000475139 
0.0001933145 0.0000506299 0.0000475569 
0.0001934751 0.0000508228 0.0000476014 
0.0001936336 0.0000510161 0.0000476471 
0.0001937898 0.0000512099 0.0000476942 
0.0001939440 0.0000514040 0.0000477425 
0.0001940960 0.0000515984 0.0000477919 
0.0001942460 0.0000517932 0.0000478424 
0.0001943940 0.0000519882 0.0000478939 
0.0001945401 0.0000521834 0.0000479465 
0.0001946842 0.0000523788 0.0000479999 
0.0001948266 0.0000525744 0.0000480543 
0.0001949672 0.0000527702 0.0000481095 
0.0001951060 0.0000529660 0.0000481656 
0.0001952432 0.0000531620 0.0000482224 
0.0001953787 0.0000533580 0.0000482799 
0.0001955127 0.0000535540 0.0000483381 
0.0001956452 0.0000537500 0.0000483970 
0.0001957762 0.0000539460 0.0000484565 
0.0001959058 0.0000541418 0.0000485165 
0.0001960341 0.0000543376 0.0000485771 
0.0001961612 0.0000545331 0.0000486381 
0.0001962870 0.0000547285 0.0000486995 
0.0001964117 0.0000549237 0.0000487614 
0.0001965353 0.0000551186 0.0000488236 
0.0001966578 0.0000553132 0.0000488862 
0.0001967794 0.0000555076 0.0000489491 
0.0001969001 0.0000557016 0.0000490122 
0.0001970199 0.0000558953 0.0000490757 
0.0001971389 0.0000560885 0.0000491393 
0.0001972571 0.0000562814 0.0000492032 
0.0001973746 0.0000564739 0.0000492672 
0.0001974914 0.0000566658 0.0000493314 
0.0001976076 0.0000568573 0.0000493957 
0.0001977233 0.0000570482 0.0000494601 
0.0001978384 0.0000572386 0.0000495245 
0.0001979530 0.0000574284 0.0000495890 
0.0001980672 0.0000576176 0.0000496534 
0.0001981810 0.0000578061 0.0000497178 
0.0001982945 0.0000579940 0.0000497822 
0.0001984077 0.0000581812 0.0000498465 
0.0001985206 0.0000583677 0.0000499108 
0.0001986333 0.0000585535 0.0000499749 
0.0001987459 0.0000587386 0.0000500389 
0.0001988583 0.0000589229 0.0000501028 
0.0001989705 0.0000591065 0.0000501665 
0.0001990827 0.0000592893 0.0000502301 
0.0001991949 0.0000594713 0.0000502934 
0.0001993070 0.0000596525 0.0000503566 
0.0001994192 0.0000598328 0.0000504194 
0.0001995314 0.0000600123 0.0000504820 
0.0001996437 0.0000601908 0.0000505444 
0.0001997561 0.0000603685 0.0000506064 
0.0001998687 0.0000605453 0.0000506682 
0.0001999815 0.0000607212 0.0000507297 
0.0002000945 0.0000608963 0.0000507909 
0.0002002077 0.0000610706 0.0000508519 
0.0002003211 0.0000612441 0.0000509126 
0.0002004347 0.0000614169 0.0000509731 
0.0002005486 0.0000615888 0.0000510334 
0.0002006627 0.0000617600 0.0000510935 
0.0002007771 0.0000619304 0.0000511533 
0.0002008917 0.0000621001 0.0000512129 
0.0002010066 0.0000622690 0.0000512723 
0.0002011217 0.0000624371 0.0000513314 
0.0002012371 0.0000626045 0.0000513904 
0.0002013527 0.0000627712 0.0000514490 
0.0002014686 0.0000629371 0.0000515075 
0.0002015848 0.0000631022 0.0000515657 
0.0002017013 0.0000632665 0.0000516237 
0.0002018180 0.0000634301 0.0000516814 
0.0002019350 0.0000635929 0.0000517388 
0.0002020524 0.0000637549 0.0000517960 
0.0002021700 0.0000639161 0.0000518528 
0.0002022879 0.0000640765 0.0000519094 
0.0002024061 0.0000642362 0.0000519658 
0.0002025247 0.0000643950 0.0000520218 
0.0002026436 0.0000645530 0.0000520775 
0.0002027628 0.0000647103 0.0000521330 
0.0002028823 0.0000648668 0.0000521882 
0.0002030021 0.0000650225 0.0000522431 
0.0002031223 0.0000651774 0.0000522977 
0.0002032428 0.0000653316 0.0000523520 
0.0002033637 0.0000654850 0.0000524060 
0.0002034848 0.0000656376 0.0000524598 
0.0002036063 0.0000657895 0.0000525132 
0.0002037282 0.0000659407 0.0000525664 
0.0002038503 0.0000660911 0.0000526193 
0.0002039728 0.0000662408 0.0000526720 
0.0002040956 0.0000663897 0.0000527243 
0.0002042187 0.0000665380 0.0000527765 
0.0002043421 0.0000666855 0.0000528283 
0.0002044658 0.0000668324 0.0000528799 
0.0002045898 0.0000669785 0.0000529313 
0.0002047141 0.0000671240 0.0000529823 
0.0002048387 0.0000672688 0.0000530332 
0.0002049635 0.0000674128 0.0000530837 
0.0002050887 0.0000675561 0.0000531339 
0.0002052142 0.0000676985 0.0000531836 
0.0002053400 0.0000678399 0.0000532328 
0.0002054661 0.0000679802 0.0000532815 
0.0002055928 0.0000681193 0.0000533294 
0.0002057199 0.0000682569 0.0000533764 
0.0002058475 0.0000683929 0.0000534223 
0.0002059759 0.0000685267 0.0000534668 
0.0002061052 0.0000686579 0.0000535093 
0.0002062356 0.0000687859 0.0000535495 
0.0002063675 0.0000689101 0.0000535870 
0.0002065011 0.0000690303 0.0000536215 
0.0002066367 0.0000691462 0.0000536528 
0.0002067745 0.0000692578 0.0000536807 
0.0002069146 0.0000693649 0.0000537055 
0.0002070571 0.0000694678 0.0000537270 
0.0002072023 0.0000695668 0.0000537455 
0.0002073500 0.0000696619 0.0000537611 
0.0002075003 0.0000697535 0.0000537739 
0.0002076533 0.0000698418 0.0000537842 
0.0002078088 0.0000699272 0.0000537921 
0.0002079669 0.0000700097 0.0000537977 
0.0002081275 0.0000700895 0.0000538013 
0.0002082905 0.0000701669 0.0000538028 
0.0002084558 0.0000702420 0.0000538024 
0.0002086235 0.0000703148 0.0000538002 
0.0002087933 0.0000703854 0.0000537963 
0.0002089652 0.0000704539 0.0000537905 
0.0002091393 0.0000705203 0.0000537831 
0.0002093153 0.0000705845 0.0000537739 
0.0002094933 0.0000706466 0.0000537629 
0.0002096733 0.0000707064 0.0000537501 
0.0002098552 0.0000707640 0.0000537355 
0.0002100390 0.0000708192 0.0000537190 
0.0002102247 0.0000708720 0.0000537004 
0.0002104123 0.0000709222 0.0000536798 
0.0002106017 0.0000709696 0.0000536569 
0.0002107931 0.0000710136 0.0000536312 
0.0002109866 0.0000710537 0.0000536022 
0.0002111824 0.0000710891 0.0000535694 
0.0002113807 0.0000711190 0.0000535323 
0.0002115819 0.0000711431 0.0000534904 
0.0002117861 0.0000711612 0.0000534438 
0.0002119933 0.0000711733 0.0000533924 
0.0002122038 0.0000711798 0.0000533365 
0.0002124175 0.0000711809 0.0000532764 
0.0002126343 0.0000711774 0.0000532125 
0.0002128544 0.0000711697 0.0000531453 
0.0002130776 0.0000711586 0.0000530752 
0.0002133038 0.0000711446 0.0000530027 
0.0002135329 0.0000711283 0.0000529283 
0.0002137648 0.0000711103 0.0000528524 
0.0002139992 0.0000710912 0.0000527755 
0.0002142373 0.0000710696 0.0000526957 
0.0002144764 0.0000710499 0.0000526184 
0.0002147172 0.0000710310 0.0000525419 
0.0002149600 0.0000710124 0.0000524653 
0.0002152048 0.0000709939 0.0000523884 
0.0002154516 0.0000709757 0.0000523110 
0.0002157000 0.0000709578 0.0000522333 
0.0002159498 0.0000709406 0.0000521554 
0.0002162006 0.0000709243 0.0000520776 
0.0002164521 0.0000709093 0.0000520003 
0.0002167039 0.0000708957 0.0000519236 
0.0002169556 0.0000708837 0.0000518478 
0.0002172069 0.0000708737 0.0000517733 
0.0002174576 0.0000708657 0.0000517001 
0.0002177072 0.0000708600 0.0000516285 
0.0002179556 0.0000708567 0.0000515587 
0.0002182025 0.0000708559 0.0000514908 
0.0002184476 0.0000708577 0.0000514250 
0.0002186908 0.0000708622 0.0000513614 
0.0002189318 0.0000708695 0.0000513001 
0.0002191706 0.0000708795 0.0000512411 
0.0002194068 0.0000708923 0.0000511845 
0.0002196405 0.0000709080 0.0000511303 
0.0002198714 0.0000709265 0.0000510787 
0.0002200995 0.0000709478 0.0000510296 
0.0002203247 0.0000709720 0.0000509830 
0.0002205469 0.0000709989 0.0000509390 
0.0002207660 0.0000710286 0.0000508976 
0.0002209820 0.0000710610 0.0000508587 
0.0002211948 0.0000710961 0.0000508223 
0.0002214044 0.0000711339 0.0000507885 
0.0002216108 0.0000711743 0.0000507572 
0.0002218139 0.0000712173 0.0000507284 
0.0002220138 0.0000712628 0.0000507021 
0.0002222104 0.0000713108 0.0000506782 
0.0002224038 0.0000713612 0.0000506567 
0.0002225938 0.0000714141 0.0000506377 
0.0002227807 0.0000714692 0.0000506210 
0.0002229643 0.0000715267 0.0000506066 
0.0002231446 0.0000715864 0.0000505945 
0.0002233218 0.0000716482 0.0000505847 
0.0002234959 0.0000717122 0.0000505770 
0.0002236668 0.0000717782 0.0000505715 
0.0002238347 0.0000718463 0.0000505681 
0.0002239995 0.0000719162 0.0000505668 
0.0002241613 0.0000719880 0.0000505674 
0.0002243203 0.0000720614 0.0000505697 
0.0002244766 0.0000721359 0.0000505734 
0.0002246306 0.0000722111 0.0000505781 
0.0002247824 0.0000722865 0.0000505834 
0.0002249324 0.0000723618 0.0000505890 
0.0002250808 0.0000724365 0.0000505946 
0.0002252279 0.0000725102 0.0000505998 
0.0002253740 0.0000725826 0.0000506043 
0.0002255194 0.0000726533 0.0000506079 
0.0002256642 0.0000727222 0.0000506104 
0.0002258088 0.0000727892 0.0000506118 
0.0002259531 0.0000728544 0.0000506120 
0.0002260973 0.0000729177 0.0000506111 
0.0002262415 0.0000729795 0.0000506093 
0.0002263856 0.0000730398 0.0000506066 
0.0002265297 0.0000730990 0.0000506032 
0.0002266737 0.0000731572 0.0000505993 
0.0002268176 0.0000732147 0.0000505951 
0.0002269613 0.0000732719 0.0000505907 
0.0002271047 0.0000733288 0.0000505864 
0.0002272478 0.0000733857 0.0000505822 
0.0002273904 0.0000734428 0.0000505784 
0.0002275325 0.0000735003 0.0000505751 
0.0002276740 0.0000735583 0.0000505723 
0.0002278148 0.0000736169 0.0000505701 
0.0002279548 0.0000736762 0.0000505687 
0.0002280939 0.0000737363 0.0000505680 
0.0002282321 0.0000737973 0.0000505682 
0.0002283693 0.0000738592 0.0000505693 
0.0002285054 0.0000739221 0.0000505713 
0.0002286403 0.0000739860 0.0000505744 
0.0002287740 0.0000740509 0.0000505784 
0.0002289065 0.0000741169 0.0000505835 
0.0002290376 0.0000741841 0.0000505898 
0.0002291674 0.0000742524 0.0000505971 
0.0002292958 0.0000743218 0.0000506055 
0.0002294227 0.0000743923 0.0000506150 
0.0002295481 0.0000744640 0.0000506257 
0.0002296721 0.0000745368 0.0000506375 
0.0002297946 0.0000746108 0.0000506504 
0.0002299155 0.0000746858 0.0000506644 
0.0002300349 0.0000747618 0.0000506795 
0.0002301529 0.0000748388 0.0000506955 
0.0002302695 0.0000749165 0.0000507124 
0.0002303848 0.0000749949 0.0000507301 
0.0002304988 0.0000750738 0.0000507484 
0.0002306115 0.0000751532 0.0000507673 
0.0002307231 0.0000752329 0.0000507868 
0.0002308335 0.0000753129 0.0000508068 
0.0002309429 0.0000753933 0.0000508273 
0.0002310512 0.0000754740 0.0000508483 
0.0002311583 0.0000755550 0.0000508698 
0.0002312644 0.0000756364 0.0000508919 
0.0002313693 0.0000757183 0.0000509147 
0.0002314732 0.0000758008 0.0000509381 
0.0002315759 0.0000758837 0.0000509623 
0.0002316774 0.0000759673 0.0000509871 
0.0002317778 0.0000760516 0.0000510128 
0.0002318769 0.0000761365 0.0000510392 
0.0002319749 0.0000762221 0.0000510664 
0.0002320717 0.0000763085 0.0000510945 
0.0002321673 0.0000763956 0.0000511234 
0.0002322616 0.0000764834 0.0000511531 
0.0002323547 0.0000765720 0.0000511837 
0.0002324466 0.0000766613 0.0000512151 
0.0002325372 0.0000767513 0.0000512473 
0.0002326266 0.0000768420 0.0000512803 
0.0002327147 0.0000769335 0.0000513142 
0.0002328016 0.0000770256 0.0000513488 
0.0002328873 0.0000771184 0.0000513842 
0.0002329718 0.0000772119 0.0000514205 
0.0002330551 0.0000773060 0.0000514574 
0.0002331372 0.0000774007 0.0000514951 
0.0002332181 0.0000774960 0.0000515336 
0.0002332979 0.0000775919 0.0000515727 
0.0002333766 0.0000776882 0.0000516124 
0.0002334543 0.0000777847 0.0000516525 
0.0002335314 0.0000778811 0.0000516927 
0.0002336080 0.0000779771 0.0000517327 
0.0002336842 0.0000780724 0.0000517724 
0.0002337602 0.0000781670 0.0000518117 
0.0002338359 0.0000782607 0.0000518506 
0.0002339114 0.0000783537 0.0000518892 
0.0002339866 0.0000784461 0.0000519275 
0.0002340616 0.0000785381 0.0000519656 
0.0002341362 0.0000786297 0.0000520036 
0.0002342104 0.0000787211 0.0000520417 
0.0002342842 0.0000788124 0.0000520800 
0.0002343576 0.0000789038 0.0000521184 
0.0002344304 0.0000789953 0.0000521571 
0.0002345028 0.0000790868 0.0000521960 
0.0002345748 0.0000791784 0.0000522351 
0.0002346462 0.0000792701 0.0000522744 
0.0002347172 0.0000793618 0.0000523139 
0.0002347877 0.0000794536 0.0000523537 
0.0002348576 0.0000795455 0.0000523937 
0.0002349270 0.0000796376 0.0000524340 
0.0002349959 0.0000797299 0.0000524746 
0.0002350641 0.0000798223 0.0000525155 
0.0002351317 0.0000799150 0.0000525568 
0.0002351986 0.0000800080 0.0000525985 
0.0002352649 0.0000801012 0.0000526405 
0.0002353306 0.0000801947 0.0000526829 
0.0002353957 0.0000802883 0.0000527256 
0.0002354601 0.0000803821 0.0000527685 
0.0002355240 0.0000804759 0.0000528117 
0.0002355874 0.0000805698 0.0000528551 
0.0002356502 0.0000806637 0.0000528987 
0.0002357126 0.0000807575 0.0000529423 
0.0002357745 0.0000808511 0.0000529860 
0.0002358361 0.0000809446 0.0000530297 
0.0002358972 0.0000810379 0.0000530735 
0.0002359578 0.0000811312 0.0000531174 
0.0002360181 0.0000812243 0.0000531613 
0.0002360778 0.0000813174 0.0000532055 
0.0002361371 0.0000814105 0.0000532497 
0.0002361960 0.0000815035 0.0000532942 
0.0002362544 0.0000815965 0.0000533387 
0.0002363125 0.0000816893 0.0000533831 
0.0002363705 0.0000817817 0.0000534274 
0.0002364283 0.0000818736 0.0000534715 
0.0002364860 0.0000819649 0.0000535152 
0.0002365437 0.0000820557 0.0000535586 
0.0002366012 0.0000821458 0.0000536018 
0.0002366587 0.0000822355 0.0000536447 
0.0002367161 0.0000823248 0.0000536874 
0.0002367733 0.0000824137 0.0000537299 
0.0002368303 0.0000825023 0.0000537724 
0.0002368872 0.0000825906 0.0000538148 
0.0002369438 0.0000826788 0.0000538572 
0.0002370002 0.0000827668 0.0000538997 
0.0002370562 0.0000828548 0.0000539422 
0.0002371120 0.0000829427 0.0000539848 
0.0002371675 0.0000830305 0.0000540275 
0.0002372226 0.0000831183 0.0000540703 
0.0002372775 0.0000832061 0.0000541131 
0.0002373319 0.0000832938 0.0000541561 
0.0002373861 0.0000833814 0.0000541992 
0.0002374400 0.0000834690 0.0000542423 
0.0002374935 0.0000835564 0.0000542855 
0.0002375467 0.0000836438 0.0000543287 
0.0002375996 0.0000837309 0.0000543719 
0.0002376523 0.0000838179 0.0000544151 
0.0002377047 0.0000839047 0.0000544583 
0.0002377568 0.0000839913 0.0000545015 
0.0002378087 0.0000840776 0.0000545446 
0.0002378604 0.0000841637 0.0000545876 
0.0002379118 0.0000842495 0.0000546306 
0.0002379632 0.0000843350 0.0000546734 
0.0002380145 0.0000844202 0.0000547161 
0.0002380658 0.0000845051 0.0000547585 
0.0002381174 0.0000845896 0.0000548006 
0.0002381691 0.0000846736 0.0000548424 
0.0002382211 0.0000847571 0.0000548837 
0.0002382736 0.0000848402 0.0000549247 
0.0002383264 0.0000849228 0.0000549651 
0.0002383798 0.0000850049 0.0000550051 
0.0002384336 0.0000850865 0.0000550447 
0.0002384879 0.0000851675 0.0000550837 
0.0002385427 0.0000852480 0.0000551222 
0.0002385980 0.0000853280 0.0000551603 
0.0002386538 0.0000854074 0.0000551979 
0.0002387101 0.0000854863 0.0000552349 
0.0002387669 0.0000855647 0.0000552715 
0.0002388242 0.0000856425 0.0000553077 
0.0002388819 0.0000857198 0.0000553433 
0.0002389402 0.0000857965 0.0000553785 
0.0002389990 0.0000858726 0.0000554129 
0.0002390589 0.0000859473 0.0000554462 
0.0002391206 0.0000860197 0.0000554774 
0.0002391844 0.0000860891 0.0000555060 
0.0002392508 0.0000861548 0.0000555315 
0.0002393200 0.0000862166 0.0000555537 
0.0002393920 0.0000862743 0.0000555726 
0.0002394668 0.0000863283 0.0000555884 
0.0002395441 0.0000863789 0.0000556014 
0.0002396238 0.0000864264 0.0000556118 
0.0002397058 0.0000864712 0.0000556199 
0.0002397900 0.0000865136 0.0000556258 
0.0002398766 0.0000865535 0.0000556296 
0.0002399654 0.0000865911 0.0000556312 
0.0002400564 0.0000866264 0.0000556309 
0.0002401494 0.0000866597 0.0000556287 
0.0002402443 0.0000866913 0.0000556250 
0.0002403409 0.0000867213 0.0000556199 
0.0002404389 0.0000867503 0.0000556137 
0.0002405381 0.0000867784 0.0000556067 
0.0002406383 0.0000868060 0.0000555991 
0.0002407393 0.0000868334 0.0000555913 
0.0002408409 0.0000868608 0.0000555834 
0.0002409428 0.0000868885 0.0000555756 
0.0002410448 0.0000869168 0.0000555681 
0.0002411469 0.0000869457 0.0000555611 
0.0002412487 0.0000869754 0.0000555547 
0.0002413502 0.0000870061 0.0000555490 
0.0002414512 0.0000870378 0.0000555442 
0.0002415516 0.0000870705 0.0000555402 
0.0002416513 0.0000871045 0.0000555372 
0.0002417502 0.0000871396 0.0000555352 
0.0002418484 0.0000871757 0.0000555340 
0.0002419459 0.0000872125 0.0000555334 
0.0002420429 0.0000872498 0.0000555332 
0.0002421394 0.0000872872 0.0000555333 
0.0002422355 0.0000873248 0.0000555336 
0.0002423311 0.0000873625 0.0000555341 
0.0002424262 0.0000874003 0.0000555348 
0.0002425207 0.0000874383 0.0000555360 
0.0002426145 0.0000874767 0.0000555375 
0.0002427076 0.0000875155 0.0000555396 
0.0002427999 0.0000875548 0.0000555423 
0.0002428913 0.0000875948 0.0000555458 
0.0002429818 0.0000876355 0.0000555500 
0.0002430713 0.0000876770 0.0000555551 
0.0002431597 0.0000877193 0.0000555610 
0.0002432471 0.0000877624 0.0000555679 
0.0002433333 0.0000878065 0.0000555757 
0.0002434184 0.0000878515 0.0000555845 
0.0002435022 0.0000878974 0.0000555943 
0.0002435849 0.0000879442 0.0000556051 
0.0002436664 0.0000879919 0.0000556168 
0.0002437466 0.0000880405 0.0000556295 
0.0002438256 0.0000880900 0.0000556432 
0.0002439034 0.0000881403 0.0000556578 
0.0002439799 0.0000881914 0.0000556734 
0.0002440552 0.0000882434 0.0000556899 
0.0002441293 0.0000882963 0.0000557073 
0.0002442022 0.0000883499 0.0000557254 
0.0002442740 0.0000884041 0.0000557443 
0.0002443446 0.0000884589 0.0000557638 
0.0002444149 0.0000885140 0.0000557822 
0.0002444845 0.0000885690 0.0000557999 
0.0002445535 0.0000886239 0.0000558168 
0.0002446218 0.0000886786 0.0000558334 
0.0002446894 0.0000887332 0.0000558495 
0.0002447565 0.0000887876 0.0000558653 
0.0002448231 0.0000888418 0.0000558808 
0.0002448892 0.0000888956 0.0000558960 
0.0002449550 0.0000889491 0.0000559109 
0.0002450203 0.0000890022 0.0000559254 
0.0002450853 0.0000890549 0.0000559397 
0.0002451500 0.0000891071 0.0000559536 
0.0002452144 0.0000891589 0.0000559673 
0.0002452786 0.0000892102 0.0000559806 
0.0002453429 0.0000892607 0.0000559933 
0.0002454076 0.0000893099 0.0000560050 
0.0002454730 0.0000893574 0.0000560153 
0.0002455394 0.0000894028 0.0000560240 
0.0002456070 0.0000894459 0.0000560307 
0.0002456759 0.0000894864 0.0000560356 
0.0002457462 0.0000895246 0.0000560385 
0.0002458179 0.0000895604 0.0000560396 
0.0002458909 0.0000895941 0.0000560390 
0.0002459650 0.0000896260 0.0000560371 
0.0002460402 0.0000896563 0.0000560340 
0.0002461164 0.0000896855 0.0000560300 
0.0002461934 0.0000897136 0.0000560252 
0.0002462712 0.0000897407 0.0000560197 
0.0002463500 0.0000897669 0.0000560134 
0.0002464296 0.0000897921 0.0000560063 
0.0002465100 0.0000898164 0.0000559985 
0.0002465913 0.0000898398 0.0000559901 
0.0002466733 0.0000898624 0.0000559811 
0.0002467560 0.0000898844 0.0000559716 
0.0002468393 0.0000899058 0.0000559617 
0.0002469229 0.0000899269 0.0000559517 
0.0002470069 0.0000899478 0.0000559416 
0.0002470910 0.0000899686 0.0000559315 
0.0002471753 0.0000899895 0.0000559216 
0.0002472594 0.0000900106 0.0000559120 
0.0002473435 0.0000900319 0.0000559027 
0.0002474274 0.0000900536 0.0000558938 
0.0002475111 0.0000900757 0.0000558852 
0.0002475948 0.0000900977 0.0000558767 
0.0002476786 0.0000901193 0.0000558679 
0.0002477628 0.0000901403 0.0000558586 
0.0002478476 0.0000901602 0.0000558486 
0.0002479330 0.0000901790 0.0000558378 
0.0002480190 0.0000901966 0.0000558260 
0.0002481055 0.0000902131 0.0000558135 
0.0002481925 0.0000902287 0.0000558004 
0.0002482798 0.0000902436 0.0000557869 
0.0002483674 0.0000902581 0.0000557731 
0.0002484550 0.0000902722 0.0000557592 
0.0002485427 0.0000902863 0.0000557455 
0.0002486301 0.0000903006 0.0000557319 
0.0002487174 0.0000903150 0.0000557187 
0.0002488043 0.0000903299 0.0000557060 
0.0002488908 0.0000903453 0.0000556939 
0.0002489767 0.0000903613 0.0000556824 
0.0002490621 0.0000903780 0.0000556717 
0.0002491467 0.0000903954 0.0000556617 
0.0002492307 0.0000904135 0.0000556526 
0.0002493138 0.0000904324 0.0000556443 
0.0002493961 0.0000904521 0.0000556368 
0.0002494775 0.0000904727 0.0000556303 
0.0002495580 0.0000904940 0.0000556246 
0.0002496375 0.0000905162 0.0000556199 
0.0002497160 0.0000905392 0.0000556161 
0.0002497935 0.0000905630 0.0000556133 
0.0002498699 0.0000905877 0.0000556114 
0.0002499453 0.0000906131 0.0000556103 
0.0002500196 0.0000906392 0.0000556102 
0.0002500929 0.0000906661 0.0000556110 
0.0002501651 0.0000906937 0.0000556126 
0.0002502362 0.0000907220 0.0000556151 
0.0002503062 0.0000907509 0.0000556184 
0.0002503752 0.0000907804 0.0000556225 
0.0002504432 0.0000908106 0.0000556274 
0.0002505101 0.0000908413 0.0000556330 
0.0002505759 0.0000908726 0.0000556395 
0.0002506408 0.0000909044 0.0000556467 
0.0002507046 0.0000909367 0.0000556545 
0.0002507675 0.0000909695 0.0000556631 
0.0002508294 0.0000910028 0.0000556724 
0.0002508903 0.0000910365 0.0000556822 
0.0002509504 0.0000910705 0.0000556927 
0.0002510095 0.0000911050 0.0000557038 
0.0002510678 0.0000911398 0.0000557155 
0.0002511252 0.0000911749 0.0000557277 
0.0002511818 0.0000912103 0.0000557404 
0.0002512375 0.0000912460 0.0000557537 
0.0002512925 0.0000912819 0.0000557674 
0.0002513468 0.0000913181 0.0000557815 
0.0002514003 0.0000913544 0.0000557960 
0.0002514531 0.0000913910 0.0000558110 
0.0002515053 0.0000914277 0.0000558263 
0.0002515568 0.0000914645 0.0000558420 
0.0002516077 0.0000915015 0.0000558580 
0.0002516579 0.0000915385 0.0000558744 
0.0002517076 0.0000915757 0.0000558911 
0.0002517567 0.0000916130 0.0000559080 
0.0002518052 0.0000916504 0.0000559253 
0.0002518532 0.0000916879 0.0000559428 
0.0002519006 0.0000917254 0.0000559606 
0.0002519476 0.0000917630 0.0000559787 
0.0002519940 0.0000918008 0.0000559971 
0.0002520399 0.0000918386 0.0000560157 
0.0002520852 0.0000918766 0.0000560347 
0.0002521301 0.0000919147 0.0000560539 
0.0002521744 0.0000919530 0.0000560735 
0.0002522182 0.0000919914 0.0000560933 
0.0002522615 0.0000920300 0.0000561135 
0.0002523042 0.0000920687 0.0000561339 
0.0002523465 0.0000921076 0.0000561546 
0.0002523883 0.0000921465 0.0000561756 
0.0002524296 0.0000921856 0.0000561969 
0.0002524705 0.0000922248 0.0000562184 
0.0002525108 0.0000922642 0.0000562402 
0.0002525504 0.0000923038 0.0000562624 
0.0002525890 0.0000923440 0.0000562854 
0.0002526262 0.0000923849 0.0000563094 
0.0002526617 0.0000924270 0.0000563347 
0.0002526949 0.0000924706 0.0000563618 
0.0002527255 0.0000925161 0.0000563910 
0.0002527531 0.0000925639 0.0000564227 
0.0002527772 0.0000926145 0.0000564574 
0.0002527974 0.0000926684 0.0000564956 
0.0002528135 0.0000927261 0.0000565375 
0.0002528252 0.0000927877 0.0000565835 
0.0002528324 0.0000928536 0.0000566337 
0.0002528350 0.0000929238 0.0000566882 
0.0002528331 0.0000929986 0.0000567470 
0.0002528267 0.0000930777 0.0000568102 
0.0002528158 0.0000931612 0.0000568776 
0.0002528008 0.0000932489 0.0000569491 
0.0002527816 0.0000933407 0.0000570245 
0.0002527586 0.0000934362 0.0000571035 
0.0002527322 0.0000935352 0.0000571859 
0.0002527000 0.0000936366 0.0000572707 
0.0002526626 0.0000937403 0.0000573577 
0.0002526214 0.0000938461 0.0000574470 
0.0002525777 0.0000939541 0.0000575383 
0.0002525322 0.0000940640 0.0000576318 
0.0002524854 0.0000941758 0.0000577273 
0.0002524377 0.0000942893 0.0000578245 
0.0002523893 0.0000944041 0.0000579233 
0.0002523404 0.0000945203 0.0000580235 
0.0002522911 0.0000946374 0.0000581249 
0.0002522415 0.0000947554 0.0000582273 
0.0002521918 0.0000948740 0.0000583305 
0.0002521421 0.0000949930 0.0000584343 
0.0002520924 0.0000951121 0.0000585385 
0.0002520429 0.0000952312 0.0000586428 
0.0002519937 0.0000953498 0.0000587467 
0.0002519452 0.0000954674 0.0000588500 
0.0002518976 0.0000955835 0.0000589521 
0.0002518510 0.0000956978 0.0000590527 
0.0002518055 0.0000958101 0.0000591518 
0.0002517613 0.0000959201 0.0000592491 
0.0002517183 0.0000960280 0.0000593446 
0.0002516766 0.0000961336 0.0000594384 
0.0002516361 0.0000962371 0.0000595305 
0.0002515968 0.0000963386 0.0000596209 
0.0002515587 0.0000964380 0.0000597097 
0.0002515217 0.0000965356 0.0000597970 
0.0002514858 0.0000966313 0.0000598827 
0.0002514510 0.0000967252 0.0000599670 
0.0002514173 0.0000968174 0.0000600499 
0.0002513847 0.0000969078 0.0000601312 
0.0002513531 0.0000969963 0.0000602109 
0.0002513227 0.0000970828 0.0000602890 
0.0002512935 0.0000971672 0.0000603652 
0.0002512655 0.0000972494 0.0000604396 
0.0002512387 0.0000973294 0.0000605121 
0.0002512131 0.0000974071 0.0000605828 
0.0002511886 0.0000974828 0.0000606516 
0.0002511653 0.0000975563 0.0000607188 
0.0002511431 0.0000976278 0.0000607842 
0.0002511219 0.0000976973 0.0000608480 
0.0002511017 0.0000977649 0.0000609102 
0.0002510825 0.0000978307 0.0000609708 
0.0002510642 0.0000978947 0.0000610300 
0.0002510469 0.0000979569 0.0000610878 
0.0002510304 0.0000980174 0.0000611440 
0.0002510148 0.0000980762 0.0000611989 
0.0002510001 0.0000981332 0.0000612523 
0.0002509863 0.0000981885 0.0000613042 
0.0002509734 0.0000982420 0.0000613547 
0.0002509613 0.0000982938 0.0000614037 
0.0002509501 0.0000983437 0.0000614512 
0.0002509398 0.0000983920 0.0000614973 
0.0002509304 0.0000984385 0.0000615420 
0.0002509218 0.0000984832 0.0000615853 
0.0002509141 0.0000985263 0.0000616271 
0.0002509072 0.0000985677 0.0000616676 
0.0002509011 0.0000986074 0.0000617066 
0.0002508960 0.0000986455 0.0000617443 
0.0002508916 0.0000986819 0.0000617807 
0.0002508882 0.0000987167 0.0000618156 
0.0002508856 0.0000987498 0.0000618493 
0.0002508838 0.0000987813 0.0000618815 
0.0002508830 0.0000988112 0.0000619125 
0.0002508830 0.0000988395 0.0000619421 
0.0002508839 0.0000988662 0.0000619704 
0.0002508857 0.0000988914 0.0000619973 
0.0002508885 0.0000989149 0.0000620229 
0.0002508921 0.0000989369 0.0000620473 
0.0002508967 0.0000989574 0.0000620703 
0.0002509022 0.0000989763 0.0000620920 
0.0002509087 0.0000989937 0.0000621124 
0.0002509161 0.0000990095 0.0000621316 
0.0002509245 0.0000990239 0.0000621494 
0.0002509339 0.0000990368 0.0000621660 
0.0002509443 0.0000990481 0.0000621813 
0.0002509557 0.0000990580 0.0000621953 
0.0002509680 0.0000990665 0.0000622081 
0.0002509814 0.0000990734 0.0000622196 
0.0002509959 0.0000990790 0.0000622299 
0.0002510114 0.0000990831 0.0000622389 
0.0002510279 0.0000990859 0.0000622467 
0.0002510454 0.0000990873 0.0000622533 
0.0002510640 0.0000990873 0.0000622587 
0.0002510837 0.0000990860 0.0000622629 
0.0002511044 0.0000990833 0.0000622660 
0.0002511262 0.0000990793 0.0000622678 
0.0002511491 0.0000990741 0.0000622685 
0.0002511731 0.0000990675 0.0000622680 
0.0002511982 0.0000990596 0.0000622663 
0.0002512245 0.0000990504 0.0000622634 
0.0002512518 0.0000990399 0.0000622594 
0.0002512803 0.0000990282 0.0000622542 
0.0002513099 0.0000990153 0.0000622479 
0.0002513406 0.0000990012 0.0000622405 
0.0002513724 0.0000989859 0.0000622319 
0.0002514054 0.0000989692 0.0000622221 
0.0002514397 0.0000989513 0.0000622110 
0.0002514753 0.0000989320 0.0000621986 
0.0002515123 0.0000989110 0.0000621845 
0.0002515509 0.0000988882 0.0000621686 
0.0002515912 0.0000988632 0.0000621505 
0.0002516335 0.0000988357 0.0000621300 
0.0002516778 0.0000988056 0.0000621070 
0.0002517241 0.0000987728 0.0000620813 
0.0002517723 0.0000987373 0.0000620532 
0.0002518222 0.0000986994 0.0000620226 
0.0002518739 0.0000986590 0.0000619896 
0.0002519271 0.0000986165 0.0000619545 
0.0002519819 0.0000985719 0.0000619174 
0.0002520381 0.0000985257 0.0000618785 
0.0002520957 0.0000984780 0.0000618382 
0.0002521545 0.0000984290 0.0000617965 
0.0002522145 0.0000983791 0.0000617538 
0.0002522756 0.0000983284 0.0000617101 
0.0002523378 0.0000982770 0.0000616656 
0.0002524009 0.0000982251 0.0000616205 
0.0002524650 0.0000981729 0.0000615749 
0.0002525299 0.0000981204 0.0000615289 
0.0002525957 0.0000980678 0.0000614825 
0.0002526621 0.0000980151 0.0000614360 
0.0002527293 0.0000979624 0.0000613892 
0.0002527970 0.0000979097 0.0000613424 
0.0002528654 0.0000978571 0.0000612955 
0.0002529343 0.0000978046 0.0000612485 
0.0002530036 0.0000977523 0.0000612016 
0.0002530734 0.0000977001 0.0000611547 
0.0002531436 0.0000976480 0.0000611079 
0.0002532141 0.0000975962 0.0000610612 
0.0002532850 0.0000975445 0.0000610145 
0.0002533561 0.0000974930 0.0000609680 
0.0002534275 0.0000974418 0.0000609216 
0.0002534991 0.0000973907 0.0000608754 
0.0002535709 0.0000973398 0.0000608291 
0.0002536430 0.0000972889 0.0000607826 
0.0002537155 0.0000972376 0.0000607357 
0.0002537884 0.0000971858 0.0000606883 
0.0002538619 0.0000971333 0.0000606402 
0.0002539359 0.0000970801 0.0000605914 
0.0002540103 0.0000970264 0.0000605421 
0.0002540852 0.0000969720 0.0000604922 
0.0002541605 0.0000969173 0.0000604420 
0.0002542362 0.0000968622 0.0000603915 
0.0002543122 0.0000968069 0.0000603408 
0.0002543885 0.0000967516 0.0000602900 
0.0002544650 0.0000966962 0.0000602392 
0.0002545417 0.0000966409 0.0000601885 
0.0002546186 0.0000965858 0.0000601379 
0.0002546956 0.0000965310 0.0000600874 
0.0002547728 0.0000964761 0.0000600367 
0.0002548502 0.0000964212 0.0000599859 
0.0002549280 0.0000963659 0.0000599346 
0.0002550061 0.0000963102 0.0000598829 
0.0002550846 0.0000962540 0.0000598307 
0.0002551635 0.0000961973 0.0000597780 
0.0002552427 0.0000961402 0.0000597249 
0.0002553223 0.0000960829 0.0000596716 
0.0002554022 0.0000960253 0.0000596180 
0.0002554823 0.0000959677 0.0000595644 
0.0002555626 0.0000959101 0.0000595109 
0.0002556430 0.0000958527 0.0000594575 
0.0002557236 0.0000957956 0.0000594043 
0.0002558042 0.0000957388 0.0000593512 
0.0002558849 0.0000956821 0.0000592983 
0.0002559657 0.0000956256 0.0000592454 
0.0002560468 0.0000955691 0.0000591925 
0.0002561279 0.0000955127 0.0000591396 
0.0002562092 0.0000954564 0.0000590867 
0.0002562907 0.0000954001 0.0000590339 
0.0002563722 0.0000953440 0.0000589812 
0.0002564539 0.0000952881 0.0000589287 
0.0002565356 0.0000952324 0.0000588764 
0.0002566173 0.0000951770 0.0000588244 
0.0002566991 0.0000951221 0.0000587728 
0.0002567808 0.0000950675 0.0000587215 
0.0002568625 0.0000950133 0.0000586706 
0.0002569442 0.0000949596 0.0000586202 
0.0002570258 0.0000949065 0.0000585702 
0.0002571073 0.0000948538 0.0000585207 
0.0002571886 0.0000948016 0.0000584716 
0.0002572699 0.0000947500 0.0000584229 
0.0002573510 0.0000946988 0.0000583745 
0.0002574321 0.0000946478 0.0000583263 
0.0002575132 0.0000945969 0.0000582780 
0.0002575944 0.0000945459 0.0000582297 
0.0002576757 0.0000944948 0.0000581812 
0.0002577571 0.0000944436 0.0000581326 
0.0002578386 0.0000943924 0.0000580840 
0.0002579203 0.0000943411 0.0000580353 
0.0002580020 0.0000942899 0.0000579867 
0.0002580837 0.0000942388 0.0000579382 
0.0002581654 0.0000941879 0.0000578898 
0.0002582472 0.0000941372 0.0000578416 
0.0002583290 0.0000940867 0.0000577935 
0.0002584109 0.0000940363 0.0000577454 
0.0002584928 0.0000939861 0.0000576975 
0.0002585748 0.0000939359 0.0000576496 
0.0002586569 0.0000938860 0.0000576018 
0.0002587390 0.0000938362 0.0000575542 
0.0002588212 0.0000937866 0.0000575067 
0.0002589034 0.0000937373 0.0000574595 
0.0002589857 0.0000936884 0.0000574126 
0.0002590679 0.0000936398 0.0000573659 
0.0002591501 0.0000935916 0.0000573196 
0.0002592322 0.0000935438 0.0000572737 
0.0002593144 0.0000934964 0.0000572281 
0.0002593964 0.0000934495 0.0000571828 
0.0002594784 0.0000934030 0.0000571379 
0.0002595603 0.0000933569 0.0000570933 
0.0002596421 0.0000933113 0.0000570490 
0.0002597238 0.0000932660 0.0000570049 
0.0002598055 0.0000932208 0.0000569608 
0.0002598871 0.0000931758 0.0000569166 
0.0002599688 0.0000931306 0.0000568722 
0.0002600505 0.0000930853 0.0000568274 
0.0002601325 0.0000930396 0.0000567821 
0.0002602146 0.0000929935 0.0000567364 
0.0002602970 0.0000929469 0.0000566901 
0.0002603797 0.0000929000 0.0000566434 
0.0002604625 0.0000928527 0.0000565963 
0.0002605456 0.0000928051 0.0000565487 
0.0002606289 0.0000927572 0.0000565009 
0.0002607124 0.0000927093 0.0000564529 
0.0002607961 0.0000926613 0.0000564047 
0.0002608800 0.0000926133 0.0000563565 
0.0002609639 0.0000925655 0.0000563083 
0.0002610480 0.0000925178 0.0000562602 
0.0002611321 0.0000924705 0.0000562123 
0.0002612163 0.0000924234 0.0000561646 
0.0002613005 0.0000923768 0.0000561172 
0.0002613847 0.0000923306 0.0000560701 
0.0002614689 0.0000922848 0.0000560233 
0.0002615530 0.0000922395 0.0000559769 
0.0002616371 0.0000921947 0.0000559309 
0.0002617212 0.0000921505 0.0000558853 
0.0002618051 0.0000921068 0.0000558401 
0.0002618890 0.0000920636 0.0000557953 
0.0002619727 0.0000920210 0.0000557510 
0.0002620563 0.0000919789 0.0000557072 
0.0002621398 0.0000919374 0.0000556638 
0.0002622231 0.0000918964 0.0000556208 
0.0002623063 0.0000918560 0.0000555784 
0.0002623894 0.0000918161 0.0000555363 
0.0002624722 0.0000917768 0.0000554948 
0.0002625549 0.0000917380 0.0000554536 
0.0002626374 0.0000916998 0.0000554129 
0.0002627196 0.0000916620 0.0000553726 
0.0002628017 0.0000916247 0.0000553325 
0.0002628836 0.0000915877 0.0000552927 
0.0002629654 0.0000915509 0.0000552531 
0.0002630471 0.0000915144 0.0000552135 
0.0002631287 0.0000914780 0.0000551741 
0.0002632102 0.0000914419 0.0000551348 
0.0002632917 0.0000914058 0.0000550955 
0.0002633731 0.0000913700 0.0000550564 
0.0002634543 0.0000913344 0.0000550175 
0.0002635355 0.0000912991 0.0000549786 
0.0002636165 0.0000912640 0.0000549399 
0.0002636974 0.0000912291 0.0000549013 
0.0002637782 0.0000911943 0.0000548626 
0.0002638589 0.0000911597 0.0000548239 
0.0002639395 0.0000911251 0.0000547850 
0.0002640201 0.0000910903 0.0000547459 
0.0002641008 0.0000910555 0.0000547065 
0.0002641815 0.0000910204 0.0000546668 
0.0002642622 0.0000909852 0.0000546268 
0.0002643431 0.0000909498 0.0000545866 
0.0002644240 0.0000909144 0.0000545463 
0.0002645049 0.0000908789 0.0000545058 
0.0002645859 0.0000908435 0.0000544652 
0.0002646669 0.0000908081 0.0000544246 
0.0002647478 0.0000907730 0.0000543841 
0.0002648288 0.0000907380 0.0000543437 
0.0002649097 0.0000907033 0.0000543035 
0.0002649905 0.0000906690 0.0000542634 
0.0002650712 0.0000906351 0.0000542237 
0.0002651518 0.0000906015 0.0000541842 
0.0002652321 0.0000905686 0.0000541451 
0.0002653119 0.0000905364 0.0000541064 
0.0002653914 0.0000905047 0.0000540678 
0.0002654705 0.0000904733 0.0000540290 
0.0002655495 0.0000904418 0.0000539899 
0.0002656284 0.0000904100 0.0000539501 
0.0002657074 0.0000903776 0.0000539097 
0.0002657865 0.0000903448 0.0000538685 
0.0002658657 0.0000903113 0.0000538266 
0.0002659450 0.0000902774 0.0000537841 
0.0002660244 0.0000902430 0.0000537410 
0.0002661039 0.0000902083 0.0000536975 
0.0002661834 0.0000901734 0.0000536537 
0.0002662629 0.0000901386 0.0000536098 
0.0002663424 0.0000901038 0.0000535659 
0.0002664218 0.0000900692 0.0000535222 
0.0002665011 0.0000900350 0.0000534786 
0.0002665802 0.0000900012 0.0000534353 
0.0002666592 0.0000899679 0.0000533925 
0.0002667379 0.0000899351 0.0000533501 
0.0002668164 0.0000899030 0.0000533082 
0.0002668947 0.0000898716 0.0000532669 
0.0002669726 0.0000898408 0.0000532262 
0.0002670503 0.0000898108 0.0000531861 
0.0002671276 0.0000897815 0.0000531468 
0.0002672045 0.0000897530 0.0000531081 
0.0002672811 0.0000897253 0.0000530701 
0.0002673573 0.0000896983 0.0000530328 
0.0002674331 0.0000896721 0.0000529962 
0.0002675085 0.0000896466 0.0000529604 
0.0002675835 0.0000896219 0.0000529253 
0.0002676581 0.0000895979 0.0000528908 
0.0002677322 0.0000895747 0.0000528571 
0.0002678058 0.0000895522 0.0000528241 
0.0002678790 0.0000895305 0.0000527917 
0.0002679516 0.0000895094 0.0000527600 
0.0002680238 0.0000894889 0.0000527287 
0.0002680956 0.0000894689 0.0000526979 
0.0002681669 0.0000894494 0.0000526675 
0.0002682380 0.0000894302 0.0000526375 
0.0002683087 0.0000894113 0.0000526079 
0.0002683790 0.0000893928 0.0000525786 
0.0002684490 0.0000893747 0.0000525497 
0.0002685187 0.0000893570 0.0000525213 
0.0002685880 0.0000893398 0.0000524933 
0.0002686569 0.0000893230 0.0000524658 
0.0002687254 0.0000893066 0.0000524388 
0.0002687935 0.0000892908 0.0000524124 
0.0002688612 0.0000892755 0.0000523864 
0.0002689285 0.0000892607 0.0000523610 
0.0002689952 0.0000892466 0.0000523361 
0.0002690615 0.0000892329 0.0000523116 
0.0002691272 0.0000892198 0.0000522875 
0.0002691926 0.0000892069 0.0000522636 
0.0002692577 0.0000891942 0.0000522399 
0.0002693224 0.0000891817 0.0000522162 
0.0002693869 0.0000891693 0.0000521927 
0.0002694512 0.0000891569 0.0000521691 
0.0002695152 0.0000891446 0.0000521456 
0.0002695790 0.0000891324 0.0000521223 
0.0002696425 0.0000891204 0.0000520990 
0.0002697058 0.0000891085 0.0000520759 
0.0002697689 0.0000890968 0.0000520530 
0.0002698316 0.0000890853 0.0000520304 
0.0002698941 0.0000890742 0.0000520081 
0.0002699563 0.0000890634 0.0000519861 
0.0002700181 0.0000890530 0.0000519644 
0.0002700796 0.0000890429 0.0000519431 
0.0002701408 0.0000890333 0.0000519222 
0.0002702016 0.0000890240 0.0000519017 
0.0002702620 0.0000890152 0.0000518816 
0.0002703222 0.0000890068 0.0000518620 
0.0002703819 0.0000889989 0.0000518427 
0.0002704413 0.0000889914 0.0000518238 
0.0002705003 0.0000889843 0.0000518054 
0.0002705589 0.0000889777 0.0000517873 
0.0002706171 0.0000889715 0.0000517696 
0.0002706748 0.0000889658 0.0000517523 
0.0002707321 0.0000889605 0.0000517354 
0.0002707889 0.0000889557 0.0000517186 
0.0002708453 0.0000889511 0.0000517019 
0.0002709014 0.0000889465 0.0000516851 
0.0002709573 0.0000889419 0.0000516681 
0.0002710130 0.0000889372 0.0000516509 
0.0002710686 0.0000889322 0.0000516333 
0.0002711241 0.0000889270 0.0000516155 
0.0002711794 0.0000889216 0.0000515974 
0.0002712347 0.0000889160 0.0000515792 
0.0002712898 0.0000889104 0.0000515608 
0.0002713447 0.0000889048 0.0000515423 
0.0002713994 0.0000888993 0.0000515239 
0.0002714539 0.0000888938 0.0000515055 
0.0002715081 0.0000888885 0.0000514871 
0.0002715621 0.0000888833 0.0000514688 
0.0002716158 0.0000888783 0.0000514507 
0.0002716693 0.0000888734 0.0000514327 
0.0002717226 0.0000888689 0.0000514148 
0.0002717755 0.0000888645 0.0000513973 
0.0002718282 0.0000888605 0.0000513800 
0.0002718805 0.0000888568 0.0000513629 
0.0002719325 0.0000888535 0.0000513463 
0.0002719325 0.0000888535 0.0000513463 
0.0002719325 0.0000888535 0.0000513463 
0.0002719325 0.0000888535 0.0000513463 
0.0002719325 0.0000888535 0.0000513463 
0.0002719325 0.0000888535 0.0000513463 
0.0002719325 0.0000888535 0.0000513463 
0.0002719325 0.0000888535 0.0000513463 
0.0002719325 0.0000888535 0.0000513463 
0.0002719325 0.0000888535 0.0000513463 
0.0002719325 0.0000888535 0.0000513463 
0.0002719325 0.0000888535 0.0000513463 
0.0002719325 0.0000888535 0.0000513463 
0.0002719325 0.0000888535 0.0000513463 
0.0002719325 0.0000888535 0.0000513463 
0.0002719325 0.0000888535 0.0000513463 
0.0002719325 0.0000888535 0.0000513463 
0.0002719325 0.0000888535 0.0000513463 
0.0002719325 0.0000888535 0.0000513463 
0.0002719325 0.0000888535 0.0000513463 
0.0002719325 0.0000888535 0.0000513463 
0.0002719325 0.0000888535 0.0000513463 
0.0002719325 0.0000888535 0.0000513463 
0.0002719325 0.0000888535 0.0000513463 
0.0002719325 0.0000888535 0.0000513463 
0.0002719325 0.0000888535 0.0000513463 
0.0002719325 0.0000888535 0.0000513463 
0.0002719325 0.0000888535 0.0000513463 
0.0002719325 0.0000888535 0.0000513463 
0.0002719325 0.0000888535 0.0000513463 
0.0002719325 0.0000888535 0.0000513463 
0.0002719325 0.0000888535 0.0000513463 
0.0002719325 0.0000888535 0.0000513463 
0.0002719325 0.0000888535 0.0000513463 
0.0002719325 0.0000888535 0.0000513463 
0.0002719325 0.0000888535 0.0000513463 
0.0002719325 0.0000888535 0.0000513463 
0.0002719325 0.0000888535 0.0000513463 
0.0002719325 0.0000888535 0.0000513463 
0.0002719325 0.0000888535 0.0000513463 
0.0002719325 0.0000888535 0.0000513463 
0.0002719325 0.0000888535 0.0000513463 
0.0002719325 0.0000888535 0.0000513463 
0.0002719325 0.0000888535 0.0000513463 
0.0002719325 0.0000888535 0.0000513463 
0.0002719325 0.0000888535 0.0000513463 
0.0002719325 0.0000888535 0.0000513463 
0.0002719325 0.0000888535 0.0000513463 
0.0002719325 0.0000888535 0.0000513463 
0.0002719325 0.0000888535 0.0000513463 
0.0002719325 0.0000888535 0.0000513463 
0.0002719325 0.0000888535 0.0000513463 
0.0002719325 0.0000888535 0.0000513463 
0.0002719325 0.0000888535 0.0000513463 
0.0002719325 0.0000888535 0.0000513463 
0.0002719325 0.0000888535 0.0000513463 
0.0002719325 0.0000888535 0.0000513463 
0.0002719325 0.0000888535 0.0000513463 
0.0002719325 0.0000888535 0.0000513463 
0.0002719325 0.0000888535 0.0000513463 
0.0002719325 0.0000888535 0.0000513463 
0.0002719325 0.0000888535 0.0000513463 
0.0002719325 0.0000888535 0.0000513463 
0.0002719325 0.0000888535 0.0000513463 
0.0002719325 0.0000888535 0.0000513463 
0.0002719325 0.0000888535 0.0000513463 
0.0002719325 0.0000888535 0.0000513463 
0.0002719325 0.0000888535 0.0000513463 
0.0002719325 0.0000888535 0.0000513463 
0.0002719325 0.0000888535 0.0000513463 
0.0002719325 0.0000888535 0.0000513463 
0.0002719325 0.0000888535 0.0000513463 
0.0002719325 0.0000888535 0.0000513463 
0.0002719325 0.0000888535 0.0000513463 
0.0002719325 0.0000888535 0.0000513463 
0.0002719325 0.0000888535 0.0000513463 
0.0002719325 0.0000888535 0.0000513463 
0.0002719325 0.0000888535 0.0000513463 
0.0002719325 0.0000888535 0.0000513463 
0.0002719325 0.0000888535 0.0000513463 
0.0002719325 0.0000888535 0.0000513463 
0.0002719325 0.0000888535 0.0000513463 
0.0002719325 0.0000888535 0.0000513463 
0.0002719325 0.0000888535 0.0000513463 
0.0002719325 0.0000888535 0.0000513463 
0.0002719325 0.0000888535 0.0000513463 
0.0002719325 0.0000888535 0.0000513463 
0.0002719325 0.0000888535 0.0000513463 
0.0002719325 0.0000888535 0.0000513463 
0.0002719325 0.0000888535 0.0000513463 
0.0002719325 0.0000888535 0.0000513463 
0.0002719325 0.0000888535 0.0000513463 
0.0002719325 0.0000888535 0.0000513463 
0.0002719325 0.0000888535 0.0000513463 
0.0002719325 0.0000888535 0.0000513463 
0.0002719325 0.0000888535 0.0000513463 
0.0002719325 0.0000888535 0.0000513463 
0.0002719325 0.0000888535 0.0000513463 
0.0002719325 0.0000888535 0.0000513463 
0.0002719325 0.0000888535 0.0000513463 
0.0002719325 0.0000888535 0.0000513463 
0.0002719325 0.0000888535 0.0000513463 
0.0002719325 0.0000888535 0.0000513463 
0.0002719325 0.0000888535 0.0000513463 
0.0002719325 0.0000888535 0.0000513463 
0.0002719325 0.0000888535 0.0000513463 
0.0002719325 0.0000888535 0.0000513463 
0.0002719325 0.0000888535 0.0000513463 
0.0002719325 0.0000888535 0.0000513463 
0.0002719325 0.0000888535 0.0000513463 
0.0002719325 0.0000888535 0.0000513463 
0.0002719325 0.0000888535 0.0000513463 
0.0002719325 0.0000888535 0.0000513463 
0.0002719325 0.0000888535 0.0000513463 
0.0002719325 0.0000888535 0.0000513463 
0.0002719325 0.0000888535 0.0000513463 
0.0002719325 0.0000888535 0.0000513463 
0.0002719325 0.0000888535 0.0000513463 
0.0002719325 0.0000888535 0.0000513463 
0.0002719325 0.0000888535 0.0000513463 
0.0002719325 0.0000888535 0.0000513463 
0.0002719325 0.0000888535 0.0000513463 
0.0002719325 0.0000888535 0.0000513463 
0.0002719325 0.0000888535 0.0000513463 
0.0002719325 0.0000888535 0.0000513463 
0.0002719325 0.0000888535 0.0000513463 
0.0002719325 0.0000888535 0.0000513463 
0.0002719325 0.0000888535 0.0000513463 
0.0002719325 0.0000888535 0.0000513463 
0.0002719325 0.0000888535 0.0000513463 
0.0002719325 0.0000888535 0.0000513463 
0.0002719325 0.0000888535 0.0000513463 
0.0002719325 0.0000888535 0.0000513463 
0.0002719325 0.0000888535 0.0000513463 
0.0002719325 0.0000888535 0.0000513463 
0.0002719325 0.0000888535 0.0000513463 
0.0002719325 0.0000888535 0.0000513463 
0.0002719325 0.0000888535 0.0000513463 
0.0002719325 0.0000888535 0.0000513463 
0.0002719325 0.0000888535 0.0000513463 
0.0002719325 0.0000888535 0.0000513463 
0.0002719325 0.0000888535 0.0000513463 
0.0002719325 0.0000888535 0.0000513463 
0.0002719325 0.0000888535 0.0000513463 
0.0002719325 0.0000888535 0.0000513463 
0.0002719325 0.0000888535 0.0000513463 
0.0002719325 0.0000888535 0.0000513463 
0.0002719325 0.0000888535 0.0000513463 
0.0002719325 0.0000888535 0.0000513463 
0.0002719325 0.0000888535 0.0000513463 
0.0002719325 0.0000888535 0.0000513463 
0.0002719325 0.0000888535 0.0000513463 
0.0002719325 0.0000888535 0.0000513463 
0.0002719325 0.0000888535 0.0000513463 
0.0002719325 0.0000888535 0.0000513463 
0.0002719325 0.0000888535 0.0000513463 
0.0002719325 0.0000888535 0.0000513463 
0.0002719325 0.0000888535 0.0000513463 
0.0002719325 0.0000888535 0.0000513463 
0.0002719325 0.0000888535 0.0000513463 
0.0002719325 0.0000888535 0.0000513463 
0.0002719325 0.0000888535 0.0000513463 
0.0002719325 0.0000888535 0.0000513463 
0.0002719325 0.0000888535 0.0000513463 
0.0002719325 0.0000888535 0.0000513463 
0.0002719325 0.0000888535 0.0000513463 
0.0002719325 0.0000888535 0.0000513463 
0.0002719325 0.0000888535 0.0000513463 
0.0002719325 0.0000888535 0.0000513463 
0.0002719325 0.0000888535 0.0000513463 
0.0002719325 0.0000888535 0.0000513463 
0.0002719325 0.0000888535 0.0000513463 
0.0002719325 0.0000888535 0.0000513463 
0.0002719325 0.0000888535 0.0000513463 
0.0002719325 0.0000888535 0.0000513463 
0.0002719325 0.0000888535 0.0000513463 
0.0002719325 0.0000888535 0.0000513463 
0.0002719325 0.0000888535 0.0000513463 
0.0002719325 0.0000888535 0.0000513463 
0.0002719325 0.0000888535 0.0000513463 
0.0002719325 0.0000888535 0.0000513463 
0.0002719325 0.0000888535 0.0000513463 
0.0002719325 0.0000888535 0.0000513463 
0.0002719325 0.0000888535 0.0000513463 
0.0002719325 0.0000888535 0.0000513463 
0.0002719325 0.0000888535 0.0000513463 
0.0002719325 0.0000888535 0.0000513463 
0.0002719325 0.0000888535 0.0000513463 
0.0002719325 0.0000888535 0.0000513463 
0.0002719325 0.0000888535 0.0000513463 
0.0002719325 0.0000888535 0.0000513463 
0.0002719325 0.0000888535 0.0000513463 
0.0002719325 0.0000888535 0.0000513463 
0.0002719325 0.0000888535 0.0000513463 
0.0002719325 0.0000888535 0.0000513463 
0.0002719325 0.0000888535 0.0000513463 
0.0002719325 0.0000888535 0.0000513463 
0.0002719325 0.0000888535 0.0000513463 
0.0002719325 0.0000888535 0.0000513463 
0.0002719325 0.0000888535 0.0000513463 
0.0002719325 0.0000888535 0.0000513463 
0.0002719325 0.0000888535 0.0000513463 
0.0002719325 0.0000888535 0.0000513463 
0.0002719325 0.0000888535 0.0000513463 
0.0002719325 0.0000888535 0.0000513463 
0.0002719325 0.0000888535 0.0000513463 
0.0002719325 0.0000888535 0.0000513463 
0.0002719325 0.0000888535 0.0000513463 
0.0002719325 0.0000888535 0.0000513463 
0.0002719325 0.0000888535 0.0000513463 
0.0002719325 0.0000888535 0.0000513463 
0.0002719325 0.0000888535 0.0000513463 
0.0002719325 0.0000888535 0.0000513463 
0.0002719325 0.0000888535 0.0000513463 
0.0002719325 0.0000888535 0.0000513463 
0.0002719325 0.0000888535 0.0000513463 
0.0002719325 0.0000888535 0.0000513463 
0.0002719325 0.0000888535 0.0000513463 
0.0002719325 0.0000888535 0.0000513463 
0.0002719325 0.0000888535 0.0000513463 
0.0002719325 0.0000888535 0.0000513463 
0.0002719325 0.0000888535 0.0000513463 
0.0002719325 0.0000888535 0.0000513463 
0.0002719325 0.0000888535 0.0000513463 
0.0002719325 0.0000888535 0.0000513463 
0.0002719325 0.0000888535 0.0000513463 
0.0002719325 0.0000888535 0.0000513463 
0.0002719325 0.0000888535 0.0000513463 
0.0002719325 0.0000888535 0.0000513463 
0.0002719325 0.0000888535 0.0000513463 
0.0002719325 0.0000888535 0.0000513463 
0.0002719325 0.0000888535 0.0000513463 
0.0002719325 0.0000888535 0.0000513463 
0.0002719325 0.0000888535 0.0000513463 
0.0002719325 0.0000888535 0.0000513463 
0.0002719325 0.0000888535 0.0000513463 
0.0002719325 0.0000888535 0.0000513463 
0.0002719325 0.0000888535 0.0000513463 
0.0002719325 0.0000888535 0.0000513463 
0.0002719325 0.0000888535 0.0000513463 
0.0002719325 0.0000888535 0.0000513463 
0.0002719325 0.0000888535 0.0000513463 
0.0002719325 0.0000888535 0.0000513463 
0.0002719325 0.0000888535 0.0000513463 
0.0002719325 0.0000888535 0.0000513463 
0.0002719325 0.0000888535 0.0000513463 
0.0002719325 0.0000888535 0.0000513463 
0.0002719325 0.0000888535 0.0000513463 
0.0002719325 0.0000888535 0.0000513463 
0.0002719325 0.0000888535 0.0000513463 
0.0002719325 0.0000888535 0.0000513463 
0.0002719325 0.0000888535 0.0000513463 
0.0002719325 0.0000888535 0.0000513463 
0.0002719325 0.0000888535 0.0000513463 
0.0002719325 0.0000888535 0.0000513463 
0.0002719325 0.0000888535 0.0000513463 
0.0002719325 0.0000888535 0.0000513463 
0.0002719325 0.0000888535 0.0000513463 
0.0002719325 0.0000888535 0.0000513463 
0.0002719325 0.0000888535 0.0000513463 
