0.0000629954 0.0000959401 0.0002961799 
0.0000654617 0.0000976411 0.0002901928 
0.0000679220 0.0000992421 0.0002844181 
0.0000704057 0.0001007710 0.0002787761 
0.0000729277 0.0001022450 0.0002732097 
0.0000754947 0.0001036766 0.0002676773 
0.0000781083 0.0001050778 0.0002621497 
0.0000807642 0.0001064590 0.0002566098 
0.0000834512 0.0001078291 0.0002510529 
0.0000861544 0.0001091940 0.0002454956 
0.0000888569 0.0001105709 0.0002399441 
0.0000915223 0.0001119833 0.0002344289 
0.0000941351 0.0001134499 0.0002289669 
0.0000966840 0.0001149675 0.0002235804 
0.0000991708 0.0001165243 0.0002182778 
0.0001015698 0.0001181478 0.0002130883 
0.0001038707 0.0001198311 0.0002080252 
0.0001060680 0.0001215625 0.0002030991 
0.0001081557 0.0001233197 0.0001983211 
0.0001101342 0.0001250908 0.0001937024 
0.0001120169 0.0001268626 0.0001892407 
0.0001138149 0.0001286176 0.0001849289 
0.0001155331 0.0001303412 0.0001807713 
0.0001171700 0.0001320349 0.0001767621 
0.0001187331 0.0001336863 0.0001728965 
0.0001202263 0.0001352932 0.0001691689 
0.0001216695 0.0001368261 0.0001655665 
0.0001230539 0.0001382772 0.0001620932 
0.0001243888 0.0001395827 0.0001587585 
0.0001257118 0.0001405912 0.0001555762 
0.0001257118 0.0001405912 0.0001555762 
0.0001257118 0.0001405912 0.0001555762 
0.0001257118 0.0001405912 0.0001555762 
0.0001257118 0.0001405912 0.0001555762 
0.0001257118 0.0001405912 0.0001555762 
0.0001257118 0.0001405912 0.0001555762 
0.0001271869 0.0001392033 0.0001523692 
0.0001285392 0.0001377336 0.0001494616 
0.0001297685 0.0001364964 0.0001468042 
0.0001309257 0.0001355053 0.0001442979 
0.0001320157 0.0001347454 0.0001419061 
0.0001330688 0.0001341532 0.0001395974 
0.0001340961 0.0001336775 0.0001373646 
0.0001351154 0.0001332730 0.0001351986 
0.0001361315 0.0001329109 0.0001330938 
0.0001371547 0.0001325613 0.0001310475 
0.0001381836 0.0001322014 0.0001290586 
0.0001392068 0.0001318305 0.0001271319 
0.0001402321 0.0001314341 0.0001252587 
0.0001412508 0.0001310240 0.0001234418 
0.0001422675 0.0001306033 0.0001216781 
0.0001432715 0.0001301868 0.0001199740 
0.0001442537 0.0001297839 0.0001183353 
0.0001452125 0.0001293989 0.0001167621 
0.0001461436 0.0001290375 0.0001152564 
0.0001470598 0.0001286936 0.0001138127 
0.0001479688 0.0001283626 0.0001124251 
0.0001488578 0.0001280446 0.0001110983 
0.0001497279 0.0001277362 0.0001098304 
0.0001505800 0.0001274361 0.0001086221 
0.0001514248 0.0001271489 0.0001074710 
0.0001522735 0.0001268679 0.0001063683 
0.0001531156 0.0001265995 0.0001053185 
0.0001539440 0.0001263486 0.0001043215 
0.0001547578 0.0001261155 0.0001033738 
0.0001555575 0.0001258968 0.0001024709 
0.0001563427 0.0001256908 0.0001016101 
0.0001571196 0.0001254928 0.0001007869 
0.0001578771 0.0001253059 0.0001000022 
0.0001586037 0.0001251335 0.0000992574 
0.0001592991 0.0001249715 0.0000985482 
0.0001599634 0.0001248156 0.0000978710 
0.0001605965 0.0001246599 0.0000972222 
0.0001611990 0.0001244976 0.0000965973 
0.0001617822 0.0001243261 0.0000959908 
0.0001623431 0.0001241501 0.0000954027 
0.0001628868 0.0001239681 0.0000948306 
0.0001634134 0.0001237808 0.0000942741 
0.0001639211 0.0001235903 0.0000937328 
0.0001644137 0.0001233977 0.0000932054 
0.0001648942 0.0001232022 0.0000926916 
0.0001653642 0.0001230072 0.0000921914 
0.0001658248 0.0001228149 0.0000917063 
0.0001662723 0.0001226269 0.0000912373 
0.0001667097 0.0001224406 0.0000907819 
0.0001671326 0.0001222588 0.0000903379 
0.0001675390 0.0001220805 0.0000899060 
0.0001679311 0.0001219061 0.0000894847 
0.0001683117 0.0001217396 0.0000890793 
0.0001686810 0.0001215768 0.0000886828 
0.0001690429 0.0001214173 0.0000882932 
0.0001693957 0.0001212619 0.0000879123 
0.0001697409 0.0001211094 0.0000875397 
0.0001700786 0.0001209588 0.0000871759 
0.0001704075 0.0001208080 0.0000868171 
0.0001707301 0.0001206578 0.0000864680 
0.0001710504 0.0001205051 0.0000861207 
0.0001713684 0.0001203492 0.0000857750 
0.0001716850 0.0001201907 0.0000854307 
0.0001720011 0.0001200293 0.0000850863 
0.0001723155 0.0001198650 0.0000847426 
0.0001726274 0.0001196981 0.0000844002 
0.0001729359 0.0001195285 0.0000840595 
0.0001732399 0.0001193562 0.0000837200 
0.0001735393 0.0001191813 0.0000833823 
0.0001738354 0.0001190047 0.0000830477 
0.0001741263 0.0001188275 0.0000827175 
0.0001744103 0.0001186513 0.0000823970 
0.0001746895 0.0001184728 0.0000820774 
0.0001749654 0.0001182924 0.0000817594 
0.0001752395 0.0001181110 0.0000814430 
0.0001755115 0.0001179288 0.0000811284 
0.0001757804 0.0001177427 0.0000808147 
0.0001760501 0.0001175559 0.0000805032 
0.0001763215 0.0001173683 0.0000801927 
0.0001765943 0.0001171794 0.0000798829 
0.0001768677 0.0001169888 0.0000795733 
0.0001771405 0.0001167958 0.0000792632 
0.0001774129 0.0001166002 0.0000789530 
0.0001776841 0.0001164005 0.0000786427 
0.0001779511 0.0001161969 0.0000783301 
0.0001782043 0.0001159885 0.0000780077 
0.0001784362 0.0001157780 0.0000776812 
0.0001786435 0.0001155662 0.0000773521 
0.0001788234 0.0001153540 0.0000770229 
0.0001789748 0.0001151412 0.0000766950 
0.0001790983 0.0001149266 0.0000763688 
0.0001791964 0.0001147085 0.0000760437 
0.0001792726 0.0001144846 0.0000757184 
0.0001793325 0.0001142524 0.0000753899 
0.0001793800 0.0001140101 0.0000750573 
0.0001794196 0.0001137561 0.0000747194 
0.0001794527 0.0001134882 0.0000743715 
0.0001794827 0.0001132062 0.0000740135 
0.0001795136 0.0001129105 0.0000736460 
0.0001795470 0.0001126010 0.0000732696 
0.0001795849 0.0001122779 0.0000728846 
0.0001796274 0.0001119373 0.0000724901 
0.0001796789 0.0001115815 0.0000720860 
0.0001797437 0.0001112145 0.0000716730 
0.0001798197 0.0001108370 0.0000712522 
0.0001799075 0.0001104490 0.0000708234 
0.0001800067 0.0001100507 0.0000703868 
0.0001801096 0.0001096362 0.0000699365 
0.0001802216 0.0001092071 0.0000694769 
0.0001803490 0.0001087658 0.0000690105 
0.0001804979 0.0001083137 0.0000685366 
0.0001806697 0.0001078534 0.0000680564 
0.0001808646 0.0001073868 0.0000675710 
0.0001810813 0.0001069157 0.0000670812 
0.0001813179 0.0001064417 0.0000665879 
0.0001815731 0.0001059656 0.0000660916 
0.0001818414 0.0001054892 0.0000655946 
0.0001821206 0.0001050139 0.0000650978 
0.0001824107 0.0001045375 0.0000645991 
0.0001827097 0.0001040610 0.0000640996 
0.0001830162 0.0001035855 0.0000636004 
0.0001833288 0.0001031120 0.0000631023 
0.0001836468 0.0001026412 0.0000626059 
0.0001839695 0.0001021735 0.0000621119 
0.0001842965 0.0001017096 0.0000616205 
0.0001846274 0.0001012498 0.0000611323 
0.0001849620 0.0001007946 0.0000606475 
0.0001853001 0.0001003441 0.0000601666 
0.0001856414 0.0000998989 0.0000596899 
0.0001859858 0.0000994591 0.0000592177 
0.0001863331 0.0000990251 0.0000587503 
0.0001866830 0.0000985970 0.0000582880 
0.0001870355 0.0000981750 0.0000578309 
0.0001873903 0.0000977594 0.0000573795 
0.0001877479 0.0000973501 0.0000569332 
0.0001881079 0.0000969474 0.0000564925 
0.0001884710 0.0000965514 0.0000560573 
0.0001888374 0.0000961623 0.0000556275 
0.0001892064 0.0000957802 0.0000552035 
0.0001895774 0.0000954051 0.0000547856 
0.0001899499 0.0000950370 0.0000543741 
0.0001903235 0.0000946760 0.0000539691 
0.0001906978 0.0000943221 0.0000535708 
0.0001910726 0.0000939752 0.0000531792 
0.0001914475 0.0000936353 0.0000527944 
0.0001918223 0.0000933024 0.0000524165 
0.0001921968 0.0000929763 0.0000520455 
0.0001925708 0.0000926571 0.0000516814 
0.0001929435 0.0000923442 0.0000513241 
0.0001933165 0.0000920386 0.0000509733 
0.0001936891 0.0000917398 0.0000506289 
0.0001940606 0.0000914475 0.0000502910 
0.0001944306 0.0000911615 0.0000499596 
0.0001947990 0.0000908817 0.0000496348 
0.0001951658 0.0000906080 0.0000493164 
0.0001955308 0.0000903402 0.0000490044 
0.0001958940 0.0000900784 0.0000486988 
0.0001962554 0.0000898224 0.0000483994 
0.0001966150 0.0000895722 0.0000481063 
0.0001969722 0.0000893272 0.0000478186 
0.0001973276 0.0000890881 0.0000475373 
0.0001976813 0.0000888547 0.0000472624 
0.0001980332 0.0000886270 0.0000469938 
0.0001983833 0.0000884049 0.0000467313 
0.0001987315 0.0000881881 0.0000464748 
0.0001990776 0.0000879767 0.0000462241 
0.0001994217 0.0000877704 0.0000459791 
0.0001997636 0.0000875692 0.0000457397 
0.0002001030 0.0000873731 0.0000455060 
0.0002004398 0.0000871818 0.0000452777 
0.0002007663 0.0000869938 0.0000450586 
0.0002010873 0.0000868099 0.0000448460 
0.0002014063 0.0000866321 0.0000446417 
0.0002017222 0.0000864590 0.0000444437 
0.0002020351 0.0000862905 0.0000442514 
0.0002023448 0.0000861266 0.0000440650 
0.0002026515 0.0000859672 0.0000438845 
0.0002029550 0.0000858124 0.0000437100 
0.0002032555 0.0000856621 0.0000435414 
0.0002035530 0.0000855163 0.0000433787 
0.0002038474 0.0000853751 0.0000432221 
0.0002041391 0.0000852382 0.0000430713 
0.0002044281 0.0000851059 0.0000429264 
0.0002047147 0.0000849779 0.0000427874 
0.0002049990 0.0000848543 0.0000426540 
0.0002052813 0.0000847352 0.0000425264 
0.0002055635 0.0000846206 0.0000424051 
0.0002058417 0.0000845093 0.0000422885 
0.0002061195 0.0000844034 0.0000421776 
0.0002064014 0.0000843036 0.0000420738 
0.0002066870 0.0000842096 0.0000419769 
0.0002069744 0.0000841207 0.0000418862 
0.0002072569 0.0000840350 0.0000418019 
0.0002075336 0.0000839520 0.0000417236 
0.0002078057 0.0000838723 0.0000416511 
0.0002080738 0.0000837960 0.0000415841 
0.0002083387 0.0000837236 0.0000415224 
0.0002086005 0.0000836552 0.0000414658 
0.0002088594 0.0000835908 0.0000414142 
0.0002091155 0.0000835304 0.0000413675 
0.0002093688 0.0000834741 0.0000413253 
0.0002096192 0.0000834217 0.0000412876 
0.0002098668 0.0000833731 0.0000412541 
0.0002101115 0.0000833284 0.0000412247 
0.0002103534 0.0000832873 0.0000411992 
0.0002105926 0.0000832498 0.0000411773 
0.0002108282 0.0000832157 0.0000411590 
0.0002110602 0.0000831847 0.0000411442 
0.0002112888 0.0000831567 0.0000411327 
0.0002115141 0.0000831318 0.0000411242 
0.0002117362 0.0000831098 0.0000411185 
0.0002119552 0.0000830906 0.0000411156 
0.0002121711 0.0000830741 0.0000411152 
0.0002123841 0.0000830602 0.0000411173 
0.0002125941 0.0000830488 0.0000411216 
0.0002128011 0.0000830398 0.0000411282 
0.0002130051 0.0000830331 0.0000411367 
0.0002132061 0.0000830287 0.0000411473 
0.0002134042 0.0000830264 0.0000411597 
0.0002135993 0.0000830262 0.0000411739 
0.0002137914 0.0000830279 0.0000411898 
0.0002139805 0.0000830316 0.0000412074 
0.0002141667 0.0000830372 0.0000412265 
0.0002143499 0.0000830445 0.0000412470 
0.0002145302 0.0000830536 0.0000412691 
0.0002147076 0.0000830643 0.0000412924 
0.0002148821 0.0000830767 0.0000413171 
0.0002150538 0.0000830905 0.0000413430 
0.0002152228 0.0000831058 0.0000413700 
0.0002153890 0.0000831226 0.0000413981 
0.0002155525 0.0000831406 0.0000414273 
0.0002157134 0.0000831600 0.0000414575 
0.0002158718 0.0000831806 0.0000414887 
0.0002160276 0.0000832024 0.0000415207 
0.0002161811 0.0000832254 0.0000415536 
0.0002163321 0.0000832494 0.0000415874 
0.0002164808 0.0000832746 0.0000416219 
0.0002166273 0.0000833008 0.0000416572 
0.0002167716 0.0000833280 0.0000416932 
0.0002169137 0.0000833561 0.0000417298 
0.0002170538 0.0000833851 0.0000417671 
0.0002171918 0.0000834150 0.0000418050 
0.0002173279 0.0000834457 0.0000418435 
0.0002174621 0.0000834771 0.0000418825 
0.0002175944 0.0000835093 0.0000419219 
0.0002177251 0.0000835421 0.0000419618 
0.0002178540 0.0000835755 0.0000420021 
0.0002179813 0.0000836095 0.0000420428 
0.0002181070 0.0000836441 0.0000420839 
0.0002182312 0.0000836793 0.0000421253 
0.0002183539 0.0000837149 0.0000421669 
0.0002184753 0.0000837509 0.0000422089 
0.0002185953 0.0000837874 0.0000422512 
0.0002187140 0.0000838243 0.0000422937 
0.0002188315 0.0000838615 0.0000423363 
0.0002189477 0.0000838990 0.0000423792 
0.0002190629 0.0000839369 0.0000424222 
0.0002191769 0.0000839749 0.0000424654 
0.0002192900 0.0000840132 0.0000425087 
0.0002194020 0.0000840517 0.0000425520 
0.0002195131 0.0000840903 0.0000425954 
0.0002196233 0.0000841290 0.0000426389 
0.0002197327 0.0000841678 0.0000426823 
0.0002198412 0.0000842067 0.0000427258 
0.0002199490 0.0000842457 0.0000427692 
0.0002200561 0.0000842846 0.0000428126 
0.0002201626 0.0000843236 0.0000428560 
0.0002202684 0.0000843626 0.0000428993 
0.0002203736 0.0000844015 0.0000429426 
0.0002204782 0.0000844405 0.0000429857 
0.0002205823 0.0000844793 0.0000430288 
0.0002206859 0.0000845180 0.0000430717 
0.0002207891 0.0000845566 0.0000431144 
0.0002208918 0.0000845951 0.0000431570 
0.0002209942 0.0000846333 0.0000431994 
0.0002210962 0.0000846714 0.0000432416 
0.0002211979 0.0000847093 0.0000432836 
0.0002212994 0.0000847471 0.0000433255 
0.0002214006 0.0000847847 0.0000433672 
0.0002215016 0.0000848222 0.0000434087 
0.0002216023 0.0000848596 0.0000434501 
0.0002217029 0.0000848969 0.0000434914 
0.0002218033 0.0000849341 0.0000435325 
0.0002219035 0.0000849711 0.0000435735 
0.0002220035 0.0000850082 0.0000436144 
0.0002221034 0.0000850451 0.0000436552 
0.0002222031 0.0000850819 0.0000436958 
0.0002223027 0.0000851187 0.0000437363 
0.0002224022 0.0000851553 0.0000437768 
0.0002225015 0.0000851919 0.0000438170 
0.0002226007 0.0000852283 0.0000438572 
0.0002226998 0.0000852646 0.0000438972 
0.0002227988 0.0000853009 0.0000439371 
0.0002228978 0.0000853370 0.0000439768 
0.0002229966 0.0000853729 0.0000440164 
0.0002230954 0.0000854087 0.0000440559 
0.0002231940 0.0000854444 0.0000440952 
0.0002232927 0.0000854800 0.0000441343 
0.0002233913 0.0000855153 0.0000441733 
0.0002234899 0.0000855505 0.0000442121 
0.0002235884 0.0000855856 0.0000442507 
0.0002236869 0.0000856205 0.0000442892 
0.0002237855 0.0000856553 0.0000443275 
0.0002238840 0.0000856899 0.0000443657 
0.0002239825 0.0000857244 0.0000444037 
0.0002240810 0.0000857587 0.0000444416 
0.0002241795 0.0000857929 0.0000444793 
0.0002242780 0.0000858269 0.0000445168 
0.0002243765 0.0000858608 0.0000445542 
0.0002244751 0.0000858946 0.0000445915 
0.0002245736 0.0000859282 0.0000446286 
0.0002246722 0.0000859618 0.0000446656 
0.0002247709 0.0000859952 0.0000447024 
0.0002248695 0.0000860285 0.0000447391 
0.0002249681 0.0000860617 0.0000447757 
0.0002250668 0.0000860948 0.0000448122 
0.0002251655 0.0000861279 0.0000448485 
0.0002252642 0.0000861608 0.0000448847 
0.0002253629 0.0000861936 0.0000449208 
0.0002254616 0.0000862263 0.0000449568 
0.0002255602 0.0000862588 0.0000449925 
0.0002256590 0.0000862911 0.0000450280 
0.0002257577 0.0000863230 0.0000450632 
0.0002258565 0.0000863544 0.0000450979 
0.0002259554 0.0000863852 0.0000451321 
0.0002260545 0.0000864154 0.0000451657 
0.0002261536 0.0000864445 0.0000451985 
0.0002262531 0.0000864723 0.0000452300 
0.0002263529 0.0000864982 0.0000452600 
0.0002264534 0.0000865218 0.0000452880 
0.0002265547 0.0000865426 0.0000453138 
0.0002266570 0.0000865602 0.0000453370 
0.0002267607 0.0000865745 0.0000453574 
0.0002268659 0.0000865852 0.0000453750 
0.0002269726 0.0000865926 0.0000453898 
0.0002270812 0.0000865966 0.0000454018 
0.0002271916 0.0000865975 0.0000454112 
0.0002273040 0.0000865954 0.0000454180 
0.0002274184 0.0000865907 0.0000454225 
0.0002275347 0.0000865836 0.0000454248 
0.0002276531 0.0000865743 0.0000454250 
0.0002277734 0.0000865629 0.0000454234 
0.0002278957 0.0000865498 0.0000454199 
0.0002280198 0.0000865350 0.0000454148 
0.0002281458 0.0000865186 0.0000454081 
0.0002282737 0.0000865007 0.0000453999 
0.0002284032 0.0000864815 0.0000453901 
0.0002285345 0.0000864609 0.0000453790 
0.0002286674 0.0000864390 0.0000453664 
0.0002288018 0.0000864157 0.0000453524 
0.0002289379 0.0000863911 0.0000453369 
0.0002290755 0.0000863650 0.0000453199 
0.0002292145 0.0000863374 0.0000453014 
0.0002293551 0.0000863083 0.0000452814 
0.0002294971 0.0000862776 0.0000452596 
0.0002296405 0.0000862452 0.0000452362 
0.0002297853 0.0000862107 0.0000452108 
0.0002299315 0.0000861740 0.0000451831 
0.0002300791 0.0000861343 0.0000451526 
0.0002302283 0.0000860910 0.0000451189 
0.0002303794 0.0000860434 0.0000450814 
0.0002305325 0.0000859912 0.0000450398 
0.0002306878 0.0000859340 0.0000449940 
0.0002308454 0.0000858720 0.0000449441 
0.0002310054 0.0000858055 0.0000448902 
0.0002311680 0.0000857346 0.0000448325 
0.0002313331 0.0000856601 0.0000447715 
0.0002315008 0.0000855824 0.0000447076 
0.0002316710 0.0000855020 0.0000446411 
0.0002318439 0.0000854196 0.0000445726 
0.0002320192 0.0000853357 0.0000445023 
0.0002321970 0.0000852508 0.0000444308 
0.0002323770 0.0000851654 0.0000443584 
0.0002325607 0.0000850783 0.0000442835 
0.0002327455 0.0000849932 0.0000442106 
0.0002329320 0.0000849092 0.0000441383 
0.0002331206 0.0000848260 0.0000440659 
0.0002333114 0.0000847433 0.0000439932 
0.0002335043 0.0000846613 0.0000439200 
0.0002336989 0.0000845801 0.0000438466 
0.0002338951 0.0000845001 0.0000437731 
0.0002340926 0.0000844215 0.0000436997 
0.0002342909 0.0000843444 0.0000436268 
0.0002344899 0.0000842692 0.0000435546 
0.0002346891 0.0000841961 0.0000434833 
0.0002348884 0.0000841251 0.0000434132 
0.0002350872 0.0000840566 0.0000433444 
0.0002352855 0.0000839905 0.0000432771 
0.0002354830 0.0000839272 0.0000432116 
0.0002356793 0.0000838665 0.0000431479 
0.0002358744 0.0000838088 0.0000430861 
0.0002360679 0.0000837539 0.0000430264 
0.0002362597 0.0000837019 0.0000429688 
0.0002364497 0.0000836529 0.0000429135 
0.0002366376 0.0000836069 0.0000428604 
0.0002368234 0.0000835639 0.0000428096 
0.0002370069 0.0000835239 0.0000427612 
0.0002371879 0.0000834869 0.0000427152 
0.0002373665 0.0000834528 0.0000426715 
0.0002375425 0.0000834216 0.0000426302 
0.0002377158 0.0000833934 0.0000425914 
0.0002378864 0.0000833680 0.0000425550 
0.0002380543 0.0000833454 0.0000425209 
0.0002382193 0.0000833256 0.0000424892 
0.0002383814 0.0000833086 0.0000424600 
0.0002385407 0.0000832942 0.0000424330 
0.0002386970 0.0000832825 0.0000424084 
0.0002388505 0.0000832735 0.0000423861 
0.0002390010 0.0000832669 0.0000423661 
0.0002391485 0.0000832629 0.0000423484 
0.0002392931 0.0000832614 0.0000423329 
0.0002394348 0.0000832623 0.0000423196 
0.0002395736 0.0000832655 0.0000423085 
0.0002397095 0.0000832710 0.0000422995 
0.0002398424 0.0000832788 0.0000422925 
0.0002399726 0.0000832887 0.0000422877 
0.0002400999 0.0000833008 0.0000422848 
0.0002402244 0.0000833149 0.0000422839 
0.0002403461 0.0000833310 0.0000422848 
0.0002404652 0.0000833489 0.0000422875 
0.0002405818 0.0000833681 0.0000422914 
0.0002406962 0.0000833882 0.0000422963 
0.0002408086 0.0000834087 0.0000423019 
0.0002409191 0.0000834294 0.0000423078 
0.0002410281 0.0000834498 0.0000423137 
0.0002411359 0.0000834695 0.0000423194 
0.0002412426 0.0000834882 0.0000423244 
0.0002413485 0.0000835056 0.0000423287 
0.0002414538 0.0000835215 0.0000423320 
0.0002415587 0.0000835359 0.0000423342 
0.0002416632 0.0000835487 0.0000423355 
0.0002417676 0.0000835602 0.0000423357 
0.0002418717 0.0000835704 0.0000423352 
0.0002419758 0.0000835795 0.0000423339 
0.0002420796 0.0000835878 0.0000423320 
0.0002421833 0.0000835954 0.0000423297 
0.0002422868 0.0000836027 0.0000423272 
0.0002423900 0.0000836098 0.0000423246 
0.0002424929 0.0000836171 0.0000423221 
0.0002425954 0.0000836245 0.0000423198 
0.0002426974 0.0000836325 0.0000423179 
0.0002427988 0.0000836410 0.0000423165 
0.0002428997 0.0000836503 0.0000423158 
0.0002429998 0.0000836605 0.0000423157 
0.0002430992 0.0000836716 0.0000423163 
0.0002431978 0.0000836836 0.0000423177 
0.0002432954 0.0000836968 0.0000423200 
0.0002433921 0.0000837110 0.0000423232 
0.0002434878 0.0000837264 0.0000423274 
0.0002435823 0.0000837430 0.0000423326 
0.0002436758 0.0000837608 0.0000423387 
0.0002437680 0.0000837799 0.0000423460 
0.0002438590 0.0000838002 0.0000423543 
0.0002439487 0.0000838218 0.0000423637 
0.0002440371 0.0000838448 0.0000423742 
0.0002441241 0.0000838690 0.0000423858 
0.0002442097 0.0000838944 0.0000423985 
0.0002442940 0.0000839212 0.0000424124 
0.0002443768 0.0000839492 0.0000424273 
0.0002444581 0.0000839785 0.0000424434 
0.0002445381 0.0000840089 0.0000424605 
0.0002446167 0.0000840403 0.0000424785 
0.0002446939 0.0000840727 0.0000424974 
0.0002447699 0.0000841059 0.0000425171 
0.0002448446 0.0000841399 0.0000425374 
0.0002449182 0.0000841744 0.0000425584 
0.0002449906 0.0000842094 0.0000425800 
0.0002450620 0.0000842450 0.0000426020 
0.0002451322 0.0000842810 0.0000426246 
0.0002452014 0.0000843174 0.0000426478 
0.0002452696 0.0000843545 0.0000426715 
0.0002453367 0.0000843920 0.0000426958 
0.0002454027 0.0000844302 0.0000427207 
0.0002454676 0.0000844691 0.0000427463 
0.0002455314 0.0000845086 0.0000427727 
0.0002455941 0.0000845490 0.0000427998 
0.0002456556 0.0000845901 0.0000428276 
0.0002457160 0.0000846320 0.0000428563 
0.0002457753 0.0000846748 0.0000428858 
0.0002458333 0.0000847185 0.0000429161 
0.0002458902 0.0000847630 0.0000429472 
0.0002459460 0.0000848084 0.0000429792 
0.0002460005 0.0000848546 0.0000430120 
0.0002460538 0.0000849018 0.0000430457 
0.0002461060 0.0000849497 0.0000430802 
0.0002461570 0.0000849985 0.0000431155 
0.0002462067 0.0000850482 0.0000431516 
0.0002462553 0.0000850986 0.0000431886 
0.0002463027 0.0000851499 0.0000432263 
0.0002463490 0.0000852019 0.0000432648 
0.0002463941 0.0000852547 0.0000433041 
0.0002464380 0.0000853083 0.0000433442 
0.0002464808 0.0000853626 0.0000433850 
0.0002465224 0.0000854175 0.0000434264 
0.0002465631 0.0000854730 0.0000434685 
0.0002466028 0.0000855290 0.0000435110 
0.0002466419 0.0000855849 0.0000435537 
0.0002466804 0.0000856406 0.0000435963 
0.0002467185 0.0000856958 0.0000436386 
0.0002467564 0.0000857505 0.0000436806 
0.0002467940 0.0000858045 0.0000437222 
0.0002468313 0.0000858580 0.0000437636 
0.0002468683 0.0000859110 0.0000438048 
0.0002469050 0.0000859638 0.0000438459 
0.0002469413 0.0000860164 0.0000438870 
0.0002469772 0.0000860690 0.0000439281 
0.0002470126 0.0000861216 0.0000439695 
0.0002470476 0.0000861745 0.0000440111 
0.0002470821 0.0000862276 0.0000440530 
0.0002471161 0.0000862809 0.0000440951 
0.0002471496 0.0000863345 0.0000441375 
0.0002471827 0.0000863883 0.0000441802 
0.0002472153 0.0000864423 0.0000442231 
0.0002472473 0.0000864965 0.0000442663 
0.0002472789 0.0000865510 0.0000443098 
0.0002473099 0.0000866058 0.0000443536 
0.0002473403 0.0000866609 0.0000443978 
0.0002473702 0.0000867163 0.0000444423 
0.0002473994 0.0000867721 0.0000444872 
0.0002474280 0.0000868284 0.0000445326 
0.0002474559 0.0000868850 0.0000445783 
0.0002474833 0.0000869420 0.0000446244 
0.0002475100 0.0000869993 0.0000446709 
0.0002475362 0.0000870568 0.0000447176 
0.0002475618 0.0000871146 0.0000447647 
0.0002475869 0.0000871725 0.0000448119 
0.0002476114 0.0000872306 0.0000448594 
0.0002476356 0.0000872887 0.0000449070 
0.0002476593 0.0000873469 0.0000449547 
0.0002476825 0.0000874050 0.0000450025 
0.0002477054 0.0000874632 0.0000450505 
0.0002477278 0.0000875213 0.0000450985 
0.0002477498 0.0000875795 0.0000451467 
0.0002477713 0.0000876378 0.0000451951 
0.0002477924 0.0000876963 0.0000452437 
0.0002478130 0.0000877548 0.0000452924 
0.0002478333 0.0000878135 0.0000453413 
0.0002478532 0.0000878720 0.0000453902 
0.0002478729 0.0000879304 0.0000454390 
0.0002478925 0.0000879883 0.0000454877 
0.0002479119 0.0000880459 0.0000455360 
0.0002479313 0.0000881031 0.0000455842 
0.0002479506 0.0000881598 0.0000456321 
0.0002479698 0.0000882163 0.0000456798 
0.0002479889 0.0000882724 0.0000457274 
0.0002480078 0.0000883284 0.0000457749 
0.0002480265 0.0000883842 0.0000458223 
0.0002480450 0.0000884399 0.0000458698 
0.0002480633 0.0000884955 0.0000459173 
0.0002480813 0.0000885512 0.0000459649 
0.0002480991 0.0000886069 0.0000460126 
0.0002481166 0.0000886628 0.0000460604 
0.0002481337 0.0000887187 0.0000461084 
0.0002481506 0.0000887746 0.0000461565 
0.0002481671 0.0000888307 0.0000462048 
0.0002481834 0.0000888869 0.0000462532 
0.0002481993 0.0000889431 0.0000463017 
0.0002482149 0.0000889993 0.0000463503 
0.0002482303 0.0000890556 0.0000463990 
0.0002482453 0.0000891120 0.0000464478 
0.0002482601 0.0000891682 0.0000464967 
0.0002482746 0.0000892245 0.0000465456 
0.0002482888 0.0000892807 0.0000465945 
0.0002483028 0.0000893367 0.0000466434 
0.0002483166 0.0000893927 0.0000466923 
0.0002483302 0.0000894486 0.0000467412 
0.0002483436 0.0000895044 0.0000467901 
0.0002483569 0.0000895600 0.0000468389 
0.0002483702 0.0000896154 0.0000468875 
0.0002483836 0.0000896705 0.0000469360 
0.0002483971 0.0000897254 0.0000469841 
0.0002484110 0.0000897800 0.0000470320 
0.0002484251 0.0000898343 0.0000470794 
0.0002484397 0.0000898882 0.0000471265 
0.0002484548 0.0000899417 0.0000471731 
0.0002484704 0.0000899948 0.0000472193 
0.0002484865 0.0000900475 0.0000472651 
0.0002485032 0.0000900998 0.0000473104 
0.0002485204 0.0000901517 0.0000473552 
0.0002485381 0.0000902032 0.0000473996 
0.0002485564 0.0000902543 0.0000474435 
0.0002485753 0.0000903050 0.0000474870 
0.0002485946 0.0000903552 0.0000475300 
0.0002486145 0.0000904051 0.0000475726 
0.0002486350 0.0000904545 0.0000476147 
0.0002486559 0.0000905035 0.0000476564 
0.0002486774 0.0000905519 0.0000476975 
0.0002487000 0.0000905992 0.0000477374 
0.0002487242 0.0000906445 0.0000477755 
0.0002487506 0.0000906870 0.0000478111 
0.0002487794 0.0000907261 0.0000478438 
0.0002488109 0.0000907615 0.0000478734 
0.0002488449 0.0000907933 0.0000478998 
0.0002488816 0.0000908216 0.0000479234 
0.0002489206 0.0000908467 0.0000479443 
0.0002489620 0.0000908691 0.0000479628 
0.0002490054 0.0000908892 0.0000479792 
0.0002490510 0.0000909070 0.0000479935 
0.0002490988 0.0000909226 0.0000480058 
0.0002491487 0.0000909362 0.0000480162 
0.0002492006 0.0000909477 0.0000480247 
0.0002492545 0.0000909575 0.0000480316 
0.0002493102 0.0000909658 0.0000480369 
0.0002493674 0.0000909729 0.0000480411 
0.0002494260 0.0000909790 0.0000480442 
0.0002494858 0.0000909845 0.0000480466 
0.0002495466 0.0000909896 0.0000480485 
0.0002496082 0.0000909947 0.0000480502 
0.0002496704 0.0000909999 0.0000480518 
0.0002497329 0.0000910056 0.0000480536 
0.0002497957 0.0000910119 0.0000480557 
0.0002498585 0.0000910190 0.0000480583 
0.0002499212 0.0000910269 0.0000480615 
0.0002499837 0.0000910359 0.0000480654 
0.0002500458 0.0000910460 0.0000480701 
0.0002501074 0.0000910572 0.0000480756 
0.0002501684 0.0000910696 0.0000480821 
0.0002502288 0.0000910833 0.0000480895 
0.0002502885 0.0000910980 0.0000480978 
0.0002503477 0.0000911135 0.0000481066 
0.0002504064 0.0000911295 0.0000481158 
0.0002504648 0.0000911458 0.0000481253 
0.0002505229 0.0000911624 0.0000481350 
0.0002505806 0.0000911791 0.0000481450 
0.0002506378 0.0000911960 0.0000481552 
0.0002506946 0.0000912133 0.0000481657 
0.0002507508 0.0000912309 0.0000481767 
0.0002508063 0.0000912490 0.0000481882 
0.0002508611 0.0000912678 0.0000482003 
0.0002509152 0.0000912873 0.0000482131 
0.0002509685 0.0000913075 0.0000482266 
0.0002510208 0.0000913286 0.0000482410 
0.0002510723 0.0000913505 0.0000482562 
0.0002511227 0.0000913734 0.0000482724 
0.0002511722 0.0000913973 0.0000482894 
0.0002512206 0.0000914221 0.0000483074 
0.0002512680 0.0000914478 0.0000483263 
0.0002513143 0.0000914745 0.0000483462 
0.0002513595 0.0000915022 0.0000483670 
0.0002514036 0.0000915307 0.0000483888 
0.0002514466 0.0000915602 0.0000484114 
0.0002514885 0.0000915906 0.0000484351 
0.0002515293 0.0000916219 0.0000484596 
0.0002515689 0.0000916540 0.0000484850 
0.0002516074 0.0000916871 0.0000485113 
0.0002516450 0.0000917209 0.0000485383 
0.0002516814 0.0000917554 0.0000485660 
0.0002517169 0.0000917906 0.0000485943 
0.0002517521 0.0000918261 0.0000486214 
0.0002517868 0.0000918616 0.0000486477 
0.0002518208 0.0000918971 0.0000486734 
0.0002518542 0.0000919326 0.0000486987 
0.0002518870 0.0000919682 0.0000487237 
0.0002519193 0.0000920037 0.0000487485 
0.0002519510 0.0000920391 0.0000487730 
0.0002519823 0.0000920743 0.0000487974 
0.0002520131 0.0000921094 0.0000488216 
0.0002520436 0.0000921442 0.0000488455 
0.0002520738 0.0000921788 0.0000488692 
0.0002521037 0.0000922130 0.0000488927 
0.0002521333 0.0000922470 0.0000489161 
0.0002521627 0.0000922806 0.0000489392 
0.0002521921 0.0000923136 0.0000489617 
0.0002522219 0.0000923456 0.0000489835 
0.0002522523 0.0000923760 0.0000490040 
0.0002522837 0.0000924047 0.0000490230 
0.0002523162 0.0000924312 0.0000490403 
0.0002523500 0.0000924555 0.0000490558 
0.0002523850 0.0000924776 0.0000490696 
0.0002524214 0.0000924976 0.0000490817 
0.0002524589 0.0000925158 0.0000490924 
0.0002524976 0.0000925324 0.0000491018 
0.0002525373 0.0000925477 0.0000491102 
0.0002525778 0.0000925619 0.0000491178 
0.0002526192 0.0000925754 0.0000491247 
0.0002526614 0.0000925880 0.0000491309 
0.0002527045 0.0000925999 0.0000491365 
0.0002527484 0.0000926110 0.0000491415 
0.0002527931 0.0000926214 0.0000491458 
0.0002528387 0.0000926310 0.0000491496 
0.0002528850 0.0000926400 0.0000491528 
0.0002529321 0.0000926485 0.0000491557 
0.0002529797 0.0000926567 0.0000491582 
0.0002530277 0.0000926646 0.0000491607 
0.0002530761 0.0000926724 0.0000491631 
0.0002531248 0.0000926804 0.0000491656 
0.0002531736 0.0000926885 0.0000491683 
0.0002532224 0.0000926969 0.0000491712 
0.0002532712 0.0000927057 0.0000491746 
0.0002533199 0.0000927149 0.0000491784 
0.0002533686 0.0000927245 0.0000491825 
0.0002534173 0.0000927343 0.0000491867 
0.0002534662 0.0000927439 0.0000491907 
0.0002535155 0.0000927528 0.0000491943 
0.0002535654 0.0000927610 0.0000491972 
0.0002536160 0.0000927681 0.0000491993 
0.0002536671 0.0000927742 0.0000492006 
0.0002537189 0.0000927794 0.0000492013 
0.0002537712 0.0000927839 0.0000492013 
0.0002538239 0.0000927878 0.0000492010 
0.0002538768 0.0000927913 0.0000492005 
0.0002539299 0.0000927947 0.0000491999 
0.0002539831 0.0000927981 0.0000491994 
0.0002540362 0.0000928017 0.0000491991 
0.0002540892 0.0000928057 0.0000491992 
0.0002541419 0.0000928102 0.0000491998 
0.0002541943 0.0000928152 0.0000492010 
0.0002542463 0.0000928209 0.0000492027 
0.0002542979 0.0000928273 0.0000492052 
0.0002543488 0.0000928345 0.0000492085 
0.0002543992 0.0000928425 0.0000492124 
0.0002544490 0.0000928513 0.0000492172 
0.0002544980 0.0000928609 0.0000492229 
0.0002545463 0.0000928714 0.0000492294 
0.0002545938 0.0000928827 0.0000492367 
0.0002546405 0.0000928949 0.0000492449 
0.0002546863 0.0000929079 0.0000492540 
0.0002547312 0.0000929218 0.0000492640 
0.0002547753 0.0000929364 0.0000492748 
0.0002548185 0.0000929519 0.0000492865 
0.0002548607 0.0000929681 0.0000492991 
0.0002549020 0.0000929851 0.0000493124 
0.0002549424 0.0000930028 0.0000493266 
0.0002549819 0.0000930212 0.0000493416 
0.0002550205 0.0000930402 0.0000493573 
0.0002550581 0.0000930599 0.0000493738 
0.0002550949 0.0000930802 0.0000493910 
0.0002551307 0.0000931011 0.0000494090 
0.0002551657 0.0000931226 0.0000494276 
0.0002551997 0.0000931446 0.0000494470 
0.0002552330 0.0000931671 0.0000494670 
0.0002552653 0.0000931901 0.0000494876 
0.0002552968 0.0000932136 0.0000495089 
0.0002553275 0.0000932375 0.0000495307 
0.0002553574 0.0000932618 0.0000495531 
0.0002553866 0.0000932866 0.0000495761 
0.0002554150 0.0000933117 0.0000495996 
0.0002554426 0.0000933371 0.0000496236 
0.0002554696 0.0000933628 0.0000496480 
0.0002554958 0.0000933889 0.0000496729 
0.0002555214 0.0000934152 0.0000496983 
0.0002555464 0.0000934417 0.0000497240 
0.0002555707 0.0000934685 0.0000497501 
0.0002555945 0.0000934954 0.0000497766 
0.0002556176 0.0000935226 0.0000498034 
0.0002556403 0.0000935499 0.0000498305 
0.0002556624 0.0000935774 0.0000498580 
0.0002556840 0.0000936050 0.0000498857 
0.0002557051 0.0000936328 0.0000499137 
0.0002557257 0.0000936606 0.0000499420 
0.0002557458 0.0000936886 0.0000499705 
0.0002557656 0.0000937167 0.0000499993 
0.0002557848 0.0000937449 0.0000500283 
0.0002558037 0.0000937733 0.0000500576 
0.0002558221 0.0000938017 0.0000500871 
0.0002558401 0.0000938303 0.0000501168 
0.0002558577 0.0000938591 0.0000501468 
0.0002558748 0.0000938880 0.0000501771 
0.0002558915 0.0000939171 0.0000502077 
0.0002559078 0.0000939463 0.0000502385 
0.0002559236 0.0000939757 0.0000502696 
0.0002559391 0.0000940053 0.0000503009 
0.0002559541 0.0000940351 0.0000503325 
0.0002559688 0.0000940649 0.0000503643 
0.0002559831 0.0000940950 0.0000503964 
0.0002559969 0.0000941252 0.0000504286 
0.0002560104 0.0000941555 0.0000504612 
0.0002560231 0.0000941863 0.0000504943 
0.0002560348 0.0000942177 0.0000505281 
0.0002560450 0.0000942501 0.0000505631 
0.0002560533 0.0000942839 0.0000505996 
0.0002560591 0.0000943196 0.0000506381 
0.0002560621 0.0000943576 0.0000506791 
0.0002560616 0.0000943984 0.0000507229 
0.0002560573 0.0000944425 0.0000507702 
0.0002560487 0.0000944905 0.0000508213 
0.0002560356 0.0000945427 0.0000508766 
0.0002560177 0.0000945995 0.0000509363 
0.0002559950 0.0000946610 0.0000510007 
0.0002559672 0.0000947275 0.0000510698 
0.0002559346 0.0000947990 0.0000511436 
0.0002558971 0.0000948753 0.0000512221 
0.0002558549 0.0000949565 0.0000513051 
0.0002558081 0.0000950423 0.0000513926 
0.0002557571 0.0000951325 0.0000514842 
0.0002557020 0.0000952269 0.0000515797 
0.0002556432 0.0000953250 0.0000516789 
0.0002555786 0.0000954260 0.0000517806 
0.0002555088 0.0000955295 0.0000518848 
0.0002554352 0.0000956354 0.0000519914 
0.0002553590 0.0000957438 0.0000521002 
0.0002552810 0.0000958543 0.0000522114 
0.0002552017 0.0000959668 0.0000523245 
0.0002551216 0.0000960812 0.0000524396 
0.0002550408 0.0000961972 0.0000525563 
0.0002549596 0.0000963146 0.0000526744 
0.0002548782 0.0000964331 0.0000527938 
0.0002547965 0.0000965525 0.0000529142 
0.0002547149 0.0000966725 0.0000530354 
0.0002546333 0.0000967931 0.0000531572 
0.0002545520 0.0000969138 0.0000532794 
0.0002544709 0.0000970346 0.0000534016 
0.0002543904 0.0000971548 0.0000535235 
0.0002543106 0.0000972741 0.0000536446 
0.0002542317 0.0000973920 0.0000537646 
0.0002541541 0.0000975081 0.0000538832 
0.0002540777 0.0000976222 0.0000540001 
0.0002540026 0.0000977342 0.0000541152 
0.0002539289 0.0000978439 0.0000542285 
0.0002538566 0.0000979514 0.0000543400 
0.0002537857 0.0000980568 0.0000544498 
0.0002537161 0.0000981602 0.0000545578 
0.0002536478 0.0000982615 0.0000546641 
0.0002535809 0.0000983608 0.0000547688 
0.0002535153 0.0000984583 0.0000548719 
0.0002534509 0.0000985540 0.0000549734 
0.0002533878 0.0000986478 0.0000550733 
0.0002533259 0.0000987398 0.0000551717 
0.0002532653 0.0000988298 0.0000552683 
0.0002532060 0.0000989178 0.0000553631 
0.0002531481 0.0000990035 0.0000554561 
0.0002530916 0.0000990871 0.0000555470 
0.0002530365 0.0000991683 0.0000556360 
0.0002529828 0.0000992473 0.0000557231 
0.0002529304 0.0000993240 0.0000558082 
0.0002528794 0.0000993985 0.0000558914 
0.0002528296 0.0000994709 0.0000559729 
0.0002527811 0.0000995413 0.0000560525 
0.0002527338 0.0000996097 0.0000561305 
0.0002526876 0.0000996761 0.0000562068 
0.0002526426 0.0000997407 0.0000562815 
0.0002525988 0.0000998033 0.0000563546 
0.0002525560 0.0000998642 0.0000564261 
0.0002525143 0.0000999232 0.0000564960 
0.0002524737 0.0000999804 0.0000565644 
0.0002524342 0.0001000357 0.0000566312 
0.0002523958 0.0001000892 0.0000566964 
0.0002523584 0.0001001407 0.0000567600 
0.0002523222 0.0001001905 0.0000568220 
0.0002522870 0.0001002383 0.0000568824 
0.0002522528 0.0001002843 0.0000569413 
0.0002522197 0.0001003286 0.0000569986 
0.0002521877 0.0001003710 0.0000570544 
0.0002521567 0.0001004116 0.0000571087 
0.0002521267 0.0001004505 0.0000571615 
0.0002520978 0.0001004876 0.0000572128 
0.0002520699 0.0001005229 0.0000572626 
0.0002520430 0.0001005565 0.0000573110 
0.0002520172 0.0001005884 0.0000573579 
0.0002519924 0.0001006186 0.0000574033 
0.0002519687 0.0001006471 0.0000574473 
0.0002519460 0.0001006739 0.0000574898 
0.0002519244 0.0001006991 0.0000575309 
0.0002519038 0.0001007225 0.0000575706 
0.0002518843 0.0001007444 0.0000576089 
0.0002518659 0.0001007645 0.0000576457 
0.0002518486 0.0001007831 0.0000576812 
0.0002518323 0.0001008000 0.0000577153 
0.0002518172 0.0001008154 0.0000577479 
0.0002518032 0.0001008291 0.0000577792 
0.0002517902 0.0001008413 0.0000578091 
0.0002517784 0.0001008519 0.0000578377 
0.0002517678 0.0001008609 0.0000578648 
0.0002517582 0.0001008684 0.0000578907 
0.0002517498 0.0001008744 0.0000579152 
0.0002517426 0.0001008789 0.0000579383 
0.0002517365 0.0001008819 0.0000579601 
0.0002517316 0.0001008835 0.0000579807 
0.0002517278 0.0001008835 0.0000579999 
0.0002517252 0.0001008822 0.0000580178 
0.0002517238 0.0001008794 0.0000580345 
0.0002517235 0.0001008753 0.0000580499 
0.0002517244 0.0001008698 0.0000580640 
0.0002517265 0.0001008629 0.0000580770 
0.0002517298 0.0001008547 0.0000580886 
0.0002517343 0.0001008451 0.0000580990 
0.0002517400 0.0001008342 0.0000581082 
0.0002517469 0.0001008219 0.0000581161 
0.0002517551 0.0001008083 0.0000581229 
0.0002517644 0.0001007935 0.0000581284 
0.0002517750 0.0001007774 0.0000581327 
0.0002517868 0.0001007601 0.0000581359 
0.0002517998 0.0001007415 0.0000581378 
0.0002518140 0.0001007216 0.0000581385 
0.0002518296 0.0001007004 0.0000581379 
0.0002518465 0.0001006778 0.0000581359 
0.0002518649 0.0001006536 0.0000581322 
0.0002518849 0.0001006276 0.0000581267 
0.0002519067 0.0001005995 0.0000581191 
0.0002519304 0.0001005690 0.0000581091 
0.0002519560 0.0001005359 0.0000580965 
0.0002519837 0.0001005002 0.0000580814 
0.0002520132 0.0001004621 0.0000580639 
0.0002520444 0.0001004214 0.0000580440 
0.0002520773 0.0001003785 0.0000580217 
0.0002521117 0.0001003335 0.0000579973 
0.0002521476 0.0001002866 0.0000579710 
0.0002521850 0.0001002381 0.0000579430 
0.0002522238 0.0001001881 0.0000579134 
0.0002522638 0.0001001370 0.0000578826 
0.0002523050 0.0001000850 0.0000578507 
0.0002523475 0.0001000321 0.0000578178 
0.0002523910 0.0000999786 0.0000577841 
0.0002524356 0.0000999247 0.0000577498 
0.0002524812 0.0000998704 0.0000577149 
0.0002525277 0.0000998159 0.0000576796 
0.0002525752 0.0000997612 0.0000576439 
0.0002526234 0.0000997064 0.0000576080 
0.0002526725 0.0000996516 0.0000575718 
0.0002527223 0.0000995968 0.0000575355 
0.0002527727 0.0000995420 0.0000574991 
0.0002528238 0.0000994873 0.0000574625 
0.0002528755 0.0000994328 0.0000574260 
0.0002529277 0.0000993783 0.0000573894 
0.0002529805 0.0000993240 0.0000573528 
0.0002530337 0.0000992698 0.0000573162 
0.0002530873 0.0000992158 0.0000572797 
0.0002531414 0.0000991619 0.0000572433 
0.0002531958 0.0000991082 0.0000572069 
0.0002532505 0.0000990547 0.0000571705 
0.0002533055 0.0000990014 0.0000571342 
0.0002533608 0.0000989479 0.0000570976 
0.0002534167 0.0000988942 0.0000570605 
0.0002534730 0.0000988399 0.0000570229 
0.0002535299 0.0000987850 0.0000569846 
0.0002535873 0.0000987295 0.0000569456 
0.0002536453 0.0000986734 0.0000569061 
0.0002537038 0.0000986167 0.0000568660 
0.0002537628 0.0000985596 0.0000568255 
0.0002538222 0.0000985022 0.0000567847 
0.0002538820 0.0000984445 0.0000567437 
0.0002539421 0.0000983868 0.0000567025 
0.0002540026 0.0000983291 0.0000566613 
0.0002540633 0.0000982715 0.0000566201 
0.0002541243 0.0000982140 0.0000565790 
0.0002541854 0.0000981567 0.0000565379 
0.0002542468 0.0000980995 0.0000564967 
0.0002543085 0.0000980422 0.0000564553 
0.0002543705 0.0000979846 0.0000564134 
0.0002544329 0.0000979266 0.0000563711 
0.0002544958 0.0000978682 0.0000563283 
0.0002545591 0.0000978092 0.0000562849 
0.0002546227 0.0000977499 0.0000562412 
0.0002546868 0.0000976904 0.0000561972 
0.0002547512 0.0000976306 0.0000561530 
0.0002548159 0.0000975708 0.0000561087 
0.0002548808 0.0000975110 0.0000560643 
0.0002549460 0.0000974514 0.0000560201 
0.0002550113 0.0000973921 0.0000559761 
0.0002550768 0.0000973330 0.0000559321 
0.0002551424 0.0000972741 0.0000558882 
0.0002552082 0.0000972154 0.0000558444 
0.0002552742 0.0000971567 0.0000558005 
0.0002553404 0.0000970981 0.0000557566 
0.0002554068 0.0000970395 0.0000557127 
0.0002554734 0.0000969810 0.0000556688 
0.0002555402 0.0000969227 0.0000556250 
0.0002556071 0.0000968645 0.0000555813 
0.0002556742 0.0000968066 0.0000555378 
0.0002557414 0.0000967490 0.0000554946 
0.0002558087 0.0000966917 0.0000554516 
0.0002558760 0.0000966348 0.0000554090 
0.0002559434 0.0000965783 0.0000553667 
0.0002560108 0.0000965222 0.0000553248 
0.0002560782 0.0000964666 0.0000552832 
0.0002561456 0.0000964115 0.0000552421 
0.0002562130 0.0000963569 0.0000552014 
0.0002562803 0.0000963027 0.0000551611 
0.0002563475 0.0000962490 0.0000551210 
0.0002564147 0.0000961955 0.0000550810 
0.0002564820 0.0000961421 0.0000550410 
0.0002565495 0.0000960887 0.0000550009 
0.0002566170 0.0000960351 0.0000549606 
0.0002566848 0.0000959815 0.0000549202 
0.0002567527 0.0000959278 0.0000548797 
0.0002568207 0.0000958740 0.0000548392 
0.0002568889 0.0000958203 0.0000547987 
0.0002569571 0.0000957668 0.0000547583 
0.0002570254 0.0000957135 0.0000547180 
0.0002570937 0.0000956603 0.0000546778 
0.0002571622 0.0000956074 0.0000546377 
0.0002572307 0.0000955545 0.0000545976 
0.0002572994 0.0000955018 0.0000545575 
0.0002573682 0.0000954492 0.0000545175 
0.0002574371 0.0000953968 0.0000544776 
0.0002575061 0.0000953445 0.0000544379 
0.0002575752 0.0000952925 0.0000543982 
0.0002576444 0.0000952408 0.0000543588 
0.0002577136 0.0000951893 0.0000543196 
0.0002577830 0.0000951382 0.0000542807 
0.0002578523 0.0000950874 0.0000542420 
0.0002579217 0.0000950371 0.0000542037 
0.0002579910 0.0000949872 0.0000541657 
0.0002580604 0.0000949376 0.0000541280 
0.0002581298 0.0000948885 0.0000540906 
0.0002581991 0.0000948399 0.0000540535 
0.0002582684 0.0000947916 0.0000540166 
0.0002583376 0.0000947437 0.0000539799 
0.0002584068 0.0000946960 0.0000539432 
0.0002584760 0.0000946483 0.0000539064 
0.0002585452 0.0000946007 0.0000538694 
0.0002586146 0.0000945528 0.0000538321 
0.0002586841 0.0000945047 0.0000537943 
0.0002587538 0.0000944562 0.0000537560 
0.0002588237 0.0000944073 0.0000537172 
0.0002588939 0.0000943581 0.0000536779 
0.0002589643 0.0000943085 0.0000536383 
0.0002590350 0.0000942587 0.0000535982 
0.0002591059 0.0000942087 0.0000535579 
0.0002591770 0.0000941586 0.0000535174 
0.0002592483 0.0000941084 0.0000534767 
0.0002593197 0.0000940583 0.0000534359 
0.0002593914 0.0000940084 0.0000533952 
0.0002594631 0.0000939586 0.0000533545 
0.0002595350 0.0000939092 0.0000533140 
0.0002596069 0.0000938600 0.0000532736 
0.0002596789 0.0000938113 0.0000532336 
0.0002597510 0.0000937629 0.0000531937 
0.0002598231 0.0000937151 0.0000531542 
0.0002598952 0.0000936676 0.0000531151 
0.0002599673 0.0000936207 0.0000530763 
0.0002600394 0.0000935743 0.0000530378 
0.0002601114 0.0000935284 0.0000529998 
0.0002601835 0.0000934830 0.0000529621 
0.0002602554 0.0000934382 0.0000529248 
0.0002603273 0.0000933939 0.0000528880 
0.0002603992 0.0000933501 0.0000528516 
0.0002604709 0.0000933068 0.0000528156 
0.0002605426 0.0000932641 0.0000527800 
0.0002606141 0.0000932219 0.0000527448 
0.0002606856 0.0000931801 0.0000527101 
0.0002607569 0.0000931390 0.0000526757 
0.0002608280 0.0000930983 0.0000526417 
0.0002608990 0.0000930582 0.0000526081 
0.0002609698 0.0000930184 0.0000525748 
0.0002610405 0.0000929790 0.0000525416 
0.0002611112 0.0000929398 0.0000525086 
0.0002611817 0.0000929009 0.0000524757 
0.0002612522 0.0000928621 0.0000524429 
0.0002613227 0.0000928235 0.0000524101 
0.0002613932 0.0000927851 0.0000523775 
0.0002614636 0.0000927469 0.0000523449 
0.0002615339 0.0000927089 0.0000523125 
0.0002616041 0.0000926711 0.0000522802 
0.0002616742 0.0000926336 0.0000522479 
0.0002617442 0.0000925964 0.0000522158 
0.0002618141 0.0000925593 0.0000521836 
0.0002618839 0.0000925224 0.0000521514 
0.0002619537 0.0000924854 0.0000521190 
0.0002620234 0.0000924485 0.0000520864 
0.0002620932 0.0000924114 0.0000520535 
0.0002621631 0.0000923741 0.0000520204 
0.0002622330 0.0000923368 0.0000519869 
0.0002623030 0.0000922993 0.0000519533 
0.0002623730 0.0000922618 0.0000519194 
0.0002624431 0.0000922242 0.0000518855 
0.0002625133 0.0000921867 0.0000518514 
0.0002625835 0.0000921494 0.0000518174 
0.0002626537 0.0000921122 0.0000517833 
0.0002627239 0.0000920752 0.0000517494 
0.0002627940 0.0000920386 0.0000517157 
0.0002628641 0.0000920022 0.0000516821 
0.0002629342 0.0000919663 0.0000516487 
0.0002630042 0.0000919307 0.0000516157 
0.0002630738 0.0000918958 0.0000515829 
0.0002631431 0.0000918617 0.0000515506 
0.0002632120 0.0000918281 0.0000515184 
0.0002632805 0.0000917948 0.0000514861 
0.0002633488 0.0000917615 0.0000514534 
0.0002634170 0.0000917279 0.0000514202 
0.0002634853 0.0000916940 0.0000513863 
0.0002635536 0.0000916596 0.0000513517 
0.0002636220 0.0000916247 0.0000513165 
0.0002636905 0.0000915893 0.0000512806 
0.0002637590 0.0000915536 0.0000512441 
0.0002638277 0.0000915176 0.0000512073 
0.0002638964 0.0000914815 0.0000511703 
0.0002639650 0.0000914454 0.0000511331 
0.0002640337 0.0000914094 0.0000510959 
0.0002641023 0.0000913736 0.0000510587 
0.0002641708 0.0000913382 0.0000510218 
0.0002642392 0.0000913032 0.0000509852 
0.0002643075 0.0000912687 0.0000509489 
0.0002643756 0.0000912347 0.0000509131 
0.0002644435 0.0000912014 0.0000508777 
0.0002645111 0.0000911687 0.0000508429 
0.0002645786 0.0000911367 0.0000508087 
0.0002646458 0.0000911054 0.0000507750 
0.0002647127 0.0000910748 0.0000507420 
0.0002647793 0.0000910450 0.0000507096 
0.0002648456 0.0000910158 0.0000506779 
0.0002649116 0.0000909875 0.0000506469 
0.0002649773 0.0000909598 0.0000506165 
0.0002650427 0.0000909329 0.0000505868 
0.0002651077 0.0000909066 0.0000505577 
0.0002651723 0.0000908811 0.0000505293 
0.0002652365 0.0000908563 0.0000505016 
0.0002653003 0.0000908323 0.0000504745 
0.0002653637 0.0000908089 0.0000504481 
0.0002654266 0.0000907862 0.0000504222 
0.0002654891 0.0000907641 0.0000503968 
0.0002655513 0.0000907424 0.0000503719 
0.0002656131 0.0000907212 0.0000503472 
0.0002656746 0.0000907003 0.0000503230 
0.0002657358 0.0000906797 0.0000502991 
0.0002657967 0.0000906595 0.0000502755 
0.0002658573 0.0000906397 0.0000502523 
0.0002659176 0.0000906202 0.0000502295 
0.0002659776 0.0000906011 0.0000502071 
0.0002660373 0.0000905825 0.0000501852 
0.0002660966 0.0000905644 0.0000501637 
0.0002661556 0.0000905466 0.0000501427 
0.0002662142 0.0000905295 0.0000501222 
0.0002662724 0.0000905128 0.0000501022 
0.0002663302 0.0000904968 0.0000500827 
0.0002663875 0.0000904812 0.0000500636 
0.0002664443 0.0000904661 0.0000500449 
0.0002665008 0.0000904514 0.0000500264 
0.0002665569 0.0000904368 0.0000500080 
0.0002666128 0.0000904224 0.0000499897 
0.0002666684 0.0000904081 0.0000499714 
0.0002667239 0.0000903939 0.0000499532 
0.0002667791 0.0000903797 0.0000499350 
0.0002668341 0.0000903657 0.0000499169 
0.0002668889 0.0000903518 0.0000498989 
0.0002669435 0.0000903380 0.0000498811 
0.0002669978 0.0000903245 0.0000498635 
0.0002670519 0.0000903112 0.0000498461 
0.0002671057 0.0000902982 0.0000498289 
0.0002671593 0.0000902855 0.0000498121 
0.0002672126 0.0000902731 0.0000497956 
0.0002672656 0.0000902612 0.0000497794 
0.0002673182 0.0000902496 0.0000497636 
0.0002673706 0.0000902385 0.0000497481 
0.0002674227 0.0000902277 0.0000497331 
0.0002674744 0.0000902174 0.0000497184 
0.0002675258 0.0000902074 0.0000497041 
0.0002675769 0.0000901979 0.0000496902 
0.0002676277 0.0000901889 0.0000496767 
0.0002676781 0.0000901803 0.0000496635 
0.0002677281 0.0000901721 0.0000496507 
0.0002677777 0.0000901644 0.0000496383 
0.0002678268 0.0000901571 0.0000496262 
0.0002678755 0.0000901503 0.0000496143 
0.0002679238 0.0000901437 0.0000496025 
0.0002679718 0.0000901373 0.0000495906 
0.0002680195 0.0000901308 0.0000495785 
0.0002680671 0.0000901242 0.0000495662 
0.0002681146 0.0000901174 0.0000495536 
0.0002681619 0.0000901104 0.0000495407 
0.0002682092 0.0000901033 0.0000495276 
0.0002682563 0.0000900960 0.0000495142 
0.0002683032 0.0000900887 0.0000495008 
0.0002683500 0.0000900814 0.0000494873 
0.0002683966 0.0000900742 0.0000494738 
0.0002684430 0.0000900672 0.0000494603 
0.0002684891 0.0000900602 0.0000494469 
0.0002685350 0.0000900534 0.0000494336 
0.0002685807 0.0000900468 0.0000494203 
0.0002686262 0.0000900404 0.0000494072 
0.0002686714 0.0000900342 0.0000493943 
0.0002687164 0.0000900283 0.0000493816 
0.0002687611 0.0000900227 0.0000493691 
0.0002688055 0.0000900174 0.0000493570 
0.0002688496 0.0000900125 0.0000493451 
0.0002688496 0.0000900125 0.0000493451 
0.0002688496 0.0000900125 0.0000493451 
0.0002688496 0.0000900125 0.0000493451 
0.0002688496 0.0000900125 0.0000493451 
0.0002688496 0.0000900125 0.0000493451 
0.0002688496 0.0000900125 0.0000493451 
0.0002688496 0.0000900125 0.0000493451 
0.0002688496 0.0000900125 0.0000493451 
0.0002688496 0.0000900125 0.0000493451 
0.0002688496 0.0000900125 0.0000493451 
0.0002688496 0.0000900125 0.0000493451 
0.0002688496 0.0000900125 0.0000493451 
0.0002688496 0.0000900125 0.0000493451 
0.0002688496 0.0000900125 0.0000493451 
0.0002688496 0.0000900125 0.0000493451 
0.0002688496 0.0000900125 0.0000493451 
0.0002688496 0.0000900125 0.0000493451 
0.0002688496 0.0000900125 0.0000493451 
0.0002688496 0.0000900125 0.0000493451 
0.0002688496 0.0000900125 0.0000493451 
0.0002688496 0.0000900125 0.0000493451 
0.0002688496 0.0000900125 0.0000493451 
0.0002688496 0.0000900125 0.0000493451 
0.0002688496 0.0000900125 0.0000493451 
0.0002688496 0.0000900125 0.0000493451 
0.0002688496 0.0000900125 0.0000493451 
0.0002688496 0.0000900125 0.0000493451 
0.0002688496 0.0000900125 0.0000493451 
0.0002688496 0.0000900125 0.0000493451 
0.0002688496 0.0000900125 0.0000493451 
0.0002688496 0.0000900125 0.0000493451 
0.0002688496 0.0000900125 0.0000493451 
0.0002688496 0.0000900125 0.0000493451 
0.0002688496 0.0000900125 0.0000493451 
0.0002688496 0.0000900125 0.0000493451 
0.0002688496 0.0000900125 0.0000493451 
0.0002688496 0.0000900125 0.0000493451 
0.0002688496 0.0000900125 0.0000493451 
0.0002688496 0.0000900125 0.0000493451 
0.0002688496 0.0000900125 0.0000493451 
0.0002688496 0.0000900125 0.0000493451 
0.0002688496 0.0000900125 0.0000493451 
0.0002688496 0.0000900125 0.0000493451 
0.0002688496 0.0000900125 0.0000493451 
0.0002688496 0.0000900125 0.0000493451 
0.0002688496 0.0000900125 0.0000493451 
0.0002688496 0.0000900125 0.0000493451 
0.0002688496 0.0000900125 0.0000493451 
0.0002688496 0.0000900125 0.0000493451 
0.0002688496 0.0000900125 0.0000493451 
0.0002688496 0.0000900125 0.0000493451 
0.0002688496 0.0000900125 0.0000493451 
0.0002688496 0.0000900125 0.0000493451 
0.0002688496 0.0000900125 0.0000493451 
0.0002688496 0.0000900125 0.0000493451 
0.0002688496 0.0000900125 0.0000493451 
0.0002688496 0.0000900125 0.0000493451 
0.0002688496 0.0000900125 0.0000493451 
0.0002688496 0.0000900125 0.0000493451 
0.0002688496 0.0000900125 0.0000493451 
0.0002688496 0.0000900125 0.0000493451 
0.0002688496 0.0000900125 0.0000493451 
0.0002688496 0.0000900125 0.0000493451 
0.0002688496 0.0000900125 0.0000493451 
0.0002688496 0.0000900125 0.0000493451 
0.0002688496 0.0000900125 0.0000493451 
0.0002688496 0.0000900125 0.0000493451 
0.0002688496 0.0000900125 0.0000493451 
0.0002688496 0.0000900125 0.0000493451 
0.0002688496 0.0000900125 0.0000493451 
0.0002688496 0.0000900125 0.0000493451 
0.0002688496 0.0000900125 0.0000493451 
0.0002688496 0.0000900125 0.0000493451 
0.0002688496 0.0000900125 0.0000493451 
0.0002688496 0.0000900125 0.0000493451 
0.0002688496 0.0000900125 0.0000493451 
0.0002688496 0.0000900125 0.0000493451 
0.0002688496 0.0000900125 0.0000493451 
0.0002688496 0.0000900125 0.0000493451 
0.0002688496 0.0000900125 0.0000493451 
0.0002688496 0.0000900125 0.0000493451 
0.0002688496 0.0000900125 0.0000493451 
0.0002688496 0.0000900125 0.0000493451 
0.0002688496 0.0000900125 0.0000493451 
0.0002688496 0.0000900125 0.0000493451 
0.0002688496 0.0000900125 0.0000493451 
0.0002688496 0.0000900125 0.0000493451 
0.0002688496 0.0000900125 0.0000493451 
0.0002688496 0.0000900125 0.0000493451 
0.0002688496 0.0000900125 0.0000493451 
0.0002688496 0.0000900125 0.0000493451 
0.0002688496 0.0000900125 0.0000493451 
0.0002688496 0.0000900125 0.0000493451 
0.0002688496 0.0000900125 0.0000493451 
0.0002688496 0.0000900125 0.0000493451 
0.0002688496 0.0000900125 0.0000493451 
0.0002688496 0.0000900125 0.0000493451 
0.0002688496 0.0000900125 0.0000493451 
0.0002688496 0.0000900125 0.0000493451 
0.0002688496 0.0000900125 0.0000493451 
0.0002688496 0.0000900125 0.0000493451 
0.0002688496 0.0000900125 0.0000493451 
0.0002688496 0.0000900125 0.0000493451 
0.0002688496 0.0000900125 0.0000493451 
0.0002688496 0.0000900125 0.0000493451 
0.0002688496 0.0000900125 0.0000493451 
0.0002688496 0.0000900125 0.0000493451 
0.0002688496 0.0000900125 0.0000493451 
0.0002688496 0.0000900125 0.0000493451 
0.0002688496 0.0000900125 0.0000493451 
0.0002688496 0.0000900125 0.0000493451 
0.0002688496 0.0000900125 0.0000493451 
0.0002688496 0.0000900125 0.0000493451 
0.0002688496 0.0000900125 0.0000493451 
0.0002688496 0.0000900125 0.0000493451 
0.0002688496 0.0000900125 0.0000493451 
0.0002688496 0.0000900125 0.0000493451 
0.0002688496 0.0000900125 0.0000493451 
0.0002688496 0.0000900125 0.0000493451 
0.0002688496 0.0000900125 0.0000493451 
0.0002688496 0.0000900125 0.0000493451 
0.0002688496 0.0000900125 0.0000493451 
0.0002688496 0.0000900125 0.0000493451 
0.0002688496 0.0000900125 0.0000493451 
0.0002688496 0.0000900125 0.0000493451 
0.0002688496 0.0000900125 0.0000493451 
0.0002688496 0.0000900125 0.0000493451 
0.0002688496 0.0000900125 0.0000493451 
0.0002688496 0.0000900125 0.0000493451 
0.0002688496 0.0000900125 0.0000493451 
0.0002688496 0.0000900125 0.0000493451 
0.0002688496 0.0000900125 0.0000493451 
0.0002688496 0.0000900125 0.0000493451 
0.0002688496 0.0000900125 0.0000493451 
0.0002688496 0.0000900125 0.0000493451 
0.0002688496 0.0000900125 0.0000493451 
0.0002688496 0.0000900125 0.0000493451 
0.0002688496 0.0000900125 0.0000493451 
0.0002688496 0.0000900125 0.0000493451 
0.0002688496 0.0000900125 0.0000493451 
0.0002688496 0.0000900125 0.0000493451 
0.0002688496 0.0000900125 0.0000493451 
0.0002688496 0.0000900125 0.0000493451 
0.0002688496 0.0000900125 0.0000493451 
0.0002688496 0.0000900125 0.0000493451 
0.0002688496 0.0000900125 0.0000493451 
0.0002688496 0.0000900125 0.0000493451 
0.0002688496 0.0000900125 0.0000493451 
0.0002688496 0.0000900125 0.0000493451 
0.0002688496 0.0000900125 0.0000493451 
0.0002688496 0.0000900125 0.0000493451 
0.0002688496 0.0000900125 0.0000493451 
0.0002688496 0.0000900125 0.0000493451 
0.0002688496 0.0000900125 0.0000493451 
0.0002688496 0.0000900125 0.0000493451 
0.0002688496 0.0000900125 0.0000493451 
0.0002688496 0.0000900125 0.0000493451 
0.0002688496 0.0000900125 0.0000493451 
0.0002688496 0.0000900125 0.0000493451 
0.0002688496 0.0000900125 0.0000493451 
0.0002688496 0.0000900125 0.0000493451 
0.0002688496 0.0000900125 0.0000493451 
0.0002688496 0.0000900125 0.0000493451 
0.0002688496 0.0000900125 0.0000493451 
0.0002688496 0.0000900125 0.0000493451 
0.0002688496 0.0000900125 0.0000493451 
0.0002688496 0.0000900125 0.0000493451 
0.0002688496 0.0000900125 0.0000493451 
0.0002688496 0.0000900125 0.0000493451 
0.0002688496 0.0000900125 0.0000493451 
0.0002688496 0.0000900125 0.0000493451 
0.0002688496 0.0000900125 0.0000493451 
0.0002688496 0.0000900125 0.0000493451 
0.0002688496 0.0000900125 0.0000493451 
0.0002688496 0.0000900125 0.0000493451 
0.0002688496 0.0000900125 0.0000493451 
0.0002688496 0.0000900125 0.0000493451 
0.0002688496 0.0000900125 0.0000493451 
0.0002688496 0.0000900125 0.0000493451 
0.0002688496 0.0000900125 0.0000493451 
0.0002688496 0.0000900125 0.0000493451 
0.0002688496 0.0000900125 0.0000493451 
0.0002688496 0.0000900125 0.0000493451 
0.0002688496 0.0000900125 0.0000493451 
0.0002688496 0.0000900125 0.0000493451 
0.0002688496 0.0000900125 0.0000493451 
0.0002688496 0.0000900125 0.0000493451 
0.0002688496 0.0000900125 0.0000493451 
0.0002688496 0.0000900125 0.0000493451 
0.0002688496 0.0000900125 0.0000493451 
0.0002688496 0.0000900125 0.0000493451 
0.0002688496 0.0000900125 0.0000493451 
0.0002688496 0.0000900125 0.0000493451 
0.0002688496 0.0000900125 0.0000493451 
0.0002688496 0.0000900125 0.0000493451 
0.0002688496 0.0000900125 0.0000493451 
0.0002688496 0.0000900125 0.0000493451 
0.0002688496 0.0000900125 0.0000493451 
0.0002688496 0.0000900125 0.0000493451 
0.0002688496 0.0000900125 0.0000493451 
0.0002688496 0.0000900125 0.0000493451 
0.0002688496 0.0000900125 0.0000493451 
0.0002688496 0.0000900125 0.0000493451 
0.0002688496 0.0000900125 0.0000493451 
0.0002688496 0.0000900125 0.0000493451 
0.0002688496 0.0000900125 0.0000493451 
0.0002688496 0.0000900125 0.0000493451 
0.0002688496 0.0000900125 0.0000493451 
0.0002688496 0.0000900125 0.0000493451 
0.0002688496 0.0000900125 0.0000493451 
0.0002688496 0.0000900125 0.0000493451 
0.0002688496 0.0000900125 0.0000493451 
0.0002688496 0.0000900125 0.0000493451 
0.0002688496 0.0000900125 0.0000493451 
0.0002688496 0.0000900125 0.0000493451 
0.0002688496 0.0000900125 0.0000493451 
0.0002688496 0.0000900125 0.0000493451 
0.0002688496 0.0000900125 0.0000493451 
0.0002688496 0.0000900125 0.0000493451 
0.0002688496 0.0000900125 0.0000493451 
0.0002688496 0.0000900125 0.0000493451 
0.0002688496 0.0000900125 0.0000493451 
0.0002688496 0.0000900125 0.0000493451 
0.0002688496 0.0000900125 0.0000493451 
0.0002688496 0.0000900125 0.0000493451 
0.0002688496 0.0000900125 0.0000493451 
0.0002688496 0.0000900125 0.0000493451 
0.0002688496 0.0000900125 0.0000493451 
0.0002688496 0.0000900125 0.0000493451 
0.0002688496 0.0000900125 0.0000493451 
0.0002688496 0.0000900125 0.0000493451 
0.0002688496 0.0000900125 0.0000493451 
0.0002688496 0.0000900125 0.0000493451 
0.0002688496 0.0000900125 0.0000493451 
0.0002688496 0.0000900125 0.0000493451 
0.0002688496 0.0000900125 0.0000493451 
0.0002688496 0.0000900125 0.0000493451 
0.0002688496 0.0000900125 0.0000493451 
0.0002688496 0.0000900125 0.0000493451 
0.0002688496 0.0000900125 0.0000493451 
0.0002688496 0.0000900125 0.0000493451 
0.0002688496 0.0000900125 0.0000493451 
0.0002688496 0.0000900125 0.0000493451 
0.0002688496 0.0000900125 0.0000493451 
0.0002688496 0.0000900125 0.0000493451 
0.0002688496 0.0000900125 0.0000493451 
0.0002688496 0.0000900125 0.0000493451 
0.0002688496 0.0000900125 0.0000493451 
0.0002688496 0.0000900125 0.0000493451 
0.0002688496 0.0000900125 0.0000493451 
0.0002688496 0.0000900125 0.0000493451 
0.0002688496 0.0000900125 0.0000493451 
0.0002688496 0.0000900125 0.0000493451 
0.0002688496 0.0000900125 0.0000493451 
0.0002688496 0.0000900125 0.0000493451 
0.0002688496 0.0000900125 0.0000493451 
0.0002688496 0.0000900125 0.0000493451 
0.0002688496 0.0000900125 0.0000493451 
0.0002688496 0.0000900125 0.0000493451 
