0.0002876121 0.0000259333 0.0003461643 
0.0002875711 0.0000285602 0.0003401804 
0.0002876685 0.0000309913 0.0003344120 
0.0002879267 0.0000332640 0.0003287697 
0.0002883517 0.0000354050 0.0003231892 
0.0002889412 0.0000374363 0.0003176237 
0.0002896878 0.0000393778 0.0003120402 
0.0002905789 0.0000412459 0.0003064198 
0.0002915948 0.0000430535 0.0003007579 
0.0002927129 0.0000448097 0.0002950728 
0.0002939105 0.0000465350 0.0002893716 
0.0002951441 0.0000482541 0.0002836909 
0.0002963913 0.0000499913 0.0002780496 
0.0002976340 0.0000517443 0.0002724725 
0.0002988686 0.0000535047 0.0002669687 
0.0003000665 0.0000553005 0.0002615687 
0.0003012139 0.0000571281 0.0002562876 
0.0003022998 0.0000589780 0.0002511383 
0.0003033135 0.0000608305 0.0002461339 
0.0003042523 0.0000626778 0.0002412866 
0.0003051272 0.0000645099 0.0002365950 
0.0003059444 0.0000663145 0.0002320543 
0.0003067032 0.0000680835 0.0002276723 
0.0003073995 0.0000698243 0.0002234447 
0.0003080363 0.0000715335 0.0002193698 
0.0003086121 0.0000732224 0.0002154436 
0.0003091430 0.0000748774 0.0002116539 
0.0003096106 0.0000765232 0.0002080055 
0.0003100159 0.0000781528 0.0002044959 
0.0003103750 0.0000797428 0.0002011070 
0.0003106817 0.0000812811 0.0001978384 
0.0003109324 0.0000827834 0.0001946894 
0.0003111315 0.0000842569 0.0001916548 
0.0003112784 0.0000857076 0.0001887357 
0.0003113584 0.0000871534 0.0001859346 
0.0003114154 0.0000885772 0.0001832274 
0.0003114568 0.0000899859 0.0001806126 
0.0003114498 0.0000914049 0.0001781041 
0.0003114460 0.0000928013 0.0001756772 
0.0003114352 0.0000941749 0.0001733405 
0.0003113888 0.0000955502 0.0001711063 
0.0003113249 0.0000969144 0.0001689533 
0.0003112425 0.0000982684 0.0001668784 
0.0003111561 0.0000996061 0.0001648686 
0.0003110663 0.0001009273 0.0001629161 
0.0003109812 0.0001022298 0.0001610182 
0.0003108981 0.0001035089 0.0001591749 
0.0003108053 0.0001047752 0.0001573927 
0.0003107109 0.0001060209 0.0001556638 
0.0003106067 0.0001072576 0.0001539910 
0.0003104937 0.0001084893 0.0001523730 
0.0003103573 0.0001097297 0.0001508181 
0.0003101812 0.0001109881 0.0001493340 
0.0003099632 0.0001122653 0.0001479221 
0.0003096945 0.0001135663 0.0001465859 
0.0003093818 0.0001148864 0.0001453214 
0.0003090322 0.0001162167 0.0001441206 
0.0003086353 0.0001175540 0.0001429862 
0.0003081953 0.0001188914 0.0001419132 
0.0003077193 0.0001202243 0.0001408974 
0.0003072301 0.0001215520 0.0001399296 
0.0003067495 0.0001228643 0.0001389965 
0.0003062772 0.0001241638 0.0001380976 
0.0003058142 0.0001254531 0.0001372307 
0.0003053628 0.0001267330 0.0001363932 
0.0003049250 0.0001280006 0.0001355828 
0.0003044991 0.0001292560 0.0001348001 
0.0003040902 0.0001304953 0.0001340425 
0.0003036890 0.0001317231 0.0001333143 
0.0003032828 0.0001329427 0.0001326187 
0.0003028693 0.0001341520 0.0001319532 
0.0003024445 0.0001353499 0.0001313173 
0.0003020051 0.0001365330 0.0001307092 
0.0003015498 0.0001376967 0.0001301266 
0.0003010888 0.0001388394 0.0001295642 
0.0003006205 0.0001399649 0.0001290215 
0.0003001512 0.0001410700 0.0001284959 
0.0002996809 0.0001421542 0.0001279866 
0.0002992095 0.0001432174 0.0001274920 
0.0002987413 0.0001442597 0.0001270108 
0.0002982802 0.0001452790 0.0001265419 
0.0002978278 0.0001462776 0.0001260856 
0.0002973856 0.0001472562 0.0001256430 
0.0002969516 0.0001482140 0.0001252143 
0.0002965296 0.0001491476 0.0001247960 
0.0002961149 0.0001500590 0.0001243852 
0.0002957045 0.0001509479 0.0001239834 
0.0002953004 0.0001518143 0.0001235884 
0.0002949044 0.0001526634 0.0001232060 
0.0002945146 0.0001534910 0.0001228294 
0.0002941358 0.0001542982 0.0001224579 
0.0002937643 0.0001550865 0.0001220938 
0.0002934008 0.0001558554 0.0001217372 
0.0002930445 0.0001566048 0.0001213887 
0.0002926912 0.0001573328 0.0001210443 
0.0002923442 0.0001580408 0.0001207085 
0.0002920082 0.0001587264 0.0001203735 
0.0002916832 0.0001593893 0.0001200393 
0.0002913701 0.0001600304 0.0001197059 
0.0002910697 0.0001606497 0.0001193711 
0.0002907806 0.0001612478 0.0001190367 
0.0002905016 0.0001618250 0.0001187031 
0.0002902317 0.0001623815 0.0001183708 
0.0002899697 0.0001629176 0.0001180394 
0.0002897155 0.0001634336 0.0001177095 
0.0002894701 0.0001639301 0.0001173820 
0.0002892318 0.0001644088 0.0001170586 
0.0002889989 0.0001648709 0.0001167448 
0.0002887733 0.0001653128 0.0001164314 
0.0002885566 0.0001657350 0.0001161191 
0.0002883504 0.0001661383 0.0001158077 
0.0002881548 0.0001665234 0.0001154973 
0.0002879700 0.0001668880 0.0001151864 
0.0002877980 0.0001672344 0.0001148769 
0.0002876392 0.0001675623 0.0001145675 
0.0002874932 0.0001678713 0.0001142580 
0.0002873590 0.0001681606 0.0001139474 
0.0002872354 0.0001684296 0.0001136349 
0.0002871225 0.0001686782 0.0001133208 
0.0002870201 0.0001689055 0.0001130051 
0.0002869256 0.0001691118 0.0001126862 
0.0002868300 0.0001692964 0.0001123569 
0.0002867261 0.0001694618 0.0001120226 
0.0002866111 0.0001696092 0.0001116842 
0.0002864819 0.0001697394 0.0001113439 
0.0002863370 0.0001698525 0.0001110028 
0.0002861766 0.0001699477 0.0001106612 
0.0002860026 0.0001700235 0.0001103182 
0.0002858179 0.0001700779 0.0001099726 
0.0002856274 0.0001701089 0.0001096215 
0.0002854344 0.0001701149 0.0001092638 
0.0002852429 0.0001700945 0.0001088984 
0.0002850540 0.0001700458 0.0001085210 
0.0002848707 0.0001699686 0.0001081312 
0.0002846964 0.0001698634 0.0001077296 
0.0002845325 0.0001697302 0.0001073166 
0.0002843806 0.0001695690 0.0001068925 
0.0002842410 0.0001693772 0.0001064564 
0.0002841169 0.0001691563 0.0001060079 
0.0002840119 0.0001689093 0.0001055477 
0.0002839239 0.0001686370 0.0001050763 
0.0002838531 0.0001683398 0.0001045938 
0.0002837994 0.0001680188 0.0001041003 
0.0002837552 0.0001676682 0.0001035901 
0.0002837253 0.0001672901 0.0001030675 
0.0002837158 0.0001668873 0.0001025347 
0.0002837325 0.0001664615 0.0001019911 
0.0002837760 0.0001660157 0.0001014382 
0.0002838463 0.0001655526 0.0001008769 
0.0002839420 0.0001650743 0.0001003080 
0.0002840609 0.0001645830 0.0000997327 
0.0002842016 0.0001640800 0.0000991513 
0.0002843583 0.0001635676 0.0000985664 
0.0002845285 0.0001630479 0.0000979791 
0.0002847119 0.0001625192 0.0000973874 
0.0002849066 0.0001619830 0.0000967923 
0.0002851111 0.0001614407 0.0000961949 
0.0002853239 0.0001608939 0.0000955962 
0.0002855440 0.0001603435 0.0000949968 
0.0002857706 0.0001597906 0.0000943975 
0.0002860030 0.0001592360 0.0000937986 
0.0002862408 0.0001586805 0.0000932007 
0.0002864835 0.0001581247 0.0000926043 
0.0002867308 0.0001575693 0.0000920096 
0.0002869822 0.0001570149 0.0000914172 
0.0002872374 0.0001564620 0.0000908274 
0.0002874962 0.0001559112 0.0000902405 
0.0002877583 0.0001553629 0.0000896570 
0.0002880234 0.0001548174 0.0000890771 
0.0002882913 0.0001542752 0.0000885012 
0.0002885623 0.0001537365 0.0000879288 
0.0002888361 0.0001532017 0.0000873606 
0.0002891130 0.0001526712 0.0000867963 
0.0002893935 0.0001521451 0.0000862361 
0.0002896767 0.0001516238 0.0000856804 
0.0002899621 0.0001511074 0.0000851295 
0.0002902491 0.0001505961 0.0000845838 
0.0002905374 0.0001500901 0.0000840433 
0.0002908264 0.0001495894 0.0000835084 
0.0002911161 0.0001490941 0.0000829792 
0.0002914059 0.0001486043 0.0000824558 
0.0002916958 0.0001481202 0.0000819382 
0.0002919855 0.0001476415 0.0000814266 
0.0002922748 0.0001471686 0.0000809211 
0.0002925629 0.0001467008 0.0000804216 
0.0002928515 0.0001462394 0.0000799277 
0.0002931398 0.0001457838 0.0000794396 
0.0002934271 0.0001453339 0.0000789574 
0.0002937131 0.0001448895 0.0000784811 
0.0002939977 0.0001444506 0.0000780108 
0.0002942806 0.0001440170 0.0000775464 
0.0002945620 0.0001435889 0.0000770879 
0.0002948416 0.0001431661 0.0000766354 
0.0002951196 0.0001427486 0.0000761887 
0.0002953958 0.0001423365 0.0000757479 
0.0002956696 0.0001419292 0.0000753121 
0.0002959417 0.0001415274 0.0000748825 
0.0002962122 0.0001411310 0.0000744590 
0.0002964810 0.0001407399 0.0000740416 
0.0002967481 0.0001403542 0.0000736301 
0.0002970133 0.0001399737 0.0000732243 
0.0002972765 0.0001395983 0.0000728243 
0.0002975376 0.0001392279 0.0000724299 
0.0002977966 0.0001388625 0.0000720411 
0.0002980532 0.0001385021 0.0000716579 
0.0002983072 0.0001381464 0.0000712800 
0.0002985500 0.0001377939 0.0000709120 
0.0002987871 0.0001374456 0.0000705507 
0.0002990223 0.0001371037 0.0000701981 
0.0002992543 0.0001367666 0.0000698519 
0.0002994833 0.0001364344 0.0000695121 
0.0002997092 0.0001361071 0.0000691785 
0.0002999320 0.0001357848 0.0000688514 
0.0003001518 0.0001354674 0.0000685308 
0.0003003687 0.0001351550 0.0000682167 
0.0003005825 0.0001348477 0.0000679092 
0.0003007936 0.0001345454 0.0000676084 
0.0003010020 0.0001342482 0.0000673141 
0.0003012080 0.0001339559 0.0000670265 
0.0003014118 0.0001336687 0.0000667454 
0.0003016135 0.0001333866 0.0000664708 
0.0003018134 0.0001331095 0.0000662027 
0.0003020138 0.0001328379 0.0000659418 
0.0003022105 0.0001325702 0.0000656864 
0.0003024074 0.0001323087 0.0000654376 
0.0003026085 0.0001320542 0.0000651968 
0.0003028138 0.0001318061 0.0000649636 
0.0003030210 0.0001315640 0.0000647375 
0.0003032237 0.0001313258 0.0000645188 
0.0003034209 0.0001310913 0.0000643070 
0.0003036138 0.0001308608 0.0000641018 
0.0003038032 0.0001306348 0.0000639031 
0.0003039895 0.0001304135 0.0000637107 
0.0003041730 0.0001301971 0.0000635244 
0.0003043539 0.0001299856 0.0000633440 
0.0003045323 0.0001297791 0.0000631694 
0.0003047081 0.0001295776 0.0000630004 
0.0003048813 0.0001293808 0.0000628368 
0.0003050519 0.0001291889 0.0000626784 
0.0003052199 0.0001290017 0.0000625250 
0.0003053854 0.0001288190 0.0000623764 
0.0003055484 0.0001286409 0.0000622324 
0.0003057081 0.0001284670 0.0000620930 
0.0003058645 0.0001282972 0.0000619579 
0.0003060178 0.0001281314 0.0000618270 
0.0003061681 0.0001279694 0.0000617000 
0.0003063155 0.0001278113 0.0000615768 
0.0003064600 0.0001276569 0.0000614572 
0.0003066018 0.0001275061 0.0000613411 
0.0003067409 0.0001273588 0.0000612282 
0.0003068772 0.0001272149 0.0000611186 
0.0003070109 0.0001270743 0.0000610119 
0.0003071418 0.0001269368 0.0000609082 
0.0003072700 0.0001268025 0.0000608073 
0.0003073955 0.0001266712 0.0000607091 
0.0003075182 0.0001265428 0.0000606135 
0.0003076383 0.0001264172 0.0000605205 
0.0003077556 0.0001262944 0.0000604298 
0.0003078702 0.0001261743 0.0000603416 
0.0003079821 0.0001260568 0.0000602557 
0.0003080914 0.0001259419 0.0000601719 
0.0003081980 0.0001258295 0.0000600903 
0.0003083020 0.0001257194 0.0000600108 
0.0003084034 0.0001256117 0.0000599332 
0.0003085023 0.0001255063 0.0000598576 
0.0003085987 0.0001254030 0.0000597838 
0.0003086926 0.0001253018 0.0000597118 
0.0003087842 0.0001252027 0.0000596415 
0.0003088734 0.0001251056 0.0000595729 
0.0003089604 0.0001250105 0.0000595060 
0.0003090452 0.0001249172 0.0000594405 
0.0003091278 0.0001248258 0.0000593767 
0.0003092083 0.0001247362 0.0000593142 
0.0003092868 0.0001246484 0.0000592533 
0.0003093633 0.0001245622 0.0000591937 
0.0003094378 0.0001244777 0.0000591354 
0.0003095106 0.0001243948 0.0000590784 
0.0003095815 0.0001243134 0.0000590227 
0.0003096506 0.0001242335 0.0000589681 
0.0003097181 0.0001241549 0.0000589147 
0.0003097840 0.0001240778 0.0000588624 
0.0003098483 0.0001240019 0.0000588111 
0.0003099112 0.0001239274 0.0000587609 
0.0003099726 0.0001238540 0.0000587116 
0.0003100326 0.0001237818 0.0000586633 
0.0003100914 0.0001237108 0.0000586159 
0.0003101489 0.0001236408 0.0000585694 
0.0003102052 0.0001235719 0.0000585237 
0.0003102603 0.0001235040 0.0000584788 
0.0003103144 0.0001234371 0.0000584348 
0.0003103674 0.0001233711 0.0000583914 
0.0003104195 0.0001233059 0.0000583488 
0.0003104705 0.0001232416 0.0000583069 
0.0003105207 0.0001231782 0.0000582656 
0.0003105701 0.0001231154 0.0000582250 
0.0003106187 0.0001230534 0.0000581849 
0.0003106665 0.0001229920 0.0000581454 
0.0003107137 0.0001229313 0.0000581064 
0.0003107602 0.0001228712 0.0000580679 
0.0003108061 0.0001228117 0.0000580300 
0.0003108514 0.0001227527 0.0000579924 
0.0003108963 0.0001226943 0.0000579553 
0.0003109406 0.0001226363 0.0000579187 
0.0003109846 0.0001225789 0.0000578824 
0.0003110281 0.0001225218 0.0000578465 
0.0003110712 0.0001224652 0.0000578109 
0.0003111140 0.0001224090 0.0000577757 
0.0003111565 0.0001223532 0.0000577408 
0.0003111988 0.0001222977 0.0000577062 
0.0003112408 0.0001222424 0.0000576718 
0.0003112827 0.0001221874 0.0000576376 
0.0003113244 0.0001221327 0.0000576037 
0.0003113660 0.0001220782 0.0000575700 
0.0003114076 0.0001220240 0.0000575365 
0.0003114490 0.0001219701 0.0000575033 
0.0003114905 0.0001219165 0.0000574703 
0.0003115319 0.0001218632 0.0000574376 
0.0003115733 0.0001218102 0.0000574051 
0.0003116147 0.0001217575 0.0000573728 
0.0003116560 0.0001217051 0.0000573409 
0.0003116974 0.0001216531 0.0000573091 
0.0003117389 0.0001216013 0.0000572776 
0.0003117803 0.0001215498 0.0000572464 
0.0003118218 0.0001214987 0.0000572154 
0.0003118634 0.0001214478 0.0000571847 
0.0003119049 0.0001213972 0.0000571542 
0.0003119466 0.0001213469 0.0000571239 
0.0003119883 0.0001212968 0.0000570938 
0.0003120301 0.0001212470 0.0000570639 
0.0003120720 0.0001211975 0.0000570343 
0.0003121140 0.0001211481 0.0000570048 
0.0003121561 0.0001210990 0.0000569755 
0.0003121982 0.0001210501 0.0000569464 
0.0003122406 0.0001210014 0.0000569174 
0.0003122830 0.0001209529 0.0000568887 
0.0003123256 0.0001209046 0.0000568600 
0.0003123683 0.0001208564 0.0000568316 
0.0003124112 0.0001208085 0.0000568033 
0.0003124543 0.0001207607 0.0000567751 
0.0003124975 0.0001207131 0.0000567471 
0.0003125409 0.0001206657 0.0000567193 
0.0003125845 0.0001206185 0.0000566916 
0.0003126282 0.0001205715 0.0000566640 
0.0003126722 0.0001205247 0.0000566366 
0.0003127163 0.0001204780 0.0000566094 
0.0003127606 0.0001204315 0.0000565823 
0.0003128051 0.0001203852 0.0000565553 
0.0003128497 0.0001203391 0.0000565285 
0.0003128946 0.0001202933 0.0000565018 
0.0003129396 0.0001202476 0.0000564753 
0.0003129849 0.0001202021 0.0000564490 
0.0003130303 0.0001201568 0.0000564228 
0.0003130758 0.0001201117 0.0000563968 
0.0003131216 0.0001200668 0.0000563709 
0.0003131675 0.0001200222 0.0000563452 
0.0003132136 0.0001199777 0.0000563196 
0.0003132599 0.0001199333 0.0000562941 
0.0003133063 0.0001198889 0.0000562686 
0.0003133530 0.0001198445 0.0000562430 
0.0003134000 0.0001197998 0.0000562172 
0.0003134472 0.0001197549 0.0000561912 
0.0003134948 0.0001197095 0.0000561648 
0.0003135427 0.0001196633 0.0000561378 
0.0003135912 0.0001196161 0.0000561098 
0.0003136404 0.0001195672 0.0000560806 
0.0003136905 0.0001195163 0.0000560496 
0.0003137418 0.0001194627 0.0000560166 
0.0003137946 0.0001194062 0.0000559812 
0.0003138491 0.0001193464 0.0000559432 
0.0003139054 0.0001192834 0.0000559026 
0.0003139638 0.0001192172 0.0000558594 
0.0003140244 0.0001191478 0.0000558136 
0.0003140872 0.0001190754 0.0000557652 
0.0003141524 0.0001190003 0.0000557146 
0.0003142199 0.0001189227 0.0000556618 
0.0003142897 0.0001188429 0.0000556069 
0.0003143619 0.0001187610 0.0000555502 
0.0003144364 0.0001186773 0.0000554917 
0.0003145131 0.0001185920 0.0000554316 
0.0003145920 0.0001185052 0.0000553700 
0.0003146731 0.0001184170 0.0000553070 
0.0003147563 0.0001183276 0.0000552425 
0.0003148416 0.0001182369 0.0000551768 
0.0003149288 0.0001181451 0.0000551098 
0.0003150180 0.0001180521 0.0000550416 
0.0003151091 0.0001179579 0.0000549720 
0.0003152020 0.0001178625 0.0000549012 
0.0003152968 0.0001177659 0.0000548290 
0.0003153934 0.0001176680 0.0000547554 
0.0003154918 0.0001175687 0.0000546804 
0.0003155920 0.0001174679 0.0000546038 
0.0003156940 0.0001173655 0.0000545257 
0.0003157977 0.0001172613 0.0000544457 
0.0003159031 0.0001171549 0.0000543636 
0.0003160105 0.0001170457 0.0000542789 
0.0003161199 0.0001169329 0.0000541909 
0.0003162317 0.0001168159 0.0000540993 
0.0003163460 0.0001166944 0.0000540038 
0.0003164631 0.0001165680 0.0000539041 
0.0003165830 0.0001164368 0.0000538002 
0.0003167058 0.0001163011 0.0000536925 
0.0003168317 0.0001161612 0.0000535811 
0.0003169606 0.0001160176 0.0000534664 
0.0003170924 0.0001158709 0.0000533488 
0.0003172273 0.0001157216 0.0000532287 
0.0003173651 0.0001155704 0.0000531066 
0.0003175057 0.0001154177 0.0000529829 
0.0003176491 0.0001152642 0.0000528580 
0.0003177950 0.0001151103 0.0000527322 
0.0003179447 0.0001149549 0.0000526041 
0.0003180958 0.0001148017 0.0000524781 
0.0003182489 0.0001146497 0.0000523530 
0.0003184042 0.0001144987 0.0000522278 
0.0003185619 0.0001143484 0.0000521025 
0.0003187217 0.0001141990 0.0000519768 
0.0003188836 0.0001140507 0.0000518511 
0.0003190471 0.0001139037 0.0000517253 
0.0003192121 0.0001137582 0.0000515999 
0.0003193780 0.0001136145 0.0000514751 
0.0003195448 0.0001134729 0.0000513510 
0.0003197119 0.0001133334 0.0000512280 
0.0003198791 0.0001131964 0.0000511063 
0.0003200461 0.0001130619 0.0000509860 
0.0003202127 0.0001129302 0.0000508674 
0.0003203785 0.0001128013 0.0000507506 
0.0003205434 0.0001126753 0.0000506358 
0.0003207070 0.0001125523 0.0000505230 
0.0003208693 0.0001124324 0.0000504124 
0.0003210300 0.0001123156 0.0000503040 
0.0003211889 0.0001122019 0.0000501979 
0.0003213459 0.0001120914 0.0000500943 
0.0003215008 0.0001119841 0.0000499930 
0.0003216536 0.0001118799 0.0000498942 
0.0003218040 0.0001117789 0.0000497979 
0.0003219521 0.0001116810 0.0000497041 
0.0003220977 0.0001115863 0.0000496127 
0.0003222407 0.0001114945 0.0000495239 
0.0003223811 0.0001114059 0.0000494376 
0.0003225188 0.0001113202 0.0000493539 
0.0003226538 0.0001112374 0.0000492726 
0.0003227860 0.0001111576 0.0000491937 
0.0003229155 0.0001110807 0.0000491174 
0.0003230421 0.0001110066 0.0000490435 
0.0003231658 0.0001109352 0.0000489720 
0.0003232867 0.0001108666 0.0000489029 
0.0003234048 0.0001108007 0.0000488362 
0.0003235199 0.0001107375 0.0000487718 
0.0003236323 0.0001106768 0.0000487098 
0.0003237417 0.0001106186 0.0000486500 
0.0003238484 0.0001105630 0.0000485925 
0.0003239522 0.0001105097 0.0000485372 
0.0003240532 0.0001104588 0.0000484841 
0.0003241515 0.0001104102 0.0000484331 
0.0003242470 0.0001103639 0.0000483841 
0.0003243398 0.0001103197 0.0000483372 
0.0003244300 0.0001102775 0.0000482921 
0.0003245178 0.0001102367 0.0000482484 
0.0003246034 0.0001101971 0.0000482058 
0.0003246872 0.0001101580 0.0000481640 
0.0003247692 0.0001101192 0.0000481226 
0.0003248499 0.0001100803 0.0000480815 
0.0003249293 0.0001100409 0.0000480401 
0.0003250079 0.0001100006 0.0000479983 
0.0003250858 0.0001099591 0.0000479558 
0.0003251633 0.0001099163 0.0000479125 
0.0003252406 0.0001098720 0.0000478682 
0.0003253176 0.0001098264 0.0000478230 
0.0003253946 0.0001097795 0.0000477770 
0.0003254716 0.0001097315 0.0000477302 
0.0003255486 0.0001096825 0.0000476827 
0.0003256255 0.0001096328 0.0000476348 
0.0003257024 0.0001095826 0.0000475866 
0.0003257792 0.0001095322 0.0000475383 
0.0003258558 0.0001094817 0.0000474900 
0.0003259322 0.0001094315 0.0000474419 
0.0003260082 0.0001093817 0.0000473942 
0.0003260839 0.0001093325 0.0000473469 
0.0003261590 0.0001092841 0.0000473002 
0.0003262336 0.0001092365 0.0000472543 
0.0003263075 0.0001091900 0.0000472091 
0.0003263807 0.0001091445 0.0000471648 
0.0003264531 0.0001091002 0.0000471215 
0.0003265247 0.0001090572 0.0000470790 
0.0003265953 0.0001090154 0.0000470377 
0.0003266649 0.0001089749 0.0000469974 
0.0003267334 0.0001089357 0.0000469582 
0.0003268008 0.0001088980 0.0000469201 
0.0003268670 0.0001088617 0.0000468832 
0.0003269319 0.0001088268 0.0000468476 
0.0003269956 0.0001087933 0.0000468131 
0.0003270579 0.0001087614 0.0000467799 
0.0003271189 0.0001087308 0.0000467479 
0.0003271785 0.0001087018 0.0000467171 
0.0003272367 0.0001086741 0.0000466876 
0.0003272935 0.0001086479 0.0000466593 
0.0003273488 0.0001086231 0.0000466323 
0.0003274027 0.0001085996 0.0000466064 
0.0003274552 0.0001085774 0.0000465816 
0.0003275063 0.0001085562 0.0000465578 
0.0003275562 0.0001085360 0.0000465349 
0.0003276049 0.0001085167 0.0000465128 
0.0003276524 0.0001084981 0.0000464915 
0.0003276987 0.0001084803 0.0000464709 
0.0003277440 0.0001084630 0.0000464509 
0.0003277881 0.0001084465 0.0000464316 
0.0003278313 0.0001084305 0.0000464130 
0.0003278733 0.0001084153 0.0000463950 
0.0003279143 0.0001084007 0.0000463778 
0.0003279541 0.0001083870 0.0000463614 
0.0003279929 0.0001083741 0.0000463458 
0.0003280305 0.0001083621 0.0000463310 
0.0003280670 0.0001083510 0.0000463171 
0.0003281023 0.0001083408 0.0000463041 
0.0003281365 0.0001083317 0.0000462921 
0.0003281694 0.0001083235 0.0000462810 
0.0003282012 0.0001083165 0.0000462709 
0.0003282317 0.0001083104 0.0000462618 
0.0003282610 0.0001083054 0.0000462537 
0.0003282891 0.0001083014 0.0000462466 
0.0003283159 0.0001082985 0.0000462404 
0.0003283415 0.0001082966 0.0000462352 
0.0003283658 0.0001082958 0.0000462310 
0.0003283889 0.0001082959 0.0000462278 
0.0003284108 0.0001082971 0.0000462255 
0.0003284314 0.0001082992 0.0000462242 
0.0003284508 0.0001083023 0.0000462238 
0.0003284689 0.0001083063 0.0000462244 
0.0003284859 0.0001083113 0.0000462258 
0.0003285016 0.0001083171 0.0000462282 
0.0003285162 0.0001083238 0.0000462314 
0.0003285296 0.0001083313 0.0000462353 
0.0003285421 0.0001083394 0.0000462399 
0.0003285539 0.0001083477 0.0000462447 
0.0003285651 0.0001083558 0.0000462496 
0.0003285759 0.0001083637 0.0000462545 
0.0003285864 0.0001083712 0.0000462592 
0.0003285966 0.0001083782 0.0000462637 
0.0003286064 0.0001083849 0.0000462680 
0.0003286159 0.0001083913 0.0000462724 
0.0003286251 0.0001083975 0.0000462767 
0.0003286339 0.0001084038 0.0000462813 
0.0003286422 0.0001084102 0.0000462860 
0.0003286500 0.0001084170 0.0000462912 
0.0003286572 0.0001084240 0.0000462967 
0.0003286639 0.0001084315 0.0000463027 
0.0003286701 0.0001084394 0.0000463091 
0.0003286757 0.0001084477 0.0000463159 
0.0003286808 0.0001084564 0.0000463231 
0.0003286853 0.0001084655 0.0000463307 
0.0003286893 0.0001084750 0.0000463388 
0.0003286926 0.0001084850 0.0000463473 
0.0003286954 0.0001084954 0.0000463563 
0.0003286975 0.0001085063 0.0000463659 
0.0003286989 0.0001085178 0.0000463759 
0.0003286997 0.0001085298 0.0000463866 
0.0003286997 0.0001085424 0.0000463978 
0.0003286990 0.0001085556 0.0000464095 
0.0003286976 0.0001085694 0.0000464218 
0.0003286956 0.0001085836 0.0000464347 
0.0003286928 0.0001085982 0.0000464480 
0.0003286895 0.0001086133 0.0000464617 
0.0003286855 0.0001086288 0.0000464758 
0.0003286810 0.0001086445 0.0000464903 
0.0003286759 0.0001086605 0.0000465051 
0.0003286704 0.0001086767 0.0000465202 
0.0003286643 0.0001086930 0.0000465356 
0.0003286578 0.0001087095 0.0000465512 
0.0003286507 0.0001087263 0.0000465671 
0.0003286432 0.0001087432 0.0000465834 
0.0003286351 0.0001087605 0.0000466000 
0.0003286265 0.0001087780 0.0000466169 
0.0003286173 0.0001087959 0.0000466342 
0.0003286077 0.0001088140 0.0000466518 
0.0003285977 0.0001088322 0.0000466696 
0.0003285874 0.0001088503 0.0000466875 
0.0003285769 0.0001088684 0.0000467053 
0.0003285662 0.0001088861 0.0000467231 
0.0003285554 0.0001089036 0.0000467408 
0.0003285445 0.0001089210 0.0000467584 
0.0003285333 0.0001089381 0.0000467761 
0.0003285220 0.0001089551 0.0000467937 
0.0003285105 0.0001089722 0.0000468114 
0.0003284987 0.0001089892 0.0000468293 
0.0003284866 0.0001090063 0.0000468473 
0.0003284742 0.0001090236 0.0000468656 
0.0003284615 0.0001090410 0.0000468841 
0.0003284485 0.0001090587 0.0000469028 
0.0003284351 0.0001090767 0.0000469219 
0.0003284213 0.0001090949 0.0000469413 
0.0003284071 0.0001091134 0.0000469610 
0.0003283926 0.0001091321 0.0000469810 
0.0003283776 0.0001091511 0.0000470012 
0.0003283623 0.0001091704 0.0000470218 
0.0003283466 0.0001091899 0.0000470427 
0.0003283305 0.0001092095 0.0000470638 
0.0003283140 0.0001092294 0.0000470852 
0.0003282972 0.0001092494 0.0000471068 
0.0003282801 0.0001092696 0.0000471286 
0.0003282626 0.0001092899 0.0000471506 
0.0003282449 0.0001093102 0.0000471728 
0.0003282268 0.0001093306 0.0000471951 
0.0003282085 0.0001093512 0.0000472176 
0.0003281899 0.0001093717 0.0000472402 
0.0003281711 0.0001093923 0.0000472630 
0.0003281523 0.0001094129 0.0000472857 
0.0003281334 0.0001094334 0.0000473084 
0.0003281147 0.0001094538 0.0000473310 
0.0003280962 0.0001094740 0.0000473534 
0.0003280779 0.0001094942 0.0000473756 
0.0003280600 0.0001095141 0.0000473976 
0.0003280425 0.0001095339 0.0000474194 
0.0003280254 0.0001095534 0.0000474408 
0.0003280088 0.0001095727 0.0000474620 
0.0003279927 0.0001095918 0.0000474829 
0.0003279771 0.0001096107 0.0000475035 
0.0003279620 0.0001096294 0.0000475238 
0.0003279473 0.0001096478 0.0000475438 
0.0003279332 0.0001096659 0.0000475635 
0.0003279195 0.0001096838 0.0000475829 
0.0003279063 0.0001097015 0.0000476020 
0.0003278936 0.0001097189 0.0000476209 
0.0003278813 0.0001097361 0.0000476394 
0.0003278696 0.0001097528 0.0000476575 
0.0003278590 0.0001097686 0.0000476746 
0.0003278500 0.0001097825 0.0000476900 
0.0003278432 0.0001097937 0.0000477031 
0.0003278389 0.0001098017 0.0000477134 
0.0003278373 0.0001098061 0.0000477207 
0.0003278384 0.0001098070 0.0000477250 
0.0003278422 0.0001098045 0.0000477266 
0.0003278485 0.0001097989 0.0000477256 
0.0003278571 0.0001097907 0.0000477223 
0.0003278679 0.0001097803 0.0000477170 
0.0003278810 0.0001097677 0.0000477098 
0.0003278962 0.0001097530 0.0000477006 
0.0003279137 0.0001097364 0.0000476896 
0.0003279332 0.0001097179 0.0000476769 
0.0003279548 0.0001096978 0.0000476626 
0.0003279782 0.0001096762 0.0000476469 
0.0003280032 0.0001096535 0.0000476300 
0.0003280297 0.0001096299 0.0000476123 
0.0003280574 0.0001096058 0.0000475939 
0.0003280861 0.0001095815 0.0000475751 
0.0003281156 0.0001095573 0.0000475561 
0.0003281457 0.0001095333 0.0000475372 
0.0003281762 0.0001095099 0.0000475186 
0.0003282069 0.0001094871 0.0000475003 
0.0003282377 0.0001094653 0.0000474826 
0.0003282683 0.0001094445 0.0000474656 
0.0003282988 0.0001094248 0.0000474494 
0.0003283288 0.0001094063 0.0000474341 
0.0003283584 0.0001093890 0.0000474197 
0.0003283873 0.0001093731 0.0000474064 
0.0003284156 0.0001093586 0.0000473941 
0.0003284433 0.0001093451 0.0000473827 
0.0003284704 0.0001093326 0.0000473719 
0.0003284971 0.0001093207 0.0000473617 
0.0003285235 0.0001093093 0.0000473518 
0.0003285495 0.0001092981 0.0000473423 
0.0003285752 0.0001092872 0.0000473330 
0.0003286004 0.0001092766 0.0000473241 
0.0003286252 0.0001092664 0.0000473156 
0.0003286495 0.0001092568 0.0000473077 
0.0003286731 0.0001092477 0.0000473003 
0.0003286960 0.0001092394 0.0000472937 
0.0003287182 0.0001092318 0.0000472878 
0.0003287395 0.0001092252 0.0000472828 
0.0003287600 0.0001092195 0.0000472787 
0.0003287795 0.0001092148 0.0000472755 
0.0003287981 0.0001092111 0.0000472734 
0.0003288156 0.0001092085 0.0000472722 
0.0003288322 0.0001092070 0.0000472721 
0.0003288476 0.0001092065 0.0000472730 
0.0003288620 0.0001092071 0.0000472750 
0.0003288753 0.0001092087 0.0000472780 
0.0003288875 0.0001092114 0.0000472820 
0.0003288985 0.0001092152 0.0000472871 
0.0003289084 0.0001092199 0.0000472932 
0.0003289172 0.0001092256 0.0000473003 
0.0003289249 0.0001092323 0.0000473084 
0.0003289315 0.0001092401 0.0000473174 
0.0003289370 0.0001092488 0.0000473273 
0.0003289415 0.0001092583 0.0000473380 
0.0003289449 0.0001092686 0.0000473495 
0.0003289481 0.0001092792 0.0000473598 
0.0003289508 0.0001092900 0.0000473693 
0.0003289529 0.0001093008 0.0000473782 
0.0003289543 0.0001093117 0.0000473868 
0.0003289551 0.0001093227 0.0000473951 
0.0003289554 0.0001093337 0.0000474033 
0.0003289551 0.0001093447 0.0000474113 
0.0003289545 0.0001093556 0.0000474192 
0.0003289534 0.0001093664 0.0000474269 
0.0003289521 0.0001093769 0.0000474345 
0.0003289504 0.0001093873 0.0000474419 
0.0003289485 0.0001093975 0.0000474492 
0.0003289463 0.0001094074 0.0000474563 
0.0003289440 0.0001094170 0.0000474633 
0.0003289417 0.0001094261 0.0000474697 
0.0003289399 0.0001094341 0.0000474754 
0.0003289388 0.0001094407 0.0000474799 
0.0003289387 0.0001094455 0.0000474830 
0.0003289398 0.0001094483 0.0000474844 
0.0003289423 0.0001094488 0.0000474841 
0.0003289462 0.0001094473 0.0000474820 
0.0003289514 0.0001094436 0.0000474784 
0.0003289579 0.0001094382 0.0000474733 
0.0003289656 0.0001094312 0.0000474670 
0.0003289744 0.0001094230 0.0000474598 
0.0003289841 0.0001094138 0.0000474518 
0.0003289948 0.0001094038 0.0000474431 
0.0003290063 0.0001093931 0.0000474338 
0.0003290186 0.0001093817 0.0000474239 
0.0003290319 0.0001093696 0.0000474134 
0.0003290461 0.0001093569 0.0000474023 
0.0003290612 0.0001093434 0.0000473907 
0.0003290771 0.0001093294 0.0000473787 
0.0003290936 0.0001093150 0.0000473663 
0.0003291108 0.0001093002 0.0000473536 
0.0003291284 0.0001092854 0.0000473409 
0.0003291465 0.0001092705 0.0000473282 
0.0003291647 0.0001092557 0.0000473157 
0.0003291832 0.0001092413 0.0000473034 
0.0003292017 0.0001092271 0.0000472914 
0.0003292202 0.0001092135 0.0000472799 
0.0003292386 0.0001092003 0.0000472688 
0.0003292569 0.0001091876 0.0000472581 
0.0003292753 0.0001091752 0.0000472476 
0.0003292939 0.0001091625 0.0000472370 
0.0003293130 0.0001091494 0.0000472259 
0.0003293327 0.0001091354 0.0000472142 
0.0003293531 0.0001091205 0.0000472018 
0.0003293741 0.0001091047 0.0000471887 
0.0003293959 0.0001090879 0.0000471749 
0.0003294181 0.0001090705 0.0000471606 
0.0003294408 0.0001090526 0.0000471460 
0.0003294638 0.0001090343 0.0000471312 
0.0003294870 0.0001090160 0.0000471163 
0.0003295103 0.0001089977 0.0000471017 
0.0003295336 0.0001089798 0.0000470873 
0.0003295568 0.0001089622 0.0000470733 
0.0003295797 0.0001089452 0.0000470598 
0.0003296023 0.0001089288 0.0000470470 
0.0003296245 0.0001089131 0.0000470348 
0.0003296463 0.0001088983 0.0000470234 
0.0003296675 0.0001088842 0.0000470127 
0.0003296881 0.0001088710 0.0000470029 
0.0003297081 0.0001088587 0.0000469940 
0.0003297274 0.0001088473 0.0000469859 
0.0003297459 0.0001088368 0.0000469787 
0.0003297637 0.0001088272 0.0000469725 
0.0003297807 0.0001088186 0.0000469672 
0.0003297968 0.0001088108 0.0000469628 
0.0003298120 0.0001088040 0.0000469593 
0.0003298263 0.0001087980 0.0000469568 
0.0003298398 0.0001087929 0.0000469552 
0.0003298523 0.0001087886 0.0000469545 
0.0003298639 0.0001087852 0.0000469546 
0.0003298746 0.0001087825 0.0000469557 
0.0003298844 0.0001087806 0.0000469576 
0.0003298933 0.0001087794 0.0000469603 
0.0003299012 0.0001087789 0.0000469639 
0.0003299083 0.0001087791 0.0000469682 
0.0003299144 0.0001087800 0.0000469734 
0.0003299197 0.0001087815 0.0000469793 
0.0003299241 0.0001087837 0.0000469859 
0.0003299276 0.0001087864 0.0000469933 
0.0003299303 0.0001087897 0.0000470015 
0.0003299321 0.0001087936 0.0000470102 
0.0003299332 0.0001087979 0.0000470197 
0.0003299334 0.0001088028 0.0000470298 
0.0003299329 0.0001088081 0.0000470405 
0.0003299316 0.0001088139 0.0000470519 
0.0003299296 0.0001088201 0.0000470637 
0.0003299268 0.0001088266 0.0000470762 
0.0003299234 0.0001088336 0.0000470892 
0.0003299194 0.0001088409 0.0000471026 
0.0003299147 0.0001088485 0.0000471166 
0.0003299094 0.0001088564 0.0000471310 
0.0003299035 0.0001088646 0.0000471458 
0.0003298970 0.0001088731 0.0000471611 
0.0003298900 0.0001088818 0.0000471768 
0.0003298825 0.0001088907 0.0000471928 
0.0003298744 0.0001088999 0.0000472092 
0.0003298659 0.0001089093 0.0000472260 
0.0003298569 0.0001089189 0.0000472431 
0.0003298474 0.0001089287 0.0000472606 
0.0003298375 0.0001089387 0.0000472784 
0.0003298271 0.0001089489 0.0000472965 
0.0003298164 0.0001089592 0.0000473149 
0.0003298052 0.0001089698 0.0000473337 
0.0003297936 0.0001089807 0.0000473528 
0.0003297815 0.0001089917 0.0000473723 
0.0003297690 0.0001090030 0.0000473921 
0.0003297561 0.0001090146 0.0000474122 
0.0003297428 0.0001090264 0.0000474327 
0.0003297290 0.0001090385 0.0000474536 
0.0003297149 0.0001090508 0.0000474747 
0.0003297003 0.0001090633 0.0000474963 
0.0003296854 0.0001090761 0.0000475181 
0.0003296700 0.0001090892 0.0000475402 
0.0003296543 0.0001091024 0.0000475627 
0.0003296381 0.0001091160 0.0000475855 
0.0003296212 0.0001091300 0.0000476089 
0.0003296033 0.0001091447 0.0000476332 
0.0003295838 0.0001091607 0.0000476588 
0.0003295623 0.0001091782 0.0000476860 
0.0003295384 0.0001091977 0.0000477154 
0.0003295115 0.0001092197 0.0000477473 
0.0003294810 0.0001092447 0.0000477824 
0.0003294465 0.0001092734 0.0000478211 
0.0003294076 0.0001093061 0.0000478639 
0.0003293640 0.0001093434 0.0000479110 
0.0003293153 0.0001093856 0.0000479630 
0.0003292615 0.0001094329 0.0000480198 
0.0003292025 0.0001094855 0.0000480817 
0.0003291382 0.0001095435 0.0000481486 
0.0003290688 0.0001096068 0.0000482206 
0.0003289943 0.0001096753 0.0000482975 
0.0003289150 0.0001097489 0.0000483791 
0.0003288310 0.0001098274 0.0000484653 
0.0003287426 0.0001099104 0.0000485558 
0.0003286501 0.0001099977 0.0000486502 
0.0003285515 0.0001100883 0.0000487476 
0.0003284473 0.0001101818 0.0000488479 
0.0003283391 0.0001102782 0.0000489509 
0.0003282279 0.0001103775 0.0000490567 
0.0003281145 0.0001104793 0.0000491650 
0.0003279996 0.0001105837 0.0000492758 
0.0003278834 0.0001106903 0.0000493888 
0.0003277662 0.0001107989 0.0000495038 
0.0003276482 0.0001109092 0.0000496206 
0.0003275296 0.0001110212 0.0000497390 
0.0003274105 0.0001111343 0.0000498587 
0.0003272912 0.0001112486 0.0000499796 
0.0003271716 0.0001113637 0.0000501013 
0.0003270519 0.0001114794 0.0000502238 
0.0003269323 0.0001115953 0.0000503466 
0.0003268129 0.0001117112 0.0000504694 
0.0003266941 0.0001118264 0.0000505918 
0.0003265760 0.0001119406 0.0000507133 
0.0003264589 0.0001120533 0.0000508336 
0.0003263429 0.0001121643 0.0000509526 
0.0003262280 0.0001122734 0.0000510701 
0.0003261144 0.0001123807 0.0000511860 
0.0003260020 0.0001124860 0.0000513004 
0.0003258908 0.0001125895 0.0000514132 
0.0003257807 0.0001126912 0.0000515246 
0.0003256719 0.0001127912 0.0000516345 
0.0003255642 0.0001128895 0.0000517431 
0.0003254577 0.0001129862 0.0000518502 
0.0003253522 0.0001130813 0.0000519561 
0.0003252479 0.0001131748 0.0000520606 
0.0003251447 0.0001132668 0.0000521637 
0.0003250426 0.0001133571 0.0000522653 
0.0003249417 0.0001134455 0.0000523653 
0.0003248421 0.0001135319 0.0000524636 
0.0003247437 0.0001136164 0.0000525602 
0.0003246467 0.0001136987 0.0000526549 
0.0003245509 0.0001137791 0.0000527479 
0.0003244563 0.0001138573 0.0000528392 
0.0003243630 0.0001139336 0.0000529288 
0.0003242708 0.0001140080 0.0000530167 
0.0003241798 0.0001140805 0.0000531031 
0.0003240898 0.0001141513 0.0000531879 
0.0003240010 0.0001142202 0.0000532712 
0.0003239132 0.0001142875 0.0000533531 
0.0003238264 0.0001143530 0.0000534335 
0.0003237406 0.0001144169 0.0000535125 
0.0003236558 0.0001144792 0.0000535901 
0.0003235720 0.0001145397 0.0000536663 
0.0003234892 0.0001145986 0.0000537410 
0.0003234075 0.0001146558 0.0000538143 
0.0003233267 0.0001147112 0.0000538861 
0.0003232469 0.0001147649 0.0000539564 
0.0003231681 0.0001148169 0.0000540254 
0.0003230903 0.0001148672 0.0000540928 
0.0003230135 0.0001149158 0.0000541589 
0.0003229376 0.0001149627 0.0000542236 
0.0003228627 0.0001150080 0.0000542868 
0.0003227888 0.0001150516 0.0000543487 
0.0003227159 0.0001150936 0.0000544092 
0.0003226439 0.0001151339 0.0000544684 
0.0003225729 0.0001151726 0.0000545261 
0.0003225029 0.0001152097 0.0000545825 
0.0003224339 0.0001152452 0.0000546376 
0.0003223659 0.0001152791 0.0000546913 
0.0003222990 0.0001153115 0.0000547436 
0.0003222330 0.0001153422 0.0000547947 
0.0003221680 0.0001153713 0.0000548443 
0.0003221041 0.0001153989 0.0000548927 
0.0003220412 0.0001154250 0.0000549397 
0.0003219793 0.0001154495 0.0000549854 
0.0003219186 0.0001154724 0.0000550298 
0.0003218588 0.0001154938 0.0000550729 
0.0003218002 0.0001155137 0.0000551147 
0.0003217426 0.0001155322 0.0000551551 
0.0003216862 0.0001155491 0.0000551943 
0.0003216308 0.0001155645 0.0000552322 
0.0003215766 0.0001155784 0.0000552688 
0.0003215235 0.0001155909 0.0000553041 
0.0003214715 0.0001156019 0.0000553381 
0.0003214207 0.0001156115 0.0000553709 
0.0003213710 0.0001156197 0.0000554024 
0.0003213225 0.0001156265 0.0000554327 
0.0003212751 0.0001156319 0.0000554618 
0.0003212289 0.0001156359 0.0000554896 
0.0003211838 0.0001156386 0.0000555162 
0.0003211400 0.0001156399 0.0000555416 
0.0003210973 0.0001156400 0.0000555658 
0.0003210558 0.0001156387 0.0000555888 
0.0003210156 0.0001156361 0.0000556106 
0.0003209765 0.0001156322 0.0000556312 
0.0003209387 0.0001156270 0.0000556506 
0.0003209021 0.0001156205 0.0000556689 
0.0003208667 0.0001156127 0.0000556859 
0.0003208326 0.0001156037 0.0000557018 
0.0003207997 0.0001155936 0.0000557166 
0.0003207680 0.0001155821 0.0000557302 
0.0003207376 0.0001155695 0.0000557425 
0.0003207086 0.0001155555 0.0000557536 
0.0003206810 0.0001155401 0.0000557632 
0.0003206549 0.0001155231 0.0000557713 
0.0003206304 0.0001155042 0.0000557775 
0.0003206079 0.0001154833 0.0000557816 
0.0003205873 0.0001154600 0.0000557833 
0.0003205688 0.0001154340 0.0000557825 
0.0003205525 0.0001154055 0.0000557791 
0.0003205383 0.0001153745 0.0000557734 
0.0003205260 0.0001153410 0.0000557653 
0.0003205154 0.0001153053 0.0000557549 
0.0003205066 0.0001152676 0.0000557424 
0.0003204993 0.0001152279 0.0000557280 
0.0003204936 0.0001151866 0.0000557119 
0.0003204893 0.0001151440 0.0000556943 
0.0003204863 0.0001151002 0.0000556754 
0.0003204846 0.0001150555 0.0000556555 
0.0003204842 0.0001150100 0.0000556346 
0.0003204849 0.0001149639 0.0000556130 
0.0003204868 0.0001149174 0.0000555907 
0.0003204897 0.0001148705 0.0000555679 
0.0003204935 0.0001148234 0.0000555447 
0.0003204983 0.0001147762 0.0000555211 
0.0003205040 0.0001147289 0.0000554973 
0.0003205104 0.0001146816 0.0000554733 
0.0003205177 0.0001146342 0.0000554492 
0.0003205256 0.0001145870 0.0000554249 
0.0003205342 0.0001145398 0.0000554006 
0.0003205435 0.0001144928 0.0000553762 
0.0003205533 0.0001144459 0.0000553518 
0.0003205636 0.0001143991 0.0000553274 
0.0003205745 0.0001143524 0.0000553031 
0.0003205858 0.0001143060 0.0000552788 
0.0003205976 0.0001142596 0.0000552546 
0.0003206098 0.0001142135 0.0000552305 
0.0003206223 0.0001141675 0.0000552064 
0.0003206351 0.0001141217 0.0000551823 
0.0003206484 0.0001140757 0.0000551579 
0.0003206622 0.0001140295 0.0000551331 
0.0003206766 0.0001139827 0.0000551077 
0.0003206916 0.0001139353 0.0000550816 
0.0003207073 0.0001138872 0.0000550548 
0.0003207236 0.0001138384 0.0000550275 
0.0003207404 0.0001137892 0.0000549996 
0.0003207578 0.0001137395 0.0000549713 
0.0003207756 0.0001136895 0.0000549427 
0.0003207940 0.0001136392 0.0000549138 
0.0003208127 0.0001135889 0.0000548849 
0.0003208318 0.0001135386 0.0000548558 
0.0003208512 0.0001134883 0.0000548268 
0.0003208709 0.0001134383 0.0000547979 
0.0003208908 0.0001133884 0.0000547690 
0.0003209111 0.0001133386 0.0000547400 
0.0003209317 0.0001132886 0.0000547107 
0.0003209527 0.0001132383 0.0000546810 
0.0003209742 0.0001131877 0.0000546508 
0.0003209963 0.0001131365 0.0000546201 
0.0003210188 0.0001130849 0.0000545889 
0.0003210418 0.0001130329 0.0000545572 
0.0003210652 0.0001129806 0.0000545253 
0.0003210891 0.0001129281 0.0000544932 
0.0003211133 0.0001128756 0.0000544609 
0.0003211378 0.0001128231 0.0000544287 
0.0003211626 0.0001127708 0.0000543965 
0.0003211876 0.0001127187 0.0000543645 
0.0003212128 0.0001126669 0.0000543326 
0.0003212382 0.0001126153 0.0000543008 
0.0003212639 0.0001125638 0.0000542690 
0.0003212898 0.0001125124 0.0000542371 
0.0003213160 0.0001124610 0.0000542052 
0.0003213425 0.0001124097 0.0000541733 
0.0003213693 0.0001123584 0.0000541414 
0.0003213962 0.0001123073 0.0000541096 
0.0003214234 0.0001122564 0.0000540779 
0.0003214508 0.0001122057 0.0000540464 
0.0003214783 0.0001121552 0.0000540151 
0.0003215060 0.0001121052 0.0000539841 
0.0003215338 0.0001120555 0.0000539534 
0.0003215617 0.0001120062 0.0000539230 
0.0003215897 0.0001119573 0.0000538931 
0.0003216177 0.0001119089 0.0000538635 
0.0003216458 0.0001118609 0.0000538343 
0.0003216739 0.0001118135 0.0000538055 
0.0003217020 0.0001117666 0.0000537770 
0.0003217301 0.0001117200 0.0000537488 
0.0003217583 0.0001116736 0.0000537206 
0.0003217866 0.0001116273 0.0000536925 
0.0003218152 0.0001115810 0.0000536642 
0.0003218439 0.0001115345 0.0000536357 
0.0003218729 0.0001114880 0.0000536071 
0.0003219021 0.0001114413 0.0000535784 
0.0003219316 0.0001113946 0.0000535496 
0.0003219612 0.0001113480 0.0000535209 
0.0003219909 0.0001113015 0.0000534922 
0.0003220208 0.0001112552 0.0000534636 
0.0003220509 0.0001112091 0.0000534351 
0.0003220810 0.0001111631 0.0000534067 
0.0003221114 0.0001111173 0.0000533783 
0.0003221419 0.0001110715 0.0000533499 
0.0003221727 0.0001110259 0.0000533216 
0.0003222036 0.0001109805 0.0000532933 
0.0003222347 0.0001109352 0.0000532652 
0.0003222659 0.0001108902 0.0000532372 
0.0003222973 0.0001108454 0.0000532093 
0.0003223288 0.0001108009 0.0000531817 
0.0003223604 0.0001107567 0.0000531544 
0.0003223922 0.0001107129 0.0000531273 
0.0003224240 0.0001106695 0.0000531006 
0.0003224558 0.0001106265 0.0000530741 
0.0003224878 0.0001105839 0.0000530480 
0.0003225198 0.0001105418 0.0000530221 
0.0003225518 0.0001105000 0.0000529965 
0.0003225838 0.0001104586 0.0000529712 
0.0003226158 0.0001104176 0.0000529459 
0.0003226479 0.0001103768 0.0000529207 
0.0003226801 0.0001103360 0.0000528954 
0.0003227124 0.0001102952 0.0000528698 
0.0003227449 0.0001102541 0.0000528439 
0.0003227776 0.0001102128 0.0000528175 
0.0003228107 0.0001101711 0.0000527906 
0.0003228440 0.0001101290 0.0000527632 
0.0003228777 0.0001100865 0.0000527353 
0.0003229117 0.0001100437 0.0000527070 
0.0003229461 0.0001100006 0.0000526783 
0.0003229807 0.0001099574 0.0000526493 
0.0003230156 0.0001099140 0.0000526200 
0.0003230507 0.0001098706 0.0000525906 
0.0003230862 0.0001098273 0.0000525612 
0.0003231218 0.0001097841 0.0000525318 
0.0003231576 0.0001097412 0.0000525024 
0.0003231935 0.0001096985 0.0000524731 
0.0003232297 0.0001096561 0.0000524441 
0.0003232659 0.0001096142 0.0000524153 
0.0003233022 0.0001095726 0.0000523868 
0.0003233386 0.0001095316 0.0000523585 
0.0003233751 0.0001094910 0.0000523306 
0.0003234116 0.0001094509 0.0000523031 
0.0003234482 0.0001094113 0.0000522759 
0.0003234848 0.0001093722 0.0000522491 
0.0003235214 0.0001093336 0.0000522227 
0.0003235580 0.0001092956 0.0000521967 
0.0003235946 0.0001092581 0.0000521711 
0.0003236312 0.0001092212 0.0000521459 
0.0003236677 0.0001091847 0.0000521211 
0.0003237042 0.0001091488 0.0000520967 
0.0003237406 0.0001091134 0.0000520727 
0.0003237770 0.0001090786 0.0000520492 
0.0003238133 0.0001090442 0.0000520260 
0.0003238495 0.0001090104 0.0000520032 
0.0003238856 0.0001089770 0.0000519808 
0.0003239216 0.0001089441 0.0000519586 
0.0003239575 0.0001089115 0.0000519366 
0.0003239935 0.0001088791 0.0000519147 
0.0003240294 0.0001088470 0.0000518929 
0.0003240653 0.0001088150 0.0000518712 
0.0003241013 0.0001087832 0.0000518496 
0.0003241373 0.0001087516 0.0000518281 
0.0003241733 0.0001087201 0.0000518066 
0.0003242093 0.0001086889 0.0000517853 
0.0003242452 0.0001086579 0.0000517640 
0.0003242811 0.0001086272 0.0000517429 
0.0003243170 0.0001085967 0.0000517218 
0.0003243528 0.0001085664 0.0000517007 
0.0003243886 0.0001085362 0.0000516795 
0.0003244244 0.0001085060 0.0000516582 
0.0003244603 0.0001084758 0.0000516366 
0.0003244963 0.0001084455 0.0000516147 
0.0003245324 0.0001084150 0.0000515926 
0.0003245687 0.0001083844 0.0000515702 
0.0003246051 0.0001083536 0.0000515475 
0.0003246416 0.0001083229 0.0000515247 
0.0003246782 0.0001082921 0.0000515017 
0.0003247149 0.0001082614 0.0000514787 
0.0003247518 0.0001082308 0.0000514556 
0.0003247887 0.0001082004 0.0000514326 
0.0003248256 0.0001081703 0.0000514096 
0.0003248625 0.0001081404 0.0000513869 
0.0003248995 0.0001081109 0.0000513643 
0.0003249365 0.0001080818 0.0000513419 
0.0003249734 0.0001080531 0.0000513198 
0.0003250100 0.0001080250 0.0000512981 
0.0003250464 0.0001079977 0.0000512767 
0.0003250823 0.0001079709 0.0000512555 
0.0003251180 0.0001079445 0.0000512342 
0.0003251536 0.0001079180 0.0000512125 
0.0003251892 0.0001078913 0.0000511902 
0.0003252249 0.0001078642 0.0000511673 
0.0003252607 0.0001078366 0.0000511436 
0.0003252967 0.0001078085 0.0000511193 
0.0003253328 0.0001077800 0.0000510944 
0.0003253691 0.0001077511 0.0000510689 
0.0003254055 0.0001077220 0.0000510430 
0.0003254419 0.0001076928 0.0000510169 
0.0003254785 0.0001076636 0.0000509907 
0.0003255150 0.0001076346 0.0000509645 
0.0003255516 0.0001076058 0.0000509383 
0.0003255881 0.0001075774 0.0000509124 
0.0003256245 0.0001075494 0.0000508868 
0.0003256608 0.0001075219 0.0000508615 
0.0003256969 0.0001074951 0.0000508367 
0.0003257329 0.0001074688 0.0000508124 
0.0003257687 0.0001074433 0.0000507886 
0.0003258044 0.0001074184 0.0000507654 
0.0003258397 0.0001073942 0.0000507428 
0.0003258749 0.0001073708 0.0000507209 
0.0003259098 0.0001073482 0.0000506996 
0.0003259444 0.0001073263 0.0000506789 
0.0003259787 0.0001073051 0.0000506589 
0.0003260127 0.0001072847 0.0000506396 
0.0003260464 0.0001072650 0.0000506210 
0.0003260798 0.0001072461 0.0000506030 
0.0003261129 0.0001072279 0.0000505857 
0.0003261456 0.0001072104 0.0000505691 
0.0003261780 0.0001071936 0.0000505531 
0.0003262099 0.0001071775 0.0000505377 
0.0003262414 0.0001071621 0.0000505230 
0.0003262726 0.0001071473 0.0000505087 
0.0003263034 0.0001071330 0.0000504948 
0.0003263340 0.0001071190 0.0000504812 
0.0003263643 0.0001071054 0.0000504681 
0.0003263943 0.0001070922 0.0000504552 
0.0003264241 0.0001070793 0.0000504427 
0.0003264537 0.0001070668 0.0000504306 
0.0003264829 0.0001070547 0.0000504189 
0.0003265119 0.0001070430 0.0000504075 
0.0003265407 0.0001070317 0.0000503967 
0.0003265691 0.0001070209 0.0000503863 
0.0003265972 0.0001070105 0.0000503763 
0.0003266250 0.0001070007 0.0000503668 
0.0003266525 0.0001069914 0.0000503579 
0.0003266795 0.0001069827 0.0000503494 
0.0003267061 0.0001069745 0.0000503414 
0.0003267323 0.0001069668 0.0000503337 
0.0003267582 0.0001069594 0.0000503261 
0.0003267838 0.0001069522 0.0000503188 
0.0003268092 0.0001069451 0.0000503115 
0.0003268344 0.0001069381 0.0000503042 
0.0003268595 0.0001069312 0.0000502970 
0.0003268844 0.0001069244 0.0000502898 
0.0003269092 0.0001069177 0.0000502827 
0.0003269337 0.0001069111 0.0000502757 
0.0003269582 0.0001069047 0.0000502688 
0.0003269824 0.0001068985 0.0000502622 
0.0003270064 0.0001068925 0.0000502557 
0.0003270302 0.0001068869 0.0000502495 
0.0003270538 0.0001068816 0.0000502436 
0.0003270771 0.0001068766 0.0000502381 
0.0003271002 0.0001068720 0.0000502329 
0.0003271231 0.0001068677 0.0000502280 
0.0003271456 0.0001068639 0.0000502235 
0.0003271679 0.0001068605 0.0000502194 
0.0003271900 0.0001068576 0.0000502156 
0.0003272117 0.0001068550 0.0000502122 
0.0003272332 0.0001068529 0.0000502092 
0.0003272543 0.0001068511 0.0000502066 
0.0003272752 0.0001068499 0.0000502044 
0.0003272957 0.0001068490 0.0000502025 
0.0003273158 0.0001068487 0.0000502010 
0.0003273356 0.0001068488 0.0000501997 
0.0003273549 0.0001068492 0.0000501987 
0.0003273739 0.0001068500 0.0000501977 
0.0003273927 0.0001068508 0.0000501967 
0.0003274113 0.0001068516 0.0000501954 
0.0003274297 0.0001068523 0.0000501939 
0.0003274481 0.0001068528 0.0000501921 
0.0003274665 0.0001068531 0.0000501900 
0.0003274848 0.0001068532 0.0000501877 
0.0003275030 0.0001068532 0.0000501852 
0.0003275211 0.0001068532 0.0000501825 
0.0003275391 0.0001068531 0.0000501798 
0.0003275569 0.0001068532 0.0000501771 
0.0003275746 0.0001068533 0.0000501744 
0.0003275921 0.0001068536 0.0000501717 
0.0003276094 0.0001068541 0.0000501692 
0.0003276265 0.0001068547 0.0000501667 
0.0003276434 0.0001068556 0.0000501643 
0.0003276602 0.0001068567 0.0000501621 
0.0003276767 0.0001068580 0.0000501602 
0.0003276929 0.0001068597 0.0000501585 
0.0003277090 0.0001068617 0.0000501570 
0.0003277248 0.0001068640 0.0000501559 
0.0003277248 0.0001068640 0.0000501559 
0.0003277248 0.0001068640 0.0000501559 
0.0003277248 0.0001068640 0.0000501559 
0.0003277248 0.0001068640 0.0000501559 
0.0003277248 0.0001068640 0.0000501559 
0.0003277248 0.0001068640 0.0000501559 
0.0003277248 0.0001068640 0.0000501559 
0.0003277248 0.0001068640 0.0000501559 
0.0003277248 0.0001068640 0.0000501559 
0.0003277248 0.0001068640 0.0000501559 
0.0003277248 0.0001068640 0.0000501559 
0.0003277248 0.0001068640 0.0000501559 
0.0003277248 0.0001068640 0.0000501559 
0.0003277248 0.0001068640 0.0000501559 
0.0003277248 0.0001068640 0.0000501559 
0.0003277248 0.0001068640 0.0000501559 
0.0003277248 0.0001068640 0.0000501559 
0.0003277248 0.0001068640 0.0000501559 
0.0003277248 0.0001068640 0.0000501559 
0.0003277248 0.0001068640 0.0000501559 
0.0003277248 0.0001068640 0.0000501559 
0.0003277248 0.0001068640 0.0000501559 
0.0003277248 0.0001068640 0.0000501559 
0.0003277248 0.0001068640 0.0000501559 
0.0003277248 0.0001068640 0.0000501559 
0.0003277248 0.0001068640 0.0000501559 
0.0003277248 0.0001068640 0.0000501559 
0.0003277248 0.0001068640 0.0000501559 
0.0003277248 0.0001068640 0.0000501559 
0.0003277248 0.0001068640 0.0000501559 
0.0003277248 0.0001068640 0.0000501559 
0.0003277248 0.0001068640 0.0000501559 
0.0003277248 0.0001068640 0.0000501559 
0.0003277248 0.0001068640 0.0000501559 
0.0003277248 0.0001068640 0.0000501559 
0.0003277248 0.0001068640 0.0000501559 
0.0003277248 0.0001068640 0.0000501559 
0.0003277248 0.0001068640 0.0000501559 
0.0003277248 0.0001068640 0.0000501559 
0.0003277248 0.0001068640 0.0000501559 
0.0003277248 0.0001068640 0.0000501559 
0.0003277248 0.0001068640 0.0000501559 
0.0003277248 0.0001068640 0.0000501559 
0.0003277248 0.0001068640 0.0000501559 
0.0003277248 0.0001068640 0.0000501559 
0.0003277248 0.0001068640 0.0000501559 
0.0003277248 0.0001068640 0.0000501559 
0.0003277248 0.0001068640 0.0000501559 
0.0003277248 0.0001068640 0.0000501559 
0.0003277248 0.0001068640 0.0000501559 
0.0003277248 0.0001068640 0.0000501559 
0.0003277248 0.0001068640 0.0000501559 
0.0003277248 0.0001068640 0.0000501559 
0.0003277248 0.0001068640 0.0000501559 
0.0003277248 0.0001068640 0.0000501559 
0.0003277248 0.0001068640 0.0000501559 
0.0003277248 0.0001068640 0.0000501559 
0.0003277248 0.0001068640 0.0000501559 
0.0003277248 0.0001068640 0.0000501559 
0.0003277248 0.0001068640 0.0000501559 
0.0003277248 0.0001068640 0.0000501559 
0.0003277248 0.0001068640 0.0000501559 
0.0003277248 0.0001068640 0.0000501559 
0.0003277248 0.0001068640 0.0000501559 
0.0003277248 0.0001068640 0.0000501559 
0.0003277248 0.0001068640 0.0000501559 
0.0003277248 0.0001068640 0.0000501559 
0.0003277248 0.0001068640 0.0000501559 
0.0003277248 0.0001068640 0.0000501559 
0.0003277248 0.0001068640 0.0000501559 
0.0003277248 0.0001068640 0.0000501559 
0.0003277248 0.0001068640 0.0000501559 
0.0003277248 0.0001068640 0.0000501559 
0.0003277248 0.0001068640 0.0000501559 
0.0003277248 0.0001068640 0.0000501559 
0.0003277248 0.0001068640 0.0000501559 
0.0003277248 0.0001068640 0.0000501559 
0.0003277248 0.0001068640 0.0000501559 
0.0003277248 0.0001068640 0.0000501559 
0.0003277248 0.0001068640 0.0000501559 
0.0003277248 0.0001068640 0.0000501559 
0.0003277248 0.0001068640 0.0000501559 
0.0003277248 0.0001068640 0.0000501559 
0.0003277248 0.0001068640 0.0000501559 
0.0003277248 0.0001068640 0.0000501559 
0.0003277248 0.0001068640 0.0000501559 
0.0003277248 0.0001068640 0.0000501559 
0.0003277248 0.0001068640 0.0000501559 
0.0003277248 0.0001068640 0.0000501559 
0.0003277248 0.0001068640 0.0000501559 
0.0003277248 0.0001068640 0.0000501559 
0.0003277248 0.0001068640 0.0000501559 
0.0003277248 0.0001068640 0.0000501559 
0.0003277248 0.0001068640 0.0000501559 
0.0003277248 0.0001068640 0.0000501559 
0.0003277248 0.0001068640 0.0000501559 
0.0003277248 0.0001068640 0.0000501559 
0.0003277248 0.0001068640 0.0000501559 
0.0003277248 0.0001068640 0.0000501559 
0.0003277248 0.0001068640 0.0000501559 
0.0003277248 0.0001068640 0.0000501559 
0.0003277248 0.0001068640 0.0000501559 
0.0003277248 0.0001068640 0.0000501559 
0.0003277248 0.0001068640 0.0000501559 
0.0003277248 0.0001068640 0.0000501559 
0.0003277248 0.0001068640 0.0000501559 
0.0003277248 0.0001068640 0.0000501559 
0.0003277248 0.0001068640 0.0000501559 
0.0003277248 0.0001068640 0.0000501559 
0.0003277248 0.0001068640 0.0000501559 
0.0003277248 0.0001068640 0.0000501559 
0.0003277248 0.0001068640 0.0000501559 
0.0003277248 0.0001068640 0.0000501559 
0.0003277248 0.0001068640 0.0000501559 
0.0003277248 0.0001068640 0.0000501559 
0.0003277248 0.0001068640 0.0000501559 
0.0003277248 0.0001068640 0.0000501559 
0.0003277248 0.0001068640 0.0000501559 
0.0003277248 0.0001068640 0.0000501559 
0.0003277248 0.0001068640 0.0000501559 
0.0003277248 0.0001068640 0.0000501559 
0.0003277248 0.0001068640 0.0000501559 
0.0003277248 0.0001068640 0.0000501559 
0.0003277248 0.0001068640 0.0000501559 
0.0003277248 0.0001068640 0.0000501559 
0.0003277248 0.0001068640 0.0000501559 
0.0003277248 0.0001068640 0.0000501559 
0.0003277248 0.0001068640 0.0000501559 
0.0003277248 0.0001068640 0.0000501559 
0.0003277248 0.0001068640 0.0000501559 
0.0003277248 0.0001068640 0.0000501559 
0.0003277248 0.0001068640 0.0000501559 
0.0003277248 0.0001068640 0.0000501559 
0.0003277248 0.0001068640 0.0000501559 
0.0003277248 0.0001068640 0.0000501559 
0.0003277248 0.0001068640 0.0000501559 
0.0003277248 0.0001068640 0.0000501559 
0.0003277248 0.0001068640 0.0000501559 
0.0003277248 0.0001068640 0.0000501559 
0.0003277248 0.0001068640 0.0000501559 
0.0003277248 0.0001068640 0.0000501559 
0.0003277248 0.0001068640 0.0000501559 
0.0003277248 0.0001068640 0.0000501559 
0.0003277248 0.0001068640 0.0000501559 
0.0003277248 0.0001068640 0.0000501559 
0.0003277248 0.0001068640 0.0000501559 
0.0003277248 0.0001068640 0.0000501559 
0.0003277248 0.0001068640 0.0000501559 
0.0003277248 0.0001068640 0.0000501559 
0.0003277248 0.0001068640 0.0000501559 
0.0003277248 0.0001068640 0.0000501559 
0.0003277248 0.0001068640 0.0000501559 
0.0003277248 0.0001068640 0.0000501559 
0.0003277248 0.0001068640 0.0000501559 
0.0003277248 0.0001068640 0.0000501559 
0.0003277248 0.0001068640 0.0000501559 
0.0003277248 0.0001068640 0.0000501559 
0.0003277248 0.0001068640 0.0000501559 
0.0003277248 0.0001068640 0.0000501559 
0.0003277248 0.0001068640 0.0000501559 
0.0003277248 0.0001068640 0.0000501559 
0.0003277248 0.0001068640 0.0000501559 
0.0003277248 0.0001068640 0.0000501559 
0.0003277248 0.0001068640 0.0000501559 
0.0003277248 0.0001068640 0.0000501559 
0.0003277248 0.0001068640 0.0000501559 
0.0003277248 0.0001068640 0.0000501559 
0.0003277248 0.0001068640 0.0000501559 
0.0003277248 0.0001068640 0.0000501559 
0.0003277248 0.0001068640 0.0000501559 
0.0003277248 0.0001068640 0.0000501559 
0.0003277248 0.0001068640 0.0000501559 
0.0003277248 0.0001068640 0.0000501559 
0.0003277248 0.0001068640 0.0000501559 
0.0003277248 0.0001068640 0.0000501559 
0.0003277248 0.0001068640 0.0000501559 
0.0003277248 0.0001068640 0.0000501559 
0.0003277248 0.0001068640 0.0000501559 
0.0003277248 0.0001068640 0.0000501559 
0.0003277248 0.0001068640 0.0000501559 
0.0003277248 0.0001068640 0.0000501559 
0.0003277248 0.0001068640 0.0000501559 
0.0003277248 0.0001068640 0.0000501559 
0.0003277248 0.0001068640 0.0000501559 
0.0003277248 0.0001068640 0.0000501559 
0.0003277248 0.0001068640 0.0000501559 
0.0003277248 0.0001068640 0.0000501559 
0.0003277248 0.0001068640 0.0000501559 
0.0003277248 0.0001068640 0.0000501559 
0.0003277248 0.0001068640 0.0000501559 
0.0003277248 0.0001068640 0.0000501559 
0.0003277248 0.0001068640 0.0000501559 
0.0003277248 0.0001068640 0.0000501559 
0.0003277248 0.0001068640 0.0000501559 
0.0003277248 0.0001068640 0.0000501559 
0.0003277248 0.0001068640 0.0000501559 
0.0003277248 0.0001068640 0.0000501559 
0.0003277248 0.0001068640 0.0000501559 
0.0003277248 0.0001068640 0.0000501559 
0.0003277248 0.0001068640 0.0000501559 
0.0003277248 0.0001068640 0.0000501559 
0.0003277248 0.0001068640 0.0000501559 
0.0003277248 0.0001068640 0.0000501559 
0.0003277248 0.0001068640 0.0000501559 
0.0003277248 0.0001068640 0.0000501559 
0.0003277248 0.0001068640 0.0000501559 
0.0003277248 0.0001068640 0.0000501559 
0.0003277248 0.0001068640 0.0000501559 
0.0003277248 0.0001068640 0.0000501559 
0.0003277248 0.0001068640 0.0000501559 
0.0003277248 0.0001068640 0.0000501559 
0.0003277248 0.0001068640 0.0000501559 
0.0003277248 0.0001068640 0.0000501559 
0.0003277248 0.0001068640 0.0000501559 
0.0003277248 0.0001068640 0.0000501559 
0.0003277248 0.0001068640 0.0000501559 
0.0003277248 0.0001068640 0.0000501559 
0.0003277248 0.0001068640 0.0000501559 
0.0003277248 0.0001068640 0.0000501559 
0.0003277248 0.0001068640 0.0000501559 
0.0003277248 0.0001068640 0.0000501559 
0.0003277248 0.0001068640 0.0000501559 
0.0003277248 0.0001068640 0.0000501559 
0.0003277248 0.0001068640 0.0000501559 
0.0003277248 0.0001068640 0.0000501559 
0.0003277248 0.0001068640 0.0000501559 
0.0003277248 0.0001068640 0.0000501559 
0.0003277248 0.0001068640 0.0000501559 
0.0003277248 0.0001068640 0.0000501559 
0.0003277248 0.0001068640 0.0000501559 
0.0003277248 0.0001068640 0.0000501559 
0.0003277248 0.0001068640 0.0000501559 
0.0003277248 0.0001068640 0.0000501559 
0.0003277248 0.0001068640 0.0000501559 
0.0003277248 0.0001068640 0.0000501559 
0.0003277248 0.0001068640 0.0000501559 
0.0003277248 0.0001068640 0.0000501559 
0.0003277248 0.0001068640 0.0000501559 
0.0003277248 0.0001068640 0.0000501559 
0.0003277248 0.0001068640 0.0000501559 
0.0003277248 0.0001068640 0.0000501559 
0.0003277248 0.0001068640 0.0000501559 
0.0003277248 0.0001068640 0.0000501559 
0.0003277248 0.0001068640 0.0000501559 
0.0003277248 0.0001068640 0.0000501559 
0.0003277248 0.0001068640 0.0000501559 
0.0003277248 0.0001068640 0.0000501559 
0.0003277248 0.0001068640 0.0000501559 
0.0003277248 0.0001068640 0.0000501559 
0.0003277248 0.0001068640 0.0000501559 
0.0003277248 0.0001068640 0.0000501559 
0.0003277248 0.0001068640 0.0000501559 
0.0003277248 0.0001068640 0.0000501559 
0.0003277248 0.0001068640 0.0000501559 
0.0003277248 0.0001068640 0.0000501559 
0.0003277248 0.0001068640 0.0000501559 
0.0003277248 0.0001068640 0.0000501559 
0.0003277248 0.0001068640 0.0000501559 
0.0003277248 0.0001068640 0.0000501559 
