0.0002854517 0.0000145875 0.0001704845 
0.0002856361 0.0000173341 0.0001650165 
0.0002859331 0.0000198353 0.0001597336 
0.0002863661 0.0000221452 0.0001545600 
0.0002869427 0.0000243013 0.0001494407 
0.0002876622 0.0000263320 0.0001443354 
0.0002885189 0.0000282620 0.0001392160 
0.0002895020 0.0000301114 0.0001340671 
0.0002905936 0.0000318965 0.0001288856 
0.0002917745 0.0000336301 0.0001236883 
0.0002930235 0.0000353344 0.0001184821 
0.0002943007 0.0000370354 0.0001133013 
0.0002955844 0.0000387586 0.0001081654 
0.0002968569 0.0000405033 0.0001031008 
0.0002981139 0.0000422628 0.0000981192 
0.0002993271 0.0000440642 0.0000932539 
0.0003004826 0.0000459045 0.0000885222 
0.0003015704 0.0000477727 0.0000839384 
0.0003025807 0.0000496499 0.0000795170 
0.0003035101 0.0000515276 0.0000752715 
0.0003043677 0.0000533958 0.0000712032 
0.0003051589 0.0000552433 0.0000673092 
0.0003058822 0.0000570622 0.0000635984 
0.0003065334 0.0000588600 0.0000600676 
0.0003071153 0.0000606327 0.0000567158 
0.0003076254 0.0000623913 0.0000535403 
0.0003080772 0.0000641241 0.0000505309 
0.0003084535 0.0000658554 0.0000476915 
0.0003087552 0.0000675764 0.0000450200 
0.0003089978 0.0000692658 0.0000424978 
0.0003091742 0.0000709136 0.0000401246 
0.0003092811 0.0000725337 0.0000378993 
0.0003093222 0.0000741328 0.0000358174 
0.0003092958 0.0000757161 0.0000338791 
0.0003091907 0.0000772957 0.0000320862 
0.0003090484 0.0000788537 0.0000304153 
0.0003088735 0.0000803972 0.0000288666 
0.0003086330 0.0000819507 0.0000274544 
0.0003083753 0.0000834827 0.0000261569 
0.0003080819 0.0000849979 0.0000249882 
0.0003077137 0.0000865235 0.0000239777 
0.0003077137 0.0000865235 0.0000239777 
0.0003077137 0.0000865235 0.0000239777 
0.0003077137 0.0000865235 0.0000239777 
0.0003077137 0.0000865235 0.0000239777 
0.0003077137 0.0000865235 0.0000239777 
0.0003077137 0.0000865235 0.0000239777 
0.0003077137 0.0000865235 0.0000239777 
0.0003077137 0.0000865235 0.0000239777 
0.0003077137 0.0000865235 0.0000239777 
0.0003077137 0.0000865235 0.0000239777 
0.0003077137 0.0000865235 0.0000239777 
0.0003077137 0.0000865235 0.0000239777 
0.0003077137 0.0000865235 0.0000239777 
0.0003077137 0.0000865235 0.0000239777 
0.0003077137 0.0000865235 0.0000239777 
0.0003077137 0.0000865235 0.0000239777 
0.0003077137 0.0000865235 0.0000239777 
0.0003077137 0.0000865235 0.0000239777 
0.0003077137 0.0000865235 0.0000239777 
0.0003077137 0.0000865235 0.0000239777 
0.0003077137 0.0000865235 0.0000239777 
0.0003077137 0.0000865235 0.0000239777 
0.0003077137 0.0000865235 0.0000239777 
0.0003077137 0.0000865235 0.0000239777 
0.0003077137 0.0000865235 0.0000239777 
0.0003077137 0.0000865235 0.0000239777 
0.0003077137 0.0000865235 0.0000239777 
0.0003077137 0.0000865235 0.0000239777 
0.0003077137 0.0000865235 0.0000239777 
0.0003077137 0.0000865235 0.0000239777 
0.0003077137 0.0000865235 0.0000239777 
0.0003077137 0.0000865235 0.0000239777 
0.0003077137 0.0000865235 0.0000239777 
0.0003077137 0.0000865235 0.0000239777 
0.0003077137 0.0000865235 0.0000239777 
0.0003077137 0.0000865235 0.0000239777 
0.0003077137 0.0000865235 0.0000239777 
0.0003077137 0.0000865235 0.0000239777 
0.0003077137 0.0000865235 0.0000239777 
0.0003077137 0.0000865235 0.0000239777 
0.0003077137 0.0000865235 0.0000239777 
0.0003077137 0.0000865235 0.0000239777 
0.0003077137 0.0000865235 0.0000239777 
0.0003077137 0.0000865235 0.0000239777 
0.0003077137 0.0000865235 0.0000239777 
0.0003077137 0.0000865235 0.0000239777 
0.0003077137 0.0000865235 0.0000239777 
0.0003077137 0.0000865235 0.0000239777 
0.0003077137 0.0000865235 0.0000239777 
0.0003077137 0.0000865235 0.0000239777 
0.0003077137 0.0000865235 0.0000239777 
0.0003077137 0.0000865235 0.0000239777 
0.0003077137 0.0000865235 0.0000239777 
0.0003077137 0.0000865235 0.0000239777 
0.0003077137 0.0000865235 0.0000239777 
0.0003077137 0.0000865235 0.0000239777 
0.0003077137 0.0000865235 0.0000239777 
0.0003077137 0.0000865235 0.0000239777 
0.0003077137 0.0000865235 0.0000239777 
0.0003077137 0.0000865235 0.0000239777 
0.0003077137 0.0000865235 0.0000239777 
0.0003077137 0.0000865235 0.0000239777 
0.0003077137 0.0000865235 0.0000239777 
0.0003077137 0.0000865235 0.0000239777 
0.0003077137 0.0000865235 0.0000239777 
0.0003077137 0.0000865235 0.0000239777 
0.0003077137 0.0000865235 0.0000239777 
0.0003077137 0.0000865235 0.0000239777 
0.0003077137 0.0000865235 0.0000239777 
0.0003077137 0.0000865235 0.0000239777 
0.0003077137 0.0000865235 0.0000239777 
0.0003077137 0.0000865235 0.0000239777 
0.0003077137 0.0000865235 0.0000239777 
0.0003077137 0.0000865235 0.0000239777 
0.0003077137 0.0000865235 0.0000239777 
0.0003077137 0.0000865235 0.0000239777 
0.0003077137 0.0000865235 0.0000239777 
0.0003077137 0.0000865235 0.0000239777 
0.0003077137 0.0000865235 0.0000239777 
0.0003077137 0.0000865235 0.0000239777 
0.0003077137 0.0000865235 0.0000239777 
0.0003077137 0.0000865235 0.0000239777 
0.0003077137 0.0000865235 0.0000239777 
0.0003077137 0.0000865235 0.0000239777 
0.0003077137 0.0000865235 0.0000239777 
0.0003077137 0.0000865235 0.0000239777 
0.0003077137 0.0000865235 0.0000239777 
0.0003077137 0.0000865235 0.0000239777 
0.0003077137 0.0000865235 0.0000239777 
0.0003077137 0.0000865235 0.0000239777 
0.0003077137 0.0000865235 0.0000239777 
0.0003077137 0.0000865235 0.0000239777 
0.0003077137 0.0000865235 0.0000239777 
0.0003077137 0.0000865235 0.0000239777 
0.0003077137 0.0000865235 0.0000239777 
0.0003077137 0.0000865235 0.0000239777 
0.0003077137 0.0000865235 0.0000239777 
0.0003077137 0.0000865235 0.0000239777 
0.0003077137 0.0000865235 0.0000239777 
0.0003077137 0.0000865235 0.0000239777 
0.0003077137 0.0000865235 0.0000239777 
0.0003077137 0.0000865235 0.0000239777 
0.0003077137 0.0000865235 0.0000239777 
0.0003077137 0.0000865235 0.0000239777 
0.0003077137 0.0000865235 0.0000239777 
0.0003077137 0.0000865235 0.0000239777 
0.0003077137 0.0000865235 0.0000239777 
0.0003077137 0.0000865235 0.0000239777 
0.0003077137 0.0000865235 0.0000239777 
0.0003077137 0.0000865235 0.0000239777 
0.0003077137 0.0000865235 0.0000239777 
0.0003077137 0.0000865235 0.0000239777 
0.0003077137 0.0000865235 0.0000239777 
0.0003077137 0.0000865235 0.0000239777 
0.0003077137 0.0000865235 0.0000239777 
0.0003077137 0.0000865235 0.0000239777 
0.0003077137 0.0000865235 0.0000239777 
0.0003077137 0.0000865235 0.0000239777 
0.0003077137 0.0000865235 0.0000239777 
0.0003077137 0.0000865235 0.0000239777 
0.0003077137 0.0000865235 0.0000239777 
0.0003077137 0.0000865235 0.0000239777 
0.0003077137 0.0000865235 0.0000239777 
0.0003077137 0.0000865235 0.0000239777 
0.0003077137 0.0000865235 0.0000239777 
0.0003077137 0.0000865235 0.0000239777 
0.0003077137 0.0000865235 0.0000239777 
0.0003077137 0.0000865235 0.0000239777 
0.0003077137 0.0000865235 0.0000239777 
0.0003077137 0.0000865235 0.0000239777 
0.0003077137 0.0000865235 0.0000239777 
0.0003077137 0.0000865235 0.0000239777 
0.0003077137 0.0000865235 0.0000239777 
0.0003077137 0.0000865235 0.0000239777 
0.0003077137 0.0000865235 0.0000239777 
0.0003077137 0.0000865235 0.0000239777 
0.0003077137 0.0000865235 0.0000239777 
0.0003077137 0.0000865235 0.0000239777 
0.0003077137 0.0000865235 0.0000239777 
0.0003077137 0.0000865235 0.0000239777 
0.0003077137 0.0000865235 0.0000239777 
0.0003077137 0.0000865235 0.0000239777 
0.0003077137 0.0000865235 0.0000239777 
0.0003077137 0.0000865235 0.0000239777 
0.0003077137 0.0000865235 0.0000239777 
0.0003077137 0.0000865235 0.0000239777 
0.0003077137 0.0000865235 0.0000239777 
0.0003077137 0.0000865235 0.0000239777 
0.0003077137 0.0000865235 0.0000239777 
0.0003077137 0.0000865235 0.0000239777 
0.0003077137 0.0000865235 0.0000239777 
0.0003077137 0.0000865235 0.0000239777 
0.0003077137 0.0000865235 0.0000239777 
0.0003077137 0.0000865235 0.0000239777 
0.0003077137 0.0000865235 0.0000239777 
0.0003077137 0.0000865235 0.0000239777 
0.0003077137 0.0000865235 0.0000239777 
0.0003077137 0.0000865235 0.0000239777 
0.0003077137 0.0000865235 0.0000239777 
0.0003077137 0.0000865235 0.0000239777 
0.0003077137 0.0000865235 0.0000239777 
0.0003077137 0.0000865235 0.0000239777 
0.0003077137 0.0000865235 0.0000239777 
0.0003077137 0.0000865235 0.0000239777 
0.0003077137 0.0000865235 0.0000239777 
0.0003077137 0.0000865235 0.0000239777 
0.0003077137 0.0000865235 0.0000239777 
0.0003077137 0.0000865235 0.0000239777 
0.0003077137 0.0000865235 0.0000239777 
0.0003077137 0.0000865235 0.0000239777 
0.0003077137 0.0000865235 0.0000239777 
0.0003077137 0.0000865235 0.0000239777 
0.0003077137 0.0000865235 0.0000239777 
0.0003077137 0.0000865235 0.0000239777 
0.0003077137 0.0000865235 0.0000239777 
0.0003077137 0.0000865235 0.0000239777 
0.0003077137 0.0000865235 0.0000239777 
0.0003077137 0.0000865235 0.0000239777 
0.0003077137 0.0000865235 0.0000239777 
0.0003077137 0.0000865235 0.0000239777 
0.0003077137 0.0000865235 0.0000239777 
0.0003077137 0.0000865235 0.0000239777 
0.0003077137 0.0000865235 0.0000239777 
0.0003077137 0.0000865235 0.0000239777 
0.0003077137 0.0000865235 0.0000239777 
0.0003077137 0.0000865235 0.0000239777 
0.0003077137 0.0000865235 0.0000239777 
0.0003077137 0.0000865235 0.0000239777 
0.0003077137 0.0000865235 0.0000239777 
0.0003077137 0.0000865235 0.0000239777 
0.0003077137 0.0000865235 0.0000239777 
0.0003077137 0.0000865235 0.0000239777 
0.0003077137 0.0000865235 0.0000239777 
0.0003077137 0.0000865235 0.0000239777 
0.0003077137 0.0000865235 0.0000239777 
0.0003077137 0.0000865235 0.0000239777 
0.0003077137 0.0000865235 0.0000239777 
0.0003077137 0.0000865235 0.0000239777 
0.0003077137 0.0000865235 0.0000239777 
0.0003077137 0.0000865235 0.0000239777 
0.0003077137 0.0000865235 0.0000239777 
0.0003077137 0.0000865235 0.0000239777 
0.0003077137 0.0000865235 0.0000239777 
0.0003077137 0.0000865235 0.0000239777 
0.0003077137 0.0000865235 0.0000239777 
0.0003077137 0.0000865235 0.0000239777 
0.0003077137 0.0000865235 0.0000239777 
0.0003077137 0.0000865235 0.0000239777 
0.0003077137 0.0000865235 0.0000239777 
0.0003077137 0.0000865235 0.0000239777 
0.0003077137 0.0000865235 0.0000239777 
0.0003077137 0.0000865235 0.0000239777 
0.0003077137 0.0000865235 0.0000239777 
0.0003077137 0.0000865235 0.0000239777 
0.0003077137 0.0000865235 0.0000239777 
0.0003077137 0.0000865235 0.0000239777 
0.0003077137 0.0000865235 0.0000239777 
0.0003077137 0.0000865235 0.0000239777 
0.0003077137 0.0000865235 0.0000239777 
0.0003077137 0.0000865235 0.0000239777 
0.0003077137 0.0000865235 0.0000239777 
0.0003077137 0.0000865235 0.0000239777 
0.0003077137 0.0000865235 0.0000239777 
0.0003077137 0.0000865235 0.0000239777 
0.0003077137 0.0000865235 0.0000239777 
0.0003077137 0.0000865235 0.0000239777 
0.0003077137 0.0000865235 0.0000239777 
0.0003077137 0.0000865235 0.0000239777 
0.0003077137 0.0000865235 0.0000239777 
0.0003077137 0.0000865235 0.0000239777 
0.0003077137 0.0000865235 0.0000239777 
0.0003077137 0.0000865235 0.0000239777 
0.0003077137 0.0000865235 0.0000239777 
0.0003077137 0.0000865235 0.0000239777 
0.0003077137 0.0000865235 0.0000239777 
0.0003077137 0.0000865235 0.0000239777 
0.0003077137 0.0000865235 0.0000239777 
0.0003077137 0.0000865235 0.0000239777 
0.0003077137 0.0000865235 0.0000239777 
0.0003077137 0.0000865235 0.0000239777 
0.0003077137 0.0000865235 0.0000239777 
0.0003077137 0.0000865235 0.0000239777 
0.0003077137 0.0000865235 0.0000239777 
0.0003077137 0.0000865235 0.0000239777 
0.0003077137 0.0000865235 0.0000239777 
0.0003077137 0.0000865235 0.0000239777 
0.0003077137 0.0000865235 0.0000239777 
0.0003077137 0.0000865235 0.0000239777 
0.0003077137 0.0000865235 0.0000239777 
0.0003077137 0.0000865235 0.0000239777 
0.0003077137 0.0000865235 0.0000239777 
0.0003077137 0.0000865235 0.0000239777 
0.0003077137 0.0000865235 0.0000239777 
0.0003077137 0.0000865235 0.0000239777 
0.0003077137 0.0000865235 0.0000239777 
0.0003077137 0.0000865235 0.0000239777 
0.0003077137 0.0000865235 0.0000239777 
0.0003077137 0.0000865235 0.0000239777 
0.0003077137 0.0000865235 0.0000239777 
0.0003077137 0.0000865235 0.0000239777 
0.0003077137 0.0000865235 0.0000239777 
0.0003077137 0.0000865235 0.0000239777 
0.0003077137 0.0000865235 0.0000239777 
0.0003077137 0.0000865235 0.0000239777 
0.0003077137 0.0000865235 0.0000239777 
0.0003077137 0.0000865235 0.0000239777 
0.0003077137 0.0000865235 0.0000239777 
0.0003077137 0.0000865235 0.0000239777 
0.0003077137 0.0000865235 0.0000239777 
0.0003077137 0.0000865235 0.0000239777 
0.0003077137 0.0000865235 0.0000239777 
0.0003077137 0.0000865235 0.0000239777 
0.0003077137 0.0000865235 0.0000239777 
0.0003077137 0.0000865235 0.0000239777 
0.0003077137 0.0000865235 0.0000239777 
0.0003077137 0.0000865235 0.0000239777 
0.0003077137 0.0000865235 0.0000239777 
0.0003077137 0.0000865235 0.0000239777 
0.0003077137 0.0000865235 0.0000239777 
0.0003077137 0.0000865235 0.0000239777 
0.0003077137 0.0000865235 0.0000239777 
0.0003077137 0.0000865235 0.0000239777 
0.0003077137 0.0000865235 0.0000239777 
0.0003077137 0.0000865235 0.0000239777 
0.0003077137 0.0000865235 0.0000239777 
0.0003077137 0.0000865235 0.0000239777 
0.0003077137 0.0000865235 0.0000239777 
0.0003077137 0.0000865235 0.0000239777 
0.0003077137 0.0000865235 0.0000239777 
0.0003077137 0.0000865235 0.0000239777 
0.0003077137 0.0000865235 0.0000239777 
0.0003077137 0.0000865235 0.0000239777 
0.0003077137 0.0000865235 0.0000239777 
0.0003077137 0.0000865235 0.0000239777 
0.0003077137 0.0000865235 0.0000239777 
0.0003077137 0.0000865235 0.0000239777 
0.0003077137 0.0000865235 0.0000239777 
0.0003077137 0.0000865235 0.0000239777 
0.0003077137 0.0000865235 0.0000239777 
0.0003077137 0.0000865235 0.0000239777 
0.0003077137 0.0000865235 0.0000239777 
0.0003077137 0.0000865235 0.0000239777 
0.0003077137 0.0000865235 0.0000239777 
0.0003077137 0.0000865235 0.0000239777 
0.0003077137 0.0000865235 0.0000239777 
0.0003077137 0.0000865235 0.0000239777 
0.0003077137 0.0000865235 0.0000239777 
0.0003077137 0.0000865235 0.0000239777 
0.0003077137 0.0000865235 0.0000239777 
0.0003077137 0.0000865235 0.0000239777 
0.0003077137 0.0000865235 0.0000239777 
0.0003077137 0.0000865235 0.0000239777 
0.0003077137 0.0000865235 0.0000239777 
0.0003077137 0.0000865235 0.0000239777 
0.0003077137 0.0000865235 0.0000239777 
0.0003077137 0.0000865235 0.0000239777 
0.0003077137 0.0000865235 0.0000239777 
0.0003077137 0.0000865235 0.0000239777 
0.0003077137 0.0000865235 0.0000239777 
0.0003077137 0.0000865235 0.0000239777 
0.0003077137 0.0000865235 0.0000239777 
0.0003077137 0.0000865235 0.0000239777 
0.0003077137 0.0000865235 0.0000239777 
0.0003077137 0.0000865235 0.0000239777 
0.0003077137 0.0000865235 0.0000239777 
0.0003077137 0.0000865235 0.0000239777 
0.0003077137 0.0000865235 0.0000239777 
0.0003077137 0.0000865235 0.0000239777 
0.0003077137 0.0000865235 0.0000239777 
0.0003077137 0.0000865235 0.0000239777 
0.0003077137 0.0000865235 0.0000239777 
0.0003077137 0.0000865235 0.0000239777 
0.0003077137 0.0000865235 0.0000239777 
0.0003077137 0.0000865235 0.0000239777 
0.0003077137 0.0000865235 0.0000239777 
0.0003077137 0.0000865235 0.0000239777 
0.0003077137 0.0000865235 0.0000239777 
0.0003077137 0.0000865235 0.0000239777 
0.0003077137 0.0000865235 0.0000239777 
0.0003077137 0.0000865235 0.0000239777 
0.0003077137 0.0000865235 0.0000239777 
0.0003077137 0.0000865235 0.0000239777 
0.0003077137 0.0000865235 0.0000239777 
0.0003077137 0.0000865235 0.0000239777 
0.0003077137 0.0000865235 0.0000239777 
0.0003077137 0.0000865235 0.0000239777 
0.0003077137 0.0000865235 0.0000239777 
0.0003077137 0.0000865235 0.0000239777 
0.0003077137 0.0000865235 0.0000239777 
0.0003077137 0.0000865235 0.0000239777 
0.0003077137 0.0000865235 0.0000239777 
0.0003077137 0.0000865235 0.0000239777 
0.0003077137 0.0000865235 0.0000239777 
0.0003077137 0.0000865235 0.0000239777 
0.0003077137 0.0000865235 0.0000239777 
0.0003077137 0.0000865235 0.0000239777 
0.0003077137 0.0000865235 0.0000239777 
0.0003077137 0.0000865235 0.0000239777 
0.0003077137 0.0000865235 0.0000239777 
0.0003077137 0.0000865235 0.0000239777 
0.0003077137 0.0000865235 0.0000239777 
0.0003077137 0.0000865235 0.0000239777 
0.0003077137 0.0000865235 0.0000239777 
0.0003077137 0.0000865235 0.0000239777 
0.0003077137 0.0000865235 0.0000239777 
0.0003077137 0.0000865235 0.0000239777 
0.0003077137 0.0000865235 0.0000239777 
0.0003077137 0.0000865235 0.0000239777 
0.0003077137 0.0000865235 0.0000239777 
0.0003077137 0.0000865235 0.0000239777 
0.0003077137 0.0000865235 0.0000239777 
0.0003077137 0.0000865235 0.0000239777 
0.0003077137 0.0000865235 0.0000239777 
0.0003077137 0.0000865235 0.0000239777 
0.0003077137 0.0000865235 0.0000239777 
0.0003077137 0.0000865235 0.0000239777 
0.0003077137 0.0000865235 0.0000239777 
0.0003077137 0.0000865235 0.0000239777 
0.0003077137 0.0000865235 0.0000239777 
0.0003077137 0.0000865235 0.0000239777 
0.0003077137 0.0000865235 0.0000239777 
0.0003077137 0.0000865235 0.0000239777 
0.0003077137 0.0000865235 0.0000239777 
0.0003077137 0.0000865235 0.0000239777 
0.0003077137 0.0000865235 0.0000239777 
0.0003077137 0.0000865235 0.0000239777 
0.0003077137 0.0000865235 0.0000239777 
0.0003077137 0.0000865235 0.0000239777 
0.0003077137 0.0000865235 0.0000239777 
0.0003077137 0.0000865235 0.0000239777 
0.0003077137 0.0000865235 0.0000239777 
0.0003077137 0.0000865235 0.0000239777 
0.0003077137 0.0000865235 0.0000239777 
0.0003077137 0.0000865235 0.0000239777 
0.0003077137 0.0000865235 0.0000239777 
0.0003077137 0.0000865235 0.0000239777 
0.0003077137 0.0000865235 0.0000239777 
0.0003077137 0.0000865235 0.0000239777 
0.0003077137 0.0000865235 0.0000239777 
0.0003077137 0.0000865235 0.0000239777 
0.0003077137 0.0000865235 0.0000239777 
0.0003077137 0.0000865235 0.0000239777 
0.0003077137 0.0000865235 0.0000239777 
0.0003077137 0.0000865235 0.0000239777 
0.0003077137 0.0000865235 0.0000239777 
0.0003077137 0.0000865235 0.0000239777 
0.0003077137 0.0000865235 0.0000239777 
0.0003077137 0.0000865235 0.0000239777 
0.0003077137 0.0000865235 0.0000239777 
0.0003077137 0.0000865235 0.0000239777 
0.0003077137 0.0000865235 0.0000239777 
0.0003077137 0.0000865235 0.0000239777 
0.0003077137 0.0000865235 0.0000239777 
0.0003077137 0.0000865235 0.0000239777 
0.0003077137 0.0000865235 0.0000239777 
0.0003077137 0.0000865235 0.0000239777 
0.0003077137 0.0000865235 0.0000239777 
0.0003077137 0.0000865235 0.0000239777 
0.0003077137 0.0000865235 0.0000239777 
0.0003077137 0.0000865235 0.0000239777 
0.0003077137 0.0000865235 0.0000239777 
0.0003077137 0.0000865235 0.0000239777 
0.0003077137 0.0000865235 0.0000239777 
0.0003077137 0.0000865235 0.0000239777 
0.0003077137 0.0000865235 0.0000239777 
0.0003077137 0.0000865235 0.0000239777 
0.0003077137 0.0000865235 0.0000239777 
0.0003077137 0.0000865235 0.0000239777 
0.0003077137 0.0000865235 0.0000239777 
0.0003077137 0.0000865235 0.0000239777 
0.0003077137 0.0000865235 0.0000239777 
0.0003077137 0.0000865235 0.0000239777 
0.0003077137 0.0000865235 0.0000239777 
0.0003077137 0.0000865235 0.0000239777 
0.0003077137 0.0000865235 0.0000239777 
0.0003077137 0.0000865235 0.0000239777 
0.0003077137 0.0000865235 0.0000239777 
0.0003077137 0.0000865235 0.0000239777 
0.0003077137 0.0000865235 0.0000239777 
0.0003077137 0.0000865235 0.0000239777 
0.0003077137 0.0000865235 0.0000239777 
0.0003077137 0.0000865235 0.0000239777 
0.0003077137 0.0000865235 0.0000239777 
0.0003077137 0.0000865235 0.0000239777 
0.0003077137 0.0000865235 0.0000239777 
0.0003077137 0.0000865235 0.0000239777 
0.0003077137 0.0000865235 0.0000239777 
0.0003077137 0.0000865235 0.0000239777 
0.0003077137 0.0000865235 0.0000239777 
0.0003077137 0.0000865235 0.0000239777 
0.0003077137 0.0000865235 0.0000239777 
0.0003077137 0.0000865235 0.0000239777 
0.0003077137 0.0000865235 0.0000239777 
0.0003077137 0.0000865235 0.0000239777 
0.0003077137 0.0000865235 0.0000239777 
0.0003077137 0.0000865235 0.0000239777 
0.0003077137 0.0000865235 0.0000239777 
0.0003077137 0.0000865235 0.0000239777 
0.0003077137 0.0000865235 0.0000239777 
0.0003077137 0.0000865235 0.0000239777 
0.0003077137 0.0000865235 0.0000239777 
0.0003077137 0.0000865235 0.0000239777 
0.0003077137 0.0000865235 0.0000239777 
0.0003077137 0.0000865235 0.0000239777 
0.0003077137 0.0000865235 0.0000239777 
0.0003077137 0.0000865235 0.0000239777 
0.0003077137 0.0000865235 0.0000239777 
0.0003077137 0.0000865235 0.0000239777 
0.0003077137 0.0000865235 0.0000239777 
0.0003077137 0.0000865235 0.0000239777 
0.0003077137 0.0000865235 0.0000239777 
0.0003077137 0.0000865235 0.0000239777 
0.0003077137 0.0000865235 0.0000239777 
0.0003077137 0.0000865235 0.0000239777 
0.0003077137 0.0000865235 0.0000239777 
0.0003077137 0.0000865235 0.0000239777 
0.0003077137 0.0000865235 0.0000239777 
0.0003077137 0.0000865235 0.0000239777 
0.0003077137 0.0000865235 0.0000239777 
0.0003077137 0.0000865235 0.0000239777 
0.0003077137 0.0000865235 0.0000239777 
0.0003077137 0.0000865235 0.0000239777 
0.0003077137 0.0000865235 0.0000239777 
0.0003077137 0.0000865235 0.0000239777 
0.0003077137 0.0000865235 0.0000239777 
0.0003077137 0.0000865235 0.0000239777 
0.0003077137 0.0000865235 0.0000239777 
0.0003077137 0.0000865235 0.0000239777 
0.0003077137 0.0000865235 0.0000239777 
0.0003077137 0.0000865235 0.0000239777 
0.0003077137 0.0000865235 0.0000239777 
0.0003077137 0.0000865235 0.0000239777 
0.0003077137 0.0000865235 0.0000239777 
0.0003077137 0.0000865235 0.0000239777 
0.0003077137 0.0000865235 0.0000239777 
0.0003077137 0.0000865235 0.0000239777 
0.0003077137 0.0000865235 0.0000239777 
0.0003077137 0.0000865235 0.0000239777 
0.0003077137 0.0000865235 0.0000239777 
0.0003077137 0.0000865235 0.0000239777 
0.0003077137 0.0000865235 0.0000239777 
0.0003077137 0.0000865235 0.0000239777 
0.0003077137 0.0000865235 0.0000239777 
0.0003077137 0.0000865235 0.0000239777 
0.0003077137 0.0000865235 0.0000239777 
0.0003077137 0.0000865235 0.0000239777 
0.0003077137 0.0000865235 0.0000239777 
0.0003077137 0.0000865235 0.0000239777 
0.0003077137 0.0000865235 0.0000239777 
0.0003077137 0.0000865235 0.0000239777 
0.0003077137 0.0000865235 0.0000239777 
0.0003077137 0.0000865235 0.0000239777 
0.0003077137 0.0000865235 0.0000239777 
0.0003077137 0.0000865235 0.0000239777 
0.0003077137 0.0000865235 0.0000239777 
0.0003077137 0.0000865235 0.0000239777 
0.0003077137 0.0000865235 0.0000239777 
0.0003077137 0.0000865235 0.0000239777 
0.0003077137 0.0000865235 0.0000239777 
0.0003077137 0.0000865235 0.0000239777 
0.0003077137 0.0000865235 0.0000239777 
0.0003077137 0.0000865235 0.0000239777 
0.0003077137 0.0000865235 0.0000239777 
0.0003077137 0.0000865235 0.0000239777 
0.0003077137 0.0000865235 0.0000239777 
0.0003077137 0.0000865235 0.0000239777 
0.0003077137 0.0000865235 0.0000239777 
0.0003077137 0.0000865235 0.0000239777 
0.0003077137 0.0000865235 0.0000239777 
0.0003077137 0.0000865235 0.0000239777 
0.0003077137 0.0000865235 0.0000239777 
0.0003077137 0.0000865235 0.0000239777 
0.0003077137 0.0000865235 0.0000239777 
0.0003077137 0.0000865235 0.0000239777 
0.0003077137 0.0000865235 0.0000239777 
0.0003077137 0.0000865235 0.0000239777 
0.0003077137 0.0000865235 0.0000239777 
0.0003077137 0.0000865235 0.0000239777 
0.0003077137 0.0000865235 0.0000239777 
0.0003077137 0.0000865235 0.0000239777 
0.0003077137 0.0000865235 0.0000239777 
0.0003077137 0.0000865235 0.0000239777 
0.0003077137 0.0000865235 0.0000239777 
0.0003077137 0.0000865235 0.0000239777 
0.0003077137 0.0000865235 0.0000239777 
0.0003077137 0.0000865235 0.0000239777 
0.0003077137 0.0000865235 0.0000239777 
0.0003077137 0.0000865235 0.0000239777 
0.0003077137 0.0000865235 0.0000239777 
0.0003077137 0.0000865235 0.0000239777 
0.0003077137 0.0000865235 0.0000239777 
0.0003077137 0.0000865235 0.0000239777 
0.0003077137 0.0000865235 0.0000239777 
0.0003077137 0.0000865235 0.0000239777 
0.0003077137 0.0000865235 0.0000239777 
0.0003077137 0.0000865235 0.0000239777 
0.0003077137 0.0000865235 0.0000239777 
0.0003077137 0.0000865235 0.0000239777 
0.0003077137 0.0000865235 0.0000239777 
0.0003077137 0.0000865235 0.0000239777 
0.0003077137 0.0000865235 0.0000239777 
0.0003077137 0.0000865235 0.0000239777 
0.0003077137 0.0000865235 0.0000239777 
0.0003077137 0.0000865235 0.0000239777 
0.0003077137 0.0000865235 0.0000239777 
0.0003077137 0.0000865235 0.0000239777 
0.0003077137 0.0000865235 0.0000239777 
0.0003077137 0.0000865235 0.0000239777 
0.0003077137 0.0000865235 0.0000239777 
0.0003077137 0.0000865235 0.0000239777 
0.0003077137 0.0000865235 0.0000239777 
0.0003077137 0.0000865235 0.0000239777 
0.0003077137 0.0000865235 0.0000239777 
0.0003077137 0.0000865235 0.0000239777 
0.0003077137 0.0000865235 0.0000239777 
0.0003077137 0.0000865235 0.0000239777 
0.0003077137 0.0000865235 0.0000239777 
0.0003077137 0.0000865235 0.0000239777 
0.0003077137 0.0000865235 0.0000239777 
0.0003077137 0.0000865235 0.0000239777 
0.0003077137 0.0000865235 0.0000239777 
0.0003077137 0.0000865235 0.0000239777 
0.0003077137 0.0000865235 0.0000239777 
0.0003077137 0.0000865235 0.0000239777 
0.0003077137 0.0000865235 0.0000239777 
0.0003077137 0.0000865235 0.0000239777 
0.0003077137 0.0000865235 0.0000239777 
0.0003077137 0.0000865235 0.0000239777 
0.0003077137 0.0000865235 0.0000239777 
0.0003077137 0.0000865235 0.0000239777 
0.0003077137 0.0000865235 0.0000239777 
0.0003077137 0.0000865235 0.0000239777 
0.0003077137 0.0000865235 0.0000239777 
0.0003077137 0.0000865235 0.0000239777 
0.0003077137 0.0000865235 0.0000239777 
0.0003077137 0.0000865235 0.0000239777 
0.0003077137 0.0000865235 0.0000239777 
0.0003077137 0.0000865235 0.0000239777 
0.0003077137 0.0000865235 0.0000239777 
0.0003077137 0.0000865235 0.0000239777 
0.0003077137 0.0000865235 0.0000239777 
0.0003077137 0.0000865235 0.0000239777 
0.0003077137 0.0000865235 0.0000239777 
0.0003077137 0.0000865235 0.0000239777 
0.0003077137 0.0000865235 0.0000239777 
0.0003077137 0.0000865235 0.0000239777 
0.0003077137 0.0000865235 0.0000239777 
0.0003077137 0.0000865235 0.0000239777 
0.0003077137 0.0000865235 0.0000239777 
0.0003077137 0.0000865235 0.0000239777 
0.0003077137 0.0000865235 0.0000239777 
0.0003077137 0.0000865235 0.0000239777 
0.0003077137 0.0000865235 0.0000239777 
0.0003077137 0.0000865235 0.0000239777 
0.0003077137 0.0000865235 0.0000239777 
0.0003077137 0.0000865235 0.0000239777 
0.0003077137 0.0000865235 0.0000239777 
0.0003077137 0.0000865235 0.0000239777 
0.0003077137 0.0000865235 0.0000239777 
0.0003077137 0.0000865235 0.0000239777 
0.0003077137 0.0000865235 0.0000239777 
0.0003077137 0.0000865235 0.0000239777 
0.0003077137 0.0000865235 0.0000239777 
0.0003077137 0.0000865235 0.0000239777 
0.0003077137 0.0000865235 0.0000239777 
0.0003077137 0.0000865235 0.0000239777 
0.0003077137 0.0000865235 0.0000239777 
0.0003077137 0.0000865235 0.0000239777 
0.0003077137 0.0000865235 0.0000239777 
0.0003077137 0.0000865235 0.0000239777 
0.0003077137 0.0000865235 0.0000239777 
0.0003077137 0.0000865235 0.0000239777 
0.0003077137 0.0000865235 0.0000239777 
0.0003077137 0.0000865235 0.0000239777 
0.0003077137 0.0000865235 0.0000239777 
0.0003077137 0.0000865235 0.0000239777 
0.0003077137 0.0000865235 0.0000239777 
0.0003077137 0.0000865235 0.0000239777 
0.0003077137 0.0000865235 0.0000239777 
0.0003077137 0.0000865235 0.0000239777 
0.0003077137 0.0000865235 0.0000239777 
0.0003077137 0.0000865235 0.0000239777 
0.0003077137 0.0000865235 0.0000239777 
0.0003077137 0.0000865235 0.0000239777 
0.0003077137 0.0000865235 0.0000239777 
0.0003077137 0.0000865235 0.0000239777 
0.0003077137 0.0000865235 0.0000239777 
0.0003077137 0.0000865235 0.0000239777 
0.0003077137 0.0000865235 0.0000239777 
0.0003077137 0.0000865235 0.0000239777 
0.0003077137 0.0000865235 0.0000239777 
0.0003077137 0.0000865235 0.0000239777 
0.0003077137 0.0000865235 0.0000239777 
0.0003077137 0.0000865235 0.0000239777 
0.0003077137 0.0000865235 0.0000239777 
0.0003077137 0.0000865235 0.0000239777 
0.0003077137 0.0000865235 0.0000239777 
0.0003077137 0.0000865235 0.0000239777 
0.0003077137 0.0000865235 0.0000239777 
0.0003077137 0.0000865235 0.0000239777 
0.0003077137 0.0000865235 0.0000239777 
0.0003077137 0.0000865235 0.0000239777 
0.0003077137 0.0000865235 0.0000239777 
0.0003077137 0.0000865235 0.0000239777 
0.0003077137 0.0000865235 0.0000239777 
0.0003077137 0.0000865235 0.0000239777 
0.0003077137 0.0000865235 0.0000239777 
0.0003077137 0.0000865235 0.0000239777 
0.0003077137 0.0000865235 0.0000239777 
0.0003077137 0.0000865235 0.0000239777 
0.0003077137 0.0000865235 0.0000239777 
0.0003077137 0.0000865235 0.0000239777 
0.0003077137 0.0000865235 0.0000239777 
0.0003077137 0.0000865235 0.0000239777 
0.0003077137 0.0000865235 0.0000239777 
0.0003077137 0.0000865235 0.0000239777 
0.0003077137 0.0000865235 0.0000239777 
0.0003077137 0.0000865235 0.0000239777 
0.0003077137 0.0000865235 0.0000239777 
0.0003077137 0.0000865235 0.0000239777 
0.0003077137 0.0000865235 0.0000239777 
0.0003077137 0.0000865235 0.0000239777 
0.0003077137 0.0000865235 0.0000239777 
0.0003077137 0.0000865235 0.0000239777 
0.0003077137 0.0000865235 0.0000239777 
0.0003077137 0.0000865235 0.0000239777 
0.0003077137 0.0000865235 0.0000239777 
0.0003077137 0.0000865235 0.0000239777 
0.0003077137 0.0000865235 0.0000239777 
0.0003077137 0.0000865235 0.0000239777 
0.0003077137 0.0000865235 0.0000239777 
0.0003077137 0.0000865235 0.0000239777 
0.0003077137 0.0000865235 0.0000239777 
0.0003077137 0.0000865235 0.0000239777 
0.0003077137 0.0000865235 0.0000239777 
0.0003077137 0.0000865235 0.0000239777 
0.0003077137 0.0000865235 0.0000239777 
0.0003077137 0.0000865235 0.0000239777 
0.0003077137 0.0000865235 0.0000239777 
0.0003077137 0.0000865235 0.0000239777 
0.0003077137 0.0000865235 0.0000239777 
0.0003077137 0.0000865235 0.0000239777 
0.0003077137 0.0000865235 0.0000239777 
0.0003077137 0.0000865235 0.0000239777 
0.0003077137 0.0000865235 0.0000239777 
0.0003077137 0.0000865235 0.0000239777 
0.0003077137 0.0000865235 0.0000239777 
0.0003077137 0.0000865235 0.0000239777 
0.0003077137 0.0000865235 0.0000239777 
0.0003077137 0.0000865235 0.0000239777 
0.0003077137 0.0000865235 0.0000239777 
0.0003077137 0.0000865235 0.0000239777 
0.0003077137 0.0000865235 0.0000239777 
0.0003077137 0.0000865235 0.0000239777 
0.0003077137 0.0000865235 0.0000239777 
0.0003077137 0.0000865235 0.0000239777 
0.0003077137 0.0000865235 0.0000239777 
0.0003077137 0.0000865235 0.0000239777 
0.0003077137 0.0000865235 0.0000239777 
0.0003077137 0.0000865235 0.0000239777 
0.0003077137 0.0000865235 0.0000239777 
0.0003077137 0.0000865235 0.0000239777 
0.0003077137 0.0000865235 0.0000239777 
0.0003077137 0.0000865235 0.0000239777 
0.0003077137 0.0000865235 0.0000239777 
0.0003077137 0.0000865235 0.0000239777 
0.0003077137 0.0000865235 0.0000239777 
0.0003077137 0.0000865235 0.0000239777 
0.0003077137 0.0000865235 0.0000239777 
0.0003077137 0.0000865235 0.0000239777 
0.0003077137 0.0000865235 0.0000239777 
0.0003077137 0.0000865235 0.0000239777 
0.0003077137 0.0000865235 0.0000239777 
0.0003077137 0.0000865235 0.0000239777 
0.0003077137 0.0000865235 0.0000239777 
0.0003077137 0.0000865235 0.0000239777 
0.0003077137 0.0000865235 0.0000239777 
0.0003077137 0.0000865235 0.0000239777 
0.0003077137 0.0000865235 0.0000239777 
0.0003077137 0.0000865235 0.0000239777 
0.0003077137 0.0000865235 0.0000239777 
0.0003077137 0.0000865235 0.0000239777 
0.0003077137 0.0000865235 0.0000239777 
0.0003077137 0.0000865235 0.0000239777 
0.0003077137 0.0000865235 0.0000239777 
0.0003077137 0.0000865235 0.0000239777 
0.0003077137 0.0000865235 0.0000239777 
0.0003077137 0.0000865235 0.0000239777 
0.0003077137 0.0000865235 0.0000239777 
0.0003077137 0.0000865235 0.0000239777 
0.0003077137 0.0000865235 0.0000239777 
0.0003077137 0.0000865235 0.0000239777 
0.0003077137 0.0000865235 0.0000239777 
0.0003077137 0.0000865235 0.0000239777 
0.0003077137 0.0000865235 0.0000239777 
0.0003077137 0.0000865235 0.0000239777 
0.0003077137 0.0000865235 0.0000239777 
0.0003077137 0.0000865235 0.0000239777 
0.0003077137 0.0000865235 0.0000239777 
0.0003077137 0.0000865235 0.0000239777 
0.0003077137 0.0000865235 0.0000239777 
0.0003077137 0.0000865235 0.0000239777 
0.0003077137 0.0000865235 0.0000239777 
0.0003077137 0.0000865235 0.0000239777 
0.0003077137 0.0000865235 0.0000239777 
0.0003077137 0.0000865235 0.0000239777 
0.0003077137 0.0000865235 0.0000239777 
0.0003077137 0.0000865235 0.0000239777 
0.0003077137 0.0000865235 0.0000239777 
0.0003077137 0.0000865235 0.0000239777 
0.0003077137 0.0000865235 0.0000239777 
0.0003077137 0.0000865235 0.0000239777 
0.0003077137 0.0000865235 0.0000239777 
0.0003077137 0.0000865235 0.0000239777 
0.0003077137 0.0000865235 0.0000239777 
0.0003077137 0.0000865235 0.0000239777 
0.0003077137 0.0000865235 0.0000239777 
0.0003077137 0.0000865235 0.0000239777 
0.0003077137 0.0000865235 0.0000239777 
0.0003077137 0.0000865235 0.0000239777 
0.0003077137 0.0000865235 0.0000239777 
0.0003077137 0.0000865235 0.0000239777 
0.0003077137 0.0000865235 0.0000239777 
0.0003077137 0.0000865235 0.0000239777 
0.0003077137 0.0000865235 0.0000239777 
0.0003077137 0.0000865235 0.0000239777 
0.0003077137 0.0000865235 0.0000239777 
0.0003077137 0.0000865235 0.0000239777 
0.0003077137 0.0000865235 0.0000239777 
0.0003077137 0.0000865235 0.0000239777 
0.0003077137 0.0000865235 0.0000239777 
0.0003077137 0.0000865235 0.0000239777 
0.0003077137 0.0000865235 0.0000239777 
0.0003077137 0.0000865235 0.0000239777 
0.0003077137 0.0000865235 0.0000239777 
0.0003077137 0.0000865235 0.0000239777 
0.0003077137 0.0000865235 0.0000239777 
0.0003077137 0.0000865235 0.0000239777 
0.0003077137 0.0000865235 0.0000239777 
0.0003077137 0.0000865235 0.0000239777 
0.0003077137 0.0000865235 0.0000239777 
0.0003077137 0.0000865235 0.0000239777 
0.0003077137 0.0000865235 0.0000239777 
0.0003077137 0.0000865235 0.0000239777 
0.0003077137 0.0000865235 0.0000239777 
0.0003077137 0.0000865235 0.0000239777 
0.0003077137 0.0000865235 0.0000239777 
0.0003077137 0.0000865235 0.0000239777 
0.0003077137 0.0000865235 0.0000239777 
0.0003077137 0.0000865235 0.0000239777 
0.0003077137 0.0000865235 0.0000239777 
0.0003077137 0.0000865235 0.0000239777 
0.0003077137 0.0000865235 0.0000239777 
0.0003077137 0.0000865235 0.0000239777 
0.0003077137 0.0000865235 0.0000239777 
0.0003077137 0.0000865235 0.0000239777 
0.0003077137 0.0000865235 0.0000239777 
0.0003077137 0.0000865235 0.0000239777 
0.0003077137 0.0000865235 0.0000239777 
0.0003077137 0.0000865235 0.0000239777 
0.0003077137 0.0000865235 0.0000239777 
0.0003077137 0.0000865235 0.0000239777 
0.0003077137 0.0000865235 0.0000239777 
0.0003077137 0.0000865235 0.0000239777 
0.0003077137 0.0000865235 0.0000239777 
0.0003077137 0.0000865235 0.0000239777 
0.0003077137 0.0000865235 0.0000239777 
0.0003077137 0.0000865235 0.0000239777 
0.0003077137 0.0000865235 0.0000239777 
0.0003077137 0.0000865235 0.0000239777 
0.0003077137 0.0000865235 0.0000239777 
0.0003077137 0.0000865235 0.0000239777 
0.0003077137 0.0000865235 0.0000239777 
0.0003077137 0.0000865235 0.0000239777 
0.0003077137 0.0000865235 0.0000239777 
0.0003077137 0.0000865235 0.0000239777 
0.0003077137 0.0000865235 0.0000239777 
0.0003077137 0.0000865235 0.0000239777 
0.0003077137 0.0000865235 0.0000239777 
0.0003077137 0.0000865235 0.0000239777 
0.0003077137 0.0000865235 0.0000239777 
0.0003077137 0.0000865235 0.0000239777 
0.0003077137 0.0000865235 0.0000239777 
0.0003077137 0.0000865235 0.0000239777 
0.0003077137 0.0000865235 0.0000239777 
0.0003077137 0.0000865235 0.0000239777 
0.0003077137 0.0000865235 0.0000239777 
0.0003077137 0.0000865235 0.0000239777 
0.0003077137 0.0000865235 0.0000239777 
0.0003077137 0.0000865235 0.0000239777 
0.0003077137 0.0000865235 0.0000239777 
0.0003077137 0.0000865235 0.0000239777 
0.0003077137 0.0000865235 0.0000239777 
0.0003077137 0.0000865235 0.0000239777 
0.0003077137 0.0000865235 0.0000239777 
0.0003077137 0.0000865235 0.0000239777 
0.0003077137 0.0000865235 0.0000239777 
0.0003077137 0.0000865235 0.0000239777 
0.0003077137 0.0000865235 0.0000239777 
0.0003077137 0.0000865235 0.0000239777 
0.0003077137 0.0000865235 0.0000239777 
0.0003077137 0.0000865235 0.0000239777 
0.0003077137 0.0000865235 0.0000239777 
0.0003077137 0.0000865235 0.0000239777 
0.0003077137 0.0000865235 0.0000239777 
0.0003077137 0.0000865235 0.0000239777 
0.0003077137 0.0000865235 0.0000239777 
0.0003077137 0.0000865235 0.0000239777 
0.0003077137 0.0000865235 0.0000239777 
0.0003077137 0.0000865235 0.0000239777 
0.0003077137 0.0000865235 0.0000239777 
0.0003077137 0.0000865235 0.0000239777 
0.0003077137 0.0000865235 0.0000239777 
0.0003077137 0.0000865235 0.0000239777 
0.0003077137 0.0000865235 0.0000239777 
0.0003077137 0.0000865235 0.0000239777 
0.0003077137 0.0000865235 0.0000239777 
0.0003077137 0.0000865235 0.0000239777 
0.0003077137 0.0000865235 0.0000239777 
0.0003077137 0.0000865235 0.0000239777 
0.0003077137 0.0000865235 0.0000239777 
0.0003077137 0.0000865235 0.0000239777 
0.0003077137 0.0000865235 0.0000239777 
0.0003077137 0.0000865235 0.0000239777 
0.0003077137 0.0000865235 0.0000239777 
0.0003077137 0.0000865235 0.0000239777 
0.0003077137 0.0000865235 0.0000239777 
0.0003077137 0.0000865235 0.0000239777 
0.0003077137 0.0000865235 0.0000239777 
0.0003077137 0.0000865235 0.0000239777 
0.0003077137 0.0000865235 0.0000239777 
0.0003077137 0.0000865235 0.0000239777 
0.0003077137 0.0000865235 0.0000239777 
0.0003077137 0.0000865235 0.0000239777 
0.0003077137 0.0000865235 0.0000239777 
0.0003077137 0.0000865235 0.0000239777 
0.0003077137 0.0000865235 0.0000239777 
0.0003077137 0.0000865235 0.0000239777 
0.0003077137 0.0000865235 0.0000239777 
0.0003077137 0.0000865235 0.0000239777 
0.0003077137 0.0000865235 0.0000239777 
0.0003077137 0.0000865235 0.0000239777 
0.0003077137 0.0000865235 0.0000239777 
0.0003077137 0.0000865235 0.0000239777 
0.0003077137 0.0000865235 0.0000239777 
0.0003077137 0.0000865235 0.0000239777 
0.0003077137 0.0000865235 0.0000239777 
0.0003077137 0.0000865235 0.0000239777 
0.0003077137 0.0000865235 0.0000239777 
0.0003077137 0.0000865235 0.0000239777 
0.0003077137 0.0000865235 0.0000239777 
0.0003077137 0.0000865235 0.0000239777 
0.0003077137 0.0000865235 0.0000239777 
0.0003077137 0.0000865235 0.0000239777 
0.0003077137 0.0000865235 0.0000239777 
0.0003077137 0.0000865235 0.0000239777 
0.0003077137 0.0000865235 0.0000239777 
0.0003077137 0.0000865235 0.0000239777 
0.0003077137 0.0000865235 0.0000239777 
0.0003077137 0.0000865235 0.0000239777 
0.0003077137 0.0000865235 0.0000239777 
0.0003077137 0.0000865235 0.0000239777 
0.0003077137 0.0000865235 0.0000239777 
0.0003077137 0.0000865235 0.0000239777 
0.0003077137 0.0000865235 0.0000239777 
0.0003077137 0.0000865235 0.0000239777 
0.0003077137 0.0000865235 0.0000239777 
0.0003077137 0.0000865235 0.0000239777 
0.0003077137 0.0000865235 0.0000239777 
0.0003077137 0.0000865235 0.0000239777 
0.0003077137 0.0000865235 0.0000239777 
0.0003077137 0.0000865235 0.0000239777 
0.0003077137 0.0000865235 0.0000239777 
0.0003077137 0.0000865235 0.0000239777 
0.0003077137 0.0000865235 0.0000239777 
0.0003077137 0.0000865235 0.0000239777 
0.0003077137 0.0000865235 0.0000239777 
0.0003077137 0.0000865235 0.0000239777 
0.0003077137 0.0000865235 0.0000239777 
0.0003077137 0.0000865235 0.0000239777 
0.0003077137 0.0000865235 0.0000239777 
0.0003077137 0.0000865235 0.0000239777 
0.0003077137 0.0000865235 0.0000239777 
0.0003077137 0.0000865235 0.0000239777 
0.0003077137 0.0000865235 0.0000239777 
0.0003077137 0.0000865235 0.0000239777 
0.0003077137 0.0000865235 0.0000239777 
0.0003077137 0.0000865235 0.0000239777 
0.0003077137 0.0000865235 0.0000239777 
0.0003077137 0.0000865235 0.0000239777 
0.0003077137 0.0000865235 0.0000239777 
0.0003077137 0.0000865235 0.0000239777 
0.0003077137 0.0000865235 0.0000239777 
0.0003077137 0.0000865235 0.0000239777 
0.0003077137 0.0000865235 0.0000239777 
0.0003077137 0.0000865235 0.0000239777 
0.0003077137 0.0000865235 0.0000239777 
0.0003077137 0.0000865235 0.0000239777 
0.0003077137 0.0000865235 0.0000239777 
0.0003077137 0.0000865235 0.0000239777 
0.0003077137 0.0000865235 0.0000239777 
0.0003077137 0.0000865235 0.0000239777 
0.0003077137 0.0000865235 0.0000239777 
0.0003077137 0.0000865235 0.0000239777 
0.0003077137 0.0000865235 0.0000239777 
0.0003077137 0.0000865235 0.0000239777 
0.0003077137 0.0000865235 0.0000239777 
0.0003077137 0.0000865235 0.0000239777 
0.0003077137 0.0000865235 0.0000239777 
0.0003077137 0.0000865235 0.0000239777 
0.0003077137 0.0000865235 0.0000239777 
0.0003077137 0.0000865235 0.0000239777 
0.0003077137 0.0000865235 0.0000239777 
0.0003077137 0.0000865235 0.0000239777 
0.0003077137 0.0000865235 0.0000239777 
0.0003077137 0.0000865235 0.0000239777 
0.0003077137 0.0000865235 0.0000239777 
0.0003077137 0.0000865235 0.0000239777 
0.0003077137 0.0000865235 0.0000239777 
0.0003077137 0.0000865235 0.0000239777 
0.0003077137 0.0000865235 0.0000239777 
0.0003077137 0.0000865235 0.0000239777 
0.0003077137 0.0000865235 0.0000239777 
0.0003077137 0.0000865235 0.0000239777 
0.0003077137 0.0000865235 0.0000239777 
0.0003077137 0.0000865235 0.0000239777 
0.0003077137 0.0000865235 0.0000239777 
0.0003077137 0.0000865235 0.0000239777 
0.0003077137 0.0000865235 0.0000239777 
0.0003077137 0.0000865235 0.0000239777 
0.0003077137 0.0000865235 0.0000239777 
0.0003077137 0.0000865235 0.0000239777 
0.0003077137 0.0000865235 0.0000239777 
0.0003077137 0.0000865235 0.0000239777 
0.0003077137 0.0000865235 0.0000239777 
0.0003077137 0.0000865235 0.0000239777 
0.0003077137 0.0000865235 0.0000239777 
0.0003077137 0.0000865235 0.0000239777 
0.0003077137 0.0000865235 0.0000239777 
0.0003077137 0.0000865235 0.0000239777 
0.0003077137 0.0000865235 0.0000239777 
0.0003077137 0.0000865235 0.0000239777 
0.0003077137 0.0000865235 0.0000239777 
0.0003077137 0.0000865235 0.0000239777 
0.0003077137 0.0000865235 0.0000239777 
0.0003077137 0.0000865235 0.0000239777 
0.0003077137 0.0000865235 0.0000239777 
0.0003077137 0.0000865235 0.0000239777 
0.0003077137 0.0000865235 0.0000239777 
0.0003077137 0.0000865235 0.0000239777 
0.0003077137 0.0000865235 0.0000239777 
0.0003077137 0.0000865235 0.0000239777 
0.0003077137 0.0000865235 0.0000239777 
0.0003077137 0.0000865235 0.0000239777 
0.0003077137 0.0000865235 0.0000239777 
0.0003077137 0.0000865235 0.0000239777 
0.0003077137 0.0000865235 0.0000239777 
0.0003077137 0.0000865235 0.0000239777 
0.0003077137 0.0000865235 0.0000239777 
0.0003077137 0.0000865235 0.0000239777 
0.0003077137 0.0000865235 0.0000239777 
0.0003077137 0.0000865235 0.0000239777 
0.0003077137 0.0000865235 0.0000239777 
0.0003077137 0.0000865235 0.0000239777 
0.0003077137 0.0000865235 0.0000239777 
0.0003077137 0.0000865235 0.0000239777 
0.0003077137 0.0000865235 0.0000239777 
0.0003077137 0.0000865235 0.0000239777 
0.0003077137 0.0000865235 0.0000239777 
0.0003077137 0.0000865235 0.0000239777 
0.0003077137 0.0000865235 0.0000239777 
0.0003077137 0.0000865235 0.0000239777 
0.0003077137 0.0000865235 0.0000239777 
0.0003077137 0.0000865235 0.0000239777 
0.0003077137 0.0000865235 0.0000239777 
0.0003077137 0.0000865235 0.0000239777 
0.0003077137 0.0000865235 0.0000239777 
0.0003077137 0.0000865235 0.0000239777 
0.0003077137 0.0000865235 0.0000239777 
0.0003077137 0.0000865235 0.0000239777 
0.0003077137 0.0000865235 0.0000239777 
0.0003077137 0.0000865235 0.0000239777 
0.0003077137 0.0000865235 0.0000239777 
0.0003077137 0.0000865235 0.0000239777 
0.0003077137 0.0000865235 0.0000239777 
0.0003077137 0.0000865235 0.0000239777 
0.0003077137 0.0000865235 0.0000239777 
0.0003077137 0.0000865235 0.0000239777 
0.0003077137 0.0000865235 0.0000239777 
0.0003077137 0.0000865235 0.0000239777 
0.0003077137 0.0000865235 0.0000239777 
0.0003077137 0.0000865235 0.0000239777 
0.0003077137 0.0000865235 0.0000239777 
0.0003077137 0.0000865235 0.0000239777 
0.0003077137 0.0000865235 0.0000239777 
0.0003077137 0.0000865235 0.0000239777 
0.0003077137 0.0000865235 0.0000239777 
0.0003077137 0.0000865235 0.0000239777 
0.0003077137 0.0000865235 0.0000239777 
0.0003077137 0.0000865235 0.0000239777 
0.0003077137 0.0000865235 0.0000239777 
0.0003077137 0.0000865235 0.0000239777 
0.0003077137 0.0000865235 0.0000239777 
0.0003077137 0.0000865235 0.0000239777 
0.0003077137 0.0000865235 0.0000239777 
0.0003077137 0.0000865235 0.0000239777 
0.0003077137 0.0000865235 0.0000239777 
0.0003077137 0.0000865235 0.0000239777 
0.0003077137 0.0000865235 0.0000239777 
0.0003077137 0.0000865235 0.0000239777 
0.0003077137 0.0000865235 0.0000239777 
0.0003077137 0.0000865235 0.0000239777 
0.0003077137 0.0000865235 0.0000239777 
0.0003077137 0.0000865235 0.0000239777 
0.0003077137 0.0000865235 0.0000239777 
0.0003077137 0.0000865235 0.0000239777 
0.0003077137 0.0000865235 0.0000239777 
0.0003077137 0.0000865235 0.0000239777 
0.0003077137 0.0000865235 0.0000239777 
0.0003077137 0.0000865235 0.0000239777 
0.0003077137 0.0000865235 0.0000239777 
0.0003077137 0.0000865235 0.0000239777 
0.0003077137 0.0000865235 0.0000239777 
0.0003077137 0.0000865235 0.0000239777 
0.0003077137 0.0000865235 0.0000239777 
0.0003077137 0.0000865235 0.0000239777 
0.0003077137 0.0000865235 0.0000239777 
0.0003077137 0.0000865235 0.0000239777 
0.0003077137 0.0000865235 0.0000239777 
0.0003077137 0.0000865235 0.0000239777 
0.0003077137 0.0000865235 0.0000239777 
0.0003077137 0.0000865235 0.0000239777 
0.0003077137 0.0000865235 0.0000239777 
0.0003077137 0.0000865235 0.0000239777 
0.0003077137 0.0000865235 0.0000239777 
0.0003077137 0.0000865235 0.0000239777 
0.0003077137 0.0000865235 0.0000239777 
0.0003077137 0.0000865235 0.0000239777 
0.0003077137 0.0000865235 0.0000239777 
0.0003077137 0.0000865235 0.0000239777 
0.0003077137 0.0000865235 0.0000239777 
0.0003077137 0.0000865235 0.0000239777 
0.0003077137 0.0000865235 0.0000239777 
0.0003077137 0.0000865235 0.0000239777 
0.0003077137 0.0000865235 0.0000239777 
0.0003077137 0.0000865235 0.0000239777 
0.0003077137 0.0000865235 0.0000239777 
0.0003077137 0.0000865235 0.0000239777 
0.0003077137 0.0000865235 0.0000239777 
0.0003077137 0.0000865235 0.0000239777 
0.0003077137 0.0000865235 0.0000239777 
0.0003077137 0.0000865235 0.0000239777 
0.0003077137 0.0000865235 0.0000239777 
0.0003077137 0.0000865235 0.0000239777 
0.0003077137 0.0000865235 0.0000239777 
0.0003077137 0.0000865235 0.0000239777 
0.0003077137 0.0000865235 0.0000239777 
0.0003077137 0.0000865235 0.0000239777 
0.0003077137 0.0000865235 0.0000239777 
0.0003077137 0.0000865235 0.0000239777 
0.0003077137 0.0000865235 0.0000239777 
0.0003077137 0.0000865235 0.0000239777 
0.0003077137 0.0000865235 0.0000239777 
0.0003077137 0.0000865235 0.0000239777 
0.0003077137 0.0000865235 0.0000239777 
0.0003077137 0.0000865235 0.0000239777 
0.0003077137 0.0000865235 0.0000239777 
0.0003077137 0.0000865235 0.0000239777 
0.0003077137 0.0000865235 0.0000239777 
0.0003077137 0.0000865235 0.0000239777 
0.0003077137 0.0000865235 0.0000239777 
0.0003077137 0.0000865235 0.0000239777 
0.0003077137 0.0000865235 0.0000239777 
0.0003077137 0.0000865235 0.0000239777 
0.0003077137 0.0000865235 0.0000239777 
0.0003077137 0.0000865235 0.0000239777 
0.0003077137 0.0000865235 0.0000239777 
0.0003077137 0.0000865235 0.0000239777 
0.0003077137 0.0000865235 0.0000239777 
0.0003077137 0.0000865235 0.0000239777 
0.0003077137 0.0000865235 0.0000239777 
0.0003077137 0.0000865235 0.0000239777 
0.0003077137 0.0000865235 0.0000239777 
0.0003077137 0.0000865235 0.0000239777 
0.0003077137 0.0000865235 0.0000239777 
0.0003077137 0.0000865235 0.0000239777 
0.0003077137 0.0000865235 0.0000239777 
0.0003077137 0.0000865235 0.0000239777 
0.0003077137 0.0000865235 0.0000239777 
0.0003077137 0.0000865235 0.0000239777 
0.0003077137 0.0000865235 0.0000239777 
0.0003077137 0.0000865235 0.0000239777 
0.0003077137 0.0000865235 0.0000239777 
0.0003077137 0.0000865235 0.0000239777 
0.0003077137 0.0000865235 0.0000239777 
0.0003077137 0.0000865235 0.0000239777 
0.0003077137 0.0000865235 0.0000239777 
0.0003077137 0.0000865235 0.0000239777 
0.0003077137 0.0000865235 0.0000239777 
0.0003077137 0.0000865235 0.0000239777 
0.0003077137 0.0000865235 0.0000239777 
0.0003077137 0.0000865235 0.0000239777 
0.0003077137 0.0000865235 0.0000239777 
0.0003077137 0.0000865235 0.0000239777 
0.0003077137 0.0000865235 0.0000239777 
0.0003077137 0.0000865235 0.0000239777 
0.0003077137 0.0000865235 0.0000239777 
0.0003077137 0.0000865235 0.0000239777 
0.0003077137 0.0000865235 0.0000239777 
0.0003077137 0.0000865235 0.0000239777 
0.0003077137 0.0000865235 0.0000239777 
0.0003077137 0.0000865235 0.0000239777 
0.0003077137 0.0000865235 0.0000239777 
0.0003077137 0.0000865235 0.0000239777 
0.0003077137 0.0000865235 0.0000239777 
0.0003077137 0.0000865235 0.0000239777 
0.0003077137 0.0000865235 0.0000239777 
0.0003077137 0.0000865235 0.0000239777 
0.0003077137 0.0000865235 0.0000239777 
0.0003077137 0.0000865235 0.0000239777 
0.0003077137 0.0000865235 0.0000239777 
0.0003077137 0.0000865235 0.0000239777 
0.0003077137 0.0000865235 0.0000239777 
0.0003077137 0.0000865235 0.0000239777 
0.0003077137 0.0000865235 0.0000239777 
0.0003077137 0.0000865235 0.0000239777 
0.0003077137 0.0000865235 0.0000239777 
0.0003077137 0.0000865235 0.0000239777 
0.0003077137 0.0000865235 0.0000239777 
0.0003077137 0.0000865235 0.0000239777 
0.0003077137 0.0000865235 0.0000239777 
0.0003077137 0.0000865235 0.0000239777 
0.0003077137 0.0000865235 0.0000239777 
0.0003077137 0.0000865235 0.0000239777 
0.0003077137 0.0000865235 0.0000239777 
0.0003077137 0.0000865235 0.0000239777 
0.0003077137 0.0000865235 0.0000239777 
0.0003077137 0.0000865235 0.0000239777 
0.0003077137 0.0000865235 0.0000239777 
0.0003077137 0.0000865235 0.0000239777 
0.0003077137 0.0000865235 0.0000239777 
0.0003077137 0.0000865235 0.0000239777 
0.0003077137 0.0000865235 0.0000239777 
0.0003077137 0.0000865235 0.0000239777 
0.0003077137 0.0000865235 0.0000239777 
0.0003077137 0.0000865235 0.0000239777 
0.0003077137 0.0000865235 0.0000239777 
0.0003077137 0.0000865235 0.0000239777 
0.0003077137 0.0000865235 0.0000239777 
0.0003077137 0.0000865235 0.0000239777 
0.0003077137 0.0000865235 0.0000239777 
0.0003077137 0.0000865235 0.0000239777 
0.0003077137 0.0000865235 0.0000239777 
0.0003077137 0.0000865235 0.0000239777 
0.0003077137 0.0000865235 0.0000239777 
0.0003077137 0.0000865235 0.0000239777 
0.0003077137 0.0000865235 0.0000239777 
0.0003077137 0.0000865235 0.0000239777 
0.0003077137 0.0000865235 0.0000239777 
0.0003077137 0.0000865235 0.0000239777 
0.0003077137 0.0000865235 0.0000239777 
0.0003077137 0.0000865235 0.0000239777 
0.0003077137 0.0000865235 0.0000239777 
0.0003077137 0.0000865235 0.0000239777 
0.0003077137 0.0000865235 0.0000239777 
0.0003077137 0.0000865235 0.0000239777 
0.0003077137 0.0000865235 0.0000239777 
0.0003077137 0.0000865235 0.0000239777 
0.0003077137 0.0000865235 0.0000239777 
0.0003077137 0.0000865235 0.0000239777 
0.0003077137 0.0000865235 0.0000239777 
0.0003077137 0.0000865235 0.0000239777 
0.0003077137 0.0000865235 0.0000239777 
0.0003077137 0.0000865235 0.0000239777 
0.0003077137 0.0000865235 0.0000239777 
0.0003077137 0.0000865235 0.0000239777 
0.0003077137 0.0000865235 0.0000239777 
0.0003077137 0.0000865235 0.0000239777 
0.0003077137 0.0000865235 0.0000239777 
0.0003077137 0.0000865235 0.0000239777 
0.0003077137 0.0000865235 0.0000239777 
0.0003077137 0.0000865235 0.0000239777 
0.0003077137 0.0000865235 0.0000239777 
0.0003077137 0.0000865235 0.0000239777 
0.0003077137 0.0000865235 0.0000239777 
0.0003077137 0.0000865235 0.0000239777 
0.0003077137 0.0000865235 0.0000239777 
0.0003077137 0.0000865235 0.0000239777 
0.0003077137 0.0000865235 0.0000239777 
0.0003077137 0.0000865235 0.0000239777 
0.0003077137 0.0000865235 0.0000239777 
0.0003077137 0.0000865235 0.0000239777 
0.0003077137 0.0000865235 0.0000239777 
0.0003077137 0.0000865235 0.0000239777 
0.0003077137 0.0000865235 0.0000239777 
0.0003077137 0.0000865235 0.0000239777 
0.0003077137 0.0000865235 0.0000239777 
0.0003077137 0.0000865235 0.0000239777 
0.0003077137 0.0000865235 0.0000239777 
0.0003077137 0.0000865235 0.0000239777 
0.0003077137 0.0000865235 0.0000239777 
0.0003077137 0.0000865235 0.0000239777 
0.0003077137 0.0000865235 0.0000239777 
0.0003077137 0.0000865235 0.0000239777 
0.0003077137 0.0000865235 0.0000239777 
0.0003077137 0.0000865235 0.0000239777 
0.0003077137 0.0000865235 0.0000239777 
0.0003077137 0.0000865235 0.0000239777 
0.0003077137 0.0000865235 0.0000239777 
0.0003077137 0.0000865235 0.0000239777 
0.0003077137 0.0000865235 0.0000239777 
0.0003077137 0.0000865235 0.0000239777 
0.0003077137 0.0000865235 0.0000239777 
0.0003077137 0.0000865235 0.0000239777 
0.0003077137 0.0000865235 0.0000239777 
0.0003077137 0.0000865235 0.0000239777 
0.0003077137 0.0000865235 0.0000239777 
0.0003077137 0.0000865235 0.0000239777 
0.0003077137 0.0000865235 0.0000239777 
0.0003077137 0.0000865235 0.0000239777 
0.0003077137 0.0000865235 0.0000239777 
0.0003077137 0.0000865235 0.0000239777 
0.0003077137 0.0000865235 0.0000239777 
0.0003077137 0.0000865235 0.0000239777 
0.0003077137 0.0000865235 0.0000239777 
0.0003077137 0.0000865235 0.0000239777 
0.0003077137 0.0000865235 0.0000239777 
0.0003077137 0.0000865235 0.0000239777 
0.0003077137 0.0000865235 0.0000239777 
0.0003077137 0.0000865235 0.0000239777 
0.0003077137 0.0000865235 0.0000239777 
0.0003077137 0.0000865235 0.0000239777 
0.0003077137 0.0000865235 0.0000239777 
0.0003077137 0.0000865235 0.0000239777 
0.0003077137 0.0000865235 0.0000239777 
0.0003077137 0.0000865235 0.0000239777 
0.0003077137 0.0000865235 0.0000239777 
0.0003077137 0.0000865235 0.0000239777 
0.0003077137 0.0000865235 0.0000239777 
0.0003077137 0.0000865235 0.0000239777 
0.0003077137 0.0000865235 0.0000239777 
0.0003077137 0.0000865235 0.0000239777 
0.0003077137 0.0000865235 0.0000239777 
0.0003077137 0.0000865235 0.0000239777 
0.0003077137 0.0000865235 0.0000239777 
0.0003077137 0.0000865235 0.0000239777 
0.0003077137 0.0000865235 0.0000239777 
0.0003077137 0.0000865235 0.0000239777 
0.0003077137 0.0000865235 0.0000239777 
0.0003077137 0.0000865235 0.0000239777 
0.0003077137 0.0000865235 0.0000239777 
0.0003077137 0.0000865235 0.0000239777 
0.0003077137 0.0000865235 0.0000239777 
0.0003077137 0.0000865235 0.0000239777 
0.0003077137 0.0000865235 0.0000239777 
0.0003077137 0.0000865235 0.0000239777 
0.0003077137 0.0000865235 0.0000239777 
0.0003077137 0.0000865235 0.0000239777 
0.0003077137 0.0000865235 0.0000239777 
0.0003077137 0.0000865235 0.0000239777 
0.0003077137 0.0000865235 0.0000239777 
0.0003077137 0.0000865235 0.0000239777 
0.0003077137 0.0000865235 0.0000239777 
0.0003077137 0.0000865235 0.0000239777 
0.0003077137 0.0000865235 0.0000239777 
0.0003077137 0.0000865235 0.0000239777 
0.0003077137 0.0000865235 0.0000239777 
0.0003077137 0.0000865235 0.0000239777 
0.0003077137 0.0000865235 0.0000239777 
0.0003077137 0.0000865235 0.0000239777 
0.0003077137 0.0000865235 0.0000239777 
0.0003077137 0.0000865235 0.0000239777 
0.0003077137 0.0000865235 0.0000239777 
0.0003077137 0.0000865235 0.0000239777 
0.0003077137 0.0000865235 0.0000239777 
0.0003077137 0.0000865235 0.0000239777 
0.0003077137 0.0000865235 0.0000239777 
0.0003077137 0.0000865235 0.0000239777 
0.0003077137 0.0000865235 0.0000239777 
0.0003077137 0.0000865235 0.0000239777 
0.0003077137 0.0000865235 0.0000239777 
0.0003077137 0.0000865235 0.0000239777 
0.0003077137 0.0000865235 0.0000239777 
0.0003077137 0.0000865235 0.0000239777 
0.0003077137 0.0000865235 0.0000239777 
0.0003077137 0.0000865235 0.0000239777 
0.0003077137 0.0000865235 0.0000239777 
0.0003077137 0.0000865235 0.0000239777 
0.0003077137 0.0000865235 0.0000239777 
0.0003077137 0.0000865235 0.0000239777 
0.0003077137 0.0000865235 0.0000239777 
0.0003077137 0.0000865235 0.0000239777 
0.0003077137 0.0000865235 0.0000239777 
0.0003077137 0.0000865235 0.0000239777 
0.0003077137 0.0000865235 0.0000239777 
0.0003077137 0.0000865235 0.0000239777 
0.0003077137 0.0000865235 0.0000239777 
0.0003077137 0.0000865235 0.0000239777 
0.0003077137 0.0000865235 0.0000239777 
0.0003077137 0.0000865235 0.0000239777 
0.0003077137 0.0000865235 0.0000239777 
0.0003077137 0.0000865235 0.0000239777 
0.0003077137 0.0000865235 0.0000239777 
0.0003077137 0.0000865235 0.0000239777 
0.0003077137 0.0000865235 0.0000239777 
0.0003077137 0.0000865235 0.0000239777 
0.0003077137 0.0000865235 0.0000239777 
0.0003077137 0.0000865235 0.0000239777 
0.0003077137 0.0000865235 0.0000239777 
0.0003077137 0.0000865235 0.0000239777 
0.0003077137 0.0000865235 0.0000239777 
0.0003077137 0.0000865235 0.0000239777 
0.0003077137 0.0000865235 0.0000239777 
0.0003077137 0.0000865235 0.0000239777 
0.0003077137 0.0000865235 0.0000239777 
0.0003077137 0.0000865235 0.0000239777 
0.0003077137 0.0000865235 0.0000239777 
0.0003077137 0.0000865235 0.0000239777 
0.0003077137 0.0000865235 0.0000239777 
0.0003077137 0.0000865235 0.0000239777 
0.0003077137 0.0000865235 0.0000239777 
0.0003077137 0.0000865235 0.0000239777 
0.0003077137 0.0000865235 0.0000239777 
0.0003077137 0.0000865235 0.0000239777 
0.0003077137 0.0000865235 0.0000239777 
0.0003077137 0.0000865235 0.0000239777 
0.0003077137 0.0000865235 0.0000239777 
0.0003077137 0.0000865235 0.0000239777 
0.0003077137 0.0000865235 0.0000239777 
0.0003077137 0.0000865235 0.0000239777 
0.0003077137 0.0000865235 0.0000239777 
0.0003077137 0.0000865235 0.0000239777 
0.0003077137 0.0000865235 0.0000239777 
0.0003077137 0.0000865235 0.0000239777 
0.0003077137 0.0000865235 0.0000239777 
0.0003077137 0.0000865235 0.0000239777 
0.0003077137 0.0000865235 0.0000239777 
0.0003077137 0.0000865235 0.0000239777 
0.0003077137 0.0000865235 0.0000239777 
0.0003077137 0.0000865235 0.0000239777 
0.0003077137 0.0000865235 0.0000239777 
0.0003077137 0.0000865235 0.0000239777 
0.0003077137 0.0000865235 0.0000239777 
0.0003077137 0.0000865235 0.0000239777 
0.0003077137 0.0000865235 0.0000239777 
0.0003077137 0.0000865235 0.0000239777 
0.0003077137 0.0000865235 0.0000239777 
0.0003077137 0.0000865235 0.0000239777 
0.0003077137 0.0000865235 0.0000239777 
0.0003077137 0.0000865235 0.0000239777 
0.0003077137 0.0000865235 0.0000239777 
0.0003077137 0.0000865235 0.0000239777 
0.0003077137 0.0000865235 0.0000239777 
0.0003077137 0.0000865235 0.0000239777 
0.0003077137 0.0000865235 0.0000239777 
0.0003077137 0.0000865235 0.0000239777 
0.0003077137 0.0000865235 0.0000239777 
0.0003077137 0.0000865235 0.0000239777 
0.0003077137 0.0000865235 0.0000239777 
