0.0002048829 -0.0001549959 0.0001689169 
0.0002055606 -0.0001510264 0.0001641695 
0.0002062679 -0.0001477586 0.0001594730 
0.0002070610 -0.0001449645 0.0001548021 
0.0002079672 -0.0001425041 0.0001501331 
0.0002089975 -0.0001402868 0.0001454466 
0.0002101530 -0.0001382501 0.0001407286 
0.0002114266 -0.0001363495 0.0001359732 
0.0002128034 -0.0001345524 0.0001311836 
0.0002142657 -0.0001328345 0.0001263794 
0.0002157926 -0.0001311679 0.0001215719 
0.0002173451 -0.0001295225 0.0001167963 
0.0002189016 -0.0001278699 0.0001120729 
0.0002204445 -0.0001262069 0.0001074282 
0.0002219689 -0.0001245380 0.0001028753 
0.0002234465 -0.0001228363 0.0000984475 
0.0002248629 -0.0001211031 0.0000941627 
0.0002262089 -0.0001193491 0.0000900340 
0.0002274752 -0.0001175909 0.0000860749 
0.0002286572 -0.0001158359 0.0000822988 
0.0002297622 -0.0001140925 0.0000787066 
0.0002307952 -0.0001123704 0.0000752947 
0.0002317553 -0.0001106757 0.0000720691 
0.0002326374 -0.0001090003 0.0000690258 
0.0002334449 -0.0001073468 0.0000661613 
0.0002341756 -0.0001057039 0.0000634712 
0.0002348414 -0.0001040809 0.0000609438 
0.0002354266 -0.0001024532 0.0000585799 
0.0002359329 -0.0001008305 0.0000563742 
0.0002363765 -0.0000992305 0.0000543049 
0.0002367507 -0.0000976594 0.0000523686 
0.0002370539 -0.0000961039 0.0000505610 
0.0002372909 -0.0000945567 0.0000488753 
0.0002374613 -0.0000930123 0.0000473090 
0.0002375576 -0.0000914599 0.0000458609 
0.0002376223 -0.0000899161 0.0000445054 
0.0002376621 -0.0000883727 0.0000432400 
0.0002376486 -0.0000868054 0.0000420751 
0.0002376338 -0.0000852440 0.0000409851 
0.0002376056 -0.0000836842 0.0000399759 
0.0002375397 -0.0000821045 0.0000390563 
0.0002374535 -0.0000805170 0.0000382053 
0.0002373468 -0.0000789209 0.0000374185 
0.0002372298 -0.0000773207 0.0000366842 
0.0002371036 -0.0000757170 0.0000359950 
0.0002369751 -0.0000741109 0.0000353480 
0.0002368421 -0.0000725060 0.0000347430 
0.0002366955 -0.0000708941 0.0000341842 
0.0002365419 -0.0000692830 0.0000336635 
0.0002363755 -0.0000676629 0.0000331831 
0.0002361949 -0.0000660291 0.0000327425 
0.0002359882 -0.0000643721 0.0000323479 
0.0002357380 -0.0000626832 0.0000320063 
0.0002354494 -0.0000609664 0.0000317153 
0.0002351114 -0.0000592165 0.0000314792 
0.0002347277 -0.0000574381 0.0000312954 
0.0002343036 -0.0000556392 0.0000311579 
0.0002338299 -0.0000538243 0.0000310686 
0.0002333079 -0.0000519979 0.0000310246 
0.0002327489 -0.0000501677 0.0000310190 
0.0002321769 -0.0000483351 0.0000310424 
0.0002316151 -0.0000465116 0.0000310807 
0.0002310628 -0.0000446951 0.0000311337 
0.0002305214 -0.0000428845 0.0000311993 
0.0002299939 -0.0000410807 0.0000312747 
0.0002294798 -0.0000392853 0.0000313591 
0.0002289760 -0.0000374982 0.0000314535 
0.0002284861 -0.0000357229 0.0000315564 
0.0002280028 -0.0000339569 0.0000316720 
0.0002275144 -0.0000321979 0.0000318032 
0.0002270185 -0.0000304485 0.0000319482 
0.0002265119 -0.0000287101 0.0000321066 
0.0002259914 -0.0000269862 0.0000322774 
0.0002254547 -0.0000252812 0.0000324589 
0.0002249121 -0.0000235966 0.0000326465 
0.0002243636 -0.0000219301 0.0000328395 
0.0002238142 -0.0000202836 0.0000330362 
0.0002232634 -0.0000186574 0.0000332367 
0.0002227112 -0.0000170515 0.0000334396 
0.0002221614 -0.0000154653 0.0000336438 
0.0002216178 -0.0000139005 0.0000338486 
0.0002210815 -0.0000123547 0.0000340544 
0.0002205531 -0.0000108272 0.0000342629 
0.0002200304 -0.0000093186 0.0000344745 
0.0002195168 -0.0000078324 0.0000346859 
0.0002190075 -0.0000063668 0.0000348940 
0.0002185000 -0.0000049223 0.0000351003 
0.0002179959 -0.0000034988 0.0000353031 
0.0002174971 -0.0000020912 0.0000355087 
0.0002170013 -0.0000007036 0.0000357101 
0.0002165121 0.0000006652 0.0000359066 
0.0002160258 0.0000020165 0.0000361009 
0.0002155433 0.0000033488 0.0000362930 
0.0002150643 0.0000046613 0.0000364838 
0.0002145854 0.0000059516 0.0000366688 
0.0002141102 0.0000072210 0.0000368534 
0.0002136431 0.0000084667 0.0000370293 
0.0002131839 0.0000096885 0.0000371969 
0.0002127332 0.0000108876 0.0000373566 
0.0002122915 0.0000120638 0.0000375068 
0.0002118570 0.0000132181 0.0000376495 
0.0002114281 0.0000143509 0.0000377858 
0.0002110038 0.0000154626 0.0000379164 
0.0002105826 0.0000165537 0.0000380415 
0.0002101640 0.0000176249 0.0000381616 
0.0002097487 0.0000186769 0.0000382781 
0.0002093350 0.0000197119 0.0000383935 
0.0002089212 0.0000207312 0.0000385138 
0.0002085092 0.0000217314 0.0000386294 
0.0002081004 0.0000227131 0.0000387412 
0.0002076966 0.0000236777 0.0000388495 
0.0002072976 0.0000246259 0.0000389544 
0.0002069054 0.0000255562 0.0000390544 
0.0002065206 0.0000264710 0.0000391520 
0.0002061435 0.0000273699 0.0000392463 
0.0002057738 0.0000282528 0.0000393370 
0.0002054102 0.0000291192 0.0000394235 
0.0002050512 0.0000299684 0.0000395049 
0.0002046975 0.0000308008 0.0000395820 
0.0002043483 0.0000316152 0.0000396549 
0.0002040021 0.0000324125 0.0000397226 
0.0002036497 0.0000331922 0.0000397780 
0.0002032841 0.0000339569 0.0000398268 
0.0002029028 0.0000347081 0.0000398701 
0.0002025026 0.0000354467 0.0000399100 
0.0002020822 0.0000361728 0.0000399476 
0.0002016415 0.0000368857 0.0000399831 
0.0002011826 0.0000375839 0.0000400160 
0.0002007084 0.0000382656 0.0000400448 
0.0002002239 0.0000389285 0.0000400668 
0.0001997327 0.0000395713 0.0000400810 
0.0001992385 0.0000401925 0.0000400862 
0.0001987429 0.0000407903 0.0000400784 
0.0001982491 0.0000413645 0.0000400575 
0.0001977607 0.0000419156 0.0000400242 
0.0001972796 0.0000424435 0.0000399790 
0.0001968078 0.0000429482 0.0000399221 
0.0001963455 0.0000434268 0.0000398529 
0.0001958969 0.0000438808 0.0000397710 
0.0001954657 0.0000443131 0.0000396770 
0.0001950507 0.0000447239 0.0000395716 
0.0001946528 0.0000451135 0.0000394548 
0.0001942724 0.0000454826 0.0000393270 
0.0001939020 0.0000458248 0.0000391817 
0.0001935476 0.0000461422 0.0000390241 
0.0001932160 0.0000464370 0.0000388563 
0.0001929138 0.0000467102 0.0000386773 
0.0001926423 0.0000469646 0.0000384888 
0.0001924020 0.0000472023 0.0000382918 
0.0001921924 0.0000474249 0.0000380871 
0.0001920116 0.0000476342 0.0000378756 
0.0001918591 0.0000478309 0.0000376579 
0.0001917292 0.0000480168 0.0000374363 
0.0001916200 0.0000481938 0.0000372118 
0.0001915312 0.0000483598 0.0000369826 
0.0001914613 0.0000485157 0.0000367497 
0.0001914091 0.0000486630 0.0000365141 
0.0001913733 0.0000488026 0.0000362768 
0.0001913532 0.0000489354 0.0000360385 
0.0001913479 0.0000490621 0.0000357996 
0.0001913569 0.0000491834 0.0000355608 
0.0001913795 0.0000492997 0.0000353224 
0.0001914152 0.0000494117 0.0000350850 
0.0001914635 0.0000495198 0.0000348487 
0.0001915238 0.0000496244 0.0000346141 
0.0001915957 0.0000497259 0.0000343814 
0.0001916785 0.0000498247 0.0000341510 
0.0001917717 0.0000499212 0.0000339232 
0.0001918749 0.0000500156 0.0000336982 
0.0001919875 0.0000501082 0.0000334762 
0.0001921097 0.0000501992 0.0000332569 
0.0001922409 0.0000502890 0.0000330406 
0.0001923811 0.0000503778 0.0000328273 
0.0001925306 0.0000504660 0.0000326170 
0.0001926883 0.0000505537 0.0000324101 
0.0001928533 0.0000506411 0.0000322068 
0.0001930249 0.0000507284 0.0000320075 
0.0001932025 0.0000508157 0.0000318123 
0.0001933854 0.0000509031 0.0000316213 
0.0001935733 0.0000509908 0.0000314347 
0.0001937655 0.0000510788 0.0000312526 
0.0001939617 0.0000511672 0.0000310749 
0.0001941616 0.0000512561 0.0000309018 
0.0001943648 0.0000513455 0.0000307333 
0.0001945702 0.0000514350 0.0000305692 
0.0001947792 0.0000515256 0.0000304093 
0.0001949910 0.0000516171 0.0000302536 
0.0001952049 0.0000517092 0.0000301022 
0.0001954205 0.0000518018 0.0000299550 
0.0001956375 0.0000518950 0.0000298122 
0.0001958558 0.0000519888 0.0000296736 
0.0001960752 0.0000520831 0.0000295392 
0.0001962955 0.0000521781 0.0000294091 
0.0001965168 0.0000522737 0.0000292832 
0.0001967388 0.0000523699 0.0000291613 
0.0001969607 0.0000524664 0.0000290427 
0.0001971834 0.0000525638 0.0000289286 
0.0001974067 0.0000526621 0.0000288188 
0.0001976306 0.0000527614 0.0000287132 
0.0001978548 0.0000528615 0.0000286117 
0.0001980793 0.0000529625 0.0000285143 
0.0001983039 0.0000530642 0.0000284207 
0.0001985284 0.0000531668 0.0000283310 
0.0001987528 0.0000532700 0.0000282449 
0.0001989766 0.0000533741 0.0000281627 
0.0001991998 0.0000534788 0.0000280840 
0.0001994144 0.0000535827 0.0000280127 
0.0001996254 0.0000536866 0.0000279462 
0.0001998365 0.0000537926 0.0000278860 
0.0002000466 0.0000538993 0.0000278302 
0.0002002555 0.0000540067 0.0000277782 
0.0002004631 0.0000541148 0.0000277302 
0.0002006695 0.0000542237 0.0000276862 
0.0002008745 0.0000543335 0.0000276464 
0.0002010780 0.0000544442 0.0000276107 
0.0002012801 0.0000545558 0.0000275794 
0.0002014808 0.0000546683 0.0000275523 
0.0002016802 0.0000547819 0.0000275295 
0.0002018784 0.0000548965 0.0000275109 
0.0002020756 0.0000550121 0.0000274966 
0.0002022720 0.0000551289 0.0000274865 
0.0002024676 0.0000552468 0.0000274806 
0.0002026643 0.0000553661 0.0000274794 
0.0002028582 0.0000554854 0.0000274814 
0.0002030529 0.0000556069 0.0000274877 
0.0002032528 0.0000557314 0.0000274996 
0.0002034577 0.0000558587 0.0000275170 
0.0002036654 0.0000559881 0.0000275391 
0.0002038693 0.0000561176 0.0000275663 
0.0002040685 0.0000562471 0.0000275982 
0.0002042641 0.0000563768 0.0000276344 
0.0002044569 0.0000565073 0.0000276748 
0.0002046475 0.0000566388 0.0000277193 
0.0002048363 0.0000567716 0.0000277675 
0.0002050232 0.0000569058 0.0000278196 
0.0002052084 0.0000570414 0.0000278752 
0.0002053917 0.0000571785 0.0000279343 
0.0002055733 0.0000573170 0.0000279966 
0.0002057531 0.0000574569 0.0000280620 
0.0002059310 0.0000575981 0.0000281304 
0.0002061071 0.0000577406 0.0000282015 
0.0002062814 0.0000578843 0.0000282752 
0.0002064529 0.0000580290 0.0000283514 
0.0002066218 0.0000581746 0.0000284300 
0.0002067881 0.0000583210 0.0000285108 
0.0002069520 0.0000584682 0.0000285936 
0.0002071136 0.0000586162 0.0000286782 
0.0002072730 0.0000587648 0.0000287646 
0.0002074301 0.0000589141 0.0000288525 
0.0002075851 0.0000590639 0.0000289418 
0.0002077378 0.0000592143 0.0000290325 
0.0002078883 0.0000593650 0.0000291244 
0.0002080365 0.0000595162 0.0000292174 
0.0002081825 0.0000596677 0.0000293115 
0.0002083262 0.0000598195 0.0000294065 
0.0002084676 0.0000599715 0.0000295024 
0.0002086067 0.0000601237 0.0000295992 
0.0002087434 0.0000602761 0.0000296967 
0.0002088778 0.0000604286 0.0000297950 
0.0002090099 0.0000605813 0.0000298938 
0.0002091397 0.0000607340 0.0000299933 
0.0002092672 0.0000608867 0.0000300934 
0.0002093924 0.0000610395 0.0000301939 
0.0002095153 0.0000611921 0.0000302949 
0.0002096361 0.0000613448 0.0000303962 
0.0002097546 0.0000614973 0.0000304979 
0.0002098711 0.0000616496 0.0000305999 
0.0002099854 0.0000618018 0.0000307021 
0.0002100977 0.0000619538 0.0000308046 
0.0002102080 0.0000621056 0.0000309073 
0.0002103164 0.0000622572 0.0000310101 
0.0002104230 0.0000624085 0.0000311131 
0.0002105277 0.0000625596 0.0000312162 
0.0002106306 0.0000627104 0.0000313194 
0.0002107318 0.0000628610 0.0000314226 
0.0002108313 0.0000630112 0.0000315259 
0.0002109293 0.0000631611 0.0000316291 
0.0002110256 0.0000633106 0.0000317323 
0.0002111205 0.0000634597 0.0000318355 
0.0002112139 0.0000636083 0.0000319385 
0.0002113059 0.0000637566 0.0000320415 
0.0002113967 0.0000639043 0.0000321443 
0.0002114861 0.0000640516 0.0000322469 
0.0002115744 0.0000641984 0.0000323494 
0.0002116614 0.0000643447 0.0000324516 
0.0002117474 0.0000644904 0.0000325536 
0.0002118324 0.0000646356 0.0000326554 
0.0002119163 0.0000647801 0.0000327570 
0.0002119993 0.0000649241 0.0000328583 
0.0002120815 0.0000650675 0.0000329593 
0.0002121627 0.0000652103 0.0000330600 
0.0002122432 0.0000653524 0.0000331604 
0.0002123228 0.0000654939 0.0000332604 
0.0002124018 0.0000656346 0.0000333601 
0.0002124801 0.0000657747 0.0000334594 
0.0002125578 0.0000659140 0.0000335583 
0.0002126349 0.0000660525 0.0000336568 
0.0002127115 0.0000661903 0.0000337549 
0.0002127876 0.0000663274 0.0000338526 
0.0002128632 0.0000664636 0.0000339498 
0.0002129384 0.0000665991 0.0000340465 
0.0002130133 0.0000667337 0.0000341428 
0.0002130878 0.0000668676 0.0000342386 
0.0002131620 0.0000670006 0.0000343340 
0.0002132360 0.0000671328 0.0000344288 
0.0002133097 0.0000672642 0.0000345232 
0.0002133832 0.0000673948 0.0000346170 
0.0002134565 0.0000675244 0.0000347103 
0.0002135297 0.0000676532 0.0000348031 
0.0002136028 0.0000677810 0.0000348953 
0.0002136758 0.0000679080 0.0000349869 
0.0002137487 0.0000680340 0.0000350779 
0.0002138217 0.0000681592 0.0000351684 
0.0002138947 0.0000682835 0.0000352584 
0.0002139677 0.0000684069 0.0000353478 
0.0002140408 0.0000685296 0.0000354368 
0.0002141140 0.0000686514 0.0000355252 
0.0002141872 0.0000687725 0.0000356131 
0.0002142605 0.0000688928 0.0000357006 
0.0002143339 0.0000690124 0.0000357876 
0.0002144074 0.0000691312 0.0000358742 
0.0002144811 0.0000692493 0.0000359603 
0.0002145548 0.0000693667 0.0000360459 
0.0002146286 0.0000694834 0.0000361312 
0.0002147026 0.0000695993 0.0000362159 
0.0002147767 0.0000697146 0.0000363002 
0.0002148509 0.0000698291 0.0000363841 
0.0002149253 0.0000699429 0.0000364676 
0.0002149998 0.0000700560 0.0000365506 
0.0002150745 0.0000701684 0.0000366331 
0.0002151493 0.0000702801 0.0000367152 
0.0002152243 0.0000703910 0.0000367969 
0.0002152994 0.0000705013 0.0000368781 
0.0002153747 0.0000706108 0.0000369589 
0.0002154503 0.0000707196 0.0000370392 
0.0002155260 0.0000708277 0.0000371190 
0.0002156019 0.0000709352 0.0000371984 
0.0002156780 0.0000710419 0.0000372774 
0.0002157543 0.0000711479 0.0000373560 
0.0002158308 0.0000712533 0.0000374341 
0.0002159075 0.0000713580 0.0000375118 
0.0002159844 0.0000714620 0.0000375890 
0.0002160616 0.0000715654 0.0000376659 
0.0002161389 0.0000716681 0.0000377423 
0.0002162165 0.0000717702 0.0000378183 
0.0002162943 0.0000718717 0.0000378940 
0.0002163724 0.0000719725 0.0000379692 
0.0002164506 0.0000720728 0.0000380440 
0.0002165290 0.0000721724 0.0000381185 
0.0002166077 0.0000722715 0.0000381925 
0.0002166866 0.0000723700 0.0000382662 
0.0002167656 0.0000724679 0.0000383396 
0.0002168449 0.0000725652 0.0000384126 
0.0002169244 0.0000726620 0.0000384852 
0.0002170041 0.0000727583 0.0000385574 
0.0002170839 0.0000728539 0.0000386293 
0.0002171639 0.0000729490 0.0000387008 
0.0002172441 0.0000730433 0.0000387717 
0.0002173246 0.0000731368 0.0000388421 
0.0002174053 0.0000732294 0.0000389118 
0.0002174863 0.0000733210 0.0000389807 
0.0002175676 0.0000734114 0.0000390488 
0.0002176493 0.0000735004 0.0000391158 
0.0002177314 0.0000735875 0.0000391813 
0.0002178142 0.0000736723 0.0000392450 
0.0002178978 0.0000737543 0.0000393065 
0.0002179824 0.0000738330 0.0000393654 
0.0002180684 0.0000739081 0.0000394214 
0.0002181559 0.0000739794 0.0000394745 
0.0002182451 0.0000740467 0.0000395244 
0.0002183362 0.0000741102 0.0000395713 
0.0002184293 0.0000741699 0.0000396151 
0.0002185244 0.0000742260 0.0000396560 
0.0002186217 0.0000742788 0.0000396942 
0.0002187212 0.0000743286 0.0000397298 
0.0002188229 0.0000743755 0.0000397630 
0.0002189268 0.0000744197 0.0000397939 
0.0002190328 0.0000744616 0.0000398226 
0.0002191409 0.0000745013 0.0000398494 
0.0002192511 0.0000745388 0.0000398742 
0.0002193634 0.0000745744 0.0000398972 
0.0002194776 0.0000746081 0.0000399184 
0.0002195938 0.0000746400 0.0000399380 
0.0002197118 0.0000746701 0.0000399559 
0.0002198316 0.0000746986 0.0000399721 
0.0002199531 0.0000747252 0.0000399867 
0.0002200764 0.0000747501 0.0000399995 
0.0002202013 0.0000747731 0.0000400107 
0.0002203280 0.0000747943 0.0000400200 
0.0002204562 0.0000748135 0.0000400276 
0.0002205861 0.0000748307 0.0000400333 
0.0002207176 0.0000748458 0.0000400370 
0.0002208506 0.0000748584 0.0000400386 
0.0002209851 0.0000748683 0.0000400376 
0.0002211214 0.0000748748 0.0000400335 
0.0002212594 0.0000748773 0.0000400259 
0.0002213995 0.0000748750 0.0000400143 
0.0002215419 0.0000748677 0.0000399983 
0.0002216866 0.0000748550 0.0000399779 
0.0002218339 0.0000748370 0.0000399530 
0.0002219837 0.0000748141 0.0000399239 
0.0002221363 0.0000747865 0.0000398909 
0.0002222915 0.0000747549 0.0000398543 
0.0002224495 0.0000747197 0.0000398145 
0.0002226102 0.0000746815 0.0000397721 
0.0002227736 0.0000746409 0.0000397273 
0.0002229396 0.0000745985 0.0000396807 
0.0002231082 0.0000745547 0.0000396326 
0.0002232791 0.0000745102 0.0000395835 
0.0002234537 0.0000744635 0.0000395316 
0.0002236294 0.0000744187 0.0000394817 
0.0002238070 0.0000743746 0.0000394322 
0.0002239867 0.0000743309 0.0000393826 
0.0002241686 0.0000742876 0.0000393323 
0.0002243525 0.0000742446 0.0000392816 
0.0002245383 0.0000742022 0.0000392304 
0.0002247257 0.0000741606 0.0000391789 
0.0002249144 0.0000741201 0.0000391275 
0.0002251039 0.0000740809 0.0000390764 
0.0002252941 0.0000740432 0.0000390259 
0.0002254846 0.0000740074 0.0000389761 
0.0002256750 0.0000739734 0.0000389274 
0.0002258652 0.0000739417 0.0000388799 
0.0002260547 0.0000739121 0.0000388338 
0.0002262434 0.0000738850 0.0000387893 
0.0002264310 0.0000738604 0.0000387465 
0.0002266173 0.0000738384 0.0000387055 
0.0002268020 0.0000738190 0.0000386665 
0.0002269851 0.0000738023 0.0000386295 
0.0002271663 0.0000737884 0.0000385947 
0.0002273455 0.0000737772 0.0000385620 
0.0002275225 0.0000737688 0.0000385315 
0.0002276972 0.0000737631 0.0000385032 
0.0002278695 0.0000737602 0.0000384773 
0.0002280393 0.0000737601 0.0000384536 
0.0002282065 0.0000737627 0.0000384322 
0.0002283711 0.0000737679 0.0000384132 
0.0002285329 0.0000737759 0.0000383965 
0.0002286920 0.0000737864 0.0000383820 
0.0002288483 0.0000737996 0.0000383699 
0.0002290017 0.0000738152 0.0000383601 
0.0002291523 0.0000738335 0.0000383525 
0.0002292999 0.0000738541 0.0000383472 
0.0002294446 0.0000738772 0.0000383441 
0.0002295865 0.0000739027 0.0000383432 
0.0002297254 0.0000739305 0.0000383446 
0.0002298613 0.0000739606 0.0000383480 
0.0002299944 0.0000739929 0.0000383536 
0.0002301245 0.0000740274 0.0000383613 
0.0002302518 0.0000740640 0.0000383710 
0.0002303762 0.0000741028 0.0000383828 
0.0002304978 0.0000741435 0.0000383965 
0.0002306166 0.0000741862 0.0000384121 
0.0002307326 0.0000742308 0.0000384297 
0.0002308459 0.0000742772 0.0000384490 
0.0002309565 0.0000743252 0.0000384699 
0.0002310648 0.0000743744 0.0000384921 
0.0002311708 0.0000744243 0.0000385151 
0.0002312749 0.0000744744 0.0000385387 
0.0002313772 0.0000745246 0.0000385626 
0.0002314780 0.0000745743 0.0000385864 
0.0002315776 0.0000746232 0.0000386098 
0.0002316762 0.0000746708 0.0000386326 
0.0002317740 0.0000747171 0.0000386544 
0.0002318714 0.0000747616 0.0000386753 
0.0002319683 0.0000748045 0.0000386949 
0.0002320650 0.0000748458 0.0000387135 
0.0002321616 0.0000748854 0.0000387311 
0.0002322579 0.0000749237 0.0000387477 
0.0002323543 0.0000749607 0.0000387635 
0.0002324505 0.0000749968 0.0000387786 
0.0002325465 0.0000750321 0.0000387933 
0.0002326425 0.0000750669 0.0000388077 
0.0002327382 0.0000751014 0.0000388219 
0.0002328336 0.0000751358 0.0000388361 
0.0002329287 0.0000751704 0.0000388505 
0.0002330234 0.0000752053 0.0000388652 
0.0002331175 0.0000752407 0.0000388804 
0.0002332111 0.0000752767 0.0000388960 
0.0002333040 0.0000753134 0.0000389123 
0.0002333963 0.0000753509 0.0000389293 
0.0002334877 0.0000753893 0.0000389470 
0.0002335783 0.0000754286 0.0000389654 
0.0002336680 0.0000754689 0.0000389848 
0.0002337566 0.0000755102 0.0000390050 
0.0002338443 0.0000755526 0.0000390261 
0.0002339308 0.0000755960 0.0000390482 
0.0002340162 0.0000756407 0.0000390713 
0.0002341004 0.0000756864 0.0000390954 
0.0002341833 0.0000757334 0.0000391205 
0.0002342650 0.0000757815 0.0000391466 
0.0002343453 0.0000758308 0.0000391739 
0.0002344243 0.0000758812 0.0000392021 
0.0002345020 0.0000759328 0.0000392314 
0.0002345782 0.0000759855 0.0000392618 
0.0002346531 0.0000760394 0.0000392932 
0.0002347266 0.0000760943 0.0000393256 
0.0002347988 0.0000761502 0.0000393589 
0.0002348697 0.0000762068 0.0000393929 
0.0002349393 0.0000762642 0.0000394277 
0.0002350078 0.0000763222 0.0000394631 
0.0002350751 0.0000763806 0.0000394991 
0.0002351414 0.0000764395 0.0000395356 
0.0002352066 0.0000764988 0.0000395725 
0.0002352708 0.0000765584 0.0000396099 
0.0002353340 0.0000766184 0.0000396478 
0.0002353962 0.0000766788 0.0000396862 
0.0002354573 0.0000767397 0.0000397251 
0.0002355174 0.0000768011 0.0000397646 
0.0002355765 0.0000768630 0.0000398048 
0.0002356345 0.0000769256 0.0000398456 
0.0002356914 0.0000769889 0.0000398871 
0.0002357473 0.0000770528 0.0000399293 
0.0002358020 0.0000771175 0.0000399722 
0.0002358556 0.0000771829 0.0000400160 
0.0002359082 0.0000772490 0.0000400605 
0.0002359596 0.0000773160 0.0000401057 
0.0002360098 0.0000773837 0.0000401518 
0.0002360589 0.0000774522 0.0000401987 
0.0002361069 0.0000775214 0.0000402463 
0.0002361537 0.0000775915 0.0000402947 
0.0002361994 0.0000776622 0.0000403439 
0.0002362440 0.0000777337 0.0000403939 
0.0002362874 0.0000778060 0.0000404446 
0.0002363296 0.0000778789 0.0000404961 
0.0002363708 0.0000779525 0.0000405482 
0.0002364108 0.0000780269 0.0000406012 
0.0002364498 0.0000781018 0.0000406548 
0.0002364876 0.0000781774 0.0000407091 
0.0002365244 0.0000782536 0.0000407640 
0.0002365602 0.0000783303 0.0000408195 
0.0002365952 0.0000784073 0.0000408754 
0.0002366295 0.0000784842 0.0000409313 
0.0002366633 0.0000785608 0.0000409871 
0.0002366968 0.0000786368 0.0000410427 
0.0002367301 0.0000787121 0.0000410978 
0.0002367631 0.0000787868 0.0000411525 
0.0002367960 0.0000788608 0.0000412069 
0.0002368285 0.0000789343 0.0000412611 
0.0002368608 0.0000790074 0.0000413151 
0.0002368928 0.0000790803 0.0000413690 
0.0002369245 0.0000791531 0.0000414230 
0.0002369557 0.0000792258 0.0000414771 
0.0002369865 0.0000792987 0.0000415314 
0.0002370168 0.0000793718 0.0000415860 
0.0002370468 0.0000794450 0.0000416407 
0.0002370763 0.0000795184 0.0000416957 
0.0002371054 0.0000795918 0.0000417509 
0.0002371340 0.0000796655 0.0000418062 
0.0002371622 0.0000797392 0.0000418618 
0.0002371900 0.0000798132 0.0000419177 
0.0002372172 0.0000798873 0.0000419738 
0.0002372439 0.0000799617 0.0000420302 
0.0002372701 0.0000800364 0.0000420869 
0.0002372957 0.0000801114 0.0000421440 
0.0002373207 0.0000801867 0.0000422015 
0.0002373451 0.0000802623 0.0000422593 
0.0002373690 0.0000803382 0.0000423174 
0.0002373923 0.0000804143 0.0000423758 
0.0002374151 0.0000804906 0.0000424345 
0.0002374374 0.0000805670 0.0000424934 
0.0002374592 0.0000806436 0.0000425524 
0.0002374805 0.0000807202 0.0000426117 
0.0002375014 0.0000807968 0.0000426710 
0.0002375220 0.0000808733 0.0000427303 
0.0002375422 0.0000809497 0.0000427898 
0.0002375620 0.0000810261 0.0000428492 
0.0002375815 0.0000811024 0.0000429088 
0.0002376005 0.0000811787 0.0000429685 
0.0002376191 0.0000812550 0.0000430282 
0.0002376374 0.0000813313 0.0000430882 
0.0002376552 0.0000814077 0.0000431483 
0.0002376727 0.0000814841 0.0000432084 
0.0002376899 0.0000815604 0.0000432685 
0.0002377070 0.0000816364 0.0000433285 
0.0002377239 0.0000817119 0.0000433882 
0.0002377409 0.0000817870 0.0000434477 
0.0002377577 0.0000818615 0.0000435068 
0.0002377746 0.0000819356 0.0000435657 
0.0002377913 0.0000820093 0.0000436243 
0.0002378080 0.0000820826 0.0000436828 
0.0002378246 0.0000821557 0.0000437411 
0.0002378411 0.0000822285 0.0000437993 
0.0002378574 0.0000823012 0.0000438575 
0.0002378735 0.0000823738 0.0000439157 
0.0002378894 0.0000824463 0.0000439739 
0.0002379050 0.0000825188 0.0000440322 
0.0002379205 0.0000825913 0.0000440905 
0.0002379356 0.0000826638 0.0000441490 
0.0002379506 0.0000827363 0.0000442076 
0.0002379652 0.0000828089 0.0000442662 
0.0002379796 0.0000828814 0.0000443249 
0.0002379937 0.0000829540 0.0000443837 
0.0002380076 0.0000830265 0.0000444426 
0.0002380212 0.0000830990 0.0000445015 
0.0002380345 0.0000831715 0.0000445605 
0.0002380476 0.0000832438 0.0000446194 
0.0002380606 0.0000833161 0.0000446784 
0.0002380733 0.0000833882 0.0000447373 
0.0002380858 0.0000834601 0.0000447962 
0.0002380981 0.0000835319 0.0000448550 
0.0002381103 0.0000836035 0.0000449138 
0.0002381223 0.0000836749 0.0000449725 
0.0002381343 0.0000837461 0.0000450310 
0.0002381462 0.0000838170 0.0000450894 
0.0002381584 0.0000838876 0.0000451475 
0.0002381707 0.0000839579 0.0000452053 
0.0002381833 0.0000840278 0.0000452628 
0.0002381964 0.0000840973 0.0000453198 
0.0002382099 0.0000841664 0.0000453764 
0.0002382239 0.0000842351 0.0000454325 
0.0002382385 0.0000843033 0.0000454881 
0.0002382536 0.0000843710 0.0000455432 
0.0002382693 0.0000844382 0.0000455978 
0.0002382856 0.0000845050 0.0000456520 
0.0002383025 0.0000845713 0.0000457056 
0.0002383200 0.0000846372 0.0000457587 
0.0002383380 0.0000847025 0.0000458113 
0.0002383567 0.0000847674 0.0000458635 
0.0002383758 0.0000848318 0.0000459151 
0.0002383956 0.0000848957 0.0000459663 
0.0002384158 0.0000849591 0.0000460170 
0.0002384367 0.0000850219 0.0000460670 
0.0002384588 0.0000850835 0.0000461158 
0.0002384825 0.0000851430 0.0000461627 
0.0002385083 0.0000851997 0.0000462071 
0.0002385367 0.0000852529 0.0000462485 
0.0002385677 0.0000853023 0.0000462867 
0.0002386013 0.0000853480 0.0000463218 
0.0002386376 0.0000853902 0.0000463539 
0.0002386764 0.0000854291 0.0000463833 
0.0002387174 0.0000854653 0.0000464103 
0.0002387606 0.0000854990 0.0000464351 
0.0002388060 0.0000855304 0.0000464578 
0.0002388536 0.0000855596 0.0000464784 
0.0002389033 0.0000855866 0.0000464971 
0.0002389551 0.0000856116 0.0000465138 
0.0002390089 0.0000856347 0.0000465288 
0.0002390645 0.0000856563 0.0000465423 
0.0002391217 0.0000856766 0.0000465546 
0.0002391804 0.0000856958 0.0000465657 
0.0002392402 0.0000857144 0.0000465761 
0.0002393011 0.0000857325 0.0000465860 
0.0002393628 0.0000857505 0.0000465956 
0.0002394250 0.0000857687 0.0000466051 
0.0002394877 0.0000857872 0.0000466147 
0.0002395507 0.0000858063 0.0000466246 
0.0002396137 0.0000858261 0.0000466350 
0.0002396766 0.0000858467 0.0000466459 
0.0002397393 0.0000858683 0.0000466575 
0.0002398017 0.0000858909 0.0000466699 
0.0002398636 0.0000859146 0.0000466831 
0.0002399249 0.0000859395 0.0000466971 
0.0002399856 0.0000859655 0.0000467121 
0.0002400457 0.0000859926 0.0000467279 
0.0002401052 0.0000860203 0.0000467442 
0.0002401644 0.0000860486 0.0000467609 
0.0002402232 0.0000860771 0.0000467778 
0.0002402817 0.0000861057 0.0000467949 
0.0002403398 0.0000861345 0.0000468121 
0.0002403975 0.0000861634 0.0000468296 
0.0002404548 0.0000861926 0.0000468475 
0.0002405115 0.0000862221 0.0000468657 
0.0002405675 0.0000862521 0.0000468844 
0.0002406229 0.0000862826 0.0000469036 
0.0002406775 0.0000863138 0.0000469236 
0.0002407314 0.0000863457 0.0000469442 
0.0002407843 0.0000863784 0.0000469657 
0.0002408364 0.0000864120 0.0000469880 
0.0002408875 0.0000864464 0.0000470111 
0.0002409376 0.0000864817 0.0000470351 
0.0002409867 0.0000865179 0.0000470601 
0.0002410347 0.0000865551 0.0000470859 
0.0002410817 0.0000865931 0.0000471127 
0.0002411277 0.0000866320 0.0000471403 
0.0002411725 0.0000866718 0.0000471689 
0.0002412162 0.0000867125 0.0000471984 
0.0002412589 0.0000867540 0.0000472287 
0.0002413004 0.0000867964 0.0000472600 
0.0002413409 0.0000868395 0.0000472921 
0.0002413803 0.0000868836 0.0000473250 
0.0002414186 0.0000869283 0.0000473587 
0.0002414559 0.0000869738 0.0000473930 
0.0002414923 0.0000870198 0.0000474279 
0.0002415284 0.0000870660 0.0000474616 
0.0002415639 0.0000871123 0.0000474944 
0.0002415989 0.0000871585 0.0000475266 
0.0002416333 0.0000872048 0.0000475584 
0.0002416670 0.0000872509 0.0000475899 
0.0002417002 0.0000872970 0.0000476210 
0.0002417329 0.0000873430 0.0000476520 
0.0002417652 0.0000873888 0.0000476828 
0.0002417970 0.0000874343 0.0000477133 
0.0002418286 0.0000874796 0.0000477435 
0.0002418598 0.0000875245 0.0000477736 
0.0002418907 0.0000875691 0.0000478034 
0.0002419213 0.0000876134 0.0000478330 
0.0002419518 0.0000876574 0.0000478623 
0.0002419823 0.0000877006 0.0000478911 
0.0002420132 0.0000877428 0.0000479190 
0.0002420448 0.0000877834 0.0000479457 
0.0002420773 0.0000878222 0.0000479708 
0.0002421109 0.0000878588 0.0000479942 
0.0002421458 0.0000878931 0.0000480159 
0.0002421821 0.0000879252 0.0000480357 
0.0002422196 0.0000879552 0.0000480538 
0.0002422584 0.0000879833 0.0000480705 
0.0002422983 0.0000880098 0.0000480858 
0.0002423391 0.0000880350 0.0000481002 
0.0002423809 0.0000880590 0.0000481137 
0.0002424236 0.0000880822 0.0000481264 
0.0002424671 0.0000881045 0.0000481385 
0.0002425114 0.0000881261 0.0000481499 
0.0002425566 0.0000881468 0.0000481607 
0.0002426027 0.0000881668 0.0000481708 
0.0002426496 0.0000881860 0.0000481803 
0.0002426973 0.0000882045 0.0000481892 
0.0002427457 0.0000882224 0.0000481978 
0.0002427947 0.0000882400 0.0000482060 
0.0002428441 0.0000882573 0.0000482141 
0.0002428940 0.0000882745 0.0000482221 
0.0002429441 0.0000882917 0.0000482302 
0.0002429943 0.0000883090 0.0000482384 
0.0002430446 0.0000883266 0.0000482469 
0.0002430949 0.0000883446 0.0000482558 
0.0002431451 0.0000883630 0.0000482651 
0.0002431953 0.0000883817 0.0000482746 
0.0002432454 0.0000884005 0.0000482843 
0.0002432959 0.0000884191 0.0000482937 
0.0002433468 0.0000884371 0.0000483027 
0.0002433982 0.0000884541 0.0000483109 
0.0002434504 0.0000884702 0.0000483184 
0.0002435031 0.0000884851 0.0000483250 
0.0002435565 0.0000884992 0.0000483309 
0.0002436104 0.0000885124 0.0000483362 
0.0002436647 0.0000885250 0.0000483411 
0.0002437193 0.0000885372 0.0000483458 
0.0002437740 0.0000885493 0.0000483504 
0.0002438288 0.0000885613 0.0000483550 
0.0002438836 0.0000885736 0.0000483599 
0.0002439383 0.0000885861 0.0000483652 
0.0002439927 0.0000885991 0.0000483708 
0.0002440468 0.0000886126 0.0000483771 
0.0002441005 0.0000886268 0.0000483839 
0.0002441537 0.0000886416 0.0000483914 
0.0002442064 0.0000886572 0.0000483997 
0.0002442586 0.0000886736 0.0000484086 
0.0002443100 0.0000886907 0.0000484184 
0.0002443608 0.0000887086 0.0000484290 
0.0002444109 0.0000887273 0.0000484404 
0.0002444601 0.0000887469 0.0000484527 
0.0002445086 0.0000887673 0.0000484658 
0.0002445562 0.0000887885 0.0000484798 
0.0002446029 0.0000888105 0.0000484946 
0.0002446488 0.0000888333 0.0000485103 
0.0002446938 0.0000888568 0.0000485268 
0.0002447378 0.0000888811 0.0000485442 
0.0002447810 0.0000889061 0.0000485623 
0.0002448232 0.0000889318 0.0000485813 
0.0002448645 0.0000889581 0.0000486010 
0.0002449049 0.0000889851 0.0000486214 
0.0002449444 0.0000890127 0.0000486426 
0.0002449830 0.0000890409 0.0000486645 
0.0002450207 0.0000890696 0.0000486872 
0.0002450576 0.0000890989 0.0000487105 
0.0002450935 0.0000891287 0.0000487345 
0.0002451286 0.0000891590 0.0000487591 
0.0002451629 0.0000891897 0.0000487843 
0.0002451963 0.0000892209 0.0000488101 
0.0002452289 0.0000892525 0.0000488365 
0.0002452608 0.0000892845 0.0000488635 
0.0002452918 0.0000893168 0.0000488910 
0.0002453222 0.0000893495 0.0000489190 
0.0002453518 0.0000893824 0.0000489474 
0.0002453807 0.0000894157 0.0000489763 
0.0002454089 0.0000894492 0.0000490057 
0.0002454364 0.0000894830 0.0000490354 
0.0002454634 0.0000895170 0.0000490655 
0.0002454897 0.0000895512 0.0000490960 
0.0002455155 0.0000895855 0.0000491269 
0.0002455407 0.0000896200 0.0000491580 
0.0002455653 0.0000896547 0.0000491895 
0.0002455894 0.0000896894 0.0000492212 
0.0002456131 0.0000897243 0.0000492532 
0.0002456362 0.0000897593 0.0000492855 
0.0002456589 0.0000897944 0.0000493180 
0.0002456811 0.0000898295 0.0000493507 
0.0002457029 0.0000898648 0.0000493837 
0.0002457242 0.0000899001 0.0000494168 
0.0002457452 0.0000899355 0.0000494502 
0.0002457657 0.0000899710 0.0000494839 
0.0002457858 0.0000900067 0.0000495177 
0.0002458054 0.0000900424 0.0000495519 
0.0002458247 0.0000900783 0.0000495862 
0.0002458435 0.0000901143 0.0000496208 
0.0002458619 0.0000901505 0.0000496557 
0.0002458799 0.0000901868 0.0000496908 
0.0002458976 0.0000902233 0.0000497261 
0.0002459148 0.0000902598 0.0000497616 
0.0002459316 0.0000902965 0.0000497974 
0.0002459480 0.0000903334 0.0000498334 
0.0002459641 0.0000903703 0.0000498695 
0.0002459797 0.0000904074 0.0000499060 
0.0002459946 0.0000904448 0.0000499429 
0.0002460086 0.0000904829 0.0000499806 
0.0002460210 0.0000905219 0.0000500194 
0.0002460315 0.0000905624 0.0000500597 
0.0002460396 0.0000906046 0.0000501020 
0.0002460448 0.0000906491 0.0000501467 
0.0002460467 0.0000906964 0.0000501942 
0.0002460447 0.0000907470 0.0000502452 
0.0002460385 0.0000908013 0.0000502999 
0.0002460278 0.0000908598 0.0000503587 
0.0002460124 0.0000909228 0.0000504219 
0.0002459922 0.0000909905 0.0000504898 
0.0002459670 0.0000910631 0.0000505622 
0.0002459370 0.0000911405 0.0000506394 
0.0002459022 0.0000912228 0.0000507211 
0.0002458627 0.0000913098 0.0000508074 
0.0002458188 0.0000914013 0.0000508979 
0.0002457706 0.0000914972 0.0000509926 
0.0002457185 0.0000915971 0.0000510911 
0.0002456627 0.0000917008 0.0000511931 
0.0002456012 0.0000918072 0.0000512978 
0.0002455345 0.0000919160 0.0000514047 
0.0002454640 0.0000920272 0.0000515140 
0.0002453910 0.0000921406 0.0000516255 
0.0002453163 0.0000922562 0.0000517392 
0.0002452404 0.0000923738 0.0000518549 
0.0002451637 0.0000924931 0.0000519723 
0.0002450863 0.0000926139 0.0000520914 
0.0002450086 0.0000927360 0.0000522119 
0.0002449307 0.0000928593 0.0000523336 
0.0002448527 0.0000929833 0.0000524562 
0.0002447747 0.0000931079 0.0000525795 
0.0002446968 0.0000932330 0.0000527034 
0.0002446192 0.0000933582 0.0000528276 
0.0002445420 0.0000934833 0.0000529519 
0.0002444652 0.0000936079 0.0000530757 
0.0002443893 0.0000937314 0.0000531987 
0.0002443144 0.0000938535 0.0000533206 
0.0002442407 0.0000939738 0.0000534410 
0.0002441682 0.0000940920 0.0000535596 
0.0002440972 0.0000942080 0.0000536765 
0.0002440275 0.0000943218 0.0000537915 
0.0002439593 0.0000944332 0.0000539046 
0.0002438924 0.0000945425 0.0000540159 
0.0002438270 0.0000946497 0.0000541254 
0.0002437629 0.0000947548 0.0000542333 
0.0002437001 0.0000948579 0.0000543394 
0.0002436387 0.0000949591 0.0000544440 
0.0002435786 0.0000950584 0.0000545469 
0.0002435197 0.0000951558 0.0000546482 
0.0002434621 0.0000952514 0.0000547478 
0.0002434058 0.0000953449 0.0000548458 
0.0002433509 0.0000954364 0.0000549419 
0.0002432974 0.0000955256 0.0000550360 
0.0002432453 0.0000956125 0.0000551282 
0.0002431946 0.0000956971 0.0000552183 
0.0002431453 0.0000957794 0.0000553065 
0.0002430973 0.0000958595 0.0000553927 
0.0002430508 0.0000959373 0.0000554770 
0.0002430055 0.0000960129 0.0000555595 
0.0002429614 0.0000960865 0.0000556402 
0.0002429186 0.0000961580 0.0000557192 
0.0002428770 0.0000962276 0.0000557964 
0.0002428366 0.0000962952 0.0000558720 
0.0002427973 0.0000963610 0.0000559461 
0.0002427591 0.0000964248 0.0000560185 
0.0002427220 0.0000964869 0.0000560893 
0.0002426861 0.0000965470 0.0000561585 
0.0002426512 0.0000966053 0.0000562261 
0.0002426174 0.0000966617 0.0000562921 
0.0002425847 0.0000967162 0.0000563565 
0.0002425532 0.0000967688 0.0000564193 
0.0002425226 0.0000968195 0.0000564804 
0.0002424932 0.0000968684 0.0000565401 
0.0002424648 0.0000969154 0.0000565981 
0.0002424375 0.0000969606 0.0000566546 
0.0002424112 0.0000970040 0.0000567096 
0.0002423860 0.0000970456 0.0000567630 
0.0002423618 0.0000970854 0.0000568150 
0.0002423387 0.0000971235 0.0000568654 
0.0002423166 0.0000971598 0.0000569144 
0.0002422956 0.0000971944 0.0000569619 
0.0002422756 0.0000972272 0.0000570079 
0.0002422567 0.0000972583 0.0000570524 
0.0002422389 0.0000972877 0.0000570955 
0.0002422221 0.0000973155 0.0000571371 
0.0002422063 0.0000973415 0.0000571773 
0.0002421917 0.0000973659 0.0000572161 
0.0002421781 0.0000973886 0.0000572535 
0.0002421657 0.0000974097 0.0000572894 
0.0002421543 0.0000974291 0.0000573239 
0.0002421441 0.0000974469 0.0000573570 
0.0002421349 0.0000974631 0.0000573887 
0.0002421269 0.0000974778 0.0000574191 
0.0002421200 0.0000974908 0.0000574480 
0.0002421142 0.0000975023 0.0000574756 
0.0002421096 0.0000975122 0.0000575018 
0.0002421061 0.0000975206 0.0000575267 
0.0002421038 0.0000975275 0.0000575502 
0.0002421026 0.0000975328 0.0000575724 
0.0002421026 0.0000975367 0.0000575933 
0.0002421038 0.0000975392 0.0000576128 
0.0002421061 0.0000975401 0.0000576311 
0.0002421096 0.0000975397 0.0000576481 
0.0002421143 0.0000975378 0.0000576638 
0.0002421202 0.0000975346 0.0000576782 
0.0002421272 0.0000975300 0.0000576914 
0.0002421355 0.0000975240 0.0000577034 
0.0002421449 0.0000975167 0.0000577140 
0.0002421556 0.0000975080 0.0000577235 
0.0002421675 0.0000974980 0.0000577317 
0.0002421806 0.0000974866 0.0000577386 
0.0002421949 0.0000974740 0.0000577444 
0.0002422104 0.0000974601 0.0000577489 
0.0002422272 0.0000974449 0.0000577523 
0.0002422451 0.0000974285 0.0000577545 
0.0002422644 0.0000974108 0.0000577554 
0.0002422849 0.0000973918 0.0000577549 
0.0002423068 0.0000973713 0.0000577531 
0.0002423302 0.0000973493 0.0000577496 
0.0002423552 0.0000973254 0.0000577443 
0.0002423819 0.0000972994 0.0000577368 
0.0002424105 0.0000972710 0.0000577270 
0.0002424411 0.0000972400 0.0000577146 
0.0002424737 0.0000972064 0.0000576996 
0.0002425081 0.0000971702 0.0000576822 
0.0002425442 0.0000971317 0.0000576624 
0.0002425820 0.0000970908 0.0000576402 
0.0002426213 0.0000970478 0.0000576159 
0.0002426621 0.0000970029 0.0000575897 
0.0002427044 0.0000969563 0.0000575617 
0.0002427480 0.0000969083 0.0000575323 
0.0002427929 0.0000968591 0.0000575015 
0.0002428390 0.0000968089 0.0000574695 
0.0002428863 0.0000967580 0.0000574367 
0.0002429347 0.0000967064 0.0000574030 
0.0002429841 0.0000966543 0.0000573687 
0.0002430346 0.0000966019 0.0000573338 
0.0002430860 0.0000965492 0.0000572985 
0.0002431383 0.0000964963 0.0000572628 
0.0002431914 0.0000964433 0.0000572268 
0.0002432453 0.0000963903 0.0000571906 
0.0002432999 0.0000963373 0.0000571542 
0.0002433552 0.0000962843 0.0000571177 
0.0002434112 0.0000962314 0.0000570811 
0.0002434677 0.0000961786 0.0000570445 
0.0002435248 0.0000961259 0.0000570078 
0.0002435824 0.0000960733 0.0000569711 
0.0002436404 0.0000960208 0.0000569345 
0.0002436989 0.0000959685 0.0000568979 
0.0002437578 0.0000959164 0.0000568613 
0.0002438170 0.0000958644 0.0000568248 
0.0002438765 0.0000958126 0.0000567884 
0.0002439363 0.0000957609 0.0000567519 
0.0002439965 0.0000957092 0.0000567152 
0.0002440571 0.0000956571 0.0000566780 
0.0002441183 0.0000956045 0.0000566402 
0.0002441800 0.0000955513 0.0000566018 
0.0002442422 0.0000954974 0.0000565627 
0.0002443050 0.0000954429 0.0000565230 
0.0002443683 0.0000953878 0.0000564828 
0.0002444320 0.0000953323 0.0000564422 
0.0002444961 0.0000952765 0.0000564012 
0.0002445607 0.0000952205 0.0000563600 
0.0002446256 0.0000951644 0.0000563187 
0.0002446908 0.0000951082 0.0000562773 
0.0002447563 0.0000950522 0.0000562359 
0.0002448220 0.0000949963 0.0000561946 
0.0002448879 0.0000949406 0.0000561534 
0.0002449540 0.0000948849 0.0000561120 
0.0002450204 0.0000948292 0.0000560704 
0.0002450871 0.0000947731 0.0000560283 
0.0002451542 0.0000947166 0.0000559858 
0.0002452218 0.0000946597 0.0000559428 
0.0002452898 0.0000946023 0.0000558993 
0.0002453582 0.0000945445 0.0000558553 
0.0002454269 0.0000944864 0.0000558111 
0.0002454960 0.0000944281 0.0000557667 
0.0002455653 0.0000943698 0.0000557221 
0.0002456349 0.0000943115 0.0000556776 
0.0002457048 0.0000942533 0.0000556331 
0.0002457747 0.0000941954 0.0000555888 
0.0002458448 0.0000941378 0.0000555447 
0.0002459151 0.0000940804 0.0000555006 
0.0002459855 0.0000940231 0.0000554565 
0.0002460561 0.0000939658 0.0000554123 
0.0002461270 0.0000939086 0.0000553682 
0.0002461980 0.0000938514 0.0000553240 
0.0002462693 0.0000937943 0.0000552799 
0.0002463407 0.0000937374 0.0000552358 
0.0002464122 0.0000936806 0.0000551919 
0.0002464839 0.0000936240 0.0000551481 
0.0002465557 0.0000935677 0.0000551046 
0.0002466275 0.0000935118 0.0000550614 
0.0002466994 0.0000934562 0.0000550185 
0.0002467714 0.0000934011 0.0000549759 
0.0002468434 0.0000933463 0.0000549337 
0.0002469153 0.0000932921 0.0000548919 
0.0002469873 0.0000932383 0.0000548506 
0.0002470592 0.0000931850 0.0000548096 
0.0002471311 0.0000931322 0.0000547690 
0.0002472028 0.0000930797 0.0000547286 
0.0002472746 0.0000930275 0.0000546883 
0.0002473464 0.0000929754 0.0000546480 
0.0002474184 0.0000929233 0.0000546076 
0.0002474904 0.0000928710 0.0000545671 
0.0002475627 0.0000928186 0.0000545264 
0.0002476350 0.0000927662 0.0000544856 
0.0002477076 0.0000927137 0.0000544448 
0.0002477802 0.0000926613 0.0000544040 
0.0002478529 0.0000926090 0.0000543632 
0.0002479256 0.0000925569 0.0000543226 
0.0002479985 0.0000925050 0.0000542821 
0.0002480713 0.0000924533 0.0000542417 
0.0002481443 0.0000924017 0.0000542013 
0.0002482174 0.0000923502 0.0000541609 
0.0002482906 0.0000922988 0.0000541206 
0.0002483639 0.0000922476 0.0000540804 
0.0002484374 0.0000921965 0.0000540403 
0.0002485109 0.0000921457 0.0000540004 
0.0002485845 0.0000920951 0.0000539606 
0.0002486581 0.0000920448 0.0000539211 
0.0002487318 0.0000919949 0.0000538819 
0.0002488055 0.0000919453 0.0000538429 
0.0002488793 0.0000918961 0.0000538042 
0.0002489530 0.0000918473 0.0000537659 
0.0002490267 0.0000917990 0.0000537278 
0.0002491005 0.0000917510 0.0000536901 
0.0002491741 0.0000917035 0.0000536527 
0.0002492478 0.0000916563 0.0000536155 
0.0002493213 0.0000916095 0.0000535784 
0.0002493948 0.0000915629 0.0000535414 
0.0002494683 0.0000915164 0.0000535043 
0.0002495418 0.0000914699 0.0000534669 
0.0002496154 0.0000914232 0.0000534292 
0.0002496892 0.0000913761 0.0000533911 
0.0002497632 0.0000913287 0.0000533524 
0.0002498374 0.0000912809 0.0000533133 
0.0002499119 0.0000912327 0.0000532737 
0.0002499865 0.0000911843 0.0000532337 
0.0002500614 0.0000911355 0.0000531933 
0.0002501365 0.0000910866 0.0000531526 
0.0002502118 0.0000910375 0.0000531117 
0.0002502874 0.0000909884 0.0000530706 
0.0002503630 0.0000909393 0.0000530295 
0.0002504388 0.0000908904 0.0000529884 
0.0002505148 0.0000908417 0.0000529474 
0.0002505909 0.0000907932 0.0000529065 
0.0002506670 0.0000907451 0.0000528657 
0.0002507432 0.0000906973 0.0000528253 
0.0002508194 0.0000906500 0.0000527851 
0.0002508957 0.0000906031 0.0000527452 
0.0002509719 0.0000905566 0.0000527056 
0.0002510482 0.0000905107 0.0000526664 
0.0002511245 0.0000904652 0.0000526275 
0.0002512007 0.0000904203 0.0000525891 
0.0002512769 0.0000903758 0.0000525510 
0.0002513530 0.0000903319 0.0000525134 
0.0002514290 0.0000902885 0.0000524761 
0.0002515050 0.0000902457 0.0000524393 
0.0002515808 0.0000902033 0.0000524029 
0.0002516566 0.0000901615 0.0000523669 
0.0002517323 0.0000901202 0.0000523313 
0.0002518078 0.0000900794 0.0000522961 
0.0002518832 0.0000900391 0.0000522613 
0.0002519585 0.0000899994 0.0000522269 
0.0002520335 0.0000899601 0.0000521929 
0.0002521084 0.0000899212 0.0000521591 
0.0002521832 0.0000898827 0.0000521255 
0.0002522579 0.0000898444 0.0000520921 
0.0002523326 0.0000898063 0.0000520587 
0.0002524071 0.0000897684 0.0000520255 
0.0002524816 0.0000897307 0.0000519923 
0.0002525561 0.0000896931 0.0000519592 
0.0002526306 0.0000896558 0.0000519262 
0.0002527049 0.0000896186 0.0000518933 
0.0002527792 0.0000895817 0.0000518606 
0.0002528533 0.0000895450 0.0000518279 
0.0002529273 0.0000895086 0.0000517953 
0.0002530012 0.0000894723 0.0000517627 
0.0002530750 0.0000894362 0.0000517300 
0.0002531487 0.0000894001 0.0000516972 
0.0002532224 0.0000893639 0.0000516641 
0.0002532962 0.0000893276 0.0000516308 
0.0002533700 0.0000892912 0.0000515972 
0.0002534439 0.0000892546 0.0000515633 
0.0002535178 0.0000892179 0.0000515292 
0.0002535918 0.0000891811 0.0000514949 
0.0002536658 0.0000891444 0.0000514604 
0.0002537399 0.0000891076 0.0000514259 
0.0002538140 0.0000890710 0.0000513914 
0.0002538881 0.0000890346 0.0000513569 
0.0002539622 0.0000889984 0.0000513225 
0.0002540363 0.0000889624 0.0000512882 
0.0002541103 0.0000889268 0.0000512541 
0.0002541842 0.0000888915 0.0000512203 
0.0002542581 0.0000888567 0.0000511867 
0.0002543317 0.0000888225 0.0000511535 
0.0002544048 0.0000887890 0.0000511207 
0.0002544775 0.0000887561 0.0000510880 
0.0002545499 0.0000887235 0.0000510552 
0.0002546221 0.0000886909 0.0000510220 
0.0002546942 0.0000886580 0.0000509883 
0.0002547663 0.0000886248 0.0000509539 
0.0002548384 0.0000885910 0.0000509188 
0.0002549106 0.0000885567 0.0000508830 
0.0002549829 0.0000885220 0.0000508466 
0.0002550553 0.0000884869 0.0000508096 
0.0002551277 0.0000884515 0.0000507723 
0.0002552002 0.0000884160 0.0000507347 
0.0002552727 0.0000883805 0.0000506969 
0.0002553451 0.0000883451 0.0000506592 
0.0002554175 0.0000883100 0.0000506215 
0.0002554898 0.0000882751 0.0000505840 
0.0002555620 0.0000882407 0.0000505468 
0.0002556341 0.0000882067 0.0000505100 
0.0002557059 0.0000881733 0.0000504736 
0.0002557776 0.0000881405 0.0000504377 
0.0002558490 0.0000881084 0.0000504023 
0.0002559203 0.0000880769 0.0000503674 
0.0002559912 0.0000880461 0.0000503332 
0.0002560619 0.0000880160 0.0000502996 
0.0002561323 0.0000879867 0.0000502666 
0.0002562024 0.0000879580 0.0000502343 
0.0002562722 0.0000879301 0.0000502027 
0.0002563416 0.0000879029 0.0000501717 
0.0002564107 0.0000878765 0.0000501413 
0.0002564795 0.0000878507 0.0000501117 
0.0002565478 0.0000878257 0.0000500827 
0.0002566158 0.0000878013 0.0000500543 
0.0002566834 0.0000877777 0.0000500266 
0.0002567505 0.0000877548 0.0000499996 
0.0002568171 0.0000877325 0.0000499731 
0.0002568834 0.0000877108 0.0000499471 
0.0002569492 0.0000876896 0.0000499215 
0.0002570148 0.0000876688 0.0000498962 
0.0002570800 0.0000876483 0.0000498714 
0.0002571449 0.0000876282 0.0000498468 
0.0002572095 0.0000876084 0.0000498226 
0.0002572738 0.0000875889 0.0000497988 
0.0002573378 0.0000875699 0.0000497753 
0.0002574015 0.0000875512 0.0000497523 
0.0002574649 0.0000875330 0.0000497298 
0.0002575279 0.0000875152 0.0000497076 
0.0002575905 0.0000874979 0.0000496860 
0.0002576528 0.0000874811 0.0000496648 
0.0002577147 0.0000874648 0.0000496442 
0.0002577761 0.0000874491 0.0000496240 
0.0002578370 0.0000874340 0.0000496043 
0.0002578975 0.0000874192 0.0000495849 
0.0002579576 0.0000874048 0.0000495657 
0.0002580174 0.0000873907 0.0000495467 
0.0002580769 0.0000873766 0.0000495277 
0.0002581362 0.0000873627 0.0000495088 
0.0002581952 0.0000873488 0.0000494899 
0.0002582541 0.0000873350 0.0000494711 
0.0002583127 0.0000873213 0.0000494523 
0.0002583711 0.0000873077 0.0000494337 
0.0002584292 0.0000872943 0.0000494152 
0.0002584872 0.0000872810 0.0000493969 
0.0002585448 0.0000872681 0.0000493788 
0.0002586023 0.0000872554 0.0000493610 
0.0002586594 0.0000872430 0.0000493435 
0.0002587162 0.0000872310 0.0000493263 
0.0002587728 0.0000872193 0.0000493094 
0.0002588291 0.0000872081 0.0000492929 
0.0002588850 0.0000871972 0.0000492768 
0.0002589406 0.0000871868 0.0000492611 
0.0002589959 0.0000871767 0.0000492457 
0.0002590509 0.0000871671 0.0000492307 
0.0002591055 0.0000871579 0.0000492161 
0.0002591598 0.0000871491 0.0000492019 
0.0002592137 0.0000871407 0.0000491881 
0.0002592673 0.0000871328 0.0000491746 
0.0002593204 0.0000871254 0.0000491615 
0.0002593730 0.0000871184 0.0000491487 
0.0002594252 0.0000871119 0.0000491361 
0.0002594770 0.0000871056 0.0000491236 
0.0002595285 0.0000870994 0.0000491110 
0.0002595797 0.0000870932 0.0000490982 
0.0002596308 0.0000870868 0.0000490852 
0.0002596817 0.0000870803 0.0000490719 
0.0002597325 0.0000870736 0.0000490583 
0.0002597832 0.0000870667 0.0000490445 
0.0002598338 0.0000870597 0.0000490305 
0.0002598842 0.0000870526 0.0000490164 
0.0002599345 0.0000870456 0.0000490022 
0.0002599845 0.0000870386 0.0000489880 
0.0002600343 0.0000870317 0.0000489738 
0.0002600838 0.0000870250 0.0000489597 
0.0002601332 0.0000870185 0.0000489456 
0.0002601823 0.0000870121 0.0000489316 
0.0002602312 0.0000870059 0.0000489178 
0.0002602799 0.0000869999 0.0000489042 
0.0002603282 0.0000869942 0.0000488908 
0.0002603763 0.0000869888 0.0000488776 
0.0002604242 0.0000869837 0.0000488647 
0.0002604717 0.0000869790 0.0000488522 
0.0002604717 0.0000869790 0.0000488522 
0.0002604717 0.0000869790 0.0000488522 
0.0002604717 0.0000869790 0.0000488522 
0.0002604717 0.0000869790 0.0000488522 
0.0002604717 0.0000869790 0.0000488522 
0.0002604717 0.0000869790 0.0000488522 
0.0002604717 0.0000869790 0.0000488522 
0.0002604717 0.0000869790 0.0000488522 
0.0002604717 0.0000869790 0.0000488522 
0.0002604717 0.0000869790 0.0000488522 
0.0002604717 0.0000869790 0.0000488522 
0.0002604717 0.0000869790 0.0000488522 
0.0002604717 0.0000869790 0.0000488522 
0.0002604717 0.0000869790 0.0000488522 
0.0002604717 0.0000869790 0.0000488522 
0.0002604717 0.0000869790 0.0000488522 
0.0002604717 0.0000869790 0.0000488522 
0.0002604717 0.0000869790 0.0000488522 
0.0002604717 0.0000869790 0.0000488522 
0.0002604717 0.0000869790 0.0000488522 
0.0002604717 0.0000869790 0.0000488522 
0.0002604717 0.0000869790 0.0000488522 
0.0002604717 0.0000869790 0.0000488522 
0.0002604717 0.0000869790 0.0000488522 
0.0002604717 0.0000869790 0.0000488522 
0.0002604717 0.0000869790 0.0000488522 
0.0002604717 0.0000869790 0.0000488522 
0.0002604717 0.0000869790 0.0000488522 
0.0002604717 0.0000869790 0.0000488522 
0.0002604717 0.0000869790 0.0000488522 
0.0002604717 0.0000869790 0.0000488522 
0.0002604717 0.0000869790 0.0000488522 
0.0002604717 0.0000869790 0.0000488522 
0.0002604717 0.0000869790 0.0000488522 
0.0002604717 0.0000869790 0.0000488522 
0.0002604717 0.0000869790 0.0000488522 
0.0002604717 0.0000869790 0.0000488522 
0.0002604717 0.0000869790 0.0000488522 
0.0002604717 0.0000869790 0.0000488522 
0.0002604717 0.0000869790 0.0000488522 
0.0002604717 0.0000869790 0.0000488522 
0.0002604717 0.0000869790 0.0000488522 
0.0002604717 0.0000869790 0.0000488522 
0.0002604717 0.0000869790 0.0000488522 
0.0002604717 0.0000869790 0.0000488522 
0.0002604717 0.0000869790 0.0000488522 
0.0002604717 0.0000869790 0.0000488522 
0.0002604717 0.0000869790 0.0000488522 
0.0002604717 0.0000869790 0.0000488522 
0.0002604717 0.0000869790 0.0000488522 
0.0002604717 0.0000869790 0.0000488522 
0.0002604717 0.0000869790 0.0000488522 
0.0002604717 0.0000869790 0.0000488522 
0.0002604717 0.0000869790 0.0000488522 
0.0002604717 0.0000869790 0.0000488522 
0.0002604717 0.0000869790 0.0000488522 
0.0002604717 0.0000869790 0.0000488522 
0.0002604717 0.0000869790 0.0000488522 
0.0002604717 0.0000869790 0.0000488522 
0.0002604717 0.0000869790 0.0000488522 
0.0002604717 0.0000869790 0.0000488522 
0.0002604717 0.0000869790 0.0000488522 
0.0002604717 0.0000869790 0.0000488522 
0.0002604717 0.0000869790 0.0000488522 
0.0002604717 0.0000869790 0.0000488522 
0.0002604717 0.0000869790 0.0000488522 
0.0002604717 0.0000869790 0.0000488522 
0.0002604717 0.0000869790 0.0000488522 
0.0002604717 0.0000869790 0.0000488522 
0.0002604717 0.0000869790 0.0000488522 
0.0002604717 0.0000869790 0.0000488522 
0.0002604717 0.0000869790 0.0000488522 
0.0002604717 0.0000869790 0.0000488522 
0.0002604717 0.0000869790 0.0000488522 
0.0002604717 0.0000869790 0.0000488522 
0.0002604717 0.0000869790 0.0000488522 
0.0002604717 0.0000869790 0.0000488522 
0.0002604717 0.0000869790 0.0000488522 
0.0002604717 0.0000869790 0.0000488522 
0.0002604717 0.0000869790 0.0000488522 
0.0002604717 0.0000869790 0.0000488522 
0.0002604717 0.0000869790 0.0000488522 
0.0002604717 0.0000869790 0.0000488522 
0.0002604717 0.0000869790 0.0000488522 
0.0002604717 0.0000869790 0.0000488522 
0.0002604717 0.0000869790 0.0000488522 
0.0002604717 0.0000869790 0.0000488522 
0.0002604717 0.0000869790 0.0000488522 
0.0002604717 0.0000869790 0.0000488522 
0.0002604717 0.0000869790 0.0000488522 
0.0002604717 0.0000869790 0.0000488522 
0.0002604717 0.0000869790 0.0000488522 
0.0002604717 0.0000869790 0.0000488522 
0.0002604717 0.0000869790 0.0000488522 
0.0002604717 0.0000869790 0.0000488522 
0.0002604717 0.0000869790 0.0000488522 
0.0002604717 0.0000869790 0.0000488522 
0.0002604717 0.0000869790 0.0000488522 
0.0002604717 0.0000869790 0.0000488522 
0.0002604717 0.0000869790 0.0000488522 
0.0002604717 0.0000869790 0.0000488522 
0.0002604717 0.0000869790 0.0000488522 
0.0002604717 0.0000869790 0.0000488522 
0.0002604717 0.0000869790 0.0000488522 
0.0002604717 0.0000869790 0.0000488522 
0.0002604717 0.0000869790 0.0000488522 
0.0002604717 0.0000869790 0.0000488522 
0.0002604717 0.0000869790 0.0000488522 
0.0002604717 0.0000869790 0.0000488522 
0.0002604717 0.0000869790 0.0000488522 
0.0002604717 0.0000869790 0.0000488522 
0.0002604717 0.0000869790 0.0000488522 
0.0002604717 0.0000869790 0.0000488522 
0.0002604717 0.0000869790 0.0000488522 
0.0002604717 0.0000869790 0.0000488522 
0.0002604717 0.0000869790 0.0000488522 
0.0002604717 0.0000869790 0.0000488522 
0.0002604717 0.0000869790 0.0000488522 
0.0002604717 0.0000869790 0.0000488522 
0.0002604717 0.0000869790 0.0000488522 
0.0002604717 0.0000869790 0.0000488522 
0.0002604717 0.0000869790 0.0000488522 
0.0002604717 0.0000869790 0.0000488522 
0.0002604717 0.0000869790 0.0000488522 
0.0002604717 0.0000869790 0.0000488522 
0.0002604717 0.0000869790 0.0000488522 
0.0002604717 0.0000869790 0.0000488522 
0.0002604717 0.0000869790 0.0000488522 
0.0002604717 0.0000869790 0.0000488522 
0.0002604717 0.0000869790 0.0000488522 
0.0002604717 0.0000869790 0.0000488522 
0.0002604717 0.0000869790 0.0000488522 
0.0002604717 0.0000869790 0.0000488522 
0.0002604717 0.0000869790 0.0000488522 
0.0002604717 0.0000869790 0.0000488522 
0.0002604717 0.0000869790 0.0000488522 
0.0002604717 0.0000869790 0.0000488522 
0.0002604717 0.0000869790 0.0000488522 
0.0002604717 0.0000869790 0.0000488522 
0.0002604717 0.0000869790 0.0000488522 
0.0002604717 0.0000869790 0.0000488522 
0.0002604717 0.0000869790 0.0000488522 
0.0002604717 0.0000869790 0.0000488522 
0.0002604717 0.0000869790 0.0000488522 
0.0002604717 0.0000869790 0.0000488522 
0.0002604717 0.0000869790 0.0000488522 
0.0002604717 0.0000869790 0.0000488522 
0.0002604717 0.0000869790 0.0000488522 
0.0002604717 0.0000869790 0.0000488522 
0.0002604717 0.0000869790 0.0000488522 
0.0002604717 0.0000869790 0.0000488522 
0.0002604717 0.0000869790 0.0000488522 
0.0002604717 0.0000869790 0.0000488522 
0.0002604717 0.0000869790 0.0000488522 
0.0002604717 0.0000869790 0.0000488522 
0.0002604717 0.0000869790 0.0000488522 
0.0002604717 0.0000869790 0.0000488522 
0.0002604717 0.0000869790 0.0000488522 
0.0002604717 0.0000869790 0.0000488522 
0.0002604717 0.0000869790 0.0000488522 
0.0002604717 0.0000869790 0.0000488522 
0.0002604717 0.0000869790 0.0000488522 
0.0002604717 0.0000869790 0.0000488522 
0.0002604717 0.0000869790 0.0000488522 
0.0002604717 0.0000869790 0.0000488522 
0.0002604717 0.0000869790 0.0000488522 
0.0002604717 0.0000869790 0.0000488522 
0.0002604717 0.0000869790 0.0000488522 
0.0002604717 0.0000869790 0.0000488522 
0.0002604717 0.0000869790 0.0000488522 
0.0002604717 0.0000869790 0.0000488522 
0.0002604717 0.0000869790 0.0000488522 
0.0002604717 0.0000869790 0.0000488522 
0.0002604717 0.0000869790 0.0000488522 
0.0002604717 0.0000869790 0.0000488522 
0.0002604717 0.0000869790 0.0000488522 
0.0002604717 0.0000869790 0.0000488522 
0.0002604717 0.0000869790 0.0000488522 
0.0002604717 0.0000869790 0.0000488522 
0.0002604717 0.0000869790 0.0000488522 
0.0002604717 0.0000869790 0.0000488522 
0.0002604717 0.0000869790 0.0000488522 
0.0002604717 0.0000869790 0.0000488522 
0.0002604717 0.0000869790 0.0000488522 
0.0002604717 0.0000869790 0.0000488522 
0.0002604717 0.0000869790 0.0000488522 
0.0002604717 0.0000869790 0.0000488522 
0.0002604717 0.0000869790 0.0000488522 
0.0002604717 0.0000869790 0.0000488522 
0.0002604717 0.0000869790 0.0000488522 
0.0002604717 0.0000869790 0.0000488522 
0.0002604717 0.0000869790 0.0000488522 
0.0002604717 0.0000869790 0.0000488522 
0.0002604717 0.0000869790 0.0000488522 
0.0002604717 0.0000869790 0.0000488522 
0.0002604717 0.0000869790 0.0000488522 
0.0002604717 0.0000869790 0.0000488522 
0.0002604717 0.0000869790 0.0000488522 
0.0002604717 0.0000869790 0.0000488522 
0.0002604717 0.0000869790 0.0000488522 
0.0002604717 0.0000869790 0.0000488522 
0.0002604717 0.0000869790 0.0000488522 
0.0002604717 0.0000869790 0.0000488522 
0.0002604717 0.0000869790 0.0000488522 
0.0002604717 0.0000869790 0.0000488522 
0.0002604717 0.0000869790 0.0000488522 
0.0002604717 0.0000869790 0.0000488522 
0.0002604717 0.0000869790 0.0000488522 
0.0002604717 0.0000869790 0.0000488522 
0.0002604717 0.0000869790 0.0000488522 
0.0002604717 0.0000869790 0.0000488522 
0.0002604717 0.0000869790 0.0000488522 
0.0002604717 0.0000869790 0.0000488522 
0.0002604717 0.0000869790 0.0000488522 
0.0002604717 0.0000869790 0.0000488522 
0.0002604717 0.0000869790 0.0000488522 
0.0002604717 0.0000869790 0.0000488522 
0.0002604717 0.0000869790 0.0000488522 
0.0002604717 0.0000869790 0.0000488522 
0.0002604717 0.0000869790 0.0000488522 
0.0002604717 0.0000869790 0.0000488522 
0.0002604717 0.0000869790 0.0000488522 
0.0002604717 0.0000869790 0.0000488522 
0.0002604717 0.0000869790 0.0000488522 
0.0002604717 0.0000869790 0.0000488522 
0.0002604717 0.0000869790 0.0000488522 
0.0002604717 0.0000869790 0.0000488522 
0.0002604717 0.0000869790 0.0000488522 
0.0002604717 0.0000869790 0.0000488522 
0.0002604717 0.0000869790 0.0000488522 
0.0002604717 0.0000869790 0.0000488522 
0.0002604717 0.0000869790 0.0000488522 
0.0002604717 0.0000869790 0.0000488522 
0.0002604717 0.0000869790 0.0000488522 
0.0002604717 0.0000869790 0.0000488522 
0.0002604717 0.0000869790 0.0000488522 
0.0002604717 0.0000869790 0.0000488522 
0.0002604717 0.0000869790 0.0000488522 
0.0002604717 0.0000869790 0.0000488522 
0.0002604717 0.0000869790 0.0000488522 
0.0002604717 0.0000869790 0.0000488522 
0.0002604717 0.0000869790 0.0000488522 
0.0002604717 0.0000869790 0.0000488522 
0.0002604717 0.0000869790 0.0000488522 
0.0002604717 0.0000869790 0.0000488522 
0.0002604717 0.0000869790 0.0000488522 
0.0002604717 0.0000869790 0.0000488522 
0.0002604717 0.0000869790 0.0000488522 
0.0002604717 0.0000869790 0.0000488522 
0.0002604717 0.0000869790 0.0000488522 
0.0002604717 0.0000869790 0.0000488522 
0.0002604717 0.0000869790 0.0000488522 
0.0002604717 0.0000869790 0.0000488522 
0.0002604717 0.0000869790 0.0000488522 
0.0002604717 0.0000869790 0.0000488522 
0.0002604717 0.0000869790 0.0000488522 
0.0002604717 0.0000869790 0.0000488522 
0.0002604717 0.0000869790 0.0000488522 
0.0002604717 0.0000869790 0.0000488522 
