0.0000005267 -0.0000000116 0.0000004337 
0.0000005314 -0.0000000020 0.0000004082 
0.0000005357 0.0000000070 0.0000003837 
0.0000005396 0.0000000156 0.0000003598 
0.0000005431 0.0000000237 0.0000003368 
0.0000005462 0.0000000314 0.0000003144 
0.0000005488 0.0000000387 0.0000002926 
0.0000005510 0.0000000457 0.0000002716 
0.0000005527 0.0000000524 0.0000002511 
0.0000005540 0.0000000588 0.0000002314 
0.0000005549 0.0000000649 0.0000002122 
0.0000005555 0.0000000708 0.0000001936 
0.0000005556 0.0000000765 0.0000001756 
0.0000005554 0.0000000820 0.0000001582 
0.0000005548 0.0000000872 0.0000001414 
0.0000005540 0.0000000923 0.0000001251 
0.0000005529 0.0000000972 0.0000001093 
0.0000005515 0.0000001020 0.0000000941 
0.0000005498 0.0000001066 0.0000000794 
0.0000005480 0.0000001111 0.0000000651 
0.0000005459 0.0000001154 0.0000000514 
0.0000005436 0.0000001196 0.0000000381 
0.0000005436 0.0000001196 0.0000000381 
0.0000005436 0.0000001196 0.0000000381 
0.0000005436 0.0000001196 0.0000000381 
0.0000005436 0.0000001196 0.0000000381 
0.0000005436 0.0000001196 0.0000000381 
0.0000005436 0.0000001196 0.0000000381 
0.0000005436 0.0000001196 0.0000000381 
0.0000005436 0.0000001196 0.0000000381 
0.0000005407 0.0000001231 0.0000000282 
0.0000005407 0.0000001231 0.0000000282 
0.0000005407 0.0000001231 0.0000000282 
0.0000005407 0.0000001231 0.0000000282 
0.0000005407 0.0000001231 0.0000000282 
0.0000005407 0.0000001231 0.0000000282 
0.0000005407 0.0000001231 0.0000000282 
0.0000005407 0.0000001231 0.0000000282 
0.0000005407 0.0000001231 0.0000000282 
0.0000005407 0.0000001231 0.0000000282 
0.0000005407 0.0000001231 0.0000000282 
0.0000005407 0.0000001231 0.0000000282 
0.0000005407 0.0000001231 0.0000000282 
0.0000005407 0.0000001231 0.0000000282 
0.0000005407 0.0000001231 0.0000000282 
0.0000005407 0.0000001231 0.0000000282 
0.0000005407 0.0000001231 0.0000000282 
0.0000005407 0.0000001231 0.0000000282 
0.0000005426 0.0000001229 0.0000000279 
0.0000005450 0.0000001226 0.0000000281 
0.0000005477 0.0000001224 0.0000000286 
0.0000005507 0.0000001224 0.0000000296 
0.0000005536 0.0000001227 0.0000000308 
0.0000005565 0.0000001233 0.0000000322 
0.0000005592 0.0000001240 0.0000000338 
0.0000005619 0.0000001251 0.0000000357 
0.0000005648 0.0000001266 0.0000000378 
0.0000005676 0.0000001283 0.0000000402 
0.0000005703 0.0000001302 0.0000000426 
0.0000005730 0.0000001322 0.0000000451 
0.0000005754 0.0000001344 0.0000000477 
0.0000005777 0.0000001365 0.0000000503 
0.0000005799 0.0000001387 0.0000000529 
0.0000005820 0.0000001410 0.0000000555 
0.0000005839 0.0000001432 0.0000000581 
0.0000005857 0.0000001454 0.0000000606 
0.0000005875 0.0000001476 0.0000000631 
0.0000005892 0.0000001498 0.0000000656 
0.0000005909 0.0000001520 0.0000000679 
0.0000005925 0.0000001542 0.0000000702 
0.0000005940 0.0000001563 0.0000000724 
0.0000005955 0.0000001585 0.0000000744 
0.0000005969 0.0000001606 0.0000000763 
0.0000005982 0.0000001628 0.0000000781 
0.0000005993 0.0000001651 0.0000000798 
0.0000006004 0.0000001673 0.0000000814 
0.0000006014 0.0000001696 0.0000000830 
0.0000006025 0.0000001718 0.0000000844 
0.0000006036 0.0000001739 0.0000000858 
0.0000006046 0.0000001761 0.0000000871 
0.0000006056 0.0000001782 0.0000000882 
0.0000006065 0.0000001803 0.0000000893 
0.0000006074 0.0000001824 0.0000000903 
0.0000006083 0.0000001845 0.0000000912 
0.0000006091 0.0000001865 0.0000000920 
0.0000006099 0.0000001886 0.0000000927 
0.0000006106 0.0000001906 0.0000000934 
0.0000006113 0.0000001926 0.0000000939 
0.0000006119 0.0000001946 0.0000000944 
0.0000006125 0.0000001966 0.0000000948 
0.0000006131 0.0000001985 0.0000000951 
0.0000006136 0.0000002005 0.0000000953 
0.0000006140 0.0000002024 0.0000000955 
0.0000006145 0.0000002043 0.0000000956 
0.0000006149 0.0000002062 0.0000000956 
0.0000006152 0.0000002081 0.0000000956 
0.0000006155 0.0000002099 0.0000000955 
0.0000006158 0.0000002117 0.0000000955 
0.0000006160 0.0000002135 0.0000000953 
0.0000006162 0.0000002153 0.0000000951 
0.0000006164 0.0000002171 0.0000000950 
0.0000006165 0.0000002188 0.0000000947 
0.0000006167 0.0000002206 0.0000000945 
0.0000006168 0.0000002223 0.0000000943 
0.0000006169 0.0000002239 0.0000000940 
0.0000006170 0.0000002256 0.0000000938 
0.0000006171 0.0000002272 0.0000000936 
0.0000006172 0.0000002288 0.0000000935 
0.0000006173 0.0000002304 0.0000000934 
0.0000006174 0.0000002320 0.0000000934 
0.0000006176 0.0000002335 0.0000000935 
0.0000006179 0.0000002350 0.0000000937 
0.0000006183 0.0000002365 0.0000000940 
0.0000006187 0.0000002380 0.0000000946 
0.0000006193 0.0000002395 0.0000000953 
0.0000006201 0.0000002409 0.0000000962 
0.0000006209 0.0000002424 0.0000000974 
0.0000006219 0.0000002438 0.0000000987 
0.0000006230 0.0000002452 0.0000001003 
0.0000006241 0.0000002466 0.0000001019 
0.0000006253 0.0000002479 0.0000001037 
0.0000006265 0.0000002493 0.0000001056 
0.0000006278 0.0000002506 0.0000001075 
0.0000006291 0.0000002519 0.0000001095 
0.0000006304 0.0000002531 0.0000001114 
0.0000006316 0.0000002544 0.0000001133 
0.0000006329 0.0000002556 0.0000001151 
0.0000006341 0.0000002568 0.0000001168 
0.0000006353 0.0000002579 0.0000001185 
0.0000006365 0.0000002590 0.0000001201 
0.0000006376 0.0000002601 0.0000001217 
0.0000006386 0.0000002612 0.0000001231 
0.0000006396 0.0000002622 0.0000001245 
0.0000006405 0.0000002632 0.0000001258 
0.0000006414 0.0000002642 0.0000001270 
0.0000006422 0.0000002652 0.0000001281 
0.0000006429 0.0000002661 0.0000001291 
0.0000006436 0.0000002670 0.0000001300 
0.0000006443 0.0000002678 0.0000001309 
0.0000006449 0.0000002687 0.0000001316 
0.0000006454 0.0000002695 0.0000001323 
0.0000006458 0.0000002703 0.0000001330 
0.0000006462 0.0000002711 0.0000001335 
0.0000006465 0.0000002718 0.0000001340 
0.0000006468 0.0000002726 0.0000001344 
0.0000006470 0.0000002733 0.0000001348 
0.0000006472 0.0000002740 0.0000001351 
0.0000006473 0.0000002746 0.0000001353 
0.0000006474 0.0000002753 0.0000001355 
0.0000006474 0.0000002759 0.0000001356 
0.0000006475 0.0000002766 0.0000001357 
0.0000006475 0.0000002772 0.0000001358 
0.0000006475 0.0000002777 0.0000001358 
0.0000006474 0.0000002783 0.0000001358 
0.0000006474 0.0000002788 0.0000001358 
0.0000006473 0.0000002793 0.0000001357 
0.0000006472 0.0000002798 0.0000001357 
0.0000006471 0.0000002802 0.0000001356 
0.0000006469 0.0000002806 0.0000001355 
0.0000006467 0.0000002810 0.0000001354 
0.0000006466 0.0000002814 0.0000001352 
0.0000006464 0.0000002818 0.0000001352 
0.0000006462 0.0000002821 0.0000001351 
0.0000006461 0.0000002824 0.0000001350 
0.0000006460 0.0000002828 0.0000001350 
0.0000006459 0.0000002831 0.0000001349 
0.0000006458 0.0000002833 0.0000001349 
0.0000006458 0.0000002836 0.0000001350 
0.0000006457 0.0000002838 0.0000001350 
0.0000006457 0.0000002840 0.0000001351 
0.0000006457 0.0000002842 0.0000001352 
0.0000006457 0.0000002843 0.0000001353 
0.0000006457 0.0000002845 0.0000001355 
0.0000006458 0.0000002846 0.0000001357 
0.0000006458 0.0000002847 0.0000001359 
0.0000006459 0.0000002847 0.0000001361 
0.0000006459 0.0000002848 0.0000001363 
0.0000006459 0.0000002848 0.0000001366 
0.0000006459 0.0000002848 0.0000001368 
0.0000006459 0.0000002848 0.0000001371 
0.0000006458 0.0000002848 0.0000001373 
0.0000006457 0.0000002848 0.0000001376 
0.0000006456 0.0000002847 0.0000001378 
0.0000006455 0.0000002847 0.0000001380 
0.0000006453 0.0000002846 0.0000001383 
0.0000006450 0.0000002845 0.0000001385 
0.0000006447 0.0000002844 0.0000001386 
0.0000006443 0.0000002843 0.0000001388 
0.0000006438 0.0000002841 0.0000001390 
0.0000006433 0.0000002840 0.0000001391 
0.0000006427 0.0000002838 0.0000001393 
0.0000006420 0.0000002837 0.0000001394 
0.0000006413 0.0000002835 0.0000001395 
0.0000006406 0.0000002833 0.0000001395 
0.0000006398 0.0000002831 0.0000001396 
0.0000006389 0.0000002829 0.0000001397 
0.0000006381 0.0000002827 0.0000001397 
0.0000006372 0.0000002825 0.0000001397 
0.0000006362 0.0000002822 0.0000001398 
0.0000006353 0.0000002820 0.0000001398 
0.0000006343 0.0000002818 0.0000001398 
0.0000006332 0.0000002815 0.0000001398 
0.0000006321 0.0000002813 0.0000001397 
0.0000006310 0.0000002810 0.0000001397 
0.0000006299 0.0000002808 0.0000001397 
0.0000006287 0.0000002805 0.0000001397 
0.0000006274 0.0000002803 0.0000001396 
0.0000006261 0.0000002800 0.0000001396 
0.0000006247 0.0000002797 0.0000001395 
0.0000006234 0.0000002794 0.0000001395 
0.0000006221 0.0000002791 0.0000001394 
0.0000006209 0.0000002787 0.0000001393 
0.0000006196 0.0000002783 0.0000001393 
0.0000006183 0.0000002780 0.0000001392 
0.0000006171 0.0000002776 0.0000001391 
0.0000006158 0.0000002772 0.0000001391 
0.0000006145 0.0000002768 0.0000001390 
0.0000006132 0.0000002764 0.0000001390 
0.0000006118 0.0000002760 0.0000001390 
0.0000006105 0.0000002756 0.0000001389 
0.0000006091 0.0000002752 0.0000001389 
0.0000006077 0.0000002748 0.0000001388 
0.0000006063 0.0000002744 0.0000001388 
0.0000006047 0.0000002740 0.0000001388 
0.0000006032 0.0000002736 0.0000001387 
0.0000006016 0.0000002731 0.0000001386 
0.0000006000 0.0000002727 0.0000001386 
0.0000005984 0.0000002722 0.0000001385 
0.0000005967 0.0000002718 0.0000001384 
0.0000005950 0.0000002713 0.0000001383 
0.0000005933 0.0000002709 0.0000001382 
0.0000005915 0.0000002704 0.0000001381 
0.0000005897 0.0000002699 0.0000001380 
0.0000005879 0.0000002694 0.0000001379 
0.0000005861 0.0000002689 0.0000001377 
0.0000005842 0.0000002684 0.0000001376 
0.0000005823 0.0000002679 0.0000001375 
0.0000005804 0.0000002674 0.0000001373 
0.0000005785 0.0000002669 0.0000001372 
0.0000005765 0.0000002664 0.0000001371 
0.0000005746 0.0000002658 0.0000001369 
0.0000005726 0.0000002653 0.0000001368 
0.0000005706 0.0000002648 0.0000001367 
0.0000005686 0.0000002643 0.0000001365 
0.0000005665 0.0000002637 0.0000001364 
0.0000005644 0.0000002631 0.0000001362 
0.0000005623 0.0000002626 0.0000001360 
0.0000005601 0.0000002620 0.0000001358 
0.0000005579 0.0000002614 0.0000001357 
0.0000005557 0.0000002608 0.0000001355 
0.0000005534 0.0000002602 0.0000001353 
0.0000005511 0.0000002596 0.0000001351 
0.0000005488 0.0000002589 0.0000001349 
0.0000005465 0.0000002583 0.0000001347 
0.0000005442 0.0000002576 0.0000001345 
0.0000005418 0.0000002570 0.0000001343 
0.0000005395 0.0000002563 0.0000001341 
0.0000005371 0.0000002556 0.0000001339 
0.0000005348 0.0000002549 0.0000001337 
0.0000005324 0.0000002541 0.0000001335 
0.0000005300 0.0000002534 0.0000001333 
0.0000005276 0.0000002526 0.0000001331 
0.0000005251 0.0000002519 0.0000001329 
0.0000005227 0.0000002511 0.0000001327 
0.0000005203 0.0000002503 0.0000001325 
0.0000005179 0.0000002495 0.0000001323 
0.0000005154 0.0000002487 0.0000001321 
0.0000005130 0.0000002479 0.0000001319 
0.0000005105 0.0000002471 0.0000001317 
0.0000005080 0.0000002462 0.0000001315 
0.0000005055 0.0000002454 0.0000001312 
0.0000005030 0.0000002445 0.0000001310 
0.0000005005 0.0000002436 0.0000001308 
0.0000004979 0.0000002427 0.0000001306 
0.0000004954 0.0000002418 0.0000001303 
0.0000004928 0.0000002409 0.0000001301 
0.0000004902 0.0000002400 0.0000001298 
0.0000004876 0.0000002391 0.0000001296 
0.0000004850 0.0000002381 0.0000001293 
0.0000004824 0.0000002372 0.0000001290 
0.0000004798 0.0000002363 0.0000001288 
0.0000004773 0.0000002353 0.0000001285 
0.0000004747 0.0000002344 0.0000001282 
0.0000004722 0.0000002335 0.0000001279 
0.0000004697 0.0000002325 0.0000001277 
0.0000004671 0.0000002316 0.0000001274 
0.0000004646 0.0000002307 0.0000001271 
0.0000004621 0.0000002298 0.0000001268 
0.0000004597 0.0000002288 0.0000001265 
0.0000004572 0.0000002279 0.0000001262 
0.0000004547 0.0000002269 0.0000001259 
0.0000004522 0.0000002260 0.0000001255 
0.0000004497 0.0000002250 0.0000001252 
0.0000004472 0.0000002241 0.0000001248 
0.0000004447 0.0000002231 0.0000001245 
0.0000004422 0.0000002221 0.0000001241 
0.0000004397 0.0000002212 0.0000001237 
0.0000004373 0.0000002202 0.0000001233 
0.0000004348 0.0000002192 0.0000001229 
0.0000004322 0.0000002182 0.0000001225 
0.0000004297 0.0000002171 0.0000001221 
0.0000004272 0.0000002161 0.0000001216 
0.0000004247 0.0000002151 0.0000001212 
0.0000004221 0.0000002140 0.0000001207 
0.0000004196 0.0000002130 0.0000001202 
0.0000004171 0.0000002120 0.0000001198 
0.0000004146 0.0000002109 0.0000001193 
0.0000004121 0.0000002099 0.0000001188 
0.0000004096 0.0000002088 0.0000001184 
0.0000004071 0.0000002078 0.0000001179 
0.0000004046 0.0000002068 0.0000001174 
0.0000004021 0.0000002058 0.0000001170 
0.0000003997 0.0000002048 0.0000001165 
0.0000003972 0.0000002038 0.0000001160 
0.0000003948 0.0000002028 0.0000001156 
0.0000003923 0.0000002018 0.0000001151 
0.0000003899 0.0000002007 0.0000001146 
0.0000003875 0.0000001997 0.0000001142 
0.0000003850 0.0000001987 0.0000001137 
0.0000003826 0.0000001976 0.0000001132 
0.0000003802 0.0000001966 0.0000001128 
0.0000003778 0.0000001955 0.0000001123 
0.0000003754 0.0000001945 0.0000001118 
0.0000003731 0.0000001934 0.0000001113 
0.0000003708 0.0000001923 0.0000001108 
0.0000003685 0.0000001913 0.0000001103 
0.0000003662 0.0000001902 0.0000001098 
0.0000003639 0.0000001891 0.0000001093 
0.0000003616 0.0000001881 0.0000001088 
0.0000003594 0.0000001870 0.0000001083 
0.0000003572 0.0000001859 0.0000001078 
0.0000003550 0.0000001848 0.0000001073 
0.0000003527 0.0000001837 0.0000001068 
0.0000003505 0.0000001827 0.0000001063 
0.0000003484 0.0000001816 0.0000001058 
0.0000003462 0.0000001805 0.0000001053 
0.0000003441 0.0000001794 0.0000001048 
0.0000003420 0.0000001783 0.0000001042 
0.0000003399 0.0000001772 0.0000001037 
0.0000003379 0.0000001762 0.0000001032 
0.0000003359 0.0000001751 0.0000001027 
0.0000003340 0.0000001741 0.0000001021 
0.0000003320 0.0000001730 0.0000001016 
0.0000003301 0.0000001720 0.0000001011 
0.0000003283 0.0000001709 0.0000001006 
0.0000003264 0.0000001699 0.0000001000 
0.0000003246 0.0000001689 0.0000000995 
0.0000003228 0.0000001678 0.0000000990 
0.0000003211 0.0000001668 0.0000000985 
0.0000003193 0.0000001658 0.0000000979 
0.0000003176 0.0000001648 0.0000000974 
0.0000003159 0.0000001637 0.0000000969 
0.0000003142 0.0000001627 0.0000000964 
0.0000003125 0.0000001617 0.0000000958 
0.0000003108 0.0000001607 0.0000000953 
0.0000003091 0.0000001597 0.0000000947 
0.0000003074 0.0000001586 0.0000000942 
0.0000003057 0.0000001576 0.0000000936 
0.0000003039 0.0000001566 0.0000000930 
0.0000003021 0.0000001555 0.0000000925 
0.0000003004 0.0000001545 0.0000000919 
0.0000002985 0.0000001534 0.0000000912 
0.0000002967 0.0000001524 0.0000000906 
0.0000002949 0.0000001513 0.0000000900 
0.0000002930 0.0000001503 0.0000000893 
0.0000002911 0.0000001492 0.0000000887 
0.0000002892 0.0000001481 0.0000000880 
0.0000002873 0.0000001471 0.0000000874 
0.0000002853 0.0000001460 0.0000000867 
0.0000002834 0.0000001449 0.0000000860 
0.0000002814 0.0000001439 0.0000000853 
0.0000002794 0.0000001428 0.0000000846 
0.0000002775 0.0000001417 0.0000000839 
0.0000002755 0.0000001407 0.0000000832 
0.0000002735 0.0000001396 0.0000000824 
0.0000002714 0.0000001385 0.0000000817 
0.0000002694 0.0000001375 0.0000000810 
0.0000002674 0.0000001364 0.0000000803 
0.0000002654 0.0000001354 0.0000000795 
0.0000002633 0.0000001343 0.0000000788 
0.0000002613 0.0000001333 0.0000000780 
0.0000002593 0.0000001322 0.0000000773 
0.0000002573 0.0000001311 0.0000000765 
0.0000002554 0.0000001301 0.0000000757 
0.0000002535 0.0000001290 0.0000000750 
0.0000002517 0.0000001280 0.0000000742 
0.0000002498 0.0000001269 0.0000000734 
0.0000002480 0.0000001259 0.0000000726 
0.0000002461 0.0000001248 0.0000000719 
0.0000002443 0.0000001238 0.0000000711 
0.0000002425 0.0000001228 0.0000000704 
0.0000002407 0.0000001218 0.0000000696 
0.0000002389 0.0000001208 0.0000000689 
0.0000002372 0.0000001198 0.0000000682 
0.0000002354 0.0000001188 0.0000000674 
0.0000002336 0.0000001178 0.0000000667 
0.0000002318 0.0000001168 0.0000000660 
0.0000002301 0.0000001158 0.0000000653 
0.0000002283 0.0000001148 0.0000000646 
0.0000002266 0.0000001139 0.0000000639 
0.0000002249 0.0000001129 0.0000000632 
0.0000002232 0.0000001119 0.0000000626 
0.0000002215 0.0000001110 0.0000000619 
0.0000002198 0.0000001101 0.0000000613 
0.0000002181 0.0000001091 0.0000000607 
0.0000002165 0.0000001082 0.0000000601 
0.0000002148 0.0000001073 0.0000000595 
0.0000002132 0.0000001064 0.0000000589 
0.0000002116 0.0000001055 0.0000000584 
0.0000002100 0.0000001046 0.0000000578 
0.0000002084 0.0000001037 0.0000000573 
0.0000002068 0.0000001029 0.0000000568 
0.0000002052 0.0000001020 0.0000000562 
0.0000002036 0.0000001011 0.0000000557 
0.0000002021 0.0000001003 0.0000000553 
0.0000002005 0.0000000994 0.0000000548 
0.0000001989 0.0000000986 0.0000000543 
0.0000001974 0.0000000978 0.0000000539 
0.0000001958 0.0000000969 0.0000000534 
0.0000001943 0.0000000961 0.0000000530 
0.0000001928 0.0000000953 0.0000000526 
0.0000001912 0.0000000945 0.0000000522 
0.0000001897 0.0000000937 0.0000000517 
0.0000001882 0.0000000929 0.0000000514 
0.0000001867 0.0000000921 0.0000000510 
0.0000001852 0.0000000913 0.0000000506 
0.0000001836 0.0000000906 0.0000000502 
0.0000001821 0.0000000898 0.0000000498 
0.0000001806 0.0000000890 0.0000000494 
0.0000001790 0.0000000882 0.0000000491 
0.0000001775 0.0000000875 0.0000000487 
0.0000001759 0.0000000867 0.0000000483 
0.0000001744 0.0000000860 0.0000000480 
0.0000001729 0.0000000852 0.0000000476 
0.0000001713 0.0000000845 0.0000000472 
0.0000001698 0.0000000837 0.0000000469 
0.0000001682 0.0000000830 0.0000000465 
0.0000001667 0.0000000823 0.0000000461 
0.0000001651 0.0000000815 0.0000000458 
0.0000001636 0.0000000808 0.0000000454 
0.0000001620 0.0000000801 0.0000000450 
0.0000001604 0.0000000794 0.0000000446 
0.0000001589 0.0000000786 0.0000000442 
0.0000001573 0.0000000779 0.0000000439 
0.0000001556 0.0000000772 0.0000000435 
0.0000001540 0.0000000765 0.0000000431 
0.0000001524 0.0000000758 0.0000000427 
0.0000001508 0.0000000751 0.0000000423 
0.0000001492 0.0000000744 0.0000000420 
0.0000001476 0.0000000737 0.0000000416 
0.0000001460 0.0000000730 0.0000000412 
0.0000001444 0.0000000723 0.0000000409 
0.0000001428 0.0000000716 0.0000000405 
0.0000001412 0.0000000709 0.0000000401 
0.0000001396 0.0000000703 0.0000000398 
0.0000001380 0.0000000696 0.0000000394 
0.0000001365 0.0000000689 0.0000000391 
0.0000001349 0.0000000683 0.0000000388 
0.0000001334 0.0000000676 0.0000000384 
0.0000001319 0.0000000670 0.0000000381 
0.0000001304 0.0000000663 0.0000000378 
0.0000001289 0.0000000657 0.0000000375 
0.0000001274 0.0000000651 0.0000000372 
0.0000001259 0.0000000644 0.0000000369 
0.0000001245 0.0000000638 0.0000000366 
0.0000001230 0.0000000632 0.0000000363 
0.0000001215 0.0000000626 0.0000000360 
0.0000001201 0.0000000619 0.0000000358 
0.0000001187 0.0000000613 0.0000000355 
0.0000001172 0.0000000607 0.0000000353 
0.0000001158 0.0000000601 0.0000000350 
0.0000001144 0.0000000595 0.0000000348 
0.0000001130 0.0000000589 0.0000000346 
0.0000001116 0.0000000583 0.0000000344 
0.0000001102 0.0000000577 0.0000000341 
0.0000001088 0.0000000572 0.0000000339 
0.0000001075 0.0000000566 0.0000000337 
0.0000001061 0.0000000560 0.0000000335 
0.0000001048 0.0000000554 0.0000000333 
0.0000001034 0.0000000549 0.0000000331 
0.0000001021 0.0000000543 0.0000000329 
0.0000001008 0.0000000537 0.0000000327 
0.0000000994 0.0000000532 0.0000000325 
0.0000000981 0.0000000526 0.0000000323 
0.0000000968 0.0000000521 0.0000000321 
0.0000000955 0.0000000515 0.0000000319 
0.0000000942 0.0000000510 0.0000000318 
0.0000000929 0.0000000505 0.0000000316 
0.0000000916 0.0000000499 0.0000000314 
0.0000000904 0.0000000494 0.0000000312 
0.0000000891 0.0000000489 0.0000000310 
0.0000000878 0.0000000484 0.0000000308 
0.0000000866 0.0000000479 0.0000000306 
0.0000000853 0.0000000474 0.0000000304 
0.0000000841 0.0000000469 0.0000000302 
0.0000000829 0.0000000464 0.0000000300 
0.0000000816 0.0000000459 0.0000000298 
0.0000000804 0.0000000454 0.0000000296 
0.0000000792 0.0000000449 0.0000000294 
0.0000000780 0.0000000444 0.0000000292 
0.0000000769 0.0000000439 0.0000000290 
0.0000000757 0.0000000435 0.0000000288 
0.0000000745 0.0000000430 0.0000000287 
0.0000000734 0.0000000426 0.0000000285 
0.0000000723 0.0000000421 0.0000000283 
0.0000000712 0.0000000417 0.0000000281 
0.0000000701 0.0000000412 0.0000000279 
0.0000000690 0.0000000408 0.0000000277 
0.0000000679 0.0000000403 0.0000000275 
0.0000000669 0.0000000399 0.0000000273 
0.0000000658 0.0000000395 0.0000000271 
0.0000000648 0.0000000390 0.0000000269 
0.0000000638 0.0000000386 0.0000000267 
0.0000000628 0.0000000382 0.0000000264 
0.0000000619 0.0000000378 0.0000000262 
0.0000000610 0.0000000374 0.0000000260 
0.0000000601 0.0000000370 0.0000000258 
0.0000000592 0.0000000366 0.0000000256 
0.0000000584 0.0000000362 0.0000000254 
0.0000000575 0.0000000359 0.0000000253 
0.0000000568 0.0000000355 0.0000000251 
0.0000000560 0.0000000352 0.0000000249 
0.0000000553 0.0000000348 0.0000000247 
0.0000000546 0.0000000345 0.0000000245 
0.0000000539 0.0000000341 0.0000000243 
0.0000000533 0.0000000338 0.0000000242 
0.0000000527 0.0000000335 0.0000000240 
0.0000000521 0.0000000332 0.0000000238 
0.0000000516 0.0000000329 0.0000000237 
0.0000000510 0.0000000326 0.0000000235 
0.0000000505 0.0000000323 0.0000000234 
0.0000000501 0.0000000320 0.0000000232 
0.0000000496 0.0000000318 0.0000000230 
0.0000000492 0.0000000315 0.0000000229 
0.0000000488 0.0000000313 0.0000000228 
0.0000000484 0.0000000310 0.0000000226 
0.0000000480 0.0000000308 0.0000000225 
0.0000000477 0.0000000306 0.0000000223 
0.0000000474 0.0000000304 0.0000000222 
0.0000000471 0.0000000302 0.0000000221 
0.0000000468 0.0000000301 0.0000000220 
0.0000000465 0.0000000299 0.0000000219 
0.0000000463 0.0000000297 0.0000000218 
0.0000000460 0.0000000296 0.0000000217 
0.0000000458 0.0000000295 0.0000000216 
0.0000000456 0.0000000293 0.0000000215 
0.0000000454 0.0000000292 0.0000000214 
0.0000000452 0.0000000291 0.0000000213 
0.0000000450 0.0000000290 0.0000000212 
0.0000000449 0.0000000289 0.0000000212 
0.0000000448 0.0000000289 0.0000000211 
0.0000000447 0.0000000288 0.0000000210 
0.0000000446 0.0000000287 0.0000000210 
0.0000000446 0.0000000286 0.0000000209 
0.0000000446 0.0000000285 0.0000000209 
0.0000000446 0.0000000285 0.0000000208 
0.0000000447 0.0000000284 0.0000000208 
0.0000000447 0.0000000284 0.0000000207 
0.0000000447 0.0000000283 0.0000000207 
0.0000000447 0.0000000283 0.0000000206 
0.0000000448 0.0000000283 0.0000000206 
0.0000000448 0.0000000283 0.0000000205 
0.0000000448 0.0000000283 0.0000000205 
0.0000000449 0.0000000283 0.0000000205 
0.0000000449 0.0000000283 0.0000000204 
0.0000000450 0.0000000283 0.0000000204 
0.0000000451 0.0000000283 0.0000000204 
0.0000000452 0.0000000284 0.0000000203 
0.0000000453 0.0000000284 0.0000000203 
0.0000000454 0.0000000284 0.0000000203 
0.0000000455 0.0000000285 0.0000000203 
0.0000000456 0.0000000285 0.0000000203 
0.0000000457 0.0000000286 0.0000000203 
0.0000000459 0.0000000286 0.0000000202 
0.0000000461 0.0000000287 0.0000000202 
0.0000000463 0.0000000288 0.0000000202 
0.0000000465 0.0000000289 0.0000000203 
0.0000000468 0.0000000290 0.0000000203 
0.0000000471 0.0000000291 0.0000000203 
0.0000000475 0.0000000292 0.0000000203 
0.0000000478 0.0000000293 0.0000000204 
0.0000000482 0.0000000294 0.0000000204 
0.0000000485 0.0000000295 0.0000000205 
0.0000000488 0.0000000297 0.0000000205 
0.0000000492 0.0000000298 0.0000000206 
0.0000000495 0.0000000299 0.0000000206 
0.0000000497 0.0000000300 0.0000000207 
0.0000000500 0.0000000301 0.0000000207 
0.0000000503 0.0000000302 0.0000000208 
0.0000000505 0.0000000303 0.0000000208 
0.0000000507 0.0000000304 0.0000000209 
0.0000000509 0.0000000305 0.0000000209 
0.0000000511 0.0000000306 0.0000000210 
0.0000000513 0.0000000306 0.0000000210 
0.0000000514 0.0000000307 0.0000000210 
0.0000000516 0.0000000308 0.0000000211 
0.0000000517 0.0000000308 0.0000000211 
0.0000000518 0.0000000309 0.0000000211 
0.0000000518 0.0000000310 0.0000000212 
0.0000000519 0.0000000310 0.0000000212 
0.0000000520 0.0000000311 0.0000000212 
0.0000000520 0.0000000311 0.0000000213 
0.0000000520 0.0000000311 0.0000000213 
0.0000000520 0.0000000312 0.0000000213 
0.0000000520 0.0000000312 0.0000000213 
0.0000000520 0.0000000312 0.0000000214 
0.0000000520 0.0000000312 0.0000000214 
0.0000000520 0.0000000312 0.0000000214 
0.0000000519 0.0000000312 0.0000000214 
0.0000000519 0.0000000312 0.0000000214 
0.0000000518 0.0000000312 0.0000000215 
0.0000000518 0.0000000312 0.0000000215 
0.0000000517 0.0000000312 0.0000000215 
0.0000000516 0.0000000312 0.0000000216 
0.0000000515 0.0000000312 0.0000000216 
0.0000000515 0.0000000311 0.0000000216 
0.0000000514 0.0000000311 0.0000000216 
0.0000000513 0.0000000311 0.0000000216 
0.0000000513 0.0000000311 0.0000000217 
0.0000000512 0.0000000311 0.0000000217 
0.0000000511 0.0000000310 0.0000000217 
0.0000000511 0.0000000310 0.0000000217 
0.0000000510 0.0000000310 0.0000000217 
0.0000000510 0.0000000310 0.0000000217 
0.0000000509 0.0000000310 0.0000000217 
0.0000000509 0.0000000309 0.0000000217 
0.0000000508 0.0000000309 0.0000000217 
0.0000000508 0.0000000309 0.0000000217 
0.0000000508 0.0000000309 0.0000000217 
0.0000000508 0.0000000308 0.0000000217 
0.0000000509 0.0000000308 0.0000000217 
0.0000000511 0.0000000309 0.0000000217 
0.0000000512 0.0000000309 0.0000000217 
0.0000000515 0.0000000309 0.0000000217 
0.0000000518 0.0000000309 0.0000000217 
0.0000000521 0.0000000310 0.0000000217 
0.0000000525 0.0000000310 0.0000000217 
0.0000000529 0.0000000311 0.0000000216 
0.0000000533 0.0000000311 0.0000000216 
0.0000000538 0.0000000312 0.0000000216 
0.0000000542 0.0000000312 0.0000000216 
0.0000000547 0.0000000313 0.0000000215 
0.0000000552 0.0000000314 0.0000000215 
0.0000000557 0.0000000314 0.0000000214 
0.0000000563 0.0000000315 0.0000000213 
0.0000000568 0.0000000316 0.0000000213 
0.0000000574 0.0000000317 0.0000000212 
0.0000000580 0.0000000318 0.0000000210 
0.0000000587 0.0000000318 0.0000000209 
0.0000000593 0.0000000319 0.0000000208 
0.0000000599 0.0000000320 0.0000000206 
0.0000000606 0.0000000321 0.0000000205 
0.0000000613 0.0000000323 0.0000000203 
0.0000000619 0.0000000323 0.0000000202 
0.0000000626 0.0000000324 0.0000000200 
0.0000000631 0.0000000324 0.0000000198 
0.0000000635 0.0000000324 0.0000000197 
0.0000000638 0.0000000324 0.0000000195 
0.0000000641 0.0000000324 0.0000000193 
0.0000000642 0.0000000323 0.0000000191 
0.0000000643 0.0000000323 0.0000000189 
0.0000000644 0.0000000322 0.0000000186 
0.0000000644 0.0000000321 0.0000000184 
0.0000000643 0.0000000321 0.0000000182 
0.0000000643 0.0000000320 0.0000000179 
0.0000000642 0.0000000319 0.0000000176 
0.0000000641 0.0000000318 0.0000000174 
0.0000000639 0.0000000318 0.0000000171 
0.0000000638 0.0000000317 0.0000000168 
0.0000000637 0.0000000316 0.0000000166 
0.0000000635 0.0000000316 0.0000000163 
0.0000000634 0.0000000315 0.0000000161 
0.0000000632 0.0000000315 0.0000000159 
0.0000000631 0.0000000315 0.0000000158 
0.0000000631 0.0000000315 0.0000000158 
0.0000000631 0.0000000315 0.0000000158 
0.0000000631 0.0000000315 0.0000000158 
0.0000000628 0.0000000317 0.0000000160 
0.0000000626 0.0000000319 0.0000000163 
0.0000000624 0.0000000321 0.0000000166 
0.0000000622 0.0000000324 0.0000000170 
0.0000000621 0.0000000326 0.0000000173 
0.0000000620 0.0000000329 0.0000000177 
0.0000000619 0.0000000332 0.0000000181 
0.0000000619 0.0000000335 0.0000000186 
0.0000000619 0.0000000338 0.0000000190 
0.0000000620 0.0000000341 0.0000000194 
0.0000000620 0.0000000344 0.0000000199 
0.0000000621 0.0000000346 0.0000000203 
0.0000000622 0.0000000348 0.0000000208 
0.0000000622 0.0000000350 0.0000000212 
0.0000000623 0.0000000352 0.0000000216 
0.0000000624 0.0000000354 0.0000000220 
0.0000000624 0.0000000355 0.0000000224 
0.0000000625 0.0000000356 0.0000000228 
0.0000000625 0.0000000358 0.0000000232 
0.0000000624 0.0000000358 0.0000000235 
0.0000000624 0.0000000359 0.0000000239 
0.0000000624 0.0000000360 0.0000000242 
0.0000000623 0.0000000360 0.0000000246 
0.0000000623 0.0000000361 0.0000000249 
0.0000000622 0.0000000361 0.0000000252 
0.0000000621 0.0000000362 0.0000000255 
0.0000000620 0.0000000362 0.0000000258 
0.0000000618 0.0000000362 0.0000000261 
0.0000000617 0.0000000362 0.0000000264 
0.0000000616 0.0000000363 0.0000000267 
0.0000000614 0.0000000363 0.0000000270 
0.0000000613 0.0000000363 0.0000000273 
0.0000000611 0.0000000363 0.0000000275 
0.0000000610 0.0000000363 0.0000000278 
0.0000000609 0.0000000364 0.0000000281 
0.0000000607 0.0000000364 0.0000000283 
0.0000000605 0.0000000364 0.0000000286 
0.0000000604 0.0000000364 0.0000000288 
0.0000000602 0.0000000364 0.0000000290 
0.0000000601 0.0000000364 0.0000000293 
0.0000000599 0.0000000364 0.0000000295 
0.0000000597 0.0000000365 0.0000000297 
0.0000000595 0.0000000365 0.0000000299 
0.0000000594 0.0000000365 0.0000000301 
0.0000000592 0.0000000365 0.0000000302 
0.0000000590 0.0000000365 0.0000000304 
0.0000000588 0.0000000365 0.0000000306 
0.0000000586 0.0000000365 0.0000000308 
0.0000000585 0.0000000365 0.0000000309 
0.0000000583 0.0000000365 0.0000000311 
0.0000000581 0.0000000365 0.0000000312 
0.0000000579 0.0000000364 0.0000000313 
0.0000000577 0.0000000364 0.0000000314 
0.0000000575 0.0000000364 0.0000000316 
0.0000000573 0.0000000364 0.0000000317 
0.0000000571 0.0000000364 0.0000000317 
0.0000000569 0.0000000363 0.0000000318 
0.0000000567 0.0000000363 0.0000000319 
0.0000000565 0.0000000363 0.0000000320 
0.0000000563 0.0000000362 0.0000000321 
0.0000000561 0.0000000362 0.0000000321 
0.0000000559 0.0000000362 0.0000000322 
0.0000000557 0.0000000361 0.0000000322 
0.0000000555 0.0000000361 0.0000000323 
0.0000000553 0.0000000360 0.0000000323 
0.0000000550 0.0000000360 0.0000000324 
0.0000000548 0.0000000359 0.0000000324 
0.0000000546 0.0000000358 0.0000000324 
0.0000000543 0.0000000358 0.0000000324 
0.0000000541 0.0000000357 0.0000000324 
0.0000000539 0.0000000356 0.0000000324 
0.0000000536 0.0000000355 0.0000000324 
0.0000000534 0.0000000355 0.0000000324 
0.0000000531 0.0000000354 0.0000000324 
0.0000000529 0.0000000353 0.0000000324 
0.0000000526 0.0000000352 0.0000000324 
0.0000000524 0.0000000351 0.0000000323 
0.0000000521 0.0000000350 0.0000000323 
0.0000000519 0.0000000349 0.0000000323 
0.0000000516 0.0000000348 0.0000000322 
0.0000000513 0.0000000347 0.0000000322 
0.0000000511 0.0000000346 0.0000000321 
0.0000000508 0.0000000345 0.0000000321 
0.0000000506 0.0000000344 0.0000000320 
0.0000000504 0.0000000342 0.0000000319 
0.0000000501 0.0000000341 0.0000000319 
0.0000000499 0.0000000340 0.0000000318 
0.0000000496 0.0000000339 0.0000000317 
0.0000000494 0.0000000338 0.0000000316 
0.0000000491 0.0000000336 0.0000000315 
0.0000000489 0.0000000335 0.0000000314 
0.0000000486 0.0000000333 0.0000000313 
0.0000000484 0.0000000332 0.0000000312 
0.0000000482 0.0000000331 0.0000000311 
0.0000000479 0.0000000329 0.0000000310 
0.0000000477 0.0000000328 0.0000000309 
0.0000000474 0.0000000326 0.0000000307 
0.0000000472 0.0000000325 0.0000000306 
0.0000000469 0.0000000323 0.0000000305 
0.0000000467 0.0000000322 0.0000000303 
0.0000000465 0.0000000320 0.0000000302 
0.0000000462 0.0000000318 0.0000000301 
0.0000000460 0.0000000317 0.0000000299 
0.0000000458 0.0000000315 0.0000000298 
0.0000000455 0.0000000313 0.0000000296 
0.0000000453 0.0000000312 0.0000000294 
0.0000000451 0.0000000310 0.0000000293 
0.0000000448 0.0000000308 0.0000000291 
0.0000000446 0.0000000307 0.0000000289 
0.0000000444 0.0000000305 0.0000000288 
0.0000000441 0.0000000303 0.0000000286 
0.0000000439 0.0000000301 0.0000000284 
0.0000000437 0.0000000300 0.0000000282 
0.0000000434 0.0000000298 0.0000000280 
0.0000000432 0.0000000296 0.0000000278 
0.0000000430 0.0000000294 0.0000000277 
0.0000000427 0.0000000292 0.0000000275 
0.0000000425 0.0000000290 0.0000000272 
0.0000000423 0.0000000288 0.0000000270 
0.0000000420 0.0000000287 0.0000000268 
0.0000000418 0.0000000285 0.0000000266 
0.0000000416 0.0000000283 0.0000000264 
0.0000000413 0.0000000281 0.0000000262 
0.0000000411 0.0000000279 0.0000000260 
0.0000000408 0.0000000277 0.0000000257 
0.0000000406 0.0000000275 0.0000000255 
0.0000000403 0.0000000273 0.0000000253 
0.0000000401 0.0000000271 0.0000000251 
0.0000000398 0.0000000269 0.0000000248 
0.0000000395 0.0000000266 0.0000000246 
0.0000000393 0.0000000264 0.0000000244 
0.0000000390 0.0000000262 0.0000000241 
0.0000000387 0.0000000260 0.0000000239 
0.0000000384 0.0000000258 0.0000000236 
0.0000000382 0.0000000256 0.0000000234 
0.0000000379 0.0000000253 0.0000000231 
0.0000000376 0.0000000251 0.0000000229 
0.0000000373 0.0000000249 0.0000000226 
0.0000000370 0.0000000247 0.0000000224 
0.0000000367 0.0000000244 0.0000000221 
0.0000000364 0.0000000242 0.0000000218 
0.0000000361 0.0000000240 0.0000000216 
0.0000000358 0.0000000237 0.0000000213 
0.0000000354 0.0000000235 0.0000000210 
0.0000000351 0.0000000233 0.0000000208 
0.0000000348 0.0000000230 0.0000000205 
0.0000000344 0.0000000228 0.0000000202 
0.0000000341 0.0000000225 0.0000000199 
0.0000000337 0.0000000222 0.0000000196 
0.0000000333 0.0000000219 0.0000000193 
0.0000000329 0.0000000217 0.0000000190 
0.0000000325 0.0000000214 0.0000000187 
0.0000000321 0.0000000211 0.0000000184 
0.0000000317 0.0000000208 0.0000000181 
0.0000000313 0.0000000206 0.0000000178 
0.0000000309 0.0000000203 0.0000000175 
0.0000000305 0.0000000200 0.0000000172 
0.0000000301 0.0000000197 0.0000000169 
0.0000000296 0.0000000194 0.0000000165 
0.0000000292 0.0000000191 0.0000000162 
0.0000000288 0.0000000188 0.0000000159 
0.0000000284 0.0000000186 0.0000000156 
0.0000000280 0.0000000183 0.0000000153 
0.0000000277 0.0000000181 0.0000000150 
0.0000000274 0.0000000178 0.0000000147 
0.0000000270 0.0000000176 0.0000000144 
0.0000000267 0.0000000173 0.0000000141 
0.0000000263 0.0000000171 0.0000000138 
0.0000000260 0.0000000168 0.0000000135 
0.0000000256 0.0000000166 0.0000000131 
0.0000000253 0.0000000163 0.0000000128 
0.0000000249 0.0000000160 0.0000000125 
0.0000000245 0.0000000158 0.0000000122 
0.0000000241 0.0000000155 0.0000000119 
0.0000000237 0.0000000152 0.0000000115 
0.0000000233 0.0000000149 0.0000000112 
0.0000000229 0.0000000146 0.0000000109 
0.0000000224 0.0000000143 0.0000000105 
0.0000000220 0.0000000140 0.0000000102 
0.0000000216 0.0000000137 0.0000000098 
0.0000000211 0.0000000134 0.0000000095 
0.0000000207 0.0000000130 0.0000000091 
0.0000000202 0.0000000127 0.0000000088 
0.0000000198 0.0000000124 0.0000000084 
0.0000000193 0.0000000120 0.0000000081 
0.0000000189 0.0000000117 0.0000000078 
0.0000000185 0.0000000114 0.0000000074 
0.0000000181 0.0000000110 0.0000000071 
0.0000000177 0.0000000107 0.0000000068 
0.0000000173 0.0000000104 0.0000000065 
0.0000000169 0.0000000101 0.0000000062 
0.0000000166 0.0000000098 0.0000000059 
0.0000000163 0.0000000096 0.0000000057 
0.0000000163 0.0000000096 0.0000000057 
0.0000000163 0.0000000096 0.0000000057 
0.0000000163 0.0000000095 0.0000000056 
0.0000000163 0.0000000095 0.0000000056 
0.0000000163 0.0000000095 0.0000000056 
0.0000000163 0.0000000095 0.0000000056 
0.0000000163 0.0000000095 0.0000000056 
0.0000000163 0.0000000095 0.0000000056 
0.0000000163 0.0000000095 0.0000000056 
0.0000000163 0.0000000095 0.0000000056 
0.0000000163 0.0000000095 0.0000000056 
0.0000000163 0.0000000095 0.0000000056 
0.0000000163 0.0000000095 0.0000000056 
0.0000000163 0.0000000095 0.0000000056 
0.0000000163 0.0000000095 0.0000000056 
0.0000000163 0.0000000095 0.0000000056 
0.0000000163 0.0000000095 0.0000000056 
0.0000000163 0.0000000095 0.0000000056 
0.0000000163 0.0000000095 0.0000000056 
0.0000000163 0.0000000095 0.0000000056 
0.0000000163 0.0000000095 0.0000000056 
0.0000000163 0.0000000095 0.0000000056 
0.0000000163 0.0000000095 0.0000000056 
0.0000000163 0.0000000095 0.0000000056 
0.0000000163 0.0000000095 0.0000000056 
0.0000000163 0.0000000095 0.0000000056 
0.0000000163 0.0000000095 0.0000000056 
0.0000000163 0.0000000095 0.0000000056 
0.0000000163 0.0000000095 0.0000000056 
0.0000000163 0.0000000095 0.0000000056 
0.0000000163 0.0000000095 0.0000000056 
0.0000000163 0.0000000095 0.0000000056 
0.0000000163 0.0000000095 0.0000000056 
0.0000000163 0.0000000095 0.0000000056 
0.0000000163 0.0000000095 0.0000000056 
0.0000000163 0.0000000095 0.0000000056 
0.0000000163 0.0000000095 0.0000000056 
0.0000000163 0.0000000095 0.0000000056 
0.0000000163 0.0000000095 0.0000000056 
0.0000000163 0.0000000095 0.0000000056 
0.0000000163 0.0000000095 0.0000000056 
0.0000000163 0.0000000095 0.0000000056 
0.0000000163 0.0000000095 0.0000000056 
0.0000000163 0.0000000095 0.0000000056 
0.0000000163 0.0000000095 0.0000000056 
0.0000000163 0.0000000095 0.0000000056 
0.0000000163 0.0000000095 0.0000000056 
0.0000000163 0.0000000095 0.0000000056 
0.0000000163 0.0000000095 0.0000000056 
0.0000000163 0.0000000095 0.0000000056 
0.0000000163 0.0000000095 0.0000000056 
0.0000000163 0.0000000095 0.0000000056 
0.0000000163 0.0000000095 0.0000000056 
0.0000000163 0.0000000095 0.0000000056 
0.0000000163 0.0000000095 0.0000000056 
0.0000000163 0.0000000095 0.0000000056 
0.0000000163 0.0000000095 0.0000000056 
0.0000000163 0.0000000095 0.0000000056 
0.0000000163 0.0000000095 0.0000000056 
0.0000000163 0.0000000095 0.0000000056 
0.0000000163 0.0000000095 0.0000000056 
0.0000000160 0.0000000097 0.0000000059 
0.0000000157 0.0000000098 0.0000000061 
0.0000000154 0.0000000099 0.0000000064 
0.0000000150 0.0000000099 0.0000000066 
0.0000000146 0.0000000099 0.0000000068 
0.0000000142 0.0000000098 0.0000000070 
0.0000000137 0.0000000097 0.0000000073 
0.0000000132 0.0000000095 0.0000000075 
0.0000000127 0.0000000093 0.0000000077 
0.0000000122 0.0000000092 0.0000000080 
0.0000000117 0.0000000089 0.0000000083 
0.0000000112 0.0000000087 0.0000000085 
0.0000000107 0.0000000085 0.0000000088 
0.0000000102 0.0000000083 0.0000000090 
0.0000000097 0.0000000080 0.0000000093 
0.0000000091 0.0000000077 0.0000000095 
0.0000000086 0.0000000075 0.0000000098 
0.0000000081 0.0000000072 0.0000000100 
0.0000000075 0.0000000069 0.0000000102 
0.0000000070 0.0000000067 0.0000000104 
0.0000000065 0.0000000064 0.0000000107 
0.0000000060 0.0000000061 0.0000000109 
0.0000000055 0.0000000059 0.0000000111 
0.0000000050 0.0000000056 0.0000000113 
0.0000000046 0.0000000054 0.0000000114 
0.0000000041 0.0000000052 0.0000000116 
0.0000000038 0.0000000050 0.0000000118 
0.0000000035 0.0000000049 0.0000000120 
0.0000000032 0.0000000047 0.0000000122 
0.0000000030 0.0000000047 0.0000000124 
0.0000000029 0.0000000046 0.0000000126 
0.0000000028 0.0000000046 0.0000000129 
0.0000000028 0.0000000046 0.0000000131 
0.0000000029 0.0000000047 0.0000000133 
0.0000000030 0.0000000048 0.0000000136 
0.0000000031 0.0000000049 0.0000000138 
0.0000000033 0.0000000050 0.0000000140 
0.0000000035 0.0000000051 0.0000000142 
0.0000000037 0.0000000052 0.0000000145 
0.0000000039 0.0000000054 0.0000000147 
0.0000000041 0.0000000055 0.0000000149 
0.0000000044 0.0000000056 0.0000000150 
0.0000000046 0.0000000057 0.0000000152 
0.0000000048 0.0000000058 0.0000000154 
0.0000000050 0.0000000060 0.0000000155 
0.0000000052 0.0000000061 0.0000000156 
0.0000000054 0.0000000062 0.0000000158 
0.0000000056 0.0000000063 0.0000000159 
0.0000000059 0.0000000063 0.0000000160 
0.0000000061 0.0000000064 0.0000000161 
0.0000000063 0.0000000065 0.0000000162 
0.0000000065 0.0000000066 0.0000000163 
0.0000000067 0.0000000067 0.0000000164 
0.0000000069 0.0000000068 0.0000000165 
0.0000000071 0.0000000068 0.0000000166 
0.0000000073 0.0000000069 0.0000000167 
0.0000000075 0.0000000069 0.0000000167 
0.0000000077 0.0000000070 0.0000000168 
0.0000000079 0.0000000070 0.0000000169 
0.0000000081 0.0000000071 0.0000000169 
0.0000000082 0.0000000071 0.0000000169 
0.0000000084 0.0000000071 0.0000000170 
0.0000000085 0.0000000071 0.0000000170 
0.0000000086 0.0000000071 0.0000000170 
0.0000000087 0.0000000071 0.0000000170 
0.0000000088 0.0000000071 0.0000000170 
0.0000000088 0.0000000071 0.0000000170 
0.0000000089 0.0000000071 0.0000000169 
0.0000000089 0.0000000070 0.0000000169 
0.0000000089 0.0000000070 0.0000000169 
0.0000000089 0.0000000069 0.0000000168 
0.0000000089 0.0000000069 0.0000000168 
0.0000000089 0.0000000068 0.0000000167 
0.0000000089 0.0000000068 0.0000000166 
0.0000000089 0.0000000067 0.0000000166 
0.0000000089 0.0000000067 0.0000000165 
0.0000000088 0.0000000066 0.0000000164 
0.0000000088 0.0000000066 0.0000000163 
0.0000000088 0.0000000065 0.0000000162 
0.0000000088 0.0000000064 0.0000000162 
0.0000000087 0.0000000064 0.0000000161 
0.0000000087 0.0000000063 0.0000000160 
0.0000000086 0.0000000063 0.0000000159 
0.0000000086 0.0000000062 0.0000000158 
0.0000000085 0.0000000061 0.0000000157 
