0.0000020250 -0.0000022270 0.0000041605 
0.0000020262 -0.0000021919 0.0000041138 
0.0000020273 -0.0000021587 0.0000040687 
0.0000020281 -0.0000021270 0.0000040251 
0.0000020283 -0.0000020968 0.0000039827 
0.0000020281 -0.0000020678 0.0000039415 
0.0000020273 -0.0000020398 0.0000039012 
0.0000020259 -0.0000020129 0.0000038619 
0.0000020239 -0.0000019867 0.0000038234 
0.0000020213 -0.0000019614 0.0000037857 
0.0000020180 -0.0000019367 0.0000037487 
0.0000020141 -0.0000019127 0.0000037125 
0.0000020095 -0.0000018891 0.0000036769 
0.0000020043 -0.0000018661 0.0000036420 
0.0000019984 -0.0000018436 0.0000036077 
0.0000019920 -0.0000018215 0.0000035740 
0.0000019850 -0.0000017998 0.0000035408 
0.0000019775 -0.0000017784 0.0000035082 
0.0000019695 -0.0000017574 0.0000034762 
0.0000019611 -0.0000017368 0.0000034447 
0.0000019523 -0.0000017165 0.0000034137 
0.0000019432 -0.0000016965 0.0000033832 
0.0000019339 -0.0000016768 0.0000033531 
0.0000019243 -0.0000016575 0.0000033236 
0.0000019146 -0.0000016384 0.0000032945 
0.0000019047 -0.0000016197 0.0000032659 
0.0000018947 -0.0000016012 0.0000032377 
0.0000018847 -0.0000015829 0.0000032098 
0.0000018746 -0.0000015650 0.0000031824 
0.0000018645 -0.0000015472 0.0000031554 
0.0000018543 -0.0000015297 0.0000031289 
0.0000018442 -0.0000015125 0.0000031027 
0.0000018339 -0.0000014954 0.0000030769 
0.0000018237 -0.0000014786 0.0000030515 
0.0000018135 -0.0000014621 0.0000030265 
0.0000018033 -0.0000014458 0.0000030020 
0.0000017933 -0.0000014297 0.0000029779 
0.0000017833 -0.0000014139 0.0000029541 
0.0000017734 -0.0000013983 0.0000029308 
0.0000017637 -0.0000013829 0.0000029078 
0.0000017539 -0.0000013679 0.0000028851 
0.0000017442 -0.0000013531 0.0000028628 
0.0000017345 -0.0000013386 0.0000028407 
0.0000017250 -0.0000013243 0.0000028190 
0.0000017157 -0.0000013101 0.0000027976 
0.0000017066 -0.0000012962 0.0000027765 
0.0000016975 -0.0000012824 0.0000027557 
0.0000016886 -0.0000012688 0.0000027351 
0.0000016798 -0.0000012554 0.0000027147 
0.0000016712 -0.0000012422 0.0000026947 
0.0000016627 -0.0000012291 0.0000026748 
0.0000016543 -0.0000012162 0.0000026552 
0.0000016461 -0.0000012034 0.0000026359 
0.0000016380 -0.0000011908 0.0000026168 
0.0000016300 -0.0000011782 0.0000025979 
0.0000016223 -0.0000011657 0.0000025792 
0.0000016147 -0.0000011532 0.0000025608 
0.0000016074 -0.0000011407 0.0000025427 
0.0000016002 -0.0000011283 0.0000025247 
0.0000015931 -0.0000011159 0.0000025068 
0.0000015860 -0.0000011036 0.0000024892 
0.0000015789 -0.0000010914 0.0000024716 
0.0000015718 -0.0000010792 0.0000024542 
0.0000015648 -0.0000010672 0.0000024369 
0.0000015577 -0.0000010552 0.0000024197 
0.0000015507 -0.0000010434 0.0000024027 
0.0000015436 -0.0000010316 0.0000023857 
0.0000015366 -0.0000010199 0.0000023689 
0.0000015296 -0.0000010084 0.0000023522 
0.0000015226 -0.0000009969 0.0000023356 
0.0000015156 -0.0000009855 0.0000023191 
0.0000015086 -0.0000009742 0.0000023027 
0.0000015017 -0.0000009630 0.0000022863 
0.0000014947 -0.0000009518 0.0000022701 
0.0000014877 -0.0000009407 0.0000022540 
0.0000014808 -0.0000009298 0.0000022380 
0.0000014740 -0.0000009189 0.0000022221 
0.0000014672 -0.0000009081 0.0000022064 
0.0000014604 -0.0000008974 0.0000021908 
0.0000014537 -0.0000008868 0.0000021753 
0.0000014470 -0.0000008763 0.0000021600 
0.0000014403 -0.0000008658 0.0000021447 
0.0000014336 -0.0000008555 0.0000021296 
0.0000014269 -0.0000008452 0.0000021146 
0.0000014202 -0.0000008350 0.0000020996 
0.0000014134 -0.0000008249 0.0000020848 
0.0000014067 -0.0000008148 0.0000020701 
0.0000013999 -0.0000008049 0.0000020554 
0.0000013931 -0.0000007951 0.0000020408 
0.0000013863 -0.0000007853 0.0000020263 
0.0000013795 -0.0000007757 0.0000020119 
0.0000013727 -0.0000007661 0.0000019976 
0.0000013659 -0.0000007566 0.0000019834 
0.0000013590 -0.0000007472 0.0000019692 
0.0000013521 -0.0000007379 0.0000019552 
0.0000013452 -0.0000007287 0.0000019412 
0.0000013382 -0.0000007196 0.0000019272 
0.0000013312 -0.0000007105 0.0000019134 
0.0000013242 -0.0000007016 0.0000018996 
0.0000013171 -0.0000006927 0.0000018859 
0.0000013100 -0.0000006838 0.0000018723 
0.0000013029 -0.0000006751 0.0000018587 
0.0000012957 -0.0000006664 0.0000018452 
0.0000012885 -0.0000006578 0.0000018318 
0.0000012813 -0.0000006492 0.0000018184 
0.0000012741 -0.0000006407 0.0000018051 
0.0000012669 -0.0000006323 0.0000017919 
0.0000012596 -0.0000006239 0.0000017788 
0.0000012522 -0.0000006156 0.0000017656 
0.0000012448 -0.0000006074 0.0000017526 
0.0000012374 -0.0000005993 0.0000017396 
0.0000012300 -0.0000005912 0.0000017266 
0.0000012226 -0.0000005832 0.0000017137 
0.0000012151 -0.0000005753 0.0000017009 
0.0000012076 -0.0000005675 0.0000016881 
0.0000012001 -0.0000005597 0.0000016754 
0.0000011926 -0.0000005520 0.0000016627 
0.0000011850 -0.0000005443 0.0000016500 
0.0000011774 -0.0000005368 0.0000016374 
0.0000011697 -0.0000005293 0.0000016249 
0.0000011620 -0.0000005219 0.0000016124 
0.0000011542 -0.0000005145 0.0000015999 
0.0000011464 -0.0000005072 0.0000015875 
0.0000011386 -0.0000005000 0.0000015752 
0.0000011307 -0.0000004929 0.0000015628 
0.0000011228 -0.0000004858 0.0000015506 
0.0000011148 -0.0000004787 0.0000015384 
0.0000011068 -0.0000004717 0.0000015262 
0.0000010988 -0.0000004648 0.0000015141 
0.0000010907 -0.0000004580 0.0000015020 
0.0000010826 -0.0000004512 0.0000014900 
0.0000010744 -0.0000004445 0.0000014780 
0.0000010662 -0.0000004379 0.0000014661 
0.0000010579 -0.0000004313 0.0000014542 
0.0000010496 -0.0000004248 0.0000014423 
0.0000010413 -0.0000004183 0.0000014304 
0.0000010329 -0.0000004119 0.0000014186 
0.0000010245 -0.0000004056 0.0000014069 
0.0000010160 -0.0000003993 0.0000013952 
0.0000010075 -0.0000003930 0.0000013835 
0.0000009990 -0.0000003868 0.0000013719 
0.0000009904 -0.0000003807 0.0000013603 
0.0000009818 -0.0000003746 0.0000013488 
0.0000009731 -0.0000003686 0.0000013373 
0.0000009645 -0.0000003626 0.0000013258 
0.0000009558 -0.0000003567 0.0000013144 
0.0000009471 -0.0000003508 0.0000013031 
0.0000009384 -0.0000003450 0.0000012917 
0.0000009296 -0.0000003392 0.0000012805 
0.0000009209 -0.0000003335 0.0000012692 
0.0000009122 -0.0000003278 0.0000012580 
0.0000009034 -0.0000003222 0.0000012469 
0.0000008947 -0.0000003166 0.0000012357 
0.0000008859 -0.0000003111 0.0000012247 
0.0000008771 -0.0000003056 0.0000012136 
0.0000008684 -0.0000003002 0.0000012027 
0.0000008596 -0.0000002948 0.0000011917 
0.0000008507 -0.0000002895 0.0000011808 
0.0000008419 -0.0000002843 0.0000011699 
0.0000008330 -0.0000002791 0.0000011590 
0.0000008241 -0.0000002739 0.0000011482 
0.0000008153 -0.0000002688 0.0000011374 
0.0000008064 -0.0000002638 0.0000011267 
0.0000007975 -0.0000002587 0.0000011160 
0.0000007887 -0.0000002538 0.0000011053 
0.0000007798 -0.0000002488 0.0000010947 
0.0000007710 -0.0000002439 0.0000010842 
0.0000007622 -0.0000002391 0.0000010736 
0.0000007533 -0.0000002343 0.0000010631 
0.0000007445 -0.0000002295 0.0000010526 
0.0000007357 -0.0000002248 0.0000010422 
0.0000007269 -0.0000002201 0.0000010317 
0.0000007181 -0.0000002155 0.0000010214 
0.0000007093 -0.0000002109 0.0000010110 
0.0000007005 -0.0000002063 0.0000010007 
0.0000006917 -0.0000002018 0.0000009904 
0.0000006829 -0.0000001973 0.0000009802 
0.0000006741 -0.0000001929 0.0000009699 
0.0000006652 -0.0000001885 0.0000009598 
0.0000006564 -0.0000001841 0.0000009496 
0.0000006476 -0.0000001797 0.0000009395 
0.0000006388 -0.0000001754 0.0000009294 
0.0000006300 -0.0000001712 0.0000009194 
0.0000006212 -0.0000001670 0.0000009094 
0.0000006123 -0.0000001628 0.0000008994 
0.0000006035 -0.0000001586 0.0000008894 
0.0000005946 -0.0000001546 0.0000008795 
0.0000005858 -0.0000001505 0.0000008696 
0.0000005769 -0.0000001465 0.0000008598 
0.0000005680 -0.0000001425 0.0000008499 
0.0000005591 -0.0000001386 0.0000008401 
0.0000005502 -0.0000001347 0.0000008303 
0.0000005413 -0.0000001308 0.0000008206 
0.0000005324 -0.0000001270 0.0000008109 
0.0000005234 -0.0000001232 0.0000008012 
0.0000005145 -0.0000001194 0.0000007916 
0.0000005056 -0.0000001157 0.0000007819 
0.0000004967 -0.0000001120 0.0000007724 
0.0000004879 -0.0000001084 0.0000007628 
0.0000004791 -0.0000001047 0.0000007533 
0.0000004702 -0.0000001012 0.0000007438 
0.0000004615 -0.0000000976 0.0000007344 
0.0000004527 -0.0000000941 0.0000007249 
0.0000004440 -0.0000000906 0.0000007156 
0.0000004353 -0.0000000871 0.0000007062 
0.0000004266 -0.0000000837 0.0000006969 
0.0000004180 -0.0000000802 0.0000006876 
0.0000004093 -0.0000000769 0.0000006784 
0.0000004007 -0.0000000735 0.0000006692 
0.0000003922 -0.0000000702 0.0000006600 
0.0000003838 -0.0000000670 0.0000006508 
0.0000003754 -0.0000000638 0.0000006417 
0.0000003672 -0.0000000606 0.0000006326 
0.0000003590 -0.0000000574 0.0000006236 
0.0000003509 -0.0000000543 0.0000006146 
0.0000003428 -0.0000000512 0.0000006056 
0.0000003349 -0.0000000481 0.0000005967 
0.0000003270 -0.0000000451 0.0000005878 
0.0000003192 -0.0000000420 0.0000005790 
0.0000003115 -0.0000000390 0.0000005702 
0.0000003039 -0.0000000360 0.0000005614 
0.0000002964 -0.0000000331 0.0000005527 
0.0000002889 -0.0000000301 0.0000005440 
0.0000002815 -0.0000000272 0.0000005354 
0.0000002742 -0.0000000243 0.0000005268 
0.0000002669 -0.0000000215 0.0000005182 
0.0000002598 -0.0000000187 0.0000005096 
0.0000002527 -0.0000000159 0.0000005011 
0.0000002457 -0.0000000131 0.0000004926 
0.0000002388 -0.0000000104 0.0000004841 
0.0000002319 -0.0000000076 0.0000004756 
0.0000002252 -0.0000000050 0.0000004672 
0.0000002185 -0.0000000023 0.0000004588 
0.0000002119 0.0000000003 0.0000004505 
0.0000002054 0.0000000029 0.0000004422 
0.0000001989 0.0000000055 0.0000004339 
0.0000001926 0.0000000081 0.0000004256 
0.0000001863 0.0000000106 0.0000004173 
0.0000001802 0.0000000131 0.0000004091 
0.0000001742 0.0000000156 0.0000004009 
0.0000001682 0.0000000180 0.0000003928 
0.0000001624 0.0000000204 0.0000003846 
0.0000001566 0.0000000228 0.0000003765 
0.0000001510 0.0000000252 0.0000003683 
0.0000001454 0.0000000275 0.0000003602 
0.0000001399 0.0000000297 0.0000003522 
0.0000001345 0.0000000320 0.0000003441 
0.0000001293 0.0000000342 0.0000003360 
0.0000001241 0.0000000363 0.0000003280 
0.0000001190 0.0000000385 0.0000003200 
0.0000001141 0.0000000406 0.0000003120 
0.0000001092 0.0000000426 0.0000003039 
0.0000001045 0.0000000446 0.0000002959 
0.0000001000 0.0000000466 0.0000002879 
0.0000000955 0.0000000485 0.0000002799 
0.0000000912 0.0000000503 0.0000002720 
0.0000000870 0.0000000521 0.0000002640 
0.0000000830 0.0000000539 0.0000002560 
0.0000000790 0.0000000556 0.0000002480 
0.0000000753 0.0000000572 0.0000002400 
0.0000000716 0.0000000587 0.0000002320 
0.0000000681 0.0000000602 0.0000002240 
0.0000000647 0.0000000616 0.0000002160 
0.0000000615 0.0000000630 0.0000002081 
0.0000000584 0.0000000642 0.0000002001 
0.0000000555 0.0000000654 0.0000001921 
0.0000000527 0.0000000665 0.0000001841 
0.0000000500 0.0000000675 0.0000001760 
0.0000000475 0.0000000684 0.0000001680 
0.0000000450 0.0000000691 0.0000001600 
0.0000000427 0.0000000697 0.0000001519 
0.0000000404 0.0000000701 0.0000001437 
0.0000000381 0.0000000703 0.0000001354 
0.0000000381 0.0000000703 0.0000001354 
0.0000000381 0.0000000703 0.0000001354 
0.0000000381 0.0000000703 0.0000001354 
0.0000000381 0.0000000703 0.0000001354 
0.0000000381 0.0000000703 0.0000001354 
0.0000000381 0.0000000703 0.0000001354 
0.0000000381 0.0000000703 0.0000001354 
0.0000000381 0.0000000703 0.0000001354 
0.0000000381 0.0000000703 0.0000001354 
0.0000000381 0.0000000703 0.0000001354 
0.0000000381 0.0000000703 0.0000001354 
0.0000000381 0.0000000703 0.0000001354 
0.0000000381 0.0000000703 0.0000001354 
0.0000000381 0.0000000703 0.0000001354 
0.0000000381 0.0000000703 0.0000001354 
0.0000000381 0.0000000703 0.0000001354 
0.0000000381 0.0000000703 0.0000001354 
0.0000000381 0.0000000703 0.0000001354 
0.0000000381 0.0000000703 0.0000001354 
0.0000000381 0.0000000703 0.0000001354 
0.0000000381 0.0000000703 0.0000001354 
0.0000000381 0.0000000703 0.0000001354 
0.0000000381 0.0000000703 0.0000001354 
0.0000000381 0.0000000703 0.0000001354 
0.0000000381 0.0000000703 0.0000001354 
0.0000000381 0.0000000703 0.0000001354 
0.0000000381 0.0000000703 0.0000001354 
0.0000000381 0.0000000703 0.0000001354 
0.0000000381 0.0000000703 0.0000001354 
0.0000000381 0.0000000703 0.0000001354 
0.0000000381 0.0000000703 0.0000001354 
0.0000000381 0.0000000703 0.0000001354 
0.0000000381 0.0000000703 0.0000001354 
0.0000000381 0.0000000703 0.0000001354 
0.0000000381 0.0000000703 0.0000001354 
0.0000000381 0.0000000703 0.0000001354 
0.0000000381 0.0000000703 0.0000001354 
0.0000000381 0.0000000703 0.0000001354 
0.0000000381 0.0000000703 0.0000001354 
0.0000000381 0.0000000703 0.0000001354 
0.0000000381 0.0000000703 0.0000001354 
0.0000000381 0.0000000703 0.0000001354 
0.0000000381 0.0000000703 0.0000001354 
0.0000000381 0.0000000703 0.0000001354 
0.0000000381 0.0000000703 0.0000001354 
0.0000000381 0.0000000703 0.0000001354 
0.0000000381 0.0000000703 0.0000001354 
0.0000000381 0.0000000703 0.0000001354 
0.0000000371 0.0000000681 0.0000001250 
0.0000000371 0.0000000681 0.0000001250 
0.0000000371 0.0000000681 0.0000001250 
0.0000000371 0.0000000681 0.0000001250 
0.0000000371 0.0000000681 0.0000001250 
0.0000000371 0.0000000681 0.0000001250 
0.0000000371 0.0000000681 0.0000001250 
0.0000000371 0.0000000681 0.0000001250 
0.0000000371 0.0000000681 0.0000001250 
0.0000000371 0.0000000681 0.0000001250 
0.0000000371 0.0000000681 0.0000001250 
0.0000000371 0.0000000681 0.0000001250 
0.0000000371 0.0000000681 0.0000001250 
0.0000000371 0.0000000681 0.0000001250 
0.0000000371 0.0000000681 0.0000001250 
0.0000000371 0.0000000681 0.0000001250 
0.0000000368 0.0000000655 0.0000001166 
0.0000000369 0.0000000629 0.0000001080 
0.0000000368 0.0000000604 0.0000000995 
0.0000000368 0.0000000604 0.0000000995 
0.0000000368 0.0000000604 0.0000000995 
0.0000000368 0.0000000578 0.0000000915 
0.0000000372 0.0000000555 0.0000000837 
0.0000000380 0.0000000538 0.0000000763 
0.0000000380 0.0000000538 0.0000000763 
0.0000000400 0.0000000524 0.0000000694 
0.0000000420 0.0000000510 0.0000000625 
0.0000000438 0.0000000493 0.0000000559 
0.0000000453 0.0000000472 0.0000000499 
0.0000000467 0.0000000449 0.0000000441 
0.0000000481 0.0000000425 0.0000000384 
0.0000000495 0.0000000401 0.0000000329 
0.0000000495 0.0000000401 0.0000000329 
0.0000000495 0.0000000401 0.0000000329 
0.0000000510 0.0000000376 0.0000000279 
0.0000000510 0.0000000376 0.0000000279 
0.0000000510 0.0000000376 0.0000000279 
0.0000000532 0.0000000351 0.0000000232 
0.0000000532 0.0000000351 0.0000000232 
0.0000000532 0.0000000351 0.0000000232 
0.0000000532 0.0000000351 0.0000000232 
0.0000000532 0.0000000351 0.0000000232 
0.0000000532 0.0000000351 0.0000000232 
0.0000000532 0.0000000351 0.0000000232 
0.0000000532 0.0000000351 0.0000000232 
0.0000000532 0.0000000351 0.0000000232 
0.0000000532 0.0000000351 0.0000000232 
0.0000000548 0.0000000329 0.0000000197 
0.0000000548 0.0000000329 0.0000000197 
0.0000000548 0.0000000329 0.0000000197 
0.0000000548 0.0000000329 0.0000000197 
0.0000000548 0.0000000329 0.0000000197 
0.0000000548 0.0000000329 0.0000000197 
0.0000000548 0.0000000329 0.0000000197 
0.0000000548 0.0000000329 0.0000000197 
0.0000000548 0.0000000329 0.0000000197 
0.0000000548 0.0000000329 0.0000000197 
0.0000000548 0.0000000329 0.0000000197 
0.0000000548 0.0000000329 0.0000000197 
0.0000000548 0.0000000329 0.0000000197 
0.0000000548 0.0000000329 0.0000000197 
0.0000000548 0.0000000329 0.0000000197 
0.0000000548 0.0000000329 0.0000000197 
0.0000000548 0.0000000329 0.0000000197 
0.0000000548 0.0000000329 0.0000000197 
0.0000000548 0.0000000329 0.0000000197 
0.0000000548 0.0000000329 0.0000000197 
0.0000000548 0.0000000329 0.0000000197 
0.0000000548 0.0000000329 0.0000000197 
0.0000000548 0.0000000329 0.0000000197 
0.0000000548 0.0000000329 0.0000000197 
0.0000000548 0.0000000329 0.0000000197 
0.0000000548 0.0000000329 0.0000000197 
0.0000000548 0.0000000329 0.0000000197 
0.0000000548 0.0000000329 0.0000000197 
0.0000000548 0.0000000329 0.0000000197 
0.0000000548 0.0000000329 0.0000000197 
0.0000000548 0.0000000329 0.0000000197 
0.0000000548 0.0000000329 0.0000000197 
0.0000000548 0.0000000329 0.0000000197 
0.0000000527 0.0000000317 0.0000000190 
0.0000000527 0.0000000317 0.0000000190 
0.0000000527 0.0000000317 0.0000000190 
0.0000000527 0.0000000317 0.0000000190 
0.0000000527 0.0000000317 0.0000000190 
0.0000000527 0.0000000317 0.0000000190 
0.0000000527 0.0000000317 0.0000000190 
0.0000000527 0.0000000317 0.0000000190 
0.0000000527 0.0000000317 0.0000000190 
0.0000000527 0.0000000317 0.0000000190 
0.0000000527 0.0000000317 0.0000000190 
0.0000000527 0.0000000317 0.0000000190 
0.0000000527 0.0000000317 0.0000000190 
0.0000000527 0.0000000317 0.0000000190 
0.0000000527 0.0000000317 0.0000000190 
0.0000000527 0.0000000317 0.0000000190 
0.0000000527 0.0000000317 0.0000000190 
0.0000000527 0.0000000317 0.0000000190 
0.0000000527 0.0000000317 0.0000000190 
0.0000000527 0.0000000317 0.0000000190 
0.0000000527 0.0000000317 0.0000000190 
0.0000000527 0.0000000317 0.0000000190 
0.0000000527 0.0000000317 0.0000000190 
0.0000000527 0.0000000317 0.0000000190 
0.0000000527 0.0000000317 0.0000000190 
0.0000000527 0.0000000317 0.0000000190 
0.0000000527 0.0000000317 0.0000000190 
0.0000000527 0.0000000317 0.0000000190 
0.0000000527 0.0000000317 0.0000000190 
0.0000000527 0.0000000317 0.0000000190 
0.0000000527 0.0000000317 0.0000000190 
0.0000000527 0.0000000317 0.0000000190 
0.0000000527 0.0000000317 0.0000000190 
0.0000000527 0.0000000317 0.0000000190 
0.0000000527 0.0000000317 0.0000000190 
0.0000000527 0.0000000317 0.0000000190 
0.0000000527 0.0000000317 0.0000000190 
0.0000000527 0.0000000317 0.0000000190 
0.0000000527 0.0000000317 0.0000000190 
0.0000000527 0.0000000317 0.0000000190 
0.0000000527 0.0000000317 0.0000000190 
0.0000000527 0.0000000317 0.0000000190 
0.0000000527 0.0000000317 0.0000000190 
0.0000000527 0.0000000317 0.0000000190 
0.0000000527 0.0000000317 0.0000000190 
0.0000000527 0.0000000317 0.0000000190 
0.0000000527 0.0000000317 0.0000000190 
0.0000000527 0.0000000317 0.0000000190 
0.0000000527 0.0000000317 0.0000000190 
0.0000000527 0.0000000317 0.0000000190 
0.0000000527 0.0000000317 0.0000000190 
0.0000000527 0.0000000317 0.0000000190 
0.0000000527 0.0000000317 0.0000000190 
0.0000000527 0.0000000317 0.0000000190 
0.0000000527 0.0000000317 0.0000000190 
0.0000000527 0.0000000317 0.0000000190 
0.0000000527 0.0000000317 0.0000000190 
0.0000000527 0.0000000317 0.0000000190 
0.0000000527 0.0000000317 0.0000000190 
0.0000000527 0.0000000317 0.0000000190 
0.0000000527 0.0000000317 0.0000000190 
0.0000000527 0.0000000317 0.0000000190 
0.0000000527 0.0000000317 0.0000000190 
0.0000000527 0.0000000317 0.0000000190 
0.0000000527 0.0000000317 0.0000000190 
0.0000000527 0.0000000317 0.0000000190 
0.0000000527 0.0000000317 0.0000000190 
0.0000000527 0.0000000317 0.0000000190 
0.0000000527 0.0000000317 0.0000000190 
0.0000000527 0.0000000317 0.0000000190 
0.0000000527 0.0000000317 0.0000000190 
0.0000000527 0.0000000317 0.0000000190 
0.0000000527 0.0000000317 0.0000000190 
0.0000000527 0.0000000317 0.0000000190 
0.0000000527 0.0000000317 0.0000000190 
0.0000000527 0.0000000317 0.0000000190 
0.0000000527 0.0000000317 0.0000000190 
0.0000000527 0.0000000317 0.0000000190 
0.0000000527 0.0000000317 0.0000000190 
0.0000000527 0.0000000317 0.0000000190 
0.0000000527 0.0000000317 0.0000000190 
0.0000000527 0.0000000317 0.0000000190 
0.0000000527 0.0000000317 0.0000000190 
0.0000000527 0.0000000317 0.0000000190 
0.0000000527 0.0000000317 0.0000000190 
0.0000000527 0.0000000317 0.0000000190 
0.0000000527 0.0000000317 0.0000000190 
0.0000000527 0.0000000317 0.0000000190 
0.0000000527 0.0000000317 0.0000000190 
0.0000000527 0.0000000317 0.0000000190 
0.0000000527 0.0000000317 0.0000000190 
0.0000000527 0.0000000317 0.0000000190 
0.0000000527 0.0000000317 0.0000000190 
0.0000000527 0.0000000317 0.0000000190 
0.0000000527 0.0000000317 0.0000000190 
0.0000000527 0.0000000317 0.0000000190 
0.0000000527 0.0000000317 0.0000000190 
0.0000000527 0.0000000317 0.0000000190 
0.0000000527 0.0000000317 0.0000000190 
0.0000000527 0.0000000317 0.0000000190 
0.0000000527 0.0000000317 0.0000000190 
0.0000000527 0.0000000317 0.0000000190 
0.0000000527 0.0000000317 0.0000000190 
0.0000000527 0.0000000317 0.0000000190 
0.0000000527 0.0000000317 0.0000000190 
0.0000000527 0.0000000317 0.0000000190 
0.0000000527 0.0000000317 0.0000000190 
0.0000000527 0.0000000317 0.0000000190 
0.0000000527 0.0000000317 0.0000000190 
0.0000000527 0.0000000317 0.0000000190 
0.0000000527 0.0000000317 0.0000000190 
0.0000000527 0.0000000317 0.0000000190 
0.0000000527 0.0000000317 0.0000000190 
0.0000000527 0.0000000317 0.0000000190 
0.0000000527 0.0000000317 0.0000000190 
0.0000000527 0.0000000317 0.0000000190 
0.0000000527 0.0000000317 0.0000000190 
0.0000000527 0.0000000317 0.0000000190 
0.0000000527 0.0000000317 0.0000000190 
0.0000000527 0.0000000317 0.0000000190 
0.0000000527 0.0000000317 0.0000000190 
0.0000000527 0.0000000317 0.0000000190 
0.0000000527 0.0000000317 0.0000000190 
0.0000000527 0.0000000317 0.0000000190 
0.0000000527 0.0000000317 0.0000000190 
0.0000000527 0.0000000317 0.0000000190 
0.0000000527 0.0000000317 0.0000000190 
0.0000000527 0.0000000317 0.0000000190 
0.0000000527 0.0000000317 0.0000000190 
0.0000000527 0.0000000317 0.0000000190 
0.0000000527 0.0000000317 0.0000000190 
0.0000000527 0.0000000317 0.0000000190 
0.0000000527 0.0000000317 0.0000000190 
0.0000000527 0.0000000317 0.0000000190 
0.0000000527 0.0000000317 0.0000000190 
0.0000000527 0.0000000317 0.0000000190 
0.0000000527 0.0000000317 0.0000000190 
0.0000000527 0.0000000317 0.0000000190 
0.0000000527 0.0000000317 0.0000000190 
0.0000000527 0.0000000317 0.0000000190 
0.0000000527 0.0000000317 0.0000000190 
0.0000000527 0.0000000317 0.0000000190 
0.0000000527 0.0000000317 0.0000000190 
0.0000000527 0.0000000317 0.0000000190 
0.0000000527 0.0000000317 0.0000000190 
0.0000000527 0.0000000317 0.0000000190 
0.0000000527 0.0000000317 0.0000000190 
0.0000000527 0.0000000317 0.0000000190 
0.0000000527 0.0000000317 0.0000000190 
0.0000000527 0.0000000317 0.0000000190 
0.0000000527 0.0000000317 0.0000000190 
0.0000000527 0.0000000317 0.0000000190 
0.0000000527 0.0000000317 0.0000000190 
0.0000000527 0.0000000317 0.0000000190 
0.0000000527 0.0000000317 0.0000000190 
0.0000000527 0.0000000317 0.0000000190 
0.0000000527 0.0000000317 0.0000000190 
0.0000000527 0.0000000317 0.0000000190 
0.0000000527 0.0000000317 0.0000000190 
0.0000000527 0.0000000317 0.0000000190 
0.0000000527 0.0000000317 0.0000000190 
0.0000000527 0.0000000317 0.0000000190 
0.0000000527 0.0000000317 0.0000000190 
0.0000000527 0.0000000317 0.0000000190 
0.0000000527 0.0000000317 0.0000000190 
0.0000000527 0.0000000317 0.0000000190 
0.0000000527 0.0000000317 0.0000000190 
0.0000000527 0.0000000317 0.0000000190 
0.0000000527 0.0000000317 0.0000000190 
0.0000000527 0.0000000317 0.0000000190 
0.0000000527 0.0000000317 0.0000000190 
0.0000000527 0.0000000317 0.0000000190 
0.0000000527 0.0000000317 0.0000000190 
0.0000000527 0.0000000317 0.0000000190 
0.0000000527 0.0000000317 0.0000000190 
0.0000000527 0.0000000317 0.0000000190 
0.0000000527 0.0000000317 0.0000000190 
0.0000000527 0.0000000317 0.0000000190 
0.0000000527 0.0000000317 0.0000000190 
0.0000000527 0.0000000317 0.0000000190 
0.0000000527 0.0000000317 0.0000000190 
0.0000000527 0.0000000317 0.0000000190 
0.0000000527 0.0000000317 0.0000000190 
0.0000000527 0.0000000317 0.0000000190 
0.0000000527 0.0000000317 0.0000000190 
0.0000000527 0.0000000317 0.0000000190 
0.0000000527 0.0000000317 0.0000000190 
0.0000000527 0.0000000317 0.0000000190 
0.0000000527 0.0000000317 0.0000000190 
0.0000000527 0.0000000317 0.0000000190 
0.0000000527 0.0000000317 0.0000000190 
0.0000000527 0.0000000317 0.0000000190 
0.0000000527 0.0000000317 0.0000000190 
0.0000000527 0.0000000317 0.0000000190 
0.0000000527 0.0000000317 0.0000000190 
0.0000000527 0.0000000317 0.0000000190 
0.0000000527 0.0000000317 0.0000000190 
0.0000000527 0.0000000317 0.0000000190 
0.0000000527 0.0000000317 0.0000000190 
0.0000000527 0.0000000317 0.0000000190 
0.0000000527 0.0000000317 0.0000000190 
0.0000000527 0.0000000317 0.0000000190 
0.0000000527 0.0000000317 0.0000000190 
0.0000000527 0.0000000317 0.0000000190 
0.0000000527 0.0000000317 0.0000000190 
0.0000000527 0.0000000317 0.0000000190 
0.0000000527 0.0000000317 0.0000000190 
0.0000000527 0.0000000317 0.0000000190 
0.0000000527 0.0000000317 0.0000000190 
0.0000000527 0.0000000317 0.0000000190 
0.0000000527 0.0000000317 0.0000000190 
0.0000000527 0.0000000317 0.0000000190 
0.0000000527 0.0000000317 0.0000000190 
0.0000000527 0.0000000317 0.0000000190 
0.0000000527 0.0000000317 0.0000000190 
0.0000000527 0.0000000317 0.0000000190 
0.0000000527 0.0000000317 0.0000000190 
0.0000000527 0.0000000317 0.0000000190 
0.0000000527 0.0000000317 0.0000000190 
0.0000000527 0.0000000317 0.0000000190 
0.0000000527 0.0000000317 0.0000000190 
0.0000000527 0.0000000317 0.0000000190 
0.0000000527 0.0000000317 0.0000000190 
0.0000000527 0.0000000317 0.0000000190 
0.0000000527 0.0000000317 0.0000000190 
0.0000000527 0.0000000317 0.0000000190 
0.0000000527 0.0000000317 0.0000000190 
0.0000000527 0.0000000317 0.0000000190 
0.0000000527 0.0000000317 0.0000000190 
0.0000000527 0.0000000317 0.0000000190 
0.0000000527 0.0000000317 0.0000000190 
0.0000000527 0.0000000317 0.0000000190 
0.0000000527 0.0000000317 0.0000000190 
0.0000000527 0.0000000317 0.0000000190 
0.0000000527 0.0000000317 0.0000000190 
0.0000000527 0.0000000317 0.0000000190 
0.0000000527 0.0000000317 0.0000000190 
0.0000000527 0.0000000317 0.0000000190 
0.0000000527 0.0000000317 0.0000000190 
0.0000000527 0.0000000317 0.0000000190 
0.0000000527 0.0000000317 0.0000000190 
0.0000000527 0.0000000317 0.0000000190 
0.0000000527 0.0000000317 0.0000000190 
0.0000000527 0.0000000317 0.0000000190 
0.0000000527 0.0000000317 0.0000000190 
0.0000000527 0.0000000317 0.0000000190 
0.0000000527 0.0000000317 0.0000000190 
0.0000000527 0.0000000317 0.0000000190 
0.0000000527 0.0000000317 0.0000000190 
0.0000000527 0.0000000317 0.0000000190 
0.0000000527 0.0000000317 0.0000000190 
0.0000000527 0.0000000317 0.0000000190 
0.0000000527 0.0000000317 0.0000000190 
0.0000000527 0.0000000317 0.0000000190 
0.0000000527 0.0000000317 0.0000000190 
0.0000000527 0.0000000317 0.0000000190 
0.0000000527 0.0000000317 0.0000000190 
0.0000000527 0.0000000317 0.0000000190 
0.0000000527 0.0000000317 0.0000000190 
0.0000000527 0.0000000317 0.0000000190 
0.0000000527 0.0000000317 0.0000000190 
0.0000000527 0.0000000317 0.0000000190 
0.0000000527 0.0000000317 0.0000000190 
0.0000000527 0.0000000317 0.0000000190 
0.0000000527 0.0000000317 0.0000000190 
0.0000000527 0.0000000317 0.0000000190 
0.0000000527 0.0000000317 0.0000000190 
0.0000000527 0.0000000317 0.0000000190 
0.0000000527 0.0000000317 0.0000000190 
0.0000000527 0.0000000317 0.0000000190 
0.0000000527 0.0000000317 0.0000000190 
0.0000000527 0.0000000317 0.0000000190 
0.0000000527 0.0000000317 0.0000000190 
0.0000000527 0.0000000317 0.0000000190 
0.0000000527 0.0000000317 0.0000000190 
0.0000000527 0.0000000317 0.0000000190 
0.0000000527 0.0000000317 0.0000000190 
0.0000000527 0.0000000317 0.0000000190 
0.0000000527 0.0000000317 0.0000000190 
0.0000000527 0.0000000317 0.0000000190 
0.0000000527 0.0000000317 0.0000000190 
0.0000000527 0.0000000317 0.0000000190 
0.0000000527 0.0000000317 0.0000000190 
0.0000000527 0.0000000317 0.0000000190 
0.0000000510 0.0000000311 0.0000000190 
0.0000000498 0.0000000307 0.0000000192 
0.0000000490 0.0000000305 0.0000000196 
0.0000000486 0.0000000304 0.0000000202 
0.0000000485 0.0000000305 0.0000000210 
0.0000000488 0.0000000306 0.0000000219 
0.0000000494 0.0000000308 0.0000000228 
0.0000000501 0.0000000311 0.0000000237 
0.0000000510 0.0000000314 0.0000000246 
0.0000000519 0.0000000317 0.0000000256 
0.0000000530 0.0000000320 0.0000000265 
0.0000000540 0.0000000324 0.0000000273 
0.0000000551 0.0000000327 0.0000000282 
0.0000000562 0.0000000330 0.0000000290 
0.0000000573 0.0000000333 0.0000000298 
0.0000000584 0.0000000336 0.0000000305 
0.0000000594 0.0000000339 0.0000000312 
0.0000000604 0.0000000341 0.0000000318 
0.0000000614 0.0000000344 0.0000000325 
0.0000000623 0.0000000346 0.0000000330 
0.0000000631 0.0000000348 0.0000000336 
0.0000000639 0.0000000350 0.0000000340 
0.0000000646 0.0000000352 0.0000000345 
0.0000000653 0.0000000354 0.0000000349 
0.0000000659 0.0000000355 0.0000000353 
0.0000000665 0.0000000357 0.0000000356 
0.0000000670 0.0000000358 0.0000000360 
0.0000000675 0.0000000359 0.0000000362 
0.0000000679 0.0000000360 0.0000000365 
0.0000000682 0.0000000361 0.0000000367 
0.0000000685 0.0000000361 0.0000000369 
0.0000000688 0.0000000362 0.0000000371 
0.0000000690 0.0000000362 0.0000000372 
0.0000000691 0.0000000363 0.0000000373 
0.0000000692 0.0000000363 0.0000000374 
0.0000000693 0.0000000363 0.0000000374 
0.0000000693 0.0000000363 0.0000000375 
0.0000000693 0.0000000363 0.0000000375 
0.0000000693 0.0000000362 0.0000000375 
0.0000000692 0.0000000362 0.0000000375 
0.0000000691 0.0000000362 0.0000000374 
0.0000000689 0.0000000361 0.0000000374 
0.0000000688 0.0000000361 0.0000000373 
0.0000000686 0.0000000360 0.0000000372 
0.0000000683 0.0000000359 0.0000000371 
0.0000000681 0.0000000358 0.0000000370 
0.0000000678 0.0000000357 0.0000000368 
0.0000000675 0.0000000356 0.0000000366 
0.0000000671 0.0000000355 0.0000000365 
0.0000000668 0.0000000354 0.0000000363 
0.0000000664 0.0000000352 0.0000000361 
0.0000000659 0.0000000351 0.0000000358 
0.0000000655 0.0000000349 0.0000000356 
0.0000000650 0.0000000348 0.0000000354 
0.0000000645 0.0000000346 0.0000000351 
0.0000000640 0.0000000344 0.0000000349 
0.0000000635 0.0000000343 0.0000000346 
0.0000000629 0.0000000341 0.0000000343 
0.0000000624 0.0000000339 0.0000000340 
0.0000000618 0.0000000337 0.0000000337 
0.0000000612 0.0000000335 0.0000000334 
0.0000000606 0.0000000333 0.0000000331 
0.0000000600 0.0000000331 0.0000000328 
0.0000000593 0.0000000329 0.0000000325 
0.0000000587 0.0000000326 0.0000000321 
0.0000000581 0.0000000324 0.0000000318 
0.0000000574 0.0000000322 0.0000000315 
0.0000000568 0.0000000320 0.0000000311 
0.0000000561 0.0000000317 0.0000000308 
0.0000000555 0.0000000315 0.0000000304 
0.0000000548 0.0000000313 0.0000000300 
0.0000000542 0.0000000310 0.0000000297 
0.0000000535 0.0000000308 0.0000000293 
0.0000000528 0.0000000305 0.0000000289 
0.0000000522 0.0000000303 0.0000000285 
0.0000000515 0.0000000300 0.0000000282 
0.0000000508 0.0000000298 0.0000000278 
0.0000000502 0.0000000295 0.0000000274 
0.0000000495 0.0000000292 0.0000000270 
0.0000000488 0.0000000290 0.0000000266 
0.0000000482 0.0000000287 0.0000000262 
0.0000000475 0.0000000284 0.0000000258 
0.0000000469 0.0000000282 0.0000000254 
0.0000000462 0.0000000279 0.0000000250 
0.0000000456 0.0000000276 0.0000000246 
0.0000000449 0.0000000273 0.0000000241 
0.0000000443 0.0000000271 0.0000000237 
0.0000000436 0.0000000268 0.0000000233 
0.0000000430 0.0000000265 0.0000000229 
0.0000000423 0.0000000262 0.0000000225 
0.0000000417 0.0000000259 0.0000000220 
0.0000000411 0.0000000256 0.0000000216 
0.0000000405 0.0000000253 0.0000000212 
0.0000000398 0.0000000251 0.0000000208 
0.0000000392 0.0000000248 0.0000000203 
0.0000000386 0.0000000245 0.0000000199 
0.0000000380 0.0000000242 0.0000000195 
0.0000000375 0.0000000239 0.0000000190 
0.0000000369 0.0000000236 0.0000000186 
0.0000000363 0.0000000232 0.0000000181 
0.0000000357 0.0000000229 0.0000000177 
0.0000000352 0.0000000226 0.0000000173 
0.0000000346 0.0000000223 0.0000000168 
0.0000000341 0.0000000220 0.0000000164 
0.0000000335 0.0000000216 0.0000000159 
0.0000000330 0.0000000213 0.0000000155 
0.0000000325 0.0000000210 0.0000000150 
0.0000000320 0.0000000206 0.0000000145 
0.0000000314 0.0000000202 0.0000000140 
0.0000000309 0.0000000199 0.0000000136 
0.0000000304 0.0000000195 0.0000000131 
0.0000000298 0.0000000191 0.0000000126 
0.0000000292 0.0000000187 0.0000000121 
0.0000000292 0.0000000187 0.0000000121 
0.0000000292 0.0000000187 0.0000000121 
0.0000000292 0.0000000187 0.0000000121 
0.0000000292 0.0000000187 0.0000000121 
0.0000000292 0.0000000187 0.0000000121 
0.0000000292 0.0000000187 0.0000000121 
0.0000000292 0.0000000187 0.0000000121 
0.0000000292 0.0000000187 0.0000000121 
0.0000000292 0.0000000187 0.0000000121 
0.0000000292 0.0000000187 0.0000000121 
0.0000000292 0.0000000187 0.0000000121 
0.0000000292 0.0000000187 0.0000000121 
0.0000000292 0.0000000187 0.0000000121 
0.0000000292 0.0000000187 0.0000000121 
0.0000000292 0.0000000187 0.0000000121 
0.0000000292 0.0000000187 0.0000000121 
0.0000000292 0.0000000187 0.0000000121 
0.0000000292 0.0000000187 0.0000000121 
0.0000000292 0.0000000187 0.0000000121 
0.0000000282 0.0000000180 0.0000000115 
0.0000000282 0.0000000180 0.0000000115 
0.0000000282 0.0000000180 0.0000000115 
0.0000000282 0.0000000180 0.0000000115 
0.0000000282 0.0000000180 0.0000000115 
0.0000000282 0.0000000180 0.0000000115 
0.0000000282 0.0000000180 0.0000000115 
0.0000000282 0.0000000180 0.0000000115 
0.0000000282 0.0000000180 0.0000000115 
0.0000000282 0.0000000180 0.0000000115 
0.0000000282 0.0000000180 0.0000000115 
0.0000000282 0.0000000180 0.0000000115 
0.0000000282 0.0000000180 0.0000000115 
0.0000000282 0.0000000180 0.0000000115 
0.0000000282 0.0000000180 0.0000000115 
0.0000000282 0.0000000180 0.0000000115 
0.0000000282 0.0000000180 0.0000000115 
0.0000000282 0.0000000180 0.0000000115 
0.0000000282 0.0000000180 0.0000000115 
0.0000000282 0.0000000180 0.0000000115 
0.0000000282 0.0000000180 0.0000000115 
0.0000000282 0.0000000180 0.0000000115 
0.0000000282 0.0000000180 0.0000000115 
0.0000000282 0.0000000180 0.0000000115 
0.0000000282 0.0000000180 0.0000000115 
0.0000000282 0.0000000180 0.0000000115 
0.0000000282 0.0000000180 0.0000000115 
0.0000000282 0.0000000180 0.0000000115 
0.0000000282 0.0000000180 0.0000000115 
0.0000000282 0.0000000180 0.0000000115 
0.0000000282 0.0000000180 0.0000000115 
0.0000000282 0.0000000180 0.0000000115 
0.0000000282 0.0000000180 0.0000000115 
0.0000000282 0.0000000180 0.0000000115 
0.0000000282 0.0000000180 0.0000000115 
0.0000000282 0.0000000180 0.0000000115 
0.0000000282 0.0000000180 0.0000000115 
0.0000000282 0.0000000180 0.0000000115 
0.0000000282 0.0000000180 0.0000000115 
0.0000000282 0.0000000180 0.0000000115 
0.0000000282 0.0000000180 0.0000000115 
0.0000000282 0.0000000180 0.0000000115 
0.0000000282 0.0000000180 0.0000000115 
0.0000000282 0.0000000180 0.0000000115 
0.0000000282 0.0000000180 0.0000000115 
0.0000000282 0.0000000180 0.0000000115 
0.0000000282 0.0000000180 0.0000000115 
0.0000000282 0.0000000180 0.0000000115 
0.0000000282 0.0000000180 0.0000000115 
0.0000000282 0.0000000180 0.0000000115 
0.0000000282 0.0000000180 0.0000000115 
0.0000000282 0.0000000180 0.0000000115 
0.0000000282 0.0000000180 0.0000000115 
0.0000000282 0.0000000180 0.0000000115 
0.0000000282 0.0000000180 0.0000000115 
0.0000000282 0.0000000180 0.0000000115 
0.0000000291 0.0000000191 0.0000000125 
0.0000000301 0.0000000201 0.0000000135 
0.0000000311 0.0000000212 0.0000000146 
0.0000000320 0.0000000222 0.0000000156 
0.0000000329 0.0000000232 0.0000000166 
0.0000000338 0.0000000241 0.0000000176 
0.0000000345 0.0000000249 0.0000000185 
0.0000000352 0.0000000257 0.0000000194 
0.0000000358 0.0000000264 0.0000000203 
0.0000000364 0.0000000271 0.0000000211 
0.0000000369 0.0000000278 0.0000000219 
0.0000000373 0.0000000284 0.0000000227 
0.0000000378 0.0000000290 0.0000000235 
0.0000000382 0.0000000295 0.0000000243 
0.0000000385 0.0000000301 0.0000000250 
0.0000000389 0.0000000306 0.0000000257 
0.0000000392 0.0000000310 0.0000000264 
0.0000000395 0.0000000315 0.0000000271 
0.0000000397 0.0000000319 0.0000000277 
0.0000000400 0.0000000323 0.0000000284 
0.0000000402 0.0000000327 0.0000000290 
0.0000000404 0.0000000331 0.0000000296 
0.0000000406 0.0000000335 0.0000000301 
0.0000000408 0.0000000338 0.0000000307 
0.0000000410 0.0000000342 0.0000000313 
0.0000000411 0.0000000345 0.0000000318 
0.0000000413 0.0000000348 0.0000000323 
0.0000000415 0.0000000351 0.0000000328 
0.0000000416 0.0000000354 0.0000000333 
0.0000000418 0.0000000356 0.0000000338 
0.0000000419 0.0000000359 0.0000000343 
0.0000000420 0.0000000362 0.0000000347 
0.0000000422 0.0000000364 0.0000000352 
0.0000000423 0.0000000366 0.0000000356 
0.0000000424 0.0000000368 0.0000000360 
0.0000000425 0.0000000370 0.0000000364 
0.0000000426 0.0000000372 0.0000000367 
0.0000000427 0.0000000374 0.0000000371 
0.0000000428 0.0000000376 0.0000000374 
0.0000000428 0.0000000377 0.0000000378 
0.0000000429 0.0000000379 0.0000000381 
0.0000000430 0.0000000380 0.0000000384 
0.0000000431 0.0000000382 0.0000000387 
0.0000000432 0.0000000383 0.0000000390 
0.0000000433 0.0000000384 0.0000000392 
0.0000000434 0.0000000386 0.0000000395 
0.0000000435 0.0000000387 0.0000000397 
0.0000000436 0.0000000388 0.0000000400 
0.0000000437 0.0000000389 0.0000000402 
0.0000000438 0.0000000389 0.0000000404 
0.0000000438 0.0000000390 0.0000000406 
0.0000000439 0.0000000391 0.0000000408 
0.0000000440 0.0000000392 0.0000000409 
0.0000000441 0.0000000392 0.0000000411 
0.0000000441 0.0000000393 0.0000000412 
0.0000000442 0.0000000393 0.0000000414 
0.0000000443 0.0000000394 0.0000000415 
0.0000000443 0.0000000394 0.0000000416 
0.0000000444 0.0000000394 0.0000000418 
0.0000000445 0.0000000395 0.0000000419 
0.0000000446 0.0000000395 0.0000000420 
0.0000000447 0.0000000396 0.0000000421 
0.0000000448 0.0000000396 0.0000000422 
0.0000000449 0.0000000396 0.0000000423 
0.0000000450 0.0000000396 0.0000000424 
0.0000000451 0.0000000397 0.0000000424 
0.0000000452 0.0000000397 0.0000000425 
0.0000000453 0.0000000397 0.0000000426 
0.0000000454 0.0000000397 0.0000000427 
0.0000000455 0.0000000397 0.0000000427 
0.0000000456 0.0000000397 0.0000000428 
0.0000000457 0.0000000398 0.0000000428 
0.0000000458 0.0000000398 0.0000000429 
0.0000000458 0.0000000397 0.0000000429 
0.0000000459 0.0000000397 0.0000000429 
0.0000000460 0.0000000397 0.0000000430 
0.0000000460 0.0000000397 0.0000000430 
0.0000000460 0.0000000397 0.0000000430 
0.0000000461 0.0000000396 0.0000000430 
0.0000000461 0.0000000396 0.0000000430 
0.0000000462 0.0000000395 0.0000000430 
0.0000000462 0.0000000395 0.0000000430 
0.0000000462 0.0000000394 0.0000000430 
0.0000000462 0.0000000394 0.0000000429 
0.0000000462 0.0000000393 0.0000000429 
0.0000000463 0.0000000393 0.0000000429 
0.0000000463 0.0000000392 0.0000000429 
0.0000000463 0.0000000392 0.0000000429 
0.0000000463 0.0000000391 0.0000000428 
0.0000000464 0.0000000391 0.0000000428 
0.0000000464 0.0000000390 0.0000000428 
0.0000000464 0.0000000390 0.0000000427 
0.0000000464 0.0000000389 0.0000000427 
0.0000000464 0.0000000389 0.0000000426 
0.0000000464 0.0000000388 0.0000000426 
0.0000000464 0.0000000387 0.0000000425 
0.0000000464 0.0000000387 0.0000000425 
0.0000000464 0.0000000386 0.0000000424 
0.0000000464 0.0000000385 0.0000000423 
0.0000000464 0.0000000385 0.0000000423 
0.0000000464 0.0000000384 0.0000000422 
0.0000000464 0.0000000383 0.0000000421 
0.0000000463 0.0000000382 0.0000000420 
0.0000000463 0.0000000382 0.0000000419 
0.0000000463 0.0000000381 0.0000000419 
0.0000000462 0.0000000380 0.0000000418 
0.0000000462 0.0000000379 0.0000000417 
0.0000000462 0.0000000378 0.0000000415 
0.0000000461 0.0000000377 0.0000000414 
0.0000000461 0.0000000376 0.0000000413 
0.0000000460 0.0000000375 0.0000000412 
0.0000000460 0.0000000374 0.0000000411 
0.0000000459 0.0000000373 0.0000000410 
0.0000000458 0.0000000372 0.0000000408 
0.0000000458 0.0000000371 0.0000000407 
0.0000000457 0.0000000370 0.0000000406 
0.0000000457 0.0000000369 0.0000000405 
0.0000000456 0.0000000368 0.0000000403 
0.0000000456 0.0000000367 0.0000000402 
0.0000000455 0.0000000366 0.0000000400 
0.0000000454 0.0000000365 0.0000000399 
0.0000000454 0.0000000364 0.0000000397 
0.0000000453 0.0000000363 0.0000000396 
0.0000000452 0.0000000362 0.0000000394 
0.0000000451 0.0000000360 0.0000000393 
0.0000000449 0.0000000359 0.0000000391 
0.0000000448 0.0000000358 0.0000000389 
0.0000000447 0.0000000356 0.0000000387 
0.0000000445 0.0000000355 0.0000000385 
0.0000000444 0.0000000354 0.0000000383 
0.0000000443 0.0000000352 0.0000000382 
0.0000000441 0.0000000351 0.0000000380 
0.0000000440 0.0000000349 0.0000000378 
0.0000000438 0.0000000348 0.0000000376 
0.0000000436 0.0000000346 0.0000000374 
0.0000000435 0.0000000345 0.0000000372 
0.0000000433 0.0000000343 0.0000000370 
0.0000000432 0.0000000342 0.0000000367 
0.0000000430 0.0000000340 0.0000000365 
0.0000000428 0.0000000338 0.0000000363 
0.0000000426 0.0000000337 0.0000000361 
0.0000000425 0.0000000335 0.0000000359 
0.0000000423 0.0000000334 0.0000000357 
