0.0000010631 -0.0000010725 0.0000014725 
0.0000010590 -0.0000010303 0.0000014292 
0.0000010549 -0.0000009904 0.0000013876 
0.0000010507 -0.0000009525 0.0000013475 
0.0000010462 -0.0000009163 0.0000013086 
0.0000010413 -0.0000008818 0.0000012709 
0.0000010359 -0.0000008486 0.0000012342 
0.0000010301 -0.0000008168 0.0000011985 
0.0000010238 -0.0000007862 0.0000011638 
0.0000010170 -0.0000007567 0.0000011299 
0.0000010096 -0.0000007282 0.0000010969 
0.0000010017 -0.0000007006 0.0000010647 
0.0000009931 -0.0000006739 0.0000010333 
0.0000009840 -0.0000006480 0.0000010027 
0.0000009744 -0.0000006229 0.0000009729 
0.0000009643 -0.0000005984 0.0000009437 
0.0000009538 -0.0000005747 0.0000009153 
0.0000009429 -0.0000005515 0.0000008877 
0.0000009317 -0.0000005290 0.0000008607 
0.0000009201 -0.0000005070 0.0000008345 
0.0000009084 -0.0000004857 0.0000008088 
0.0000008965 -0.0000004649 0.0000007839 
0.0000008845 -0.0000004447 0.0000007595 
0.0000008725 -0.0000004250 0.0000007358 
0.0000008606 -0.0000004059 0.0000007126 
0.0000008488 -0.0000003872 0.0000006901 
0.0000008370 -0.0000003691 0.0000006681 
0.0000008255 -0.0000003514 0.0000006466 
0.0000008141 -0.0000003341 0.0000006256 
0.0000008028 -0.0000003173 0.0000006051 
0.0000007918 -0.0000003010 0.0000005852 
0.0000007809 -0.0000002850 0.0000005657 
0.0000007702 -0.0000002695 0.0000005468 
0.0000007597 -0.0000002544 0.0000005283 
0.0000007494 -0.0000002397 0.0000005103 
0.0000007395 -0.0000002254 0.0000004928 
0.0000007298 -0.0000002114 0.0000004758 
0.0000007204 -0.0000001979 0.0000004591 
0.0000007113 -0.0000001848 0.0000004430 
0.0000007026 -0.0000001720 0.0000004272 
0.0000006940 -0.0000001597 0.0000004118 
0.0000006856 -0.0000001477 0.0000003967 
0.0000006776 -0.0000001361 0.0000003820 
0.0000006698 -0.0000001248 0.0000003676 
0.0000006624 -0.0000001139 0.0000003536 
0.0000006553 -0.0000001032 0.0000003398 
0.0000006485 -0.0000000928 0.0000003264 
0.0000006420 -0.0000000827 0.0000003132 
0.0000006357 -0.0000000729 0.0000003003 
0.0000006297 -0.0000000633 0.0000002877 
0.0000006240 -0.0000000540 0.0000002753 
0.0000006185 -0.0000000449 0.0000002632 
0.0000006133 -0.0000000361 0.0000002513 
0.0000006083 -0.0000000274 0.0000002397 
0.0000006036 -0.0000000189 0.0000002283 
0.0000005991 -0.0000000106 0.0000002172 
0.0000005949 -0.0000000024 0.0000002064 
0.0000005909 0.0000000058 0.0000001958 
0.0000005872 0.0000000137 0.0000001854 
0.0000005835 0.0000000215 0.0000001752 
0.0000005800 0.0000000291 0.0000001652 
0.0000005765 0.0000000365 0.0000001553 
0.0000005732 0.0000000438 0.0000001457 
0.0000005698 0.0000000509 0.0000001362 
0.0000005666 0.0000000577 0.0000001268 
0.0000005634 0.0000000645 0.0000001177 
0.0000005602 0.0000000710 0.0000001088 
0.0000005572 0.0000000774 0.0000001000 
0.0000005542 0.0000000836 0.0000000914 
0.0000005513 0.0000000896 0.0000000830 
0.0000005485 0.0000000955 0.0000000748 
0.0000005457 0.0000001013 0.0000000667 
0.0000005430 0.0000001069 0.0000000589 
0.0000005403 0.0000001124 0.0000000512 
0.0000005376 0.0000001177 0.0000000438 
0.0000005350 0.0000001230 0.0000000366 
0.0000005350 0.0000001230 0.0000000366 
0.0000005350 0.0000001230 0.0000000366 
0.0000005350 0.0000001230 0.0000000366 
0.0000005350 0.0000001230 0.0000000366 
0.0000005328 0.0000001277 0.0000000308 
0.0000005328 0.0000001277 0.0000000308 
0.0000005328 0.0000001277 0.0000000308 
0.0000005328 0.0000001277 0.0000000308 
0.0000005328 0.0000001277 0.0000000308 
0.0000005328 0.0000001277 0.0000000308 
0.0000005328 0.0000001277 0.0000000308 
0.0000005328 0.0000001277 0.0000000308 
0.0000005328 0.0000001277 0.0000000308 
0.0000005328 0.0000001277 0.0000000308 
0.0000005328 0.0000001277 0.0000000308 
0.0000005328 0.0000001277 0.0000000308 
0.0000005328 0.0000001277 0.0000000308 
0.0000005328 0.0000001277 0.0000000308 
0.0000005328 0.0000001277 0.0000000308 
0.0000005332 0.0000001301 0.0000000319 
0.0000005337 0.0000001324 0.0000000335 
0.0000005341 0.0000001348 0.0000000353 
0.0000005343 0.0000001373 0.0000000372 
0.0000005345 0.0000001400 0.0000000393 
0.0000005345 0.0000001428 0.0000000415 
0.0000005344 0.0000001456 0.0000000438 
0.0000005343 0.0000001485 0.0000000462 
0.0000005340 0.0000001514 0.0000000487 
0.0000005337 0.0000001544 0.0000000512 
0.0000005333 0.0000001573 0.0000000538 
0.0000005328 0.0000001602 0.0000000564 
0.0000005323 0.0000001631 0.0000000591 
0.0000005317 0.0000001659 0.0000000617 
0.0000005311 0.0000001686 0.0000000643 
0.0000005304 0.0000001713 0.0000000670 
0.0000005298 0.0000001739 0.0000000695 
0.0000005292 0.0000001765 0.0000000721 
0.0000005285 0.0000001790 0.0000000746 
0.0000005279 0.0000001815 0.0000000770 
0.0000005273 0.0000001839 0.0000000794 
0.0000005267 0.0000001862 0.0000000817 
0.0000005261 0.0000001885 0.0000000839 
0.0000005255 0.0000001906 0.0000000860 
0.0000005249 0.0000001928 0.0000000880 
0.0000005243 0.0000001948 0.0000000900 
0.0000005237 0.0000001968 0.0000000918 
0.0000005231 0.0000001988 0.0000000936 
0.0000005226 0.0000002007 0.0000000952 
0.0000005220 0.0000002025 0.0000000968 
0.0000005214 0.0000002043 0.0000000983 
0.0000005209 0.0000002061 0.0000000996 
0.0000005204 0.0000002078 0.0000001009 
0.0000005198 0.0000002094 0.0000001021 
0.0000005193 0.0000002110 0.0000001032 
0.0000005188 0.0000002126 0.0000001042 
0.0000005183 0.0000002140 0.0000001051 
0.0000005178 0.0000002155 0.0000001060 
0.0000005172 0.0000002169 0.0000001067 
0.0000005168 0.0000002182 0.0000001074 
0.0000005163 0.0000002195 0.0000001081 
0.0000005158 0.0000002208 0.0000001086 
0.0000005154 0.0000002220 0.0000001091 
0.0000005150 0.0000002231 0.0000001096 
0.0000005147 0.0000002243 0.0000001100 
0.0000005143 0.0000002253 0.0000001103 
0.0000005141 0.0000002264 0.0000001107 
0.0000005138 0.0000002274 0.0000001110 
0.0000005136 0.0000002283 0.0000001113 
0.0000005135 0.0000002293 0.0000001115 
0.0000005134 0.0000002302 0.0000001118 
0.0000005134 0.0000002310 0.0000001120 
0.0000005135 0.0000002318 0.0000001123 
0.0000005136 0.0000002326 0.0000001125 
0.0000005139 0.0000002333 0.0000001128 
0.0000005142 0.0000002340 0.0000001131 
0.0000005147 0.0000002347 0.0000001135 
0.0000005152 0.0000002353 0.0000001139 
0.0000005158 0.0000002359 0.0000001143 
0.0000005166 0.0000002365 0.0000001148 
0.0000005173 0.0000002370 0.0000001153 
0.0000005182 0.0000002375 0.0000001158 
0.0000005190 0.0000002379 0.0000001163 
0.0000005199 0.0000002383 0.0000001168 
0.0000005209 0.0000002387 0.0000001174 
0.0000005218 0.0000002390 0.0000001179 
0.0000005228 0.0000002394 0.0000001185 
0.0000005237 0.0000002397 0.0000001191 
0.0000005247 0.0000002399 0.0000001196 
0.0000005257 0.0000002402 0.0000001202 
0.0000005267 0.0000002404 0.0000001207 
0.0000005277 0.0000002406 0.0000001212 
0.0000005286 0.0000002408 0.0000001217 
0.0000005295 0.0000002410 0.0000001221 
0.0000005303 0.0000002411 0.0000001226 
0.0000005312 0.0000002413 0.0000001229 
0.0000005319 0.0000002414 0.0000001233 
0.0000005326 0.0000002415 0.0000001236 
0.0000005333 0.0000002415 0.0000001239 
0.0000005339 0.0000002416 0.0000001241 
0.0000005345 0.0000002416 0.0000001243 
0.0000005349 0.0000002417 0.0000001245 
0.0000005353 0.0000002417 0.0000001246 
0.0000005357 0.0000002417 0.0000001247 
0.0000005359 0.0000002418 0.0000001247 
0.0000005361 0.0000002418 0.0000001247 
0.0000005363 0.0000002417 0.0000001247 
0.0000005364 0.0000002417 0.0000001246 
0.0000005364 0.0000002417 0.0000001245 
0.0000005363 0.0000002417 0.0000001243 
0.0000005362 0.0000002416 0.0000001241 
0.0000005360 0.0000002416 0.0000001239 
0.0000005357 0.0000002415 0.0000001237 
0.0000005354 0.0000002414 0.0000001234 
0.0000005350 0.0000002413 0.0000001232 
0.0000005345 0.0000002412 0.0000001229 
0.0000005340 0.0000002411 0.0000001225 
0.0000005334 0.0000002410 0.0000001222 
0.0000005328 0.0000002409 0.0000001219 
0.0000005322 0.0000002408 0.0000001215 
0.0000005315 0.0000002406 0.0000001212 
0.0000005309 0.0000002405 0.0000001209 
0.0000005302 0.0000002403 0.0000001205 
0.0000005295 0.0000002401 0.0000001202 
0.0000005288 0.0000002400 0.0000001199 
0.0000005282 0.0000002398 0.0000001196 
0.0000005275 0.0000002396 0.0000001194 
0.0000005268 0.0000002394 0.0000001191 
0.0000005261 0.0000002392 0.0000001189 
0.0000005254 0.0000002390 0.0000001186 
0.0000005247 0.0000002388 0.0000001184 
0.0000005239 0.0000002386 0.0000001183 
0.0000005232 0.0000002384 0.0000001181 
0.0000005224 0.0000002381 0.0000001180 
0.0000005217 0.0000002379 0.0000001179 
0.0000005210 0.0000002376 0.0000001178 
0.0000005204 0.0000002373 0.0000001178 
0.0000005198 0.0000002370 0.0000001177 
0.0000005192 0.0000002367 0.0000001177 
0.0000005186 0.0000002363 0.0000001177 
0.0000005180 0.0000002360 0.0000001178 
0.0000005174 0.0000002357 0.0000001178 
0.0000005167 0.0000002353 0.0000001179 
0.0000005161 0.0000002350 0.0000001180 
0.0000005154 0.0000002346 0.0000001181 
0.0000005147 0.0000002343 0.0000001182 
0.0000005140 0.0000002339 0.0000001182 
0.0000005132 0.0000002335 0.0000001183 
0.0000005123 0.0000002332 0.0000001184 
0.0000005114 0.0000002328 0.0000001185 
0.0000005104 0.0000002324 0.0000001186 
0.0000005094 0.0000002320 0.0000001186 
0.0000005084 0.0000002316 0.0000001186 
0.0000005072 0.0000002312 0.0000001187 
0.0000005061 0.0000002308 0.0000001187 
0.0000005049 0.0000002304 0.0000001187 
0.0000005036 0.0000002300 0.0000001186 
0.0000005023 0.0000002295 0.0000001186 
0.0000005009 0.0000002291 0.0000001186 
0.0000004995 0.0000002287 0.0000001185 
0.0000004981 0.0000002282 0.0000001184 
0.0000004966 0.0000002278 0.0000001184 
0.0000004951 0.0000002273 0.0000001183 
0.0000004936 0.0000002269 0.0000001182 
0.0000004920 0.0000002265 0.0000001181 
0.0000004904 0.0000002260 0.0000001180 
0.0000004888 0.0000002256 0.0000001178 
0.0000004871 0.0000002251 0.0000001177 
0.0000004854 0.0000002247 0.0000001176 
0.0000004836 0.0000002242 0.0000001174 
0.0000004818 0.0000002237 0.0000001172 
0.0000004799 0.0000002232 0.0000001170 
0.0000004780 0.0000002227 0.0000001168 
0.0000004761 0.0000002222 0.0000001166 
0.0000004741 0.0000002217 0.0000001164 
0.0000004721 0.0000002212 0.0000001162 
0.0000004700 0.0000002207 0.0000001159 
0.0000004680 0.0000002201 0.0000001157 
0.0000004659 0.0000002196 0.0000001155 
0.0000004638 0.0000002190 0.0000001152 
0.0000004617 0.0000002184 0.0000001149 
0.0000004596 0.0000002179 0.0000001147 
0.0000004574 0.0000002173 0.0000001144 
0.0000004553 0.0000002166 0.0000001142 
0.0000004531 0.0000002160 0.0000001139 
0.0000004510 0.0000002154 0.0000001137 
0.0000004488 0.0000002147 0.0000001134 
0.0000004466 0.0000002140 0.0000001131 
0.0000004444 0.0000002134 0.0000001129 
0.0000004423 0.0000002127 0.0000001127 
0.0000004401 0.0000002120 0.0000001124 
0.0000004379 0.0000002113 0.0000001122 
0.0000004357 0.0000002106 0.0000001119 
0.0000004335 0.0000002099 0.0000001117 
0.0000004313 0.0000002091 0.0000001115 
0.0000004291 0.0000002084 0.0000001113 
0.0000004269 0.0000002076 0.0000001110 
0.0000004246 0.0000002068 0.0000001108 
0.0000004224 0.0000002061 0.0000001106 
0.0000004201 0.0000002053 0.0000001103 
0.0000004178 0.0000002044 0.0000001101 
0.0000004156 0.0000002036 0.0000001098 
0.0000004133 0.0000002028 0.0000001096 
0.0000004110 0.0000002019 0.0000001093 
0.0000004087 0.0000002011 0.0000001091 
0.0000004065 0.0000002002 0.0000001088 
0.0000004042 0.0000001994 0.0000001086 
0.0000004020 0.0000001986 0.0000001083 
0.0000003998 0.0000001977 0.0000001081 
0.0000003976 0.0000001969 0.0000001079 
0.0000003954 0.0000001960 0.0000001076 
0.0000003933 0.0000001952 0.0000001074 
0.0000003911 0.0000001944 0.0000001071 
0.0000003889 0.0000001935 0.0000001069 
0.0000003868 0.0000001927 0.0000001066 
0.0000003846 0.0000001918 0.0000001063 
0.0000003825 0.0000001909 0.0000001060 
0.0000003803 0.0000001901 0.0000001057 
0.0000003781 0.0000001892 0.0000001054 
0.0000003760 0.0000001883 0.0000001051 
0.0000003738 0.0000001874 0.0000001048 
0.0000003716 0.0000001865 0.0000001045 
0.0000003694 0.0000001856 0.0000001041 
0.0000003673 0.0000001847 0.0000001038 
0.0000003650 0.0000001838 0.0000001034 
0.0000003628 0.0000001829 0.0000001031 
0.0000003606 0.0000001819 0.0000001027 
0.0000003584 0.0000001810 0.0000001023 
0.0000003561 0.0000001800 0.0000001019 
0.0000003539 0.0000001791 0.0000001014 
0.0000003516 0.0000001781 0.0000001010 
0.0000003494 0.0000001772 0.0000001006 
0.0000003472 0.0000001762 0.0000001002 
0.0000003450 0.0000001753 0.0000000997 
0.0000003428 0.0000001743 0.0000000993 
0.0000003406 0.0000001734 0.0000000989 
0.0000003383 0.0000001725 0.0000000985 
0.0000003361 0.0000001716 0.0000000980 
0.0000003340 0.0000001707 0.0000000976 
0.0000003318 0.0000001698 0.0000000972 
0.0000003296 0.0000001688 0.0000000968 
0.0000003274 0.0000001679 0.0000000963 
0.0000003252 0.0000001670 0.0000000959 
0.0000003230 0.0000001660 0.0000000955 
0.0000003208 0.0000001651 0.0000000950 
0.0000003186 0.0000001641 0.0000000946 
0.0000003165 0.0000001632 0.0000000941 
0.0000003143 0.0000001622 0.0000000937 
0.0000003122 0.0000001613 0.0000000932 
0.0000003101 0.0000001603 0.0000000928 
0.0000003080 0.0000001593 0.0000000923 
0.0000003059 0.0000001584 0.0000000918 
0.0000003039 0.0000001574 0.0000000913 
0.0000003018 0.0000001564 0.0000000909 
0.0000002998 0.0000001555 0.0000000904 
0.0000002978 0.0000001545 0.0000000899 
0.0000002958 0.0000001535 0.0000000894 
0.0000002937 0.0000001525 0.0000000889 
0.0000002918 0.0000001515 0.0000000884 
0.0000002898 0.0000001506 0.0000000879 
0.0000002878 0.0000001496 0.0000000874 
0.0000002859 0.0000001486 0.0000000869 
0.0000002840 0.0000001476 0.0000000864 
0.0000002821 0.0000001466 0.0000000859 
0.0000002803 0.0000001457 0.0000000854 
0.0000002785 0.0000001447 0.0000000849 
0.0000002767 0.0000001438 0.0000000844 
0.0000002749 0.0000001428 0.0000000839 
0.0000002732 0.0000001418 0.0000000834 
0.0000002715 0.0000001409 0.0000000829 
0.0000002699 0.0000001400 0.0000000824 
0.0000002682 0.0000001390 0.0000000819 
0.0000002666 0.0000001381 0.0000000814 
0.0000002650 0.0000001372 0.0000000809 
0.0000002635 0.0000001362 0.0000000804 
0.0000002619 0.0000001353 0.0000000799 
0.0000002604 0.0000001344 0.0000000794 
0.0000002588 0.0000001335 0.0000000789 
0.0000002573 0.0000001325 0.0000000784 
0.0000002558 0.0000001316 0.0000000779 
0.0000002543 0.0000001307 0.0000000773 
0.0000002527 0.0000001297 0.0000000768 
0.0000002512 0.0000001288 0.0000000763 
0.0000002496 0.0000001279 0.0000000757 
0.0000002480 0.0000001269 0.0000000752 
0.0000002464 0.0000001260 0.0000000746 
0.0000002447 0.0000001250 0.0000000740 
0.0000002431 0.0000001240 0.0000000735 
0.0000002414 0.0000001231 0.0000000729 
0.0000002397 0.0000001221 0.0000000722 
0.0000002380 0.0000001211 0.0000000716 
0.0000002362 0.0000001202 0.0000000710 
0.0000002344 0.0000001192 0.0000000704 
0.0000002327 0.0000001182 0.0000000697 
0.0000002309 0.0000001172 0.0000000691 
0.0000002291 0.0000001163 0.0000000684 
0.0000002273 0.0000001153 0.0000000678 
0.0000002254 0.0000001143 0.0000000671 
0.0000002236 0.0000001133 0.0000000664 
0.0000002218 0.0000001123 0.0000000658 
0.0000002199 0.0000001114 0.0000000651 
0.0000002180 0.0000001104 0.0000000644 
0.0000002162 0.0000001094 0.0000000637 
0.0000002143 0.0000001085 0.0000000630 
0.0000002124 0.0000001075 0.0000000623 
0.0000002105 0.0000001065 0.0000000617 
0.0000002087 0.0000001056 0.0000000610 
0.0000002068 0.0000001046 0.0000000603 
0.0000002051 0.0000001036 0.0000000595 
0.0000002033 0.0000001026 0.0000000588 
0.0000002016 0.0000001017 0.0000000581 
0.0000001999 0.0000001007 0.0000000574 
0.0000001982 0.0000000997 0.0000000567 
0.0000001966 0.0000000988 0.0000000560 
0.0000001949 0.0000000979 0.0000000553 
0.0000001932 0.0000000969 0.0000000547 
0.0000001916 0.0000000960 0.0000000540 
0.0000001900 0.0000000951 0.0000000533 
0.0000001883 0.0000000941 0.0000000527 
0.0000001867 0.0000000932 0.0000000520 
0.0000001851 0.0000000923 0.0000000514 
0.0000001834 0.0000000914 0.0000000507 
0.0000001818 0.0000000905 0.0000000501 
0.0000001802 0.0000000896 0.0000000495 
0.0000001786 0.0000000887 0.0000000489 
0.0000001770 0.0000000878 0.0000000483 
0.0000001755 0.0000000869 0.0000000478 
0.0000001739 0.0000000860 0.0000000472 
0.0000001724 0.0000000852 0.0000000467 
0.0000001708 0.0000000843 0.0000000462 
0.0000001693 0.0000000835 0.0000000456 
0.0000001678 0.0000000827 0.0000000452 
0.0000001663 0.0000000818 0.0000000447 
0.0000001648 0.0000000810 0.0000000442 
0.0000001633 0.0000000802 0.0000000438 
0.0000001619 0.0000000794 0.0000000433 
0.0000001604 0.0000000786 0.0000000429 
0.0000001589 0.0000000778 0.0000000425 
0.0000001574 0.0000000770 0.0000000421 
0.0000001560 0.0000000762 0.0000000417 
0.0000001545 0.0000000755 0.0000000413 
0.0000001530 0.0000000747 0.0000000409 
0.0000001515 0.0000000739 0.0000000405 
0.0000001501 0.0000000732 0.0000000402 
0.0000001486 0.0000000724 0.0000000398 
0.0000001471 0.0000000717 0.0000000395 
0.0000001457 0.0000000710 0.0000000391 
0.0000001442 0.0000000702 0.0000000388 
0.0000001428 0.0000000695 0.0000000385 
0.0000001413 0.0000000688 0.0000000381 
0.0000001398 0.0000000681 0.0000000378 
0.0000001383 0.0000000674 0.0000000375 
0.0000001368 0.0000000667 0.0000000372 
0.0000001353 0.0000000660 0.0000000368 
0.0000001338 0.0000000653 0.0000000365 
0.0000001323 0.0000000646 0.0000000362 
0.0000001308 0.0000000639 0.0000000359 
0.0000001293 0.0000000633 0.0000000355 
0.0000001278 0.0000000626 0.0000000352 
0.0000001263 0.0000000619 0.0000000349 
0.0000001248 0.0000000612 0.0000000346 
0.0000001233 0.0000000606 0.0000000342 
0.0000001218 0.0000000599 0.0000000339 
0.0000001203 0.0000000593 0.0000000335 
0.0000001188 0.0000000586 0.0000000332 
0.0000001172 0.0000000580 0.0000000329 
0.0000001157 0.0000000573 0.0000000325 
0.0000001142 0.0000000567 0.0000000322 
0.0000001126 0.0000000560 0.0000000318 
0.0000001111 0.0000000554 0.0000000314 
0.0000001095 0.0000000547 0.0000000311 
0.0000001080 0.0000000541 0.0000000307 
0.0000001065 0.0000000535 0.0000000304 
0.0000001050 0.0000000528 0.0000000300 
0.0000001035 0.0000000522 0.0000000297 
0.0000001020 0.0000000516 0.0000000293 
0.0000001005 0.0000000510 0.0000000290 
0.0000000991 0.0000000504 0.0000000287 
0.0000000976 0.0000000498 0.0000000284 
0.0000000962 0.0000000492 0.0000000280 
0.0000000948 0.0000000486 0.0000000277 
0.0000000934 0.0000000480 0.0000000274 
0.0000000920 0.0000000474 0.0000000271 
0.0000000906 0.0000000469 0.0000000268 
0.0000000893 0.0000000463 0.0000000266 
0.0000000880 0.0000000457 0.0000000263 
0.0000000868 0.0000000452 0.0000000260 
0.0000000855 0.0000000446 0.0000000258 
0.0000000843 0.0000000441 0.0000000255 
0.0000000830 0.0000000435 0.0000000253 
0.0000000818 0.0000000430 0.0000000251 
0.0000000806 0.0000000424 0.0000000249 
0.0000000794 0.0000000419 0.0000000247 
0.0000000782 0.0000000414 0.0000000245 
0.0000000770 0.0000000408 0.0000000243 
0.0000000759 0.0000000403 0.0000000241 
0.0000000747 0.0000000398 0.0000000239 
0.0000000736 0.0000000393 0.0000000237 
0.0000000725 0.0000000387 0.0000000235 
0.0000000713 0.0000000382 0.0000000234 
0.0000000702 0.0000000377 0.0000000232 
0.0000000691 0.0000000372 0.0000000230 
0.0000000680 0.0000000367 0.0000000229 
0.0000000669 0.0000000362 0.0000000227 
0.0000000658 0.0000000357 0.0000000225 
0.0000000647 0.0000000352 0.0000000224 
0.0000000636 0.0000000348 0.0000000222 
0.0000000625 0.0000000343 0.0000000221 
0.0000000615 0.0000000338 0.0000000219 
0.0000000604 0.0000000334 0.0000000217 
0.0000000593 0.0000000329 0.0000000216 
0.0000000583 0.0000000324 0.0000000214 
0.0000000572 0.0000000320 0.0000000212 
0.0000000561 0.0000000315 0.0000000211 
0.0000000551 0.0000000311 0.0000000209 
0.0000000541 0.0000000307 0.0000000207 
0.0000000530 0.0000000303 0.0000000205 
0.0000000520 0.0000000298 0.0000000204 
0.0000000510 0.0000000294 0.0000000202 
0.0000000500 0.0000000290 0.0000000200 
0.0000000490 0.0000000286 0.0000000198 
0.0000000480 0.0000000282 0.0000000196 
0.0000000471 0.0000000278 0.0000000195 
0.0000000461 0.0000000274 0.0000000193 
0.0000000452 0.0000000271 0.0000000191 
0.0000000443 0.0000000267 0.0000000189 
0.0000000434 0.0000000263 0.0000000187 
0.0000000425 0.0000000260 0.0000000185 
0.0000000417 0.0000000256 0.0000000183 
0.0000000409 0.0000000253 0.0000000182 
0.0000000401 0.0000000249 0.0000000180 
0.0000000393 0.0000000246 0.0000000178 
0.0000000386 0.0000000243 0.0000000176 
0.0000000379 0.0000000239 0.0000000174 
0.0000000371 0.0000000236 0.0000000172 
0.0000000365 0.0000000233 0.0000000170 
0.0000000358 0.0000000230 0.0000000168 
0.0000000352 0.0000000227 0.0000000167 
0.0000000346 0.0000000224 0.0000000165 
0.0000000341 0.0000000221 0.0000000163 
0.0000000336 0.0000000218 0.0000000161 
0.0000000331 0.0000000215 0.0000000159 
0.0000000326 0.0000000213 0.0000000157 
0.0000000322 0.0000000210 0.0000000156 
0.0000000318 0.0000000208 0.0000000154 
0.0000000315 0.0000000205 0.0000000152 
0.0000000311 0.0000000203 0.0000000151 
0.0000000308 0.0000000200 0.0000000149 
0.0000000305 0.0000000198 0.0000000147 
0.0000000302 0.0000000196 0.0000000146 
0.0000000300 0.0000000194 0.0000000144 
0.0000000298 0.0000000192 0.0000000143 
0.0000000296 0.0000000191 0.0000000141 
0.0000000294 0.0000000189 0.0000000140 
0.0000000292 0.0000000187 0.0000000138 
0.0000000290 0.0000000186 0.0000000137 
0.0000000288 0.0000000184 0.0000000135 
0.0000000287 0.0000000183 0.0000000134 
0.0000000285 0.0000000181 0.0000000133 
0.0000000284 0.0000000180 0.0000000131 
0.0000000282 0.0000000179 0.0000000130 
0.0000000281 0.0000000178 0.0000000129 
0.0000000280 0.0000000177 0.0000000127 
0.0000000279 0.0000000176 0.0000000126 
0.0000000278 0.0000000175 0.0000000125 
0.0000000278 0.0000000174 0.0000000124 
0.0000000277 0.0000000174 0.0000000123 
0.0000000276 0.0000000173 0.0000000122 
0.0000000276 0.0000000173 0.0000000121 
0.0000000276 0.0000000173 0.0000000120 
0.0000000275 0.0000000172 0.0000000120 
0.0000000275 0.0000000172 0.0000000119 
0.0000000276 0.0000000172 0.0000000118 
0.0000000276 0.0000000172 0.0000000118 
0.0000000277 0.0000000172 0.0000000118 
0.0000000278 0.0000000172 0.0000000117 
0.0000000279 0.0000000172 0.0000000117 
0.0000000280 0.0000000171 0.0000000117 
0.0000000282 0.0000000171 0.0000000117 
0.0000000284 0.0000000171 0.0000000117 
0.0000000286 0.0000000171 0.0000000117 
0.0000000288 0.0000000171 0.0000000116 
0.0000000289 0.0000000172 0.0000000116 
0.0000000291 0.0000000172 0.0000000116 
0.0000000292 0.0000000172 0.0000000116 
0.0000000294 0.0000000173 0.0000000116 
0.0000000295 0.0000000173 0.0000000116 
0.0000000296 0.0000000173 0.0000000116 
0.0000000297 0.0000000174 0.0000000116 
0.0000000298 0.0000000174 0.0000000116 
0.0000000298 0.0000000175 0.0000000116 
0.0000000299 0.0000000176 0.0000000116 
0.0000000300 0.0000000176 0.0000000116 
0.0000000301 0.0000000177 0.0000000117 
0.0000000302 0.0000000178 0.0000000117 
0.0000000303 0.0000000178 0.0000000117 
0.0000000304 0.0000000179 0.0000000117 
0.0000000305 0.0000000180 0.0000000118 
0.0000000306 0.0000000181 0.0000000118 
0.0000000308 0.0000000182 0.0000000119 
0.0000000309 0.0000000183 0.0000000119 
0.0000000311 0.0000000184 0.0000000120 
0.0000000314 0.0000000185 0.0000000121 
0.0000000316 0.0000000186 0.0000000121 
0.0000000319 0.0000000188 0.0000000122 
0.0000000322 0.0000000189 0.0000000123 
0.0000000325 0.0000000190 0.0000000124 
0.0000000328 0.0000000191 0.0000000125 
0.0000000331 0.0000000192 0.0000000127 
0.0000000333 0.0000000194 0.0000000128 
0.0000000336 0.0000000195 0.0000000129 
0.0000000338 0.0000000196 0.0000000130 
0.0000000340 0.0000000197 0.0000000131 
0.0000000342 0.0000000198 0.0000000132 
0.0000000343 0.0000000199 0.0000000133 
0.0000000345 0.0000000200 0.0000000134 
0.0000000346 0.0000000201 0.0000000135 
0.0000000347 0.0000000202 0.0000000136 
0.0000000348 0.0000000203 0.0000000137 
0.0000000349 0.0000000204 0.0000000138 
0.0000000350 0.0000000205 0.0000000139 
0.0000000350 0.0000000206 0.0000000140 
0.0000000350 0.0000000207 0.0000000141 
0.0000000351 0.0000000207 0.0000000142 
0.0000000351 0.0000000208 0.0000000143 
0.0000000350 0.0000000209 0.0000000143 
0.0000000350 0.0000000209 0.0000000144 
0.0000000350 0.0000000210 0.0000000145 
0.0000000350 0.0000000210 0.0000000146 
0.0000000349 0.0000000211 0.0000000146 
0.0000000349 0.0000000211 0.0000000147 
0.0000000348 0.0000000212 0.0000000148 
0.0000000348 0.0000000212 0.0000000149 
0.0000000347 0.0000000212 0.0000000149 
0.0000000347 0.0000000212 0.0000000150 
0.0000000346 0.0000000213 0.0000000151 
0.0000000346 0.0000000213 0.0000000152 
0.0000000345 0.0000000213 0.0000000152 
0.0000000344 0.0000000213 0.0000000153 
0.0000000344 0.0000000213 0.0000000154 
0.0000000344 0.0000000213 0.0000000154 
0.0000000343 0.0000000214 0.0000000155 
0.0000000343 0.0000000214 0.0000000156 
0.0000000343 0.0000000214 0.0000000156 
0.0000000342 0.0000000214 0.0000000157 
0.0000000342 0.0000000214 0.0000000158 
0.0000000342 0.0000000215 0.0000000158 
0.0000000342 0.0000000215 0.0000000159 
0.0000000342 0.0000000215 0.0000000159 
0.0000000343 0.0000000215 0.0000000160 
0.0000000343 0.0000000216 0.0000000160 
0.0000000343 0.0000000216 0.0000000160 
0.0000000344 0.0000000216 0.0000000161 
0.0000000345 0.0000000216 0.0000000161 
0.0000000346 0.0000000217 0.0000000161 
0.0000000348 0.0000000217 0.0000000162 
0.0000000350 0.0000000218 0.0000000162 
0.0000000353 0.0000000219 0.0000000162 
0.0000000356 0.0000000219 0.0000000162 
0.0000000360 0.0000000220 0.0000000162 
0.0000000365 0.0000000221 0.0000000163 
0.0000000369 0.0000000222 0.0000000163 
0.0000000374 0.0000000223 0.0000000163 
0.0000000379 0.0000000224 0.0000000163 
0.0000000385 0.0000000225 0.0000000163 
0.0000000390 0.0000000227 0.0000000163 
0.0000000396 0.0000000228 0.0000000163 
0.0000000401 0.0000000229 0.0000000162 
0.0000000407 0.0000000230 0.0000000162 
0.0000000414 0.0000000232 0.0000000161 
0.0000000420 0.0000000233 0.0000000161 
0.0000000427 0.0000000234 0.0000000160 
0.0000000433 0.0000000236 0.0000000159 
0.0000000440 0.0000000237 0.0000000158 
0.0000000447 0.0000000239 0.0000000156 
0.0000000454 0.0000000240 0.0000000155 
0.0000000461 0.0000000242 0.0000000154 
0.0000000469 0.0000000243 0.0000000152 
0.0000000476 0.0000000245 0.0000000151 
0.0000000482 0.0000000246 0.0000000149 
0.0000000488 0.0000000247 0.0000000148 
0.0000000492 0.0000000247 0.0000000146 
0.0000000496 0.0000000247 0.0000000144 
0.0000000499 0.0000000247 0.0000000142 
0.0000000501 0.0000000247 0.0000000140 
0.0000000502 0.0000000247 0.0000000138 
0.0000000503 0.0000000247 0.0000000136 
0.0000000503 0.0000000247 0.0000000134 
0.0000000503 0.0000000246 0.0000000132 
0.0000000502 0.0000000246 0.0000000130 
0.0000000502 0.0000000246 0.0000000127 
0.0000000501 0.0000000245 0.0000000125 
0.0000000500 0.0000000245 0.0000000122 
0.0000000499 0.0000000245 0.0000000120 
0.0000000499 0.0000000245 0.0000000120 
0.0000000499 0.0000000245 0.0000000120 
0.0000000499 0.0000000245 0.0000000120 
0.0000000499 0.0000000245 0.0000000120 
0.0000000499 0.0000000245 0.0000000120 
0.0000000499 0.0000000245 0.0000000120 
0.0000000499 0.0000000245 0.0000000120 
0.0000000499 0.0000000245 0.0000000120 
0.0000000499 0.0000000245 0.0000000120 
0.0000000499 0.0000000245 0.0000000120 
0.0000000499 0.0000000245 0.0000000120 
0.0000000499 0.0000000245 0.0000000120 
0.0000000499 0.0000000245 0.0000000120 
0.0000000499 0.0000000245 0.0000000120 
0.0000000499 0.0000000245 0.0000000120 
0.0000000499 0.0000000245 0.0000000120 
0.0000000499 0.0000000245 0.0000000120 
0.0000000474 0.0000000249 0.0000000132 
0.0000000456 0.0000000256 0.0000000144 
0.0000000441 0.0000000262 0.0000000156 
0.0000000429 0.0000000268 0.0000000168 
0.0000000421 0.0000000274 0.0000000180 
0.0000000416 0.0000000280 0.0000000192 
0.0000000412 0.0000000284 0.0000000204 
0.0000000410 0.0000000288 0.0000000215 
0.0000000408 0.0000000291 0.0000000225 
0.0000000407 0.0000000294 0.0000000234 
0.0000000405 0.0000000296 0.0000000242 
0.0000000404 0.0000000297 0.0000000250 
0.0000000403 0.0000000297 0.0000000258 
0.0000000402 0.0000000298 0.0000000265 
0.0000000401 0.0000000297 0.0000000271 
0.0000000399 0.0000000297 0.0000000277 
0.0000000398 0.0000000296 0.0000000282 
0.0000000395 0.0000000294 0.0000000287 
0.0000000393 0.0000000293 0.0000000292 
0.0000000390 0.0000000291 0.0000000296 
0.0000000387 0.0000000289 0.0000000300 
0.0000000384 0.0000000287 0.0000000304 
0.0000000381 0.0000000285 0.0000000307 
0.0000000378 0.0000000283 0.0000000311 
0.0000000374 0.0000000280 0.0000000314 
0.0000000371 0.0000000278 0.0000000316 
0.0000000367 0.0000000275 0.0000000319 
0.0000000364 0.0000000273 0.0000000321 
0.0000000360 0.0000000270 0.0000000323 
0.0000000356 0.0000000268 0.0000000325 
0.0000000352 0.0000000265 0.0000000327 
0.0000000348 0.0000000262 0.0000000329 
0.0000000344 0.0000000260 0.0000000330 
0.0000000340 0.0000000257 0.0000000331 
0.0000000335 0.0000000254 0.0000000332 
0.0000000331 0.0000000252 0.0000000333 
0.0000000327 0.0000000249 0.0000000334 
0.0000000323 0.0000000247 0.0000000334 
0.0000000319 0.0000000244 0.0000000335 
0.0000000315 0.0000000242 0.0000000335 
0.0000000311 0.0000000239 0.0000000335 
0.0000000307 0.0000000237 0.0000000335 
0.0000000303 0.0000000234 0.0000000335 
0.0000000299 0.0000000232 0.0000000335 
0.0000000295 0.0000000229 0.0000000335 
0.0000000291 0.0000000227 0.0000000334 
0.0000000287 0.0000000224 0.0000000334 
0.0000000283 0.0000000222 0.0000000333 
0.0000000280 0.0000000220 0.0000000332 
0.0000000276 0.0000000217 0.0000000332 
0.0000000272 0.0000000215 0.0000000331 
0.0000000268 0.0000000213 0.0000000330 
0.0000000265 0.0000000211 0.0000000329 
0.0000000261 0.0000000208 0.0000000327 
0.0000000257 0.0000000206 0.0000000326 
0.0000000254 0.0000000204 0.0000000325 
0.0000000250 0.0000000202 0.0000000323 
0.0000000247 0.0000000200 0.0000000322 
0.0000000243 0.0000000198 0.0000000320 
0.0000000240 0.0000000196 0.0000000319 
0.0000000237 0.0000000194 0.0000000317 
0.0000000233 0.0000000192 0.0000000315 
0.0000000230 0.0000000190 0.0000000313 
0.0000000227 0.0000000188 0.0000000311 
0.0000000224 0.0000000186 0.0000000310 
0.0000000221 0.0000000184 0.0000000308 
0.0000000218 0.0000000182 0.0000000306 
0.0000000215 0.0000000181 0.0000000303 
0.0000000213 0.0000000179 0.0000000301 
0.0000000210 0.0000000177 0.0000000299 
0.0000000207 0.0000000175 0.0000000297 
0.0000000205 0.0000000174 0.0000000295 
0.0000000203 0.0000000172 0.0000000292 
0.0000000200 0.0000000171 0.0000000290 
0.0000000198 0.0000000169 0.0000000288 
0.0000000196 0.0000000167 0.0000000285 
0.0000000194 0.0000000166 0.0000000283 
0.0000000192 0.0000000165 0.0000000280 
0.0000000191 0.0000000163 0.0000000278 
0.0000000189 0.0000000162 0.0000000275 
0.0000000187 0.0000000160 0.0000000273 
0.0000000186 0.0000000159 0.0000000270 
0.0000000184 0.0000000158 0.0000000267 
0.0000000183 0.0000000156 0.0000000265 
0.0000000182 0.0000000155 0.0000000262 
0.0000000180 0.0000000154 0.0000000259 
0.0000000179 0.0000000153 0.0000000257 
0.0000000178 0.0000000152 0.0000000254 
0.0000000177 0.0000000150 0.0000000251 
0.0000000177 0.0000000149 0.0000000248 
0.0000000176 0.0000000148 0.0000000246 
0.0000000175 0.0000000147 0.0000000243 
0.0000000174 0.0000000146 0.0000000240 
0.0000000174 0.0000000145 0.0000000237 
0.0000000173 0.0000000144 0.0000000234 
0.0000000173 0.0000000143 0.0000000232 
0.0000000172 0.0000000142 0.0000000229 
0.0000000172 0.0000000141 0.0000000226 
0.0000000171 0.0000000140 0.0000000223 
0.0000000171 0.0000000139 0.0000000220 
0.0000000171 0.0000000138 0.0000000217 
0.0000000171 0.0000000137 0.0000000214 
0.0000000170 0.0000000136 0.0000000212 
0.0000000170 0.0000000135 0.0000000209 
0.0000000170 0.0000000134 0.0000000206 
0.0000000170 0.0000000133 0.0000000203 
0.0000000169 0.0000000132 0.0000000200 
0.0000000169 0.0000000131 0.0000000197 
0.0000000169 0.0000000130 0.0000000194 
0.0000000169 0.0000000129 0.0000000191 
0.0000000169 0.0000000128 0.0000000188 
0.0000000168 0.0000000127 0.0000000185 
0.0000000168 0.0000000126 0.0000000182 
0.0000000168 0.0000000124 0.0000000179 
0.0000000167 0.0000000123 0.0000000176 
0.0000000167 0.0000000122 0.0000000173 
0.0000000166 0.0000000121 0.0000000170 
0.0000000166 0.0000000120 0.0000000167 
0.0000000165 0.0000000119 0.0000000163 
0.0000000164 0.0000000118 0.0000000160 
0.0000000164 0.0000000117 0.0000000157 
0.0000000163 0.0000000116 0.0000000154 
0.0000000162 0.0000000114 0.0000000151 
0.0000000161 0.0000000113 0.0000000148 
0.0000000160 0.0000000112 0.0000000145 
0.0000000159 0.0000000111 0.0000000142 
0.0000000158 0.0000000109 0.0000000139 
0.0000000157 0.0000000108 0.0000000135 
0.0000000155 0.0000000107 0.0000000132 
0.0000000154 0.0000000105 0.0000000129 
0.0000000152 0.0000000104 0.0000000126 
0.0000000151 0.0000000102 0.0000000123 
0.0000000150 0.0000000101 0.0000000119 
0.0000000148 0.0000000099 0.0000000116 
0.0000000147 0.0000000098 0.0000000113 
0.0000000145 0.0000000096 0.0000000110 
0.0000000143 0.0000000095 0.0000000106 
0.0000000141 0.0000000093 0.0000000103 
0.0000000138 0.0000000091 0.0000000100 
0.0000000136 0.0000000089 0.0000000096 
0.0000000133 0.0000000087 0.0000000093 
0.0000000130 0.0000000085 0.0000000089 
0.0000000128 0.0000000083 0.0000000086 
0.0000000125 0.0000000081 0.0000000082 
0.0000000122 0.0000000079 0.0000000078 
0.0000000119 0.0000000077 0.0000000075 
0.0000000116 0.0000000075 0.0000000071 
0.0000000113 0.0000000072 0.0000000068 
0.0000000109 0.0000000070 0.0000000064 
0.0000000106 0.0000000068 0.0000000061 
0.0000000103 0.0000000066 0.0000000057 
0.0000000100 0.0000000063 0.0000000053 
0.0000000097 0.0000000061 0.0000000050 
0.0000000094 0.0000000059 0.0000000046 
0.0000000091 0.0000000057 0.0000000043 
0.0000000088 0.0000000055 0.0000000040 
0.0000000086 0.0000000053 0.0000000036 
0.0000000083 0.0000000051 0.0000000033 
0.0000000081 0.0000000048 0.0000000029 
0.0000000081 0.0000000048 0.0000000029 
0.0000000081 0.0000000048 0.0000000029 
0.0000000081 0.0000000048 0.0000000029 
0.0000000081 0.0000000048 0.0000000029 
0.0000000081 0.0000000048 0.0000000029 
0.0000000081 0.0000000048 0.0000000029 
0.0000000081 0.0000000048 0.0000000029 
0.0000000081 0.0000000048 0.0000000029 
0.0000000081 0.0000000048 0.0000000029 
0.0000000081 0.0000000048 0.0000000029 
0.0000000081 0.0000000048 0.0000000029 
0.0000000081 0.0000000048 0.0000000029 
0.0000000081 0.0000000048 0.0000000029 
0.0000000081 0.0000000048 0.0000000029 
0.0000000081 0.0000000048 0.0000000029 
0.0000000081 0.0000000048 0.0000000029 
0.0000000081 0.0000000048 0.0000000029 
0.0000000081 0.0000000048 0.0000000029 
0.0000000079 0.0000000046 0.0000000028 
0.0000000079 0.0000000046 0.0000000028 
0.0000000079 0.0000000046 0.0000000028 
0.0000000079 0.0000000046 0.0000000028 
0.0000000079 0.0000000046 0.0000000028 
0.0000000079 0.0000000046 0.0000000028 
0.0000000079 0.0000000046 0.0000000028 
0.0000000081 0.0000000048 0.0000000028 
0.0000000084 0.0000000050 0.0000000030 
0.0000000087 0.0000000051 0.0000000031 
0.0000000090 0.0000000052 0.0000000032 
0.0000000091 0.0000000053 0.0000000033 
0.0000000092 0.0000000053 0.0000000034 
0.0000000092 0.0000000053 0.0000000034 
0.0000000091 0.0000000052 0.0000000035 
0.0000000090 0.0000000051 0.0000000035 
0.0000000088 0.0000000050 0.0000000035 
0.0000000085 0.0000000049 0.0000000035 
0.0000000083 0.0000000047 0.0000000035 
0.0000000079 0.0000000045 0.0000000035 
0.0000000075 0.0000000043 0.0000000035 
0.0000000071 0.0000000041 0.0000000035 
0.0000000067 0.0000000038 0.0000000034 
0.0000000062 0.0000000036 0.0000000034 
0.0000000057 0.0000000033 0.0000000033 
0.0000000052 0.0000000031 0.0000000033 
0.0000000047 0.0000000028 0.0000000032 
0.0000000042 0.0000000026 0.0000000031 
0.0000000036 0.0000000023 0.0000000030 
0.0000000030 0.0000000020 0.0000000030 
0.0000000025 0.0000000018 0.0000000029 
0.0000000019 0.0000000015 0.0000000028 
0.0000000013 0.0000000013 0.0000000027 
0.0000000008 0.0000000010 0.0000000025 
0.0000000003 0.0000000008 0.0000000024 
0.0000000003 0.0000000008 0.0000000024 
0.0000000003 0.0000000008 0.0000000024 
0.0000000003 0.0000000008 0.0000000024 
0.0000000003 0.0000000008 0.0000000024 
0.0000000003 0.0000000008 0.0000000024 
0.0000000003 0.0000000008 0.0000000024 
0.0000000003 0.0000000008 0.0000000024 
0.0000000003 0.0000000008 0.0000000024 
0.0000000003 0.0000000008 0.0000000024 
0.0000000003 0.0000000008 0.0000000024 
0.0000000003 0.0000000008 0.0000000024 
0.0000000003 0.0000000008 0.0000000024 
0.0000000003 0.0000000008 0.0000000024 
0.0000000003 0.0000000008 0.0000000024 
0.0000000003 0.0000000008 0.0000000024 
0.0000000003 0.0000000008 0.0000000024 
0.0000000003 0.0000000008 0.0000000024 
0.0000000003 0.0000000008 0.0000000024 
0.0000000003 0.0000000008 0.0000000024 
0.0000000003 0.0000000008 0.0000000024 
0.0000000003 0.0000000008 0.0000000024 
0.0000000008 0.0000000014 0.0000000023 
0.0000000008 0.0000000014 0.0000000023 
0.0000000008 0.0000000014 0.0000000023 
0.0000000008 0.0000000014 0.0000000023 
0.0000000008 0.0000000014 0.0000000023 
0.0000000008 0.0000000014 0.0000000023 
0.0000000008 0.0000000014 0.0000000023 
0.0000000008 0.0000000014 0.0000000023 
0.0000000008 0.0000000014 0.0000000023 
0.0000000025 0.0000000025 0.0000000026 
0.0000000025 0.0000000025 0.0000000026 
0.0000000025 0.0000000025 0.0000000026 
0.0000000039 0.0000000034 0.0000000029 
0.0000000054 0.0000000042 0.0000000033 
0.0000000068 0.0000000050 0.0000000038 
0.0000000083 0.0000000058 0.0000000042 
0.0000000098 0.0000000065 0.0000000047 
0.0000000113 0.0000000073 0.0000000052 
0.0000000128 0.0000000080 0.0000000057 
0.0000000142 0.0000000088 0.0000000062 
0.0000000157 0.0000000095 0.0000000068 
0.0000000171 0.0000000102 0.0000000073 
0.0000000186 0.0000000110 0.0000000079 
0.0000000200 0.0000000117 0.0000000084 
0.0000000213 0.0000000123 0.0000000090 
0.0000000227 0.0000000130 0.0000000095 
0.0000000239 0.0000000136 0.0000000101 
0.0000000252 0.0000000142 0.0000000106 
0.0000000264 0.0000000148 0.0000000111 
0.0000000275 0.0000000154 0.0000000116 
0.0000000287 0.0000000159 0.0000000122 
0.0000000297 0.0000000165 0.0000000127 
0.0000000308 0.0000000170 0.0000000131 
0.0000000318 0.0000000174 0.0000000136 
0.0000000328 0.0000000179 0.0000000141 
0.0000000337 0.0000000183 0.0000000146 
0.0000000346 0.0000000188 0.0000000150 
0.0000000355 0.0000000192 0.0000000154 
0.0000000363 0.0000000196 0.0000000159 
0.0000000372 0.0000000200 0.0000000163 
0.0000000380 0.0000000204 0.0000000168 
0.0000000389 0.0000000208 0.0000000172 
0.0000000397 0.0000000211 0.0000000176 
0.0000000405 0.0000000215 0.0000000180 
0.0000000413 0.0000000219 0.0000000185 
0.0000000420 0.0000000222 0.0000000189 
0.0000000428 0.0000000226 0.0000000193 
0.0000000435 0.0000000229 0.0000000197 
0.0000000442 0.0000000232 0.0000000201 
0.0000000449 0.0000000235 0.0000000205 
0.0000000456 0.0000000239 0.0000000209 
0.0000000462 0.0000000241 0.0000000212 
0.0000000469 0.0000000244 0.0000000216 
0.0000000475 0.0000000247 0.0000000219 
0.0000000480 0.0000000250 0.0000000222 
0.0000000486 0.0000000252 0.0000000226 
0.0000000491 0.0000000255 0.0000000229 
0.0000000497 0.0000000257 0.0000000232 
0.0000000502 0.0000000259 0.0000000235 
0.0000000507 0.0000000261 0.0000000237 
0.0000000511 0.0000000263 0.0000000240 
0.0000000516 0.0000000265 0.0000000243 
0.0000000520 0.0000000267 0.0000000245 
0.0000000525 0.0000000269 0.0000000248 
0.0000000529 0.0000000271 0.0000000250 
0.0000000533 0.0000000273 0.0000000253 
0.0000000537 0.0000000275 0.0000000255 
0.0000000541 0.0000000276 0.0000000257 
0.0000000545 0.0000000278 0.0000000259 
0.0000000549 0.0000000280 0.0000000262 
0.0000000552 0.0000000281 0.0000000264 
0.0000000556 0.0000000283 0.0000000265 
0.0000000559 0.0000000284 0.0000000267 
0.0000000563 0.0000000286 0.0000000269 
0.0000000566 0.0000000287 0.0000000271 
0.0000000569 0.0000000288 0.0000000272 
0.0000000571 0.0000000289 0.0000000274 
0.0000000574 0.0000000291 0.0000000275 
0.0000000576 0.0000000292 0.0000000277 
0.0000000579 0.0000000293 0.0000000278 
0.0000000581 0.0000000293 0.0000000279 
0.0000000583 0.0000000294 0.0000000280 
0.0000000585 0.0000000295 0.0000000281 
0.0000000587 0.0000000296 0.0000000282 
0.0000000588 0.0000000297 0.0000000283 
0.0000000590 0.0000000297 0.0000000284 
0.0000000591 0.0000000298 0.0000000285 
0.0000000593 0.0000000298 0.0000000286 
0.0000000594 0.0000000299 0.0000000287 
0.0000000596 0.0000000300 0.0000000287 
0.0000000597 0.0000000300 0.0000000288 
0.0000000598 0.0000000301 0.0000000289 
0.0000000599 0.0000000301 0.0000000289 
0.0000000600 0.0000000301 0.0000000290 
0.0000000600 0.0000000302 0.0000000290 
0.0000000601 0.0000000302 0.0000000291 
0.0000000602 0.0000000302 0.0000000291 
