0.0000016234 0.0000001969 0.0000004798 
0.0000016252 0.0000002027 0.0000004601 
0.0000016267 0.0000002082 0.0000004410 
0.0000016279 0.0000002134 0.0000004224 
0.0000016288 0.0000002184 0.0000004043 
0.0000016294 0.0000002231 0.0000003867 
0.0000016297 0.0000002277 0.0000003695 
0.0000016296 0.0000002321 0.0000003528 
0.0000016293 0.0000002364 0.0000003366 
0.0000016286 0.0000002406 0.0000003208 
0.0000016277 0.0000002447 0.0000003054 
0.0000016265 0.0000002487 0.0000002905 
0.0000016250 0.0000002526 0.0000002760 
0.0000016232 0.0000002564 0.0000002619 
0.0000016213 0.0000002602 0.0000002481 
0.0000016191 0.0000002639 0.0000002348 
0.0000016167 0.0000002676 0.0000002218 
0.0000016141 0.0000002712 0.0000002092 
0.0000016113 0.0000002748 0.0000001969 
0.0000016084 0.0000002783 0.0000001850 
0.0000016053 0.0000002817 0.0000001734 
0.0000016021 0.0000002852 0.0000001621 
0.0000015988 0.0000002885 0.0000001511 
0.0000015955 0.0000002919 0.0000001404 
0.0000015921 0.0000002952 0.0000001301 
0.0000015887 0.0000002984 0.0000001200 
0.0000015853 0.0000003016 0.0000001102 
0.0000015819 0.0000003048 0.0000001007 
0.0000015784 0.0000003080 0.0000000916 
0.0000015750 0.0000003112 0.0000000827 
0.0000015715 0.0000003144 0.0000000742 
0.0000015680 0.0000003175 0.0000000661 
0.0000015680 0.0000003175 0.0000000661 
0.0000015680 0.0000003175 0.0000000661 
0.0000015680 0.0000003175 0.0000000661 
0.0000015680 0.0000003175 0.0000000661 
0.0000015680 0.0000003175 0.0000000661 
0.0000015680 0.0000003175 0.0000000661 
0.0000015680 0.0000003175 0.0000000661 
0.0000015680 0.0000003175 0.0000000661 
0.0000015680 0.0000003175 0.0000000661 
0.0000015680 0.0000003175 0.0000000661 
0.0000015680 0.0000003175 0.0000000661 
0.0000015680 0.0000003175 0.0000000661 
0.0000015680 0.0000003175 0.0000000661 
0.0000015680 0.0000003175 0.0000000661 
0.0000015680 0.0000003175 0.0000000661 
0.0000015685 0.0000003188 0.0000000648 
0.0000015685 0.0000003188 0.0000000648 
0.0000015693 0.0000003204 0.0000000659 
0.0000015702 0.0000003222 0.0000000670 
0.0000015713 0.0000003240 0.0000000681 
0.0000015726 0.0000003259 0.0000000695 
0.0000015740 0.0000003278 0.0000000711 
0.0000015754 0.0000003296 0.0000000728 
0.0000015769 0.0000003316 0.0000000748 
0.0000015786 0.0000003337 0.0000000771 
0.0000015803 0.0000003360 0.0000000795 
0.0000015821 0.0000003383 0.0000000822 
0.0000015837 0.0000003407 0.0000000850 
0.0000015852 0.0000003431 0.0000000879 
0.0000015866 0.0000003456 0.0000000910 
0.0000015879 0.0000003480 0.0000000942 
0.0000015890 0.0000003505 0.0000000975 
0.0000015901 0.0000003529 0.0000001009 
0.0000015910 0.0000003554 0.0000001044 
0.0000015920 0.0000003578 0.0000001079 
0.0000015928 0.0000003602 0.0000001115 
0.0000015936 0.0000003626 0.0000001151 
0.0000015943 0.0000003649 0.0000001187 
0.0000015950 0.0000003672 0.0000001223 
0.0000015957 0.0000003694 0.0000001259 
0.0000015963 0.0000003717 0.0000001294 
0.0000015967 0.0000003740 0.0000001328 
0.0000015970 0.0000003764 0.0000001362 
0.0000015972 0.0000003788 0.0000001396 
0.0000015974 0.0000003811 0.0000001429 
0.0000015977 0.0000003834 0.0000001462 
0.0000015979 0.0000003856 0.0000001494 
0.0000015981 0.0000003878 0.0000001526 
0.0000015983 0.0000003900 0.0000001557 
0.0000015984 0.0000003922 0.0000001587 
0.0000015985 0.0000003943 0.0000001617 
0.0000015985 0.0000003965 0.0000001645 
0.0000015985 0.0000003986 0.0000001673 
0.0000015984 0.0000004007 0.0000001700 
0.0000015982 0.0000004028 0.0000001726 
0.0000015980 0.0000004049 0.0000001751 
0.0000015978 0.0000004069 0.0000001774 
0.0000015974 0.0000004089 0.0000001797 
0.0000015970 0.0000004110 0.0000001819 
0.0000015965 0.0000004130 0.0000001839 
0.0000015960 0.0000004150 0.0000001859 
0.0000015953 0.0000004170 0.0000001877 
0.0000015946 0.0000004190 0.0000001894 
0.0000015939 0.0000004209 0.0000001910 
0.0000015930 0.0000004229 0.0000001926 
0.0000015921 0.0000004248 0.0000001940 
0.0000015910 0.0000004268 0.0000001953 
0.0000015899 0.0000004287 0.0000001965 
0.0000015887 0.0000004306 0.0000001977 
0.0000015875 0.0000004325 0.0000001987 
0.0000015861 0.0000004344 0.0000001996 
0.0000015847 0.0000004362 0.0000002004 
0.0000015831 0.0000004381 0.0000002011 
0.0000015815 0.0000004400 0.0000002017 
0.0000015798 0.0000004418 0.0000002022 
0.0000015780 0.0000004436 0.0000002027 
0.0000015761 0.0000004454 0.0000002030 
0.0000015741 0.0000004472 0.0000002032 
0.0000015720 0.0000004489 0.0000002033 
0.0000015699 0.0000004507 0.0000002034 
0.0000015676 0.0000004524 0.0000002034 
0.0000015653 0.0000004541 0.0000002033 
0.0000015629 0.0000004558 0.0000002031 
0.0000015605 0.0000004575 0.0000002029 
0.0000015580 0.0000004592 0.0000002026 
0.0000015553 0.0000004608 0.0000002022 
0.0000015526 0.0000004624 0.0000002018 
0.0000015498 0.0000004640 0.0000002013 
0.0000015470 0.0000004656 0.0000002008 
0.0000015440 0.0000004672 0.0000002002 
0.0000015410 0.0000004687 0.0000001996 
0.0000015379 0.0000004703 0.0000001989 
0.0000015347 0.0000004718 0.0000001983 
0.0000015315 0.0000004733 0.0000001975 
0.0000015281 0.0000004748 0.0000001968 
0.0000015248 0.0000004763 0.0000001960 
0.0000015213 0.0000004778 0.0000001953 
0.0000015178 0.0000004792 0.0000001945 
0.0000015142 0.0000004806 0.0000001937 
0.0000015105 0.0000004820 0.0000001928 
0.0000015068 0.0000004834 0.0000001920 
0.0000015030 0.0000004848 0.0000001912 
0.0000014991 0.0000004861 0.0000001904 
0.0000014952 0.0000004874 0.0000001897 
0.0000014912 0.0000004887 0.0000001889 
0.0000014871 0.0000004900 0.0000001881 
0.0000014830 0.0000004912 0.0000001874 
0.0000014789 0.0000004925 0.0000001868 
0.0000014747 0.0000004937 0.0000001862 
0.0000014705 0.0000004949 0.0000001856 
0.0000014662 0.0000004961 0.0000001852 
0.0000014619 0.0000004973 0.0000001847 
0.0000014576 0.0000004985 0.0000001844 
0.0000014532 0.0000004997 0.0000001842 
0.0000014488 0.0000005008 0.0000001840 
0.0000014443 0.0000005020 0.0000001840 
0.0000014399 0.0000005031 0.0000001841 
0.0000014354 0.0000005043 0.0000001844 
0.0000014309 0.0000005054 0.0000001848 
0.0000014264 0.0000005065 0.0000001854 
0.0000014218 0.0000005077 0.0000001862 
0.0000014172 0.0000005088 0.0000001871 
0.0000014125 0.0000005099 0.0000001882 
0.0000014079 0.0000005110 0.0000001896 
0.0000014032 0.0000005120 0.0000001911 
0.0000013984 0.0000005130 0.0000001927 
0.0000013937 0.0000005140 0.0000001945 
0.0000013889 0.0000005150 0.0000001965 
0.0000013843 0.0000005160 0.0000001986 
0.0000013797 0.0000005169 0.0000002007 
0.0000013751 0.0000005178 0.0000002030 
0.0000013706 0.0000005187 0.0000002054 
0.0000013662 0.0000005196 0.0000002078 
0.0000013619 0.0000005204 0.0000002102 
0.0000013576 0.0000005212 0.0000002126 
0.0000013534 0.0000005219 0.0000002150 
0.0000013493 0.0000005226 0.0000002174 
0.0000013452 0.0000005232 0.0000002198 
0.0000013411 0.0000005238 0.0000002221 
0.0000013371 0.0000005243 0.0000002243 
0.0000013332 0.0000005248 0.0000002265 
0.0000013292 0.0000005252 0.0000002286 
0.0000013253 0.0000005256 0.0000002306 
0.0000013215 0.0000005260 0.0000002325 
0.0000013176 0.0000005263 0.0000002344 
0.0000013137 0.0000005266 0.0000002361 
0.0000013099 0.0000005268 0.0000002378 
0.0000013061 0.0000005270 0.0000002394 
0.0000013022 0.0000005272 0.0000002408 
0.0000012984 0.0000005273 0.0000002422 
0.0000012946 0.0000005274 0.0000002435 
0.0000012907 0.0000005275 0.0000002447 
0.0000012869 0.0000005275 0.0000002457 
0.0000012830 0.0000005275 0.0000002468 
0.0000012791 0.0000005275 0.0000002477 
0.0000012752 0.0000005274 0.0000002485 
0.0000012712 0.0000005273 0.0000002493 
0.0000012673 0.0000005272 0.0000002499 
0.0000012633 0.0000005271 0.0000002505 
0.0000012593 0.0000005269 0.0000002510 
0.0000012552 0.0000005267 0.0000002515 
0.0000012512 0.0000005265 0.0000002519 
0.0000012472 0.0000005263 0.0000002522 
0.0000012432 0.0000005260 0.0000002525 
0.0000012392 0.0000005258 0.0000002528 
0.0000012352 0.0000005255 0.0000002530 
0.0000012312 0.0000005251 0.0000002531 
0.0000012273 0.0000005248 0.0000002532 
0.0000012233 0.0000005245 0.0000002533 
0.0000012194 0.0000005241 0.0000002533 
0.0000012155 0.0000005237 0.0000002533 
0.0000012115 0.0000005233 0.0000002533 
0.0000012076 0.0000005229 0.0000002533 
0.0000012037 0.0000005225 0.0000002532 
0.0000011997 0.0000005220 0.0000002531 
0.0000011958 0.0000005216 0.0000002530 
0.0000011918 0.0000005211 0.0000002529 
0.0000011879 0.0000005206 0.0000002527 
0.0000011842 0.0000005200 0.0000002525 
0.0000011806 0.0000005194 0.0000002523 
0.0000011770 0.0000005188 0.0000002522 
0.0000011734 0.0000005182 0.0000002520 
0.0000011698 0.0000005175 0.0000002518 
0.0000011663 0.0000005169 0.0000002516 
0.0000011628 0.0000005162 0.0000002515 
0.0000011594 0.0000005156 0.0000002513 
0.0000011559 0.0000005149 0.0000002512 
0.0000011525 0.0000005142 0.0000002511 
0.0000011491 0.0000005135 0.0000002510 
0.0000011458 0.0000005128 0.0000002508 
0.0000011423 0.0000005121 0.0000002507 
0.0000011389 0.0000005114 0.0000002506 
0.0000011355 0.0000005106 0.0000002505 
0.0000011321 0.0000005099 0.0000002504 
0.0000011287 0.0000005091 0.0000002503 
0.0000011254 0.0000005083 0.0000002503 
0.0000011220 0.0000005075 0.0000002502 
0.0000011186 0.0000005067 0.0000002501 
0.0000011152 0.0000005059 0.0000002500 
0.0000011118 0.0000005051 0.0000002499 
0.0000011084 0.0000005043 0.0000002498 
0.0000011049 0.0000005034 0.0000002497 
0.0000011015 0.0000005026 0.0000002497 
0.0000010981 0.0000005017 0.0000002496 
0.0000010947 0.0000005008 0.0000002495 
0.0000010913 0.0000004999 0.0000002495 
0.0000010879 0.0000004991 0.0000002494 
0.0000010845 0.0000004982 0.0000002493 
0.0000010811 0.0000004973 0.0000002493 
0.0000010777 0.0000004964 0.0000002492 
0.0000010743 0.0000004955 0.0000002492 
0.0000010709 0.0000004945 0.0000002491 
0.0000010674 0.0000004936 0.0000002491 
0.0000010639 0.0000004926 0.0000002490 
0.0000010603 0.0000004916 0.0000002489 
0.0000010568 0.0000004907 0.0000002488 
0.0000010532 0.0000004897 0.0000002487 
0.0000010496 0.0000004886 0.0000002486 
0.0000010459 0.0000004876 0.0000002485 
0.0000010422 0.0000004866 0.0000002484 
0.0000010385 0.0000004855 0.0000002482 
0.0000010348 0.0000004845 0.0000002481 
0.0000010311 0.0000004834 0.0000002480 
0.0000010274 0.0000004823 0.0000002478 
0.0000010237 0.0000004812 0.0000002477 
0.0000010199 0.0000004801 0.0000002475 
0.0000010162 0.0000004789 0.0000002473 
0.0000010124 0.0000004778 0.0000002472 
0.0000010086 0.0000004766 0.0000002470 
0.0000010048 0.0000004754 0.0000002468 
0.0000010009 0.0000004742 0.0000002466 
0.0000009971 0.0000004730 0.0000002464 
0.0000009932 0.0000004718 0.0000002462 
0.0000009894 0.0000004705 0.0000002460 
0.0000009855 0.0000004693 0.0000002457 
0.0000009816 0.0000004681 0.0000002455 
0.0000009777 0.0000004668 0.0000002453 
0.0000009738 0.0000004655 0.0000002450 
0.0000009699 0.0000004642 0.0000002448 
0.0000009659 0.0000004629 0.0000002445 
0.0000009619 0.0000004616 0.0000002442 
0.0000009579 0.0000004603 0.0000002439 
0.0000009539 0.0000004590 0.0000002436 
0.0000009499 0.0000004576 0.0000002433 
0.0000009458 0.0000004563 0.0000002429 
0.0000009418 0.0000004549 0.0000002426 
0.0000009377 0.0000004535 0.0000002422 
0.0000009337 0.0000004522 0.0000002418 
0.0000009296 0.0000004508 0.0000002414 
0.0000009256 0.0000004494 0.0000002411 
0.0000009216 0.0000004480 0.0000002407 
0.0000009176 0.0000004467 0.0000002403 
0.0000009137 0.0000004453 0.0000002399 
0.0000009097 0.0000004440 0.0000002395 
0.0000009058 0.0000004426 0.0000002391 
0.0000009019 0.0000004413 0.0000002386 
0.0000008980 0.0000004399 0.0000002382 
0.0000008941 0.0000004385 0.0000002378 
0.0000008902 0.0000004372 0.0000002373 
0.0000008863 0.0000004358 0.0000002368 
0.0000008824 0.0000004344 0.0000002363 
0.0000008785 0.0000004330 0.0000002358 
0.0000008746 0.0000004316 0.0000002353 
0.0000008707 0.0000004302 0.0000002348 
0.0000008669 0.0000004288 0.0000002343 
0.0000008630 0.0000004274 0.0000002338 
0.0000008591 0.0000004260 0.0000002332 
0.0000008553 0.0000004245 0.0000002327 
0.0000008514 0.0000004231 0.0000002321 
0.0000008475 0.0000004216 0.0000002315 
0.0000008436 0.0000004202 0.0000002309 
0.0000008397 0.0000004187 0.0000002303 
0.0000008359 0.0000004172 0.0000002297 
0.0000008320 0.0000004157 0.0000002290 
0.0000008281 0.0000004142 0.0000002284 
0.0000008243 0.0000004127 0.0000002278 
0.0000008205 0.0000004113 0.0000002272 
0.0000008167 0.0000004098 0.0000002266 
0.0000008129 0.0000004083 0.0000002259 
0.0000008091 0.0000004069 0.0000002253 
0.0000008053 0.0000004054 0.0000002247 
0.0000008015 0.0000004040 0.0000002241 
0.0000007978 0.0000004025 0.0000002235 
0.0000007940 0.0000004011 0.0000002229 
0.0000007903 0.0000003996 0.0000002223 
0.0000007865 0.0000003981 0.0000002217 
0.0000007828 0.0000003967 0.0000002210 
0.0000007791 0.0000003952 0.0000002204 
0.0000007754 0.0000003937 0.0000002198 
0.0000007717 0.0000003922 0.0000002192 
0.0000007680 0.0000003907 0.0000002186 
0.0000007644 0.0000003892 0.0000002179 
0.0000007608 0.0000003876 0.0000002173 
0.0000007572 0.0000003861 0.0000002167 
0.0000007537 0.0000003846 0.0000002160 
0.0000007502 0.0000003831 0.0000002154 
0.0000007467 0.0000003815 0.0000002147 
0.0000007432 0.0000003800 0.0000002141 
0.0000007397 0.0000003785 0.0000002135 
0.0000007362 0.0000003769 0.0000002128 
0.0000007328 0.0000003754 0.0000002122 
0.0000007294 0.0000003739 0.0000002115 
0.0000007260 0.0000003723 0.0000002109 
0.0000007227 0.0000003708 0.0000002102 
0.0000007194 0.0000003692 0.0000002096 
0.0000007161 0.0000003677 0.0000002089 
0.0000007129 0.0000003662 0.0000002083 
0.0000007097 0.0000003647 0.0000002076 
0.0000007066 0.0000003632 0.0000002070 
0.0000007035 0.0000003617 0.0000002063 
0.0000007004 0.0000003602 0.0000002056 
0.0000006974 0.0000003587 0.0000002050 
0.0000006944 0.0000003572 0.0000002043 
0.0000006915 0.0000003557 0.0000002037 
0.0000006886 0.0000003542 0.0000002030 
0.0000006857 0.0000003528 0.0000002024 
0.0000006829 0.0000003513 0.0000002017 
0.0000006800 0.0000003498 0.0000002011 
0.0000006772 0.0000003483 0.0000002004 
0.0000006745 0.0000003469 0.0000001998 
0.0000006717 0.0000003454 0.0000001991 
0.0000006690 0.0000003439 0.0000001985 
0.0000006663 0.0000003425 0.0000001978 
0.0000006636 0.0000003410 0.0000001972 
0.0000006609 0.0000003395 0.0000001965 
0.0000006581 0.0000003380 0.0000001958 
0.0000006554 0.0000003365 0.0000001951 
0.0000006527 0.0000003351 0.0000001944 
0.0000006499 0.0000003336 0.0000001937 
0.0000006471 0.0000003321 0.0000001929 
0.0000006443 0.0000003306 0.0000001922 
0.0000006415 0.0000003291 0.0000001915 
0.0000006387 0.0000003275 0.0000001907 
0.0000006358 0.0000003260 0.0000001899 
0.0000006330 0.0000003245 0.0000001891 
0.0000006301 0.0000003230 0.0000001883 
0.0000006273 0.0000003215 0.0000001875 
0.0000006244 0.0000003200 0.0000001867 
0.0000006215 0.0000003185 0.0000001859 
0.0000006187 0.0000003170 0.0000001851 
0.0000006158 0.0000003155 0.0000001843 
0.0000006129 0.0000003140 0.0000001834 
0.0000006100 0.0000003125 0.0000001826 
0.0000006071 0.0000003110 0.0000001817 
0.0000006042 0.0000003095 0.0000001809 
0.0000006013 0.0000003080 0.0000001800 
0.0000005984 0.0000003065 0.0000001791 
0.0000005955 0.0000003050 0.0000001782 
0.0000005926 0.0000003035 0.0000001774 
0.0000005897 0.0000003020 0.0000001765 
0.0000005869 0.0000003006 0.0000001756 
0.0000005841 0.0000002991 0.0000001746 
0.0000005814 0.0000002976 0.0000001737 
0.0000005787 0.0000002961 0.0000001728 
0.0000005761 0.0000002946 0.0000001718 
0.0000005734 0.0000002932 0.0000001709 
0.0000005708 0.0000002917 0.0000001700 
0.0000005682 0.0000002903 0.0000001690 
0.0000005656 0.0000002889 0.0000001681 
0.0000005630 0.0000002874 0.0000001672 
0.0000005604 0.0000002860 0.0000001663 
0.0000005578 0.0000002846 0.0000001653 
0.0000005552 0.0000002832 0.0000001644 
0.0000005526 0.0000002819 0.0000001635 
0.0000005501 0.0000002805 0.0000001626 
0.0000005475 0.0000002791 0.0000001617 
0.0000005450 0.0000002777 0.0000001608 
0.0000005424 0.0000002764 0.0000001599 
0.0000005399 0.0000002750 0.0000001590 
0.0000005374 0.0000002737 0.0000001581 
0.0000005349 0.0000002724 0.0000001572 
0.0000005324 0.0000002711 0.0000001564 
0.0000005300 0.0000002698 0.0000001555 
0.0000005276 0.0000002685 0.0000001547 
0.0000005251 0.0000002672 0.0000001538 
0.0000005227 0.0000002659 0.0000001530 
0.0000005203 0.0000002647 0.0000001522 
0.0000005180 0.0000002634 0.0000001513 
0.0000005156 0.0000002622 0.0000001505 
0.0000005132 0.0000002609 0.0000001497 
0.0000005109 0.0000002597 0.0000001489 
0.0000005085 0.0000002585 0.0000001481 
0.0000005062 0.0000002573 0.0000001473 
0.0000005038 0.0000002560 0.0000001466 
0.0000005015 0.0000002548 0.0000001458 
0.0000004991 0.0000002536 0.0000001450 
0.0000004968 0.0000002525 0.0000001443 
0.0000004945 0.0000002513 0.0000001435 
0.0000004922 0.0000002501 0.0000001428 
0.0000004900 0.0000002490 0.0000001420 
0.0000004877 0.0000002478 0.0000001413 
0.0000004855 0.0000002467 0.0000001406 
0.0000004832 0.0000002455 0.0000001399 
0.0000004810 0.0000002444 0.0000001391 
0.0000004787 0.0000002433 0.0000001384 
0.0000004765 0.0000002421 0.0000001377 
0.0000004743 0.0000002410 0.0000001370 
0.0000004720 0.0000002399 0.0000001363 
0.0000004698 0.0000002388 0.0000001356 
0.0000004676 0.0000002377 0.0000001350 
0.0000004654 0.0000002366 0.0000001343 
0.0000004632 0.0000002355 0.0000001336 
0.0000004610 0.0000002344 0.0000001329 
0.0000004588 0.0000002333 0.0000001322 
0.0000004566 0.0000002322 0.0000001315 
0.0000004545 0.0000002311 0.0000001309 
0.0000004523 0.0000002300 0.0000001302 
0.0000004501 0.0000002290 0.0000001295 
0.0000004479 0.0000002279 0.0000001288 
0.0000004457 0.0000002268 0.0000001282 
0.0000004436 0.0000002257 0.0000001275 
0.0000004414 0.0000002247 0.0000001268 
0.0000004392 0.0000002236 0.0000001262 
0.0000004370 0.0000002225 0.0000001255 
0.0000004348 0.0000002215 0.0000001248 
0.0000004326 0.0000002204 0.0000001242 
0.0000004304 0.0000002194 0.0000001236 
0.0000004283 0.0000002183 0.0000001229 
0.0000004261 0.0000002173 0.0000001223 
0.0000004240 0.0000002163 0.0000001217 
0.0000004218 0.0000002152 0.0000001211 
0.0000004197 0.0000002142 0.0000001205 
0.0000004175 0.0000002132 0.0000001199 
0.0000004154 0.0000002122 0.0000001193 
0.0000004133 0.0000002112 0.0000001188 
0.0000004112 0.0000002101 0.0000001182 
0.0000004091 0.0000002091 0.0000001176 
0.0000004070 0.0000002082 0.0000001171 
0.0000004050 0.0000002072 0.0000001166 
0.0000004029 0.0000002062 0.0000001160 
0.0000004009 0.0000002052 0.0000001155 
0.0000003988 0.0000002042 0.0000001150 
0.0000003968 0.0000002033 0.0000001145 
0.0000003948 0.0000002023 0.0000001141 
0.0000003927 0.0000002013 0.0000001136 
0.0000003907 0.0000002004 0.0000001131 
0.0000003886 0.0000001994 0.0000001127 
0.0000003866 0.0000001984 0.0000001123 
0.0000003846 0.0000001975 0.0000001118 
0.0000003825 0.0000001965 0.0000001114 
0.0000003805 0.0000001956 0.0000001110 
0.0000003785 0.0000001946 0.0000001106 
0.0000003764 0.0000001937 0.0000001102 
0.0000003744 0.0000001927 0.0000001098 
0.0000003724 0.0000001918 0.0000001094 
0.0000003704 0.0000001909 0.0000001090 
0.0000003683 0.0000001900 0.0000001087 
0.0000003663 0.0000001890 0.0000001083 
0.0000003643 0.0000001881 0.0000001079 
0.0000003622 0.0000001872 0.0000001076 
0.0000003602 0.0000001863 0.0000001072 
0.0000003582 0.0000001854 0.0000001069 
0.0000003561 0.0000001844 0.0000001065 
0.0000003541 0.0000001835 0.0000001062 
0.0000003520 0.0000001826 0.0000001058 
0.0000003500 0.0000001817 0.0000001055 
0.0000003479 0.0000001808 0.0000001052 
0.0000003459 0.0000001799 0.0000001048 
0.0000003438 0.0000001790 0.0000001045 
0.0000003417 0.0000001781 0.0000001041 
0.0000003397 0.0000001773 0.0000001038 
0.0000003376 0.0000001764 0.0000001035 
0.0000003355 0.0000001755 0.0000001031 
0.0000003334 0.0000001746 0.0000001028 
0.0000003313 0.0000001737 0.0000001025 
0.0000003292 0.0000001729 0.0000001021 
0.0000003271 0.0000001720 0.0000001018 
0.0000003250 0.0000001711 0.0000001015 
0.0000003229 0.0000001703 0.0000001011 
0.0000003208 0.0000001694 0.0000001008 
0.0000003187 0.0000001685 0.0000001005 
0.0000003166 0.0000001677 0.0000001001 
0.0000003145 0.0000001668 0.0000000998 
0.0000003123 0.0000001660 0.0000000994 
0.0000003102 0.0000001651 0.0000000991 
0.0000003081 0.0000001643 0.0000000988 
0.0000003059 0.0000001634 0.0000000984 
0.0000003038 0.0000001626 0.0000000981 
0.0000003016 0.0000001617 0.0000000977 
0.0000002995 0.0000001609 0.0000000973 
0.0000002973 0.0000001600 0.0000000970 
0.0000002952 0.0000001592 0.0000000966 
0.0000002930 0.0000001584 0.0000000963 
0.0000002909 0.0000001575 0.0000000959 
0.0000002888 0.0000001567 0.0000000955 
0.0000002867 0.0000001559 0.0000000952 
0.0000002846 0.0000001551 0.0000000948 
0.0000002825 0.0000001542 0.0000000945 
0.0000002804 0.0000001534 0.0000000941 
0.0000002783 0.0000001526 0.0000000937 
0.0000002762 0.0000001518 0.0000000934 
0.0000002742 0.0000001510 0.0000000930 
0.0000002721 0.0000001502 0.0000000926 
0.0000002701 0.0000001494 0.0000000923 
0.0000002680 0.0000001486 0.0000000919 
0.0000002660 0.0000001479 0.0000000916 
0.0000002640 0.0000001471 0.0000000912 
0.0000002620 0.0000001463 0.0000000909 
0.0000002600 0.0000001455 0.0000000905 
0.0000002581 0.0000001448 0.0000000902 
0.0000002561 0.0000001440 0.0000000898 
0.0000002542 0.0000001433 0.0000000895 
0.0000002523 0.0000001425 0.0000000891 
0.0000002504 0.0000001418 0.0000000888 
0.0000002486 0.0000001411 0.0000000884 
0.0000002468 0.0000001403 0.0000000881 
0.0000002450 0.0000001396 0.0000000878 
0.0000002432 0.0000001389 0.0000000875 
0.0000002414 0.0000001383 0.0000000872 
0.0000002397 0.0000001376 0.0000000869 
0.0000002380 0.0000001369 0.0000000866 
0.0000002363 0.0000001363 0.0000000863 
0.0000002346 0.0000001356 0.0000000860 
0.0000002330 0.0000001350 0.0000000857 
0.0000002313 0.0000001344 0.0000000854 
0.0000002297 0.0000001337 0.0000000852 
0.0000002282 0.0000001331 0.0000000849 
0.0000002266 0.0000001325 0.0000000847 
0.0000002251 0.0000001319 0.0000000844 
0.0000002236 0.0000001313 0.0000000842 
0.0000002222 0.0000001307 0.0000000840 
0.0000002208 0.0000001301 0.0000000838 
0.0000002195 0.0000001296 0.0000000835 
0.0000002181 0.0000001290 0.0000000833 
0.0000002168 0.0000001284 0.0000000831 
0.0000002155 0.0000001279 0.0000000829 
0.0000002143 0.0000001273 0.0000000827 
0.0000002130 0.0000001268 0.0000000825 
0.0000002118 0.0000001262 0.0000000823 
0.0000002106 0.0000001257 0.0000000821 
0.0000002094 0.0000001252 0.0000000819 
0.0000002082 0.0000001247 0.0000000818 
0.0000002071 0.0000001242 0.0000000816 
0.0000002060 0.0000001237 0.0000000814 
0.0000002049 0.0000001233 0.0000000813 
0.0000002039 0.0000001228 0.0000000811 
0.0000002028 0.0000001224 0.0000000810 
0.0000002018 0.0000001219 0.0000000808 
0.0000002008 0.0000001215 0.0000000807 
0.0000001999 0.0000001211 0.0000000805 
0.0000001989 0.0000001206 0.0000000804 
0.0000001980 0.0000001202 0.0000000803 
0.0000001971 0.0000001199 0.0000000801 
0.0000001963 0.0000001195 0.0000000800 
0.0000001955 0.0000001191 0.0000000799 
0.0000001948 0.0000001188 0.0000000798 
0.0000001941 0.0000001184 0.0000000797 
0.0000001934 0.0000001181 0.0000000797 
0.0000001928 0.0000001178 0.0000000796 
0.0000001922 0.0000001175 0.0000000795 
0.0000001916 0.0000001172 0.0000000795 
0.0000001909 0.0000001169 0.0000000794 
0.0000001903 0.0000001166 0.0000000793 
0.0000001897 0.0000001163 0.0000000793 
0.0000001891 0.0000001160 0.0000000792 
0.0000001885 0.0000001157 0.0000000792 
0.0000001879 0.0000001154 0.0000000791 
0.0000001873 0.0000001151 0.0000000791 
0.0000001867 0.0000001148 0.0000000790 
0.0000001861 0.0000001146 0.0000000789 
0.0000001855 0.0000001143 0.0000000789 
0.0000001849 0.0000001140 0.0000000788 
0.0000001843 0.0000001137 0.0000000788 
0.0000001837 0.0000001134 0.0000000787 
0.0000001831 0.0000001131 0.0000000786 
0.0000001825 0.0000001129 0.0000000786 
0.0000001818 0.0000001126 0.0000000785 
0.0000001812 0.0000001123 0.0000000784 
0.0000001806 0.0000001120 0.0000000783 
0.0000001799 0.0000001117 0.0000000783 
0.0000001793 0.0000001114 0.0000000782 
0.0000001787 0.0000001111 0.0000000781 
0.0000001780 0.0000001109 0.0000000780 
0.0000001774 0.0000001106 0.0000000780 
0.0000001767 0.0000001103 0.0000000779 
0.0000001761 0.0000001100 0.0000000778 
0.0000001754 0.0000001097 0.0000000777 
0.0000001748 0.0000001094 0.0000000776 
0.0000001741 0.0000001091 0.0000000776 
0.0000001734 0.0000001088 0.0000000775 
0.0000001728 0.0000001085 0.0000000774 
0.0000001722 0.0000001082 0.0000000773 
0.0000001715 0.0000001079 0.0000000772 
0.0000001709 0.0000001076 0.0000000771 
0.0000001703 0.0000001073 0.0000000771 
0.0000001697 0.0000001070 0.0000000770 
0.0000001691 0.0000001068 0.0000000769 
0.0000001685 0.0000001065 0.0000000768 
0.0000001679 0.0000001062 0.0000000767 
0.0000001673 0.0000001059 0.0000000766 
0.0000001668 0.0000001057 0.0000000765 
0.0000001662 0.0000001054 0.0000000764 
0.0000001657 0.0000001051 0.0000000763 
0.0000001652 0.0000001048 0.0000000761 
0.0000001646 0.0000001046 0.0000000760 
0.0000001642 0.0000001043 0.0000000759 
0.0000001637 0.0000001041 0.0000000758 
0.0000001633 0.0000001038 0.0000000757 
0.0000001630 0.0000001036 0.0000000755 
0.0000001627 0.0000001034 0.0000000754 
0.0000001624 0.0000001032 0.0000000753 
0.0000001623 0.0000001030 0.0000000752 
0.0000001622 0.0000001028 0.0000000750 
0.0000001622 0.0000001026 0.0000000749 
0.0000001622 0.0000001024 0.0000000748 
0.0000001622 0.0000001023 0.0000000747 
0.0000001623 0.0000001021 0.0000000746 
0.0000001624 0.0000001020 0.0000000744 
0.0000001626 0.0000001018 0.0000000743 
0.0000001627 0.0000001017 0.0000000742 
0.0000001630 0.0000001016 0.0000000740 
0.0000001632 0.0000001014 0.0000000738 
0.0000001635 0.0000001013 0.0000000737 
0.0000001639 0.0000001012 0.0000000735 
0.0000001642 0.0000001011 0.0000000733 
0.0000001646 0.0000001010 0.0000000731 
0.0000001651 0.0000001009 0.0000000729 
0.0000001655 0.0000001009 0.0000000727 
0.0000001660 0.0000001008 0.0000000724 
0.0000001666 0.0000001007 0.0000000722 
0.0000001671 0.0000001007 0.0000000719 
0.0000001677 0.0000001006 0.0000000717 
0.0000001682 0.0000001005 0.0000000714 
0.0000001686 0.0000001003 0.0000000711 
0.0000001689 0.0000001002 0.0000000709 
0.0000001692 0.0000001000 0.0000000706 
0.0000001694 0.0000000998 0.0000000703 
0.0000001695 0.0000000996 0.0000000700 
0.0000001695 0.0000000994 0.0000000697 
0.0000001695 0.0000000992 0.0000000694 
0.0000001695 0.0000000989 0.0000000690 
0.0000001694 0.0000000987 0.0000000687 
0.0000001693 0.0000000984 0.0000000683 
0.0000001691 0.0000000982 0.0000000679 
0.0000001690 0.0000000980 0.0000000675 
0.0000001688 0.0000000977 0.0000000671 
0.0000001687 0.0000000975 0.0000000667 
0.0000001685 0.0000000972 0.0000000662 
0.0000001683 0.0000000970 0.0000000658 
0.0000001680 0.0000000968 0.0000000654 
0.0000001678 0.0000000965 0.0000000649 
0.0000001676 0.0000000963 0.0000000645 
0.0000001674 0.0000000961 0.0000000641 
0.0000001672 0.0000000959 0.0000000637 
0.0000001671 0.0000000956 0.0000000633 
0.0000001669 0.0000000954 0.0000000630 
0.0000001667 0.0000000952 0.0000000626 
0.0000001665 0.0000000951 0.0000000622 
0.0000001663 0.0000000949 0.0000000618 
0.0000001661 0.0000000947 0.0000000615 
0.0000001659 0.0000000945 0.0000000611 
0.0000001656 0.0000000942 0.0000000607 
0.0000001654 0.0000000940 0.0000000604 
0.0000001651 0.0000000938 0.0000000600 
0.0000001648 0.0000000936 0.0000000597 
0.0000001646 0.0000000934 0.0000000593 
0.0000001643 0.0000000932 0.0000000590 
0.0000001640 0.0000000930 0.0000000587 
0.0000001638 0.0000000928 0.0000000583 
0.0000001635 0.0000000926 0.0000000580 
0.0000001632 0.0000000924 0.0000000577 
0.0000001630 0.0000000922 0.0000000574 
0.0000001627 0.0000000920 0.0000000571 
0.0000001625 0.0000000919 0.0000000569 
0.0000001623 0.0000000917 0.0000000566 
0.0000001621 0.0000000915 0.0000000564 
0.0000001619 0.0000000913 0.0000000561 
0.0000001617 0.0000000912 0.0000000559 
0.0000001615 0.0000000910 0.0000000557 
0.0000001613 0.0000000909 0.0000000555 
0.0000001611 0.0000000907 0.0000000553 
0.0000001610 0.0000000906 0.0000000551 
0.0000001608 0.0000000904 0.0000000549 
0.0000001607 0.0000000903 0.0000000548 
0.0000001605 0.0000000902 0.0000000546 
0.0000001604 0.0000000900 0.0000000545 
0.0000001602 0.0000000899 0.0000000544 
0.0000001601 0.0000000898 0.0000000542 
0.0000001600 0.0000000897 0.0000000541 
0.0000001598 0.0000000896 0.0000000540 
0.0000001597 0.0000000894 0.0000000539 
0.0000001596 0.0000000893 0.0000000539 
0.0000001594 0.0000000892 0.0000000538 
0.0000001593 0.0000000891 0.0000000537 
0.0000001591 0.0000000890 0.0000000536 
0.0000001589 0.0000000888 0.0000000536 
0.0000001588 0.0000000887 0.0000000535 
0.0000001586 0.0000000886 0.0000000534 
0.0000001584 0.0000000884 0.0000000534 
0.0000001582 0.0000000883 0.0000000533 
0.0000001580 0.0000000882 0.0000000533 
0.0000001578 0.0000000880 0.0000000532 
0.0000001575 0.0000000879 0.0000000532 
0.0000001573 0.0000000877 0.0000000531 
0.0000001570 0.0000000876 0.0000000531 
0.0000001568 0.0000000874 0.0000000531 
0.0000001565 0.0000000872 0.0000000530 
0.0000001562 0.0000000871 0.0000000530 
0.0000001560 0.0000000869 0.0000000529 
0.0000001556 0.0000000867 0.0000000529 
0.0000001553 0.0000000865 0.0000000529 
0.0000001550 0.0000000863 0.0000000528 
0.0000001547 0.0000000861 0.0000000528 
0.0000001543 0.0000000859 0.0000000527 
0.0000001539 0.0000000857 0.0000000527 
0.0000001535 0.0000000855 0.0000000527 
0.0000001531 0.0000000853 0.0000000526 
0.0000001527 0.0000000851 0.0000000526 
0.0000001523 0.0000000848 0.0000000525 
0.0000001518 0.0000000846 0.0000000525 
0.0000001513 0.0000000844 0.0000000524 
0.0000001508 0.0000000841 0.0000000524 
0.0000001503 0.0000000839 0.0000000523 
0.0000001498 0.0000000836 0.0000000523 
0.0000001493 0.0000000833 0.0000000522 
0.0000001487 0.0000000830 0.0000000522 
0.0000001482 0.0000000828 0.0000000521 
0.0000001476 0.0000000825 0.0000000520 
0.0000001470 0.0000000822 0.0000000520 
0.0000001464 0.0000000819 0.0000000519 
0.0000001458 0.0000000816 0.0000000518 
0.0000001452 0.0000000813 0.0000000518 
0.0000001446 0.0000000810 0.0000000517 
0.0000001440 0.0000000807 0.0000000516 
0.0000001433 0.0000000803 0.0000000515 
0.0000001427 0.0000000800 0.0000000514 
0.0000001420 0.0000000797 0.0000000513 
0.0000001414 0.0000000794 0.0000000512 
0.0000001407 0.0000000790 0.0000000511 
0.0000001400 0.0000000787 0.0000000510 
0.0000001393 0.0000000783 0.0000000509 
0.0000001386 0.0000000780 0.0000000508 
0.0000001379 0.0000000776 0.0000000507 
0.0000001372 0.0000000773 0.0000000506 
0.0000001365 0.0000000769 0.0000000505 
0.0000001358 0.0000000765 0.0000000503 
0.0000001351 0.0000000762 0.0000000502 
0.0000001343 0.0000000758 0.0000000501 
0.0000001336 0.0000000754 0.0000000499 
0.0000001328 0.0000000750 0.0000000498 
0.0000001321 0.0000000747 0.0000000496 
0.0000001313 0.0000000743 0.0000000495 
0.0000001306 0.0000000739 0.0000000493 
0.0000001298 0.0000000735 0.0000000492 
0.0000001290 0.0000000731 0.0000000490 
0.0000001283 0.0000000727 0.0000000488 
0.0000001275 0.0000000723 0.0000000486 
0.0000001267 0.0000000719 0.0000000485 
0.0000001259 0.0000000715 0.0000000483 
0.0000001251 0.0000000711 0.0000000481 
0.0000001243 0.0000000707 0.0000000479 
0.0000001235 0.0000000702 0.0000000477 
0.0000001227 0.0000000698 0.0000000475 
0.0000001219 0.0000000694 0.0000000473 
0.0000001211 0.0000000690 0.0000000471 
0.0000001203 0.0000000686 0.0000000468 
0.0000001195 0.0000000681 0.0000000466 
0.0000001187 0.0000000677 0.0000000464 
0.0000001179 0.0000000673 0.0000000462 
0.0000001171 0.0000000668 0.0000000459 
0.0000001163 0.0000000664 0.0000000457 
0.0000001155 0.0000000660 0.0000000455 
0.0000001147 0.0000000655 0.0000000452 
0.0000001139 0.0000000651 0.0000000450 
0.0000001131 0.0000000647 0.0000000447 
0.0000001123 0.0000000642 0.0000000445 
0.0000001115 0.0000000638 0.0000000442 
0.0000001107 0.0000000634 0.0000000439 
0.0000001099 0.0000000629 0.0000000437 
0.0000001091 0.0000000625 0.0000000434 
0.0000001083 0.0000000620 0.0000000431 
0.0000001074 0.0000000616 0.0000000429 
0.0000001066 0.0000000612 0.0000000426 
0.0000001058 0.0000000607 0.0000000423 
0.0000001050 0.0000000603 0.0000000420 
0.0000001042 0.0000000598 0.0000000417 
0.0000001034 0.0000000594 0.0000000415 
0.0000001026 0.0000000589 0.0000000412 
0.0000001017 0.0000000585 0.0000000409 
0.0000001009 0.0000000580 0.0000000406 
0.0000001001 0.0000000576 0.0000000403 
0.0000000993 0.0000000571 0.0000000400 
0.0000000984 0.0000000567 0.0000000397 
0.0000000976 0.0000000562 0.0000000394 
0.0000000968 0.0000000558 0.0000000391 
0.0000000960 0.0000000553 0.0000000388 
0.0000000952 0.0000000549 0.0000000384 
0.0000000944 0.0000000544 0.0000000381 
0.0000000935 0.0000000539 0.0000000378 
0.0000000927 0.0000000535 0.0000000375 
0.0000000919 0.0000000530 0.0000000372 
0.0000000911 0.0000000526 0.0000000368 
0.0000000902 0.0000000521 0.0000000365 
0.0000000894 0.0000000516 0.0000000362 
0.0000000885 0.0000000512 0.0000000358 
0.0000000877 0.0000000507 0.0000000355 
0.0000000868 0.0000000502 0.0000000352 
0.0000000860 0.0000000498 0.0000000348 
0.0000000851 0.0000000493 0.0000000345 
0.0000000843 0.0000000488 0.0000000341 
0.0000000835 0.0000000484 0.0000000338 
0.0000000826 0.0000000479 0.0000000334 
0.0000000818 0.0000000475 0.0000000331 
0.0000000810 0.0000000470 0.0000000327 
0.0000000801 0.0000000465 0.0000000324 
0.0000000793 0.0000000461 0.0000000321 
0.0000000785 0.0000000456 0.0000000317 
0.0000000778 0.0000000452 0.0000000314 
0.0000000770 0.0000000448 0.0000000310 
0.0000000762 0.0000000444 0.0000000307 
0.0000000755 0.0000000440 0.0000000304 
0.0000000748 0.0000000436 0.0000000300 
0.0000000740 0.0000000431 0.0000000297 
0.0000000733 0.0000000427 0.0000000293 
0.0000000725 0.0000000423 0.0000000290 
0.0000000717 0.0000000419 0.0000000286 
0.0000000710 0.0000000414 0.0000000283 
0.0000000702 0.0000000410 0.0000000279 
0.0000000694 0.0000000406 0.0000000276 
0.0000000686 0.0000000401 0.0000000272 
0.0000000678 0.0000000397 0.0000000269 
0.0000000670 0.0000000392 0.0000000265 
0.0000000662 0.0000000388 0.0000000261 
0.0000000654 0.0000000383 0.0000000257 
0.0000000646 0.0000000378 0.0000000254 
0.0000000638 0.0000000374 0.0000000250 
0.0000000629 0.0000000369 0.0000000246 
0.0000000621 0.0000000364 0.0000000242 
0.0000000613 0.0000000360 0.0000000239 
0.0000000605 0.0000000355 0.0000000235 
0.0000000597 0.0000000350 0.0000000231 
0.0000000589 0.0000000346 0.0000000227 
0.0000000581 0.0000000341 0.0000000224 
0.0000000572 0.0000000336 0.0000000220 
0.0000000564 0.0000000332 0.0000000216 
0.0000000557 0.0000000327 0.0000000213 
0.0000000549 0.0000000322 0.0000000209 
0.0000000541 0.0000000318 0.0000000205 
0.0000000533 0.0000000313 0.0000000202 
0.0000000525 0.0000000308 0.0000000198 
0.0000000518 0.0000000304 0.0000000195 
0.0000000511 0.0000000299 0.0000000192 
0.0000000503 0.0000000295 0.0000000188 
0.0000000496 0.0000000291 0.0000000185 
0.0000000489 0.0000000286 0.0000000182 
0.0000000483 0.0000000282 0.0000000179 
0.0000000476 0.0000000278 0.0000000176 
0.0000000470 0.0000000274 0.0000000173 
0.0000000464 0.0000000270 0.0000000171 
0.0000000458 0.0000000266 0.0000000168 
0.0000000452 0.0000000262 0.0000000166 
0.0000000446 0.0000000258 0.0000000163 
0.0000000440 0.0000000255 0.0000000161 
0.0000000434 0.0000000251 0.0000000158 
0.0000000429 0.0000000247 0.0000000156 
0.0000000424 0.0000000244 0.0000000154 
0.0000000418 0.0000000240 0.0000000152 
0.0000000413 0.0000000236 0.0000000149 
0.0000000407 0.0000000233 0.0000000147 
0.0000000402 0.0000000229 0.0000000145 
0.0000000397 0.0000000226 0.0000000143 
0.0000000391 0.0000000222 0.0000000141 
0.0000000386 0.0000000219 0.0000000139 
0.0000000381 0.0000000215 0.0000000137 
0.0000000375 0.0000000211 0.0000000135 
0.0000000370 0.0000000208 0.0000000133 
0.0000000365 0.0000000204 0.0000000131 
0.0000000359 0.0000000201 0.0000000129 
0.0000000354 0.0000000197 0.0000000127 
0.0000000349 0.0000000194 0.0000000126 
0.0000000343 0.0000000190 0.0000000124 
0.0000000338 0.0000000187 0.0000000122 
0.0000000332 0.0000000183 0.0000000120 
0.0000000327 0.0000000180 0.0000000118 
0.0000000321 0.0000000176 0.0000000117 
0.0000000316 0.0000000172 0.0000000115 
0.0000000310 0.0000000169 0.0000000113 
0.0000000305 0.0000000165 0.0000000111 
0.0000000299 0.0000000162 0.0000000109 
0.0000000293 0.0000000158 0.0000000108 
0.0000000288 0.0000000155 0.0000000106 
0.0000000282 0.0000000151 0.0000000104 
0.0000000276 0.0000000148 0.0000000102 
0.0000000271 0.0000000144 0.0000000100 
0.0000000265 0.0000000141 0.0000000098 
0.0000000259 0.0000000137 0.0000000096 
0.0000000253 0.0000000134 0.0000000095 
0.0000000247 0.0000000130 0.0000000093 
0.0000000242 0.0000000127 0.0000000091 
0.0000000236 0.0000000123 0.0000000089 
0.0000000230 0.0000000120 0.0000000087 
0.0000000224 0.0000000116 0.0000000085 
0.0000000218 0.0000000113 0.0000000083 
0.0000000212 0.0000000110 0.0000000081 
0.0000000206 0.0000000106 0.0000000079 
0.0000000200 0.0000000103 0.0000000077 
0.0000000194 0.0000000100 0.0000000075 
0.0000000188 0.0000000096 0.0000000073 
0.0000000183 0.0000000093 0.0000000072 
0.0000000177 0.0000000090 0.0000000070 
0.0000000171 0.0000000087 0.0000000068 
0.0000000166 0.0000000084 0.0000000066 
0.0000000160 0.0000000081 0.0000000065 
0.0000000155 0.0000000078 0.0000000063 
0.0000000150 0.0000000075 0.0000000061 
0.0000000144 0.0000000072 0.0000000059 
0.0000000139 0.0000000069 0.0000000058 
0.0000000133 0.0000000066 0.0000000056 
0.0000000128 0.0000000063 0.0000000054 
0.0000000122 0.0000000060 0.0000000052 
0.0000000117 0.0000000057 0.0000000051 
0.0000000111 0.0000000054 0.0000000049 
0.0000000106 0.0000000051 0.0000000047 
0.0000000101 0.0000000048 0.0000000045 
0.0000000095 0.0000000045 0.0000000044 
0.0000000089 0.0000000043 0.0000000042 
0.0000000084 0.0000000040 0.0000000040 
0.0000000078 0.0000000037 0.0000000038 
0.0000000073 0.0000000034 0.0000000036 
0.0000000067 0.0000000031 0.0000000034 
0.0000000062 0.0000000029 0.0000000033 
0.0000000056 0.0000000026 0.0000000031 
0.0000000051 0.0000000023 0.0000000029 
0.0000000045 0.0000000021 0.0000000027 
0.0000000040 0.0000000018 0.0000000025 
0.0000000035 0.0000000016 0.0000000023 
0.0000000029 0.0000000013 0.0000000022 
0.0000000025 0.0000000011 0.0000000020 
0.0000000020 0.0000000009 0.0000000018 
0.0000000015 0.0000000007 0.0000000017 
0.0000000011 0.0000000005 0.0000000015 
0.0000000007 0.0000000003 0.0000000014 
0.0000000003 0.0000000002 0.0000000012 
0.0000000000 0.0000000001 0.0000000011 
0.0000000000 0.0000000001 0.0000000011 
0.0000000000 0.0000000001 0.0000000011 
0.0000000000 0.0000000001 0.0000000011 
0.0000000001 0.0000000002 0.0000000010 
0.0000000001 0.0000000003 0.0000000010 
0.0000000002 0.0000000004 0.0000000009 
0.0000000004 0.0000000005 0.0000000008 
0.0000000006 0.0000000006 0.0000000007 
0.0000000006 0.0000000006 0.0000000007 
0.0000000007 0.0000000006 0.0000000006 
0.0000000007 0.0000000006 0.0000000006 
0.0000000007 0.0000000006 0.0000000005 
0.0000000006 0.0000000004 0.0000000004 
0.0000000005 0.0000000003 0.0000000002 
0.0000000004 0.0000000001 0.0000000000 
0.0000000004 0.0000000001 0.0000000000 
0.0000000004 0.0000000001 0.0000000000 
0.0000000004 0.0000000001 0.0000000000 
0.0000000004 0.0000000001 0.0000000000 
0.0000000004 0.0000000001 0.0000000000 
0.0000000004 0.0000000001 0.0000000000 
0.0000000004 0.0000000001 0.0000000000 
0.0000000004 0.0000000001 0.0000000000 
0.0000000004 0.0000000001 0.0000000000 
0.0000000004 0.0000000001 0.0000000000 
0.0000000004 0.0000000001 0.0000000000 
0.0000000004 0.0000000001 0.0000000000 
0.0000000004 0.0000000001 0.0000000000 
0.0000000004 0.0000000001 0.0000000000 
0.0000000004 0.0000000001 0.0000000000 
0.0000000004 0.0000000001 0.0000000000 
0.0000000004 0.0000000001 0.0000000000 
0.0000000004 0.0000000001 0.0000000000 
0.0000000004 0.0000000001 0.0000000000 
0.0000000004 0.0000000001 0.0000000000 
0.0000000004 0.0000000001 0.0000000000 
0.0000000004 0.0000000001 0.0000000000 
0.0000000004 0.0000000001 0.0000000000 
0.0000000004 0.0000000001 0.0000000000 
0.0000000004 0.0000000001 0.0000000000 
0.0000000004 0.0000000001 0.0000000000 
0.0000000004 0.0000000001 0.0000000000 
0.0000000004 0.0000000001 0.0000000000 
0.0000000004 0.0000000001 0.0000000000 
0.0000000004 0.0000000001 0.0000000000 
0.0000000004 0.0000000001 0.0000000000 
0.0000000004 0.0000000001 0.0000000000 
0.0000000004 0.0000000001 0.0000000000 
0.0000000004 0.0000000001 0.0000000000 
0.0000000004 0.0000000001 0.0000000000 
