0.0000100762 -0.0000046774 0.0000029767 
0.0000100634 -0.0000046468 0.0000029432 
0.0000100506 -0.0000046177 0.0000029107 
0.0000100377 -0.0000045898 0.0000028791 
0.0000100245 -0.0000045630 0.0000028483 
0.0000100110 -0.0000045371 0.0000028183 
0.0000099972 -0.0000045120 0.0000027889 
0.0000099829 -0.0000044875 0.0000027602 
0.0000099681 -0.0000044637 0.0000027321 
0.0000099528 -0.0000044404 0.0000027046 
0.0000099370 -0.0000044175 0.0000026777 
0.0000099206 -0.0000043950 0.0000026515 
0.0000099034 -0.0000043729 0.0000026258 
0.0000098856 -0.0000043510 0.0000026007 
0.0000098670 -0.0000043294 0.0000025761 
0.0000098479 -0.0000043080 0.0000025522 
0.0000098281 -0.0000042869 0.0000025288 
0.0000098078 -0.0000042659 0.0000025060 
0.0000097868 -0.0000042451 0.0000024838 
0.0000097653 -0.0000042245 0.0000024622 
0.0000097435 -0.0000042040 0.0000024411 
0.0000097214 -0.0000041838 0.0000024205 
0.0000096991 -0.0000041638 0.0000024005 
0.0000096766 -0.0000041440 0.0000023810 
0.0000096540 -0.0000041244 0.0000023620 
0.0000096314 -0.0000041050 0.0000023435 
0.0000096087 -0.0000040858 0.0000023256 
0.0000095860 -0.0000040669 0.0000023081 
0.0000095634 -0.0000040481 0.0000022911 
0.0000095408 -0.0000040295 0.0000022746 
0.0000095183 -0.0000040111 0.0000022587 
0.0000094958 -0.0000039929 0.0000022432 
0.0000094735 -0.0000039750 0.0000022283 
0.0000094513 -0.0000039572 0.0000022138 
0.0000094293 -0.0000039397 0.0000021999 
0.0000094076 -0.0000039225 0.0000021864 
0.0000093863 -0.0000039056 0.0000021735 
0.0000093655 -0.0000038889 0.0000021610 
0.0000093451 -0.0000038725 0.0000021489 
0.0000093251 -0.0000038564 0.0000021373 
0.0000093055 -0.0000038406 0.0000021260 
0.0000092862 -0.0000038250 0.0000021150 
0.0000092673 -0.0000038098 0.0000021045 
0.0000092489 -0.0000037948 0.0000020942 
0.0000092308 -0.0000037800 0.0000020843 
0.0000092132 -0.0000037654 0.0000020747 
0.0000091959 -0.0000037510 0.0000020652 
0.0000091790 -0.0000037369 0.0000020561 
0.0000091624 -0.0000037229 0.0000020471 
0.0000091462 -0.0000037091 0.0000020384 
0.0000091303 -0.0000036954 0.0000020299 
0.0000091147 -0.0000036819 0.0000020215 
0.0000090995 -0.0000036685 0.0000020134 
0.0000090845 -0.0000036552 0.0000020055 
0.0000090697 -0.0000036420 0.0000019977 
0.0000090553 -0.0000036288 0.0000019900 
0.0000090412 -0.0000036155 0.0000019825 
0.0000090274 -0.0000036023 0.0000019752 
0.0000090139 -0.0000035890 0.0000019680 
0.0000090007 -0.0000035757 0.0000019608 
0.0000089876 -0.0000035625 0.0000019537 
0.0000089746 -0.0000035493 0.0000019466 
0.0000089617 -0.0000035361 0.0000019396 
0.0000089489 -0.0000035230 0.0000019326 
0.0000089362 -0.0000035099 0.0000019256 
0.0000089235 -0.0000034968 0.0000019186 
0.0000089110 -0.0000034838 0.0000019117 
0.0000088985 -0.0000034709 0.0000019048 
0.0000088860 -0.0000034580 0.0000018978 
0.0000088736 -0.0000034451 0.0000018909 
0.0000088613 -0.0000034323 0.0000018840 
0.0000088490 -0.0000034196 0.0000018770 
0.0000088368 -0.0000034069 0.0000018700 
0.0000088246 -0.0000033942 0.0000018630 
0.0000088124 -0.0000033815 0.0000018560 
0.0000088001 -0.0000033689 0.0000018491 
0.0000087881 -0.0000033563 0.0000018422 
0.0000087761 -0.0000033438 0.0000018354 
0.0000087642 -0.0000033313 0.0000018287 
0.0000087524 -0.0000033190 0.0000018220 
0.0000087407 -0.0000033066 0.0000018154 
0.0000087290 -0.0000032943 0.0000018089 
0.0000087173 -0.0000032821 0.0000018024 
0.0000087056 -0.0000032700 0.0000017959 
0.0000086939 -0.0000032579 0.0000017895 
0.0000086823 -0.0000032458 0.0000017831 
0.0000086707 -0.0000032339 0.0000017768 
0.0000086592 -0.0000032220 0.0000017706 
0.0000086477 -0.0000032102 0.0000017644 
0.0000086362 -0.0000031985 0.0000017582 
0.0000086247 -0.0000031869 0.0000017521 
0.0000086132 -0.0000031753 0.0000017460 
0.0000086018 -0.0000031638 0.0000017399 
0.0000085903 -0.0000031524 0.0000017338 
0.0000085787 -0.0000031410 0.0000017278 
0.0000085672 -0.0000031297 0.0000017218 
0.0000085555 -0.0000031185 0.0000017158 
0.0000085439 -0.0000031074 0.0000017098 
0.0000085321 -0.0000030963 0.0000017038 
0.0000085203 -0.0000030853 0.0000016978 
0.0000085084 -0.0000030743 0.0000016918 
0.0000084965 -0.0000030634 0.0000016858 
0.0000084845 -0.0000030526 0.0000016798 
0.0000084724 -0.0000030418 0.0000016738 
0.0000084603 -0.0000030310 0.0000016678 
0.0000084481 -0.0000030203 0.0000016618 
0.0000084359 -0.0000030097 0.0000016558 
0.0000084236 -0.0000029991 0.0000016498 
0.0000084113 -0.0000029885 0.0000016438 
0.0000083988 -0.0000029781 0.0000016377 
0.0000083864 -0.0000029677 0.0000016317 
0.0000083738 -0.0000029573 0.0000016257 
0.0000083613 -0.0000029470 0.0000016196 
0.0000083486 -0.0000029368 0.0000016136 
0.0000083360 -0.0000029266 0.0000016076 
0.0000083233 -0.0000029165 0.0000016015 
0.0000083106 -0.0000029065 0.0000015954 
0.0000082977 -0.0000028965 0.0000015893 
0.0000082848 -0.0000028866 0.0000015832 
0.0000082718 -0.0000028768 0.0000015771 
0.0000082587 -0.0000028670 0.0000015710 
0.0000082456 -0.0000028573 0.0000015649 
0.0000082324 -0.0000028477 0.0000015588 
0.0000082191 -0.0000028381 0.0000015527 
0.0000082058 -0.0000028286 0.0000015466 
0.0000081924 -0.0000028192 0.0000015404 
0.0000081789 -0.0000028098 0.0000015343 
0.0000081653 -0.0000028004 0.0000015282 
0.0000081517 -0.0000027911 0.0000015220 
0.0000081380 -0.0000027819 0.0000015158 
0.0000081242 -0.0000027728 0.0000015097 
0.0000081104 -0.0000027637 0.0000015035 
0.0000080964 -0.0000027547 0.0000014973 
0.0000080824 -0.0000027458 0.0000014911 
0.0000080683 -0.0000027369 0.0000014849 
0.0000080541 -0.0000027281 0.0000014787 
0.0000080398 -0.0000027193 0.0000014724 
0.0000080255 -0.0000027106 0.0000014662 
0.0000080111 -0.0000027020 0.0000014599 
0.0000079965 -0.0000026934 0.0000014536 
0.0000079819 -0.0000026848 0.0000014473 
0.0000079673 -0.0000026763 0.0000014411 
0.0000079525 -0.0000026679 0.0000014348 
0.0000079377 -0.0000026595 0.0000014285 
0.0000079228 -0.0000026511 0.0000014222 
0.0000079078 -0.0000026428 0.0000014159 
0.0000078928 -0.0000026346 0.0000014096 
0.0000078777 -0.0000026264 0.0000014032 
0.0000078626 -0.0000026182 0.0000013969 
0.0000078474 -0.0000026101 0.0000013906 
0.0000078321 -0.0000026021 0.0000013842 
0.0000078168 -0.0000025941 0.0000013779 
0.0000078014 -0.0000025861 0.0000013715 
0.0000077860 -0.0000025782 0.0000013652 
0.0000077705 -0.0000025703 0.0000013589 
0.0000077549 -0.0000025625 0.0000013526 
0.0000077393 -0.0000025547 0.0000013462 
0.0000077235 -0.0000025471 0.0000013399 
0.0000077077 -0.0000025394 0.0000013335 
0.0000076919 -0.0000025318 0.0000013272 
0.0000076759 -0.0000025243 0.0000013208 
0.0000076600 -0.0000025167 0.0000013145 
0.0000076440 -0.0000025093 0.0000013082 
0.0000076280 -0.0000025018 0.0000013019 
0.0000076119 -0.0000024944 0.0000012957 
0.0000075958 -0.0000024871 0.0000012894 
0.0000075797 -0.0000024798 0.0000012832 
0.0000075635 -0.0000024725 0.0000012769 
0.0000075473 -0.0000024653 0.0000012707 
0.0000075311 -0.0000024581 0.0000012645 
0.0000075148 -0.0000024510 0.0000012583 
0.0000074985 -0.0000024439 0.0000012521 
0.0000074822 -0.0000024368 0.0000012460 
0.0000074658 -0.0000024298 0.0000012398 
0.0000074494 -0.0000024228 0.0000012337 
0.0000074329 -0.0000024159 0.0000012276 
0.0000074163 -0.0000024089 0.0000012215 
0.0000073997 -0.0000024021 0.0000012154 
0.0000073830 -0.0000023952 0.0000012094 
0.0000073663 -0.0000023884 0.0000012033 
0.0000073495 -0.0000023816 0.0000011973 
0.0000073326 -0.0000023749 0.0000011913 
0.0000073156 -0.0000023682 0.0000011853 
0.0000072986 -0.0000023615 0.0000011793 
0.0000072815 -0.0000023549 0.0000011733 
0.0000072644 -0.0000023483 0.0000011674 
0.0000072471 -0.0000023417 0.0000011614 
0.0000072298 -0.0000023352 0.0000011555 
0.0000072125 -0.0000023287 0.0000011496 
0.0000071950 -0.0000023223 0.0000011436 
0.0000071775 -0.0000023158 0.0000011378 
0.0000071600 -0.0000023094 0.0000011319 
0.0000071424 -0.0000023031 0.0000011260 
0.0000071248 -0.0000022968 0.0000011202 
0.0000071071 -0.0000022905 0.0000011144 
0.0000070893 -0.0000022842 0.0000011086 
0.0000070716 -0.0000022780 0.0000011028 
0.0000070538 -0.0000022718 0.0000010970 
0.0000070360 -0.0000022656 0.0000010913 
0.0000070182 -0.0000022594 0.0000010856 
0.0000070003 -0.0000022533 0.0000010799 
0.0000069824 -0.0000022472 0.0000010742 
0.0000069645 -0.0000022411 0.0000010686 
0.0000069465 -0.0000022350 0.0000010630 
0.0000069285 -0.0000022289 0.0000010575 
0.0000069105 -0.0000022229 0.0000010520 
0.0000068924 -0.0000022169 0.0000010465 
0.0000068743 -0.0000022109 0.0000010410 
0.0000068560 -0.0000022049 0.0000010356 
0.0000068380 -0.0000021991 0.0000010301 
0.0000068200 -0.0000021933 0.0000010247 
0.0000068022 -0.0000021875 0.0000010193 
0.0000067844 -0.0000021818 0.0000010139 
0.0000067666 -0.0000021761 0.0000010086 
0.0000067489 -0.0000021704 0.0000010033 
0.0000067312 -0.0000021647 0.0000009980 
0.0000067135 -0.0000021591 0.0000009928 
0.0000066958 -0.0000021535 0.0000009876 
0.0000066782 -0.0000021478 0.0000009825 
0.0000066606 -0.0000021422 0.0000009774 
0.0000066431 -0.0000021366 0.0000009723 
0.0000066256 -0.0000021310 0.0000009673 
0.0000066080 -0.0000021254 0.0000009623 
0.0000065904 -0.0000021198 0.0000009574 
0.0000065729 -0.0000021142 0.0000009525 
0.0000065553 -0.0000021086 0.0000009476 
0.0000065378 -0.0000021030 0.0000009428 
0.0000065202 -0.0000020974 0.0000009380 
0.0000065027 -0.0000020918 0.0000009333 
0.0000064851 -0.0000020863 0.0000009286 
0.0000064675 -0.0000020807 0.0000009239 
0.0000064499 -0.0000020752 0.0000009192 
0.0000064323 -0.0000020696 0.0000009146 
0.0000064147 -0.0000020640 0.0000009100 
0.0000063971 -0.0000020585 0.0000009055 
0.0000063794 -0.0000020529 0.0000009010 
0.0000063618 -0.0000020474 0.0000008965 
0.0000063442 -0.0000020418 0.0000008920 
0.0000063266 -0.0000020363 0.0000008876 
0.0000063089 -0.0000020307 0.0000008832 
0.0000062913 -0.0000020252 0.0000008788 
0.0000062736 -0.0000020197 0.0000008745 
0.0000062559 -0.0000020142 0.0000008702 
0.0000062382 -0.0000020086 0.0000008659 
0.0000062205 -0.0000020031 0.0000008616 
0.0000062027 -0.0000019977 0.0000008574 
0.0000061849 -0.0000019922 0.0000008531 
0.0000061670 -0.0000019867 0.0000008489 
0.0000061492 -0.0000019812 0.0000008448 
0.0000061313 -0.0000019758 0.0000008406 
0.0000061133 -0.0000019704 0.0000008364 
0.0000060954 -0.0000019649 0.0000008323 
0.0000060775 -0.0000019595 0.0000008282 
0.0000060595 -0.0000019541 0.0000008241 
0.0000060416 -0.0000019488 0.0000008200 
0.0000060236 -0.0000019434 0.0000008159 
0.0000060056 -0.0000019380 0.0000008119 
0.0000059876 -0.0000019327 0.0000008078 
0.0000059696 -0.0000019274 0.0000008038 
0.0000059516 -0.0000019221 0.0000007998 
0.0000059335 -0.0000019168 0.0000007958 
0.0000059154 -0.0000019115 0.0000007919 
0.0000058974 -0.0000019063 0.0000007879 
0.0000058793 -0.0000019010 0.0000007840 
0.0000058612 -0.0000018958 0.0000007801 
0.0000058430 -0.0000018906 0.0000007761 
0.0000058249 -0.0000018854 0.0000007723 
0.0000058068 -0.0000018802 0.0000007684 
0.0000057887 -0.0000018750 0.0000007645 
0.0000057705 -0.0000018698 0.0000007607 
0.0000057524 -0.0000018647 0.0000007569 
0.0000057342 -0.0000018596 0.0000007531 
0.0000057160 -0.0000018545 0.0000007493 
0.0000056977 -0.0000018494 0.0000007455 
0.0000056795 -0.0000018443 0.0000007417 
0.0000056613 -0.0000018392 0.0000007380 
0.0000056430 -0.0000018341 0.0000007343 
0.0000056248 -0.0000018289 0.0000007305 
0.0000056065 -0.0000018238 0.0000007268 
0.0000055882 -0.0000018187 0.0000007232 
0.0000055700 -0.0000018136 0.0000007195 
0.0000055518 -0.0000018085 0.0000007159 
0.0000055337 -0.0000018033 0.0000007123 
0.0000055156 -0.0000017982 0.0000007088 
0.0000054975 -0.0000017930 0.0000007053 
0.0000054795 -0.0000017878 0.0000007018 
0.0000054615 -0.0000017825 0.0000006983 
0.0000054436 -0.0000017773 0.0000006948 
0.0000054257 -0.0000017720 0.0000006914 
0.0000054078 -0.0000017668 0.0000006880 
0.0000053900 -0.0000017615 0.0000006846 
0.0000053722 -0.0000017562 0.0000006813 
0.0000053544 -0.0000017509 0.0000006779 
0.0000053366 -0.0000017456 0.0000006746 
0.0000053189 -0.0000017403 0.0000006713 
0.0000053012 -0.0000017349 0.0000006681 
0.0000052835 -0.0000017296 0.0000006648 
0.0000052658 -0.0000017242 0.0000006616 
0.0000052482 -0.0000017189 0.0000006584 
0.0000052306 -0.0000017135 0.0000006552 
0.0000052130 -0.0000017081 0.0000006520 
0.0000051955 -0.0000017027 0.0000006489 
0.0000051780 -0.0000016973 0.0000006458 
0.0000051605 -0.0000016919 0.0000006426 
0.0000051430 -0.0000016865 0.0000006395 
0.0000051256 -0.0000016810 0.0000006365 
0.0000051081 -0.0000016756 0.0000006334 
0.0000050907 -0.0000016701 0.0000006304 
0.0000050733 -0.0000016646 0.0000006274 
0.0000050559 -0.0000016590 0.0000006244 
0.0000050385 -0.0000016534 0.0000006215 
0.0000050211 -0.0000016477 0.0000006186 
0.0000050038 -0.0000016420 0.0000006158 
0.0000049866 -0.0000016362 0.0000006130 
0.0000049694 -0.0000016304 0.0000006102 
0.0000049523 -0.0000016247 0.0000006075 
0.0000049352 -0.0000016189 0.0000006048 
0.0000049183 -0.0000016131 0.0000006021 
0.0000049014 -0.0000016074 0.0000005995 
0.0000048846 -0.0000016016 0.0000005969 
0.0000048679 -0.0000015958 0.0000005944 
0.0000048513 -0.0000015900 0.0000005919 
0.0000048348 -0.0000015843 0.0000005894 
0.0000048184 -0.0000015785 0.0000005870 
0.0000048021 -0.0000015727 0.0000005845 
0.0000047859 -0.0000015669 0.0000005821 
0.0000047698 -0.0000015612 0.0000005798 
0.0000047538 -0.0000015555 0.0000005774 
0.0000047378 -0.0000015498 0.0000005751 
0.0000047220 -0.0000015441 0.0000005728 
0.0000047062 -0.0000015384 0.0000005706 
0.0000046905 -0.0000015327 0.0000005683 
0.0000046749 -0.0000015271 0.0000005661 
0.0000046594 -0.0000015214 0.0000005640 
0.0000046440 -0.0000015157 0.0000005618 
0.0000046288 -0.0000015100 0.0000005597 
0.0000046136 -0.0000015043 0.0000005576 
0.0000045986 -0.0000014986 0.0000005556 
0.0000045838 -0.0000014929 0.0000005535 
0.0000045690 -0.0000014871 0.0000005515 
0.0000045544 -0.0000014814 0.0000005495 
0.0000045398 -0.0000014757 0.0000005476 
0.0000045253 -0.0000014700 0.0000005456 
0.0000045109 -0.0000014643 0.0000005437 
0.0000044966 -0.0000014586 0.0000005418 
0.0000044823 -0.0000014529 0.0000005399 
0.0000044682 -0.0000014473 0.0000005381 
0.0000044541 -0.0000014417 0.0000005362 
0.0000044400 -0.0000014361 0.0000005344 
0.0000044260 -0.0000014305 0.0000005325 
0.0000044121 -0.0000014249 0.0000005307 
0.0000043982 -0.0000014194 0.0000005289 
0.0000043844 -0.0000014139 0.0000005271 
0.0000043707 -0.0000014085 0.0000005253 
0.0000043570 -0.0000014030 0.0000005235 
0.0000043434 -0.0000013976 0.0000005218 
0.0000043298 -0.0000013921 0.0000005200 
0.0000043162 -0.0000013868 0.0000005182 
0.0000043026 -0.0000013814 0.0000005164 
0.0000042891 -0.0000013761 0.0000005147 
0.0000042756 -0.0000013707 0.0000005129 
0.0000042622 -0.0000013655 0.0000005111 
0.0000042487 -0.0000013602 0.0000005093 
0.0000042353 -0.0000013550 0.0000005076 
0.0000042220 -0.0000013498 0.0000005058 
0.0000042087 -0.0000013446 0.0000005040 
0.0000041954 -0.0000013394 0.0000005023 
0.0000041821 -0.0000013343 0.0000005005 
0.0000041689 -0.0000013292 0.0000004987 
0.0000041557 -0.0000013241 0.0000004970 
0.0000041425 -0.0000013191 0.0000004952 
0.0000041294 -0.0000013140 0.0000004935 
0.0000041163 -0.0000013090 0.0000004917 
0.0000041033 -0.0000013040 0.0000004900 
0.0000040902 -0.0000012991 0.0000004882 
0.0000040773 -0.0000012941 0.0000004865 
0.0000040643 -0.0000012892 0.0000004847 
0.0000040514 -0.0000012843 0.0000004830 
0.0000040385 -0.0000012795 0.0000004812 
0.0000040256 -0.0000012746 0.0000004794 
0.0000040128 -0.0000012698 0.0000004777 
0.0000040000 -0.0000012650 0.0000004759 
0.0000039873 -0.0000012603 0.0000004741 
0.0000039746 -0.0000012556 0.0000004723 
0.0000039620 -0.0000012509 0.0000004705 
0.0000039495 -0.0000012463 0.0000004686 
0.0000039369 -0.0000012417 0.0000004668 
0.0000039245 -0.0000012371 0.0000004649 
0.0000039120 -0.0000012326 0.0000004631 
0.0000038995 -0.0000012281 0.0000004612 
0.0000038871 -0.0000012236 0.0000004594 
0.0000038747 -0.0000012191 0.0000004575 
0.0000038622 -0.0000012147 0.0000004556 
0.0000038498 -0.0000012103 0.0000004537 
0.0000038374 -0.0000012059 0.0000004519 
0.0000038250 -0.0000012016 0.0000004500 
0.0000038125 -0.0000011973 0.0000004481 
0.0000038001 -0.0000011931 0.0000004462 
0.0000037877 -0.0000011888 0.0000004443 
0.0000037753 -0.0000011847 0.0000004424 
0.0000037630 -0.0000011805 0.0000004406 
0.0000037506 -0.0000011764 0.0000004387 
0.0000037383 -0.0000011723 0.0000004368 
0.0000037260 -0.0000011682 0.0000004350 
0.0000037137 -0.0000011641 0.0000004331 
0.0000037014 -0.0000011600 0.0000004313 
0.0000036892 -0.0000011560 0.0000004294 
0.0000036770 -0.0000011519 0.0000004276 
0.0000036648 -0.0000011479 0.0000004257 
0.0000036527 -0.0000011439 0.0000004239 
0.0000036406 -0.0000011399 0.0000004221 
0.0000036285 -0.0000011360 0.0000004203 
0.0000036164 -0.0000011320 0.0000004185 
0.0000036044 -0.0000011280 0.0000004167 
0.0000035923 -0.0000011241 0.0000004149 
0.0000035803 -0.0000011202 0.0000004132 
0.0000035684 -0.0000011162 0.0000004114 
0.0000035564 -0.0000011123 0.0000004096 
0.0000035445 -0.0000011084 0.0000004079 
0.0000035326 -0.0000011045 0.0000004061 
0.0000035207 -0.0000011006 0.0000004044 
0.0000035089 -0.0000010967 0.0000004026 
0.0000034971 -0.0000010929 0.0000004009 
0.0000034853 -0.0000010890 0.0000003992 
0.0000034735 -0.0000010851 0.0000003974 
0.0000034617 -0.0000010813 0.0000003957 
0.0000034500 -0.0000010775 0.0000003940 
0.0000034382 -0.0000010736 0.0000003923 
0.0000034265 -0.0000010698 0.0000003905 
0.0000034148 -0.0000010660 0.0000003888 
0.0000034031 -0.0000010622 0.0000003871 
0.0000033914 -0.0000010584 0.0000003854 
0.0000033798 -0.0000010546 0.0000003837 
0.0000033682 -0.0000010509 0.0000003820 
0.0000033566 -0.0000010471 0.0000003803 
0.0000033450 -0.0000010433 0.0000003786 
0.0000033334 -0.0000010396 0.0000003769 
0.0000033218 -0.0000010358 0.0000003752 
0.0000033103 -0.0000010321 0.0000003735 
0.0000032987 -0.0000010284 0.0000003718 
0.0000032872 -0.0000010247 0.0000003701 
0.0000032756 -0.0000010210 0.0000003684 
0.0000032641 -0.0000010173 0.0000003666 
0.0000032525 -0.0000010137 0.0000003649 
0.0000032409 -0.0000010100 0.0000003632 
0.0000032294 -0.0000010063 0.0000003615 
0.0000032179 -0.0000010027 0.0000003598 
0.0000032063 -0.0000009990 0.0000003581 
0.0000031948 -0.0000009954 0.0000003564 
0.0000031833 -0.0000009917 0.0000003547 
0.0000031719 -0.0000009881 0.0000003530 
0.0000031604 -0.0000009844 0.0000003513 
0.0000031489 -0.0000009808 0.0000003496 
0.0000031374 -0.0000009772 0.0000003479 
0.0000031259 -0.0000009735 0.0000003462 
0.0000031143 -0.0000009699 0.0000003446 
0.0000031028 -0.0000009663 0.0000003429 
0.0000030913 -0.0000009627 0.0000003412 
0.0000030797 -0.0000009591 0.0000003396 
0.0000030682 -0.0000009555 0.0000003379 
0.0000030567 -0.0000009519 0.0000003362 
0.0000030452 -0.0000009483 0.0000003346 
0.0000030337 -0.0000009447 0.0000003330 
0.0000030222 -0.0000009411 0.0000003313 
0.0000030107 -0.0000009375 0.0000003297 
0.0000029993 -0.0000009339 0.0000003281 
0.0000029878 -0.0000009304 0.0000003265 
0.0000029763 -0.0000009268 0.0000003249 
0.0000029649 -0.0000009232 0.0000003234 
0.0000029535 -0.0000009196 0.0000003218 
0.0000029420 -0.0000009160 0.0000003202 
0.0000029306 -0.0000009123 0.0000003187 
0.0000029193 -0.0000009087 0.0000003172 
0.0000029079 -0.0000009051 0.0000003156 
0.0000028966 -0.0000009015 0.0000003141 
0.0000028853 -0.0000008978 0.0000003127 
0.0000028740 -0.0000008942 0.0000003112 
0.0000028628 -0.0000008905 0.0000003097 
0.0000028516 -0.0000008868 0.0000003083 
0.0000028404 -0.0000008831 0.0000003068 
0.0000028292 -0.0000008795 0.0000003054 
0.0000028181 -0.0000008758 0.0000003040 
0.0000028070 -0.0000008721 0.0000003026 
0.0000027959 -0.0000008684 0.0000003012 
0.0000027848 -0.0000008647 0.0000002999 
0.0000027738 -0.0000008609 0.0000002985 
0.0000027627 -0.0000008572 0.0000002972 
0.0000027517 -0.0000008535 0.0000002958 
0.0000027407 -0.0000008498 0.0000002945 
0.0000027296 -0.0000008461 0.0000002932 
0.0000027186 -0.0000008424 0.0000002919 
0.0000027076 -0.0000008387 0.0000002905 
0.0000026965 -0.0000008351 0.0000002892 
0.0000026855 -0.0000008314 0.0000002879 
0.0000026744 -0.0000008277 0.0000002866 
0.0000026634 -0.0000008241 0.0000002854 
0.0000026523 -0.0000008204 0.0000002841 
0.0000026413 -0.0000008168 0.0000002828 
0.0000026302 -0.0000008132 0.0000002815 
0.0000026192 -0.0000008095 0.0000002803 
0.0000026081 -0.0000008059 0.0000002790 
0.0000025970 -0.0000008023 0.0000002778 
0.0000025860 -0.0000007988 0.0000002765 
0.0000025749 -0.0000007952 0.0000002753 
0.0000025638 -0.0000007916 0.0000002741 
0.0000025527 -0.0000007880 0.0000002728 
0.0000025417 -0.0000007845 0.0000002716 
0.0000025306 -0.0000007810 0.0000002704 
0.0000025194 -0.0000007775 0.0000002692 
0.0000025082 -0.0000007740 0.0000002679 
0.0000024970 -0.0000007705 0.0000002667 
0.0000024858 -0.0000007670 0.0000002654 
0.0000024746 -0.0000007636 0.0000002642 
0.0000024634 -0.0000007602 0.0000002630 
0.0000024522 -0.0000007567 0.0000002617 
0.0000024410 -0.0000007533 0.0000002605 
0.0000024298 -0.0000007499 0.0000002593 
0.0000024186 -0.0000007465 0.0000002581 
0.0000024073 -0.0000007431 0.0000002568 
0.0000023961 -0.0000007397 0.0000002556 
0.0000023849 -0.0000007364 0.0000002544 
0.0000023737 -0.0000007330 0.0000002532 
0.0000023625 -0.0000007296 0.0000002519 
0.0000023513 -0.0000007263 0.0000002507 
0.0000023401 -0.0000007229 0.0000002495 
0.0000023289 -0.0000007195 0.0000002483 
0.0000023177 -0.0000007162 0.0000002471 
0.0000023065 -0.0000007128 0.0000002459 
0.0000022953 -0.0000007095 0.0000002447 
0.0000022841 -0.0000007061 0.0000002435 
0.0000022729 -0.0000007027 0.0000002423 
0.0000022617 -0.0000006994 0.0000002412 
0.0000022505 -0.0000006960 0.0000002400 
0.0000022393 -0.0000006926 0.0000002388 
0.0000022280 -0.0000006892 0.0000002377 
0.0000022167 -0.0000006858 0.0000002365 
0.0000022055 -0.0000006824 0.0000002354 
0.0000021942 -0.0000006790 0.0000002342 
0.0000021830 -0.0000006756 0.0000002331 
0.0000021716 -0.0000006722 0.0000002319 
0.0000021603 -0.0000006687 0.0000002308 
0.0000021488 -0.0000006652 0.0000002297 
0.0000021373 -0.0000006617 0.0000002285 
0.0000021257 -0.0000006582 0.0000002274 
0.0000021140 -0.0000006546 0.0000002262 
0.0000021022 -0.0000006511 0.0000002251 
0.0000020903 -0.0000006475 0.0000002239 
0.0000020785 -0.0000006439 0.0000002228 
0.0000020665 -0.0000006403 0.0000002217 
0.0000020546 -0.0000006367 0.0000002205 
0.0000020426 -0.0000006331 0.0000002194 
0.0000020307 -0.0000006295 0.0000002183 
0.0000020188 -0.0000006259 0.0000002172 
0.0000020069 -0.0000006223 0.0000002161 
0.0000019949 -0.0000006187 0.0000002150 
0.0000019831 -0.0000006151 0.0000002139 
0.0000019713 -0.0000006115 0.0000002129 
0.0000019595 -0.0000006079 0.0000002118 
0.0000019479 -0.0000006043 0.0000002107 
0.0000019364 -0.0000006007 0.0000002096 
0.0000019250 -0.0000005972 0.0000002086 
0.0000019138 -0.0000005937 0.0000002075 
0.0000019026 -0.0000005903 0.0000002064 
0.0000018916 -0.0000005869 0.0000002053 
0.0000018808 -0.0000005835 0.0000002042 
0.0000018702 -0.0000005802 0.0000002032 
0.0000018596 -0.0000005769 0.0000002021 
0.0000018491 -0.0000005736 0.0000002010 
0.0000018388 -0.0000005704 0.0000002000 
0.0000018286 -0.0000005672 0.0000001989 
0.0000018185 -0.0000005640 0.0000001979 
0.0000018086 -0.0000005609 0.0000001969 
0.0000017988 -0.0000005578 0.0000001958 
0.0000017891 -0.0000005548 0.0000001948 
0.0000017796 -0.0000005518 0.0000001938 
0.0000017702 -0.0000005488 0.0000001928 
0.0000017609 -0.0000005458 0.0000001918 
0.0000017518 -0.0000005428 0.0000001908 
0.0000017428 -0.0000005399 0.0000001898 
0.0000017340 -0.0000005369 0.0000001888 
0.0000017253 -0.0000005339 0.0000001878 
0.0000017167 -0.0000005309 0.0000001868 
0.0000017082 -0.0000005280 0.0000001858 
0.0000016997 -0.0000005250 0.0000001848 
0.0000016914 -0.0000005221 0.0000001838 
0.0000016832 -0.0000005192 0.0000001829 
0.0000016750 -0.0000005163 0.0000001819 
0.0000016669 -0.0000005134 0.0000001810 
0.0000016589 -0.0000005106 0.0000001801 
0.0000016510 -0.0000005078 0.0000001791 
0.0000016431 -0.0000005050 0.0000001782 
0.0000016353 -0.0000005022 0.0000001773 
0.0000016276 -0.0000004994 0.0000001764 
0.0000016199 -0.0000004967 0.0000001756 
0.0000016123 -0.0000004940 0.0000001747 
0.0000016047 -0.0000004913 0.0000001738 
0.0000015971 -0.0000004886 0.0000001730 
0.0000015897 -0.0000004859 0.0000001721 
0.0000015822 -0.0000004833 0.0000001713 
0.0000015749 -0.0000004806 0.0000001705 
0.0000015676 -0.0000004780 0.0000001697 
0.0000015603 -0.0000004755 0.0000001689 
0.0000015531 -0.0000004729 0.0000001681 
0.0000015460 -0.0000004704 0.0000001673 
0.0000015390 -0.0000004679 0.0000001666 
0.0000015320 -0.0000004653 0.0000001659 
0.0000015252 -0.0000004628 0.0000001652 
0.0000015184 -0.0000004604 0.0000001645 
0.0000015116 -0.0000004579 0.0000001638 
0.0000015050 -0.0000004555 0.0000001632 
0.0000014983 -0.0000004531 0.0000001625 
0.0000014918 -0.0000004507 0.0000001619 
0.0000014852 -0.0000004483 0.0000001612 
0.0000014787 -0.0000004460 0.0000001606 
0.0000014723 -0.0000004437 0.0000001600 
0.0000014659 -0.0000004414 0.0000001593 
0.0000014596 -0.0000004391 0.0000001587 
0.0000014533 -0.0000004369 0.0000001581 
0.0000014470 -0.0000004346 0.0000001575 
0.0000014408 -0.0000004324 0.0000001568 
0.0000014347 -0.0000004303 0.0000001562 
0.0000014286 -0.0000004281 0.0000001556 
0.0000014225 -0.0000004260 0.0000001550 
0.0000014165 -0.0000004239 0.0000001544 
0.0000014105 -0.0000004218 0.0000001538 
0.0000014046 -0.0000004197 0.0000001532 
0.0000013987 -0.0000004177 0.0000001525 
0.0000013929 -0.0000004157 0.0000001519 
0.0000013871 -0.0000004137 0.0000001513 
0.0000013814 -0.0000004117 0.0000001507 
0.0000013757 -0.0000004097 0.0000001501 
0.0000013702 -0.0000004077 0.0000001494 
0.0000013647 -0.0000004058 0.0000001488 
0.0000013592 -0.0000004039 0.0000001482 
0.0000013537 -0.0000004020 0.0000001475 
0.0000013483 -0.0000004001 0.0000001468 
0.0000013429 -0.0000003983 0.0000001461 
0.0000013376 -0.0000003964 0.0000001454 
0.0000013323 -0.0000003946 0.0000001446 
0.0000013271 -0.0000003928 0.0000001439 
0.0000013220 -0.0000003910 0.0000001432 
0.0000013170 -0.0000003892 0.0000001424 
0.0000013120 -0.0000003874 0.0000001417 
0.0000013071 -0.0000003856 0.0000001409 
0.0000013022 -0.0000003839 0.0000001402 
0.0000012974 -0.0000003821 0.0000001394 
0.0000012926 -0.0000003804 0.0000001387 
0.0000012879 -0.0000003787 0.0000001379 
0.0000012833 -0.0000003770 0.0000001371 
0.0000012787 -0.0000003752 0.0000001364 
0.0000012741 -0.0000003735 0.0000001356 
0.0000012696 -0.0000003718 0.0000001348 
0.0000012652 -0.0000003701 0.0000001340 
0.0000012608 -0.0000003684 0.0000001333 
0.0000012564 -0.0000003668 0.0000001326 
0.0000012521 -0.0000003652 0.0000001319 
0.0000012476 -0.0000003636 0.0000001312 
0.0000012431 -0.0000003622 0.0000001305 
0.0000012385 -0.0000003607 0.0000001298 
0.0000012338 -0.0000003593 0.0000001291 
0.0000012292 -0.0000003579 0.0000001284 
0.0000012244 -0.0000003566 0.0000001276 
0.0000012197 -0.0000003552 0.0000001269 
0.0000012149 -0.0000003539 0.0000001262 
0.0000012101 -0.0000003526 0.0000001254 
0.0000012053 -0.0000003514 0.0000001247 
0.0000012005 -0.0000003501 0.0000001239 
0.0000011956 -0.0000003489 0.0000001231 
0.0000011907 -0.0000003476 0.0000001223 
0.0000011859 -0.0000003464 0.0000001216 
0.0000011809 -0.0000003452 0.0000001208 
0.0000011760 -0.0000003440 0.0000001200 
0.0000011710 -0.0000003428 0.0000001192 
0.0000011659 -0.0000003416 0.0000001184 
0.0000011608 -0.0000003405 0.0000001176 
0.0000011556 -0.0000003393 0.0000001168 
0.0000011504 -0.0000003381 0.0000001160 
0.0000011453 -0.0000003370 0.0000001152 
0.0000011401 -0.0000003358 0.0000001144 
0.0000011350 -0.0000003346 0.0000001136 
0.0000011300 -0.0000003335 0.0000001129 
0.0000011249 -0.0000003323 0.0000001122 
0.0000011199 -0.0000003310 0.0000001114 
0.0000011149 -0.0000003298 0.0000001107 
0.0000011099 -0.0000003286 0.0000001100 
0.0000011050 -0.0000003273 0.0000001094 
0.0000011002 -0.0000003260 0.0000001087 
0.0000010953 -0.0000003247 0.0000001081 
0.0000010906 -0.0000003233 0.0000001076 
0.0000010858 -0.0000003219 0.0000001070 
0.0000010812 -0.0000003205 0.0000001065 
0.0000010765 -0.0000003191 0.0000001061 
0.0000010719 -0.0000003176 0.0000001056 
0.0000010673 -0.0000003161 0.0000001051 
0.0000010627 -0.0000003146 0.0000001047 
0.0000010581 -0.0000003131 0.0000001043 
0.0000010535 -0.0000003116 0.0000001038 
0.0000010489 -0.0000003102 0.0000001034 
0.0000010444 -0.0000003086 0.0000001030 
0.0000010399 -0.0000003071 0.0000001026 
0.0000010354 -0.0000003056 0.0000001022 
0.0000010309 -0.0000003041 0.0000001018 
0.0000010264 -0.0000003026 0.0000001014 
0.0000010220 -0.0000003012 0.0000001011 
0.0000010176 -0.0000002997 0.0000001007 
0.0000010132 -0.0000002982 0.0000001003 
0.0000010089 -0.0000002967 0.0000001000 
0.0000010046 -0.0000002952 0.0000000997 
0.0000010004 -0.0000002937 0.0000000994 
0.0000009962 -0.0000002922 0.0000000991 
0.0000009921 -0.0000002907 0.0000000988 
0.0000009880 -0.0000002892 0.0000000986 
0.0000009840 -0.0000002876 0.0000000983 
0.0000009800 -0.0000002861 0.0000000981 
0.0000009761 -0.0000002846 0.0000000979 
0.0000009722 -0.0000002830 0.0000000977 
0.0000009684 -0.0000002815 0.0000000975 
0.0000009647 -0.0000002800 0.0000000974 
0.0000009610 -0.0000002784 0.0000000972 
0.0000009574 -0.0000002769 0.0000000970 
0.0000009539 -0.0000002754 0.0000000969 
0.0000009504 -0.0000002738 0.0000000968 
0.0000009470 -0.0000002723 0.0000000967 
0.0000009437 -0.0000002708 0.0000000966 
0.0000009404 -0.0000002692 0.0000000965 
0.0000009372 -0.0000002677 0.0000000964 
0.0000009339 -0.0000002662 0.0000000963 
0.0000009308 -0.0000002647 0.0000000962 
0.0000009276 -0.0000002631 0.0000000961 
0.0000009245 -0.0000002616 0.0000000960 
0.0000009215 -0.0000002602 0.0000000960 
0.0000009184 -0.0000002587 0.0000000959 
0.0000009154 -0.0000002572 0.0000000958 
0.0000009125 -0.0000002558 0.0000000957 
0.0000009095 -0.0000002543 0.0000000957 
0.0000009066 -0.0000002529 0.0000000956 
0.0000009037 -0.0000002514 0.0000000955 
0.0000009008 -0.0000002500 0.0000000954 
0.0000008980 -0.0000002486 0.0000000954 
0.0000008951 -0.0000002472 0.0000000953 
0.0000008923 -0.0000002458 0.0000000952 
0.0000008896 -0.0000002445 0.0000000952 
0.0000008868 -0.0000002431 0.0000000951 
0.0000008841 -0.0000002417 0.0000000950 
0.0000008814 -0.0000002404 0.0000000950 
0.0000008787 -0.0000002390 0.0000000949 
0.0000008760 -0.0000002377 0.0000000949 
0.0000008734 -0.0000002364 0.0000000948 
0.0000008708 -0.0000002351 0.0000000947 
0.0000008682 -0.0000002338 0.0000000947 
0.0000008656 -0.0000002325 0.0000000946 
0.0000008630 -0.0000002312 0.0000000945 
0.0000008604 -0.0000002300 0.0000000945 
0.0000008579 -0.0000002287 0.0000000944 
0.0000008554 -0.0000002275 0.0000000943 
0.0000008528 -0.0000002262 0.0000000942 
0.0000008503 -0.0000002250 0.0000000941 
0.0000008478 -0.0000002238 0.0000000940 
0.0000008454 -0.0000002227 0.0000000939 
0.0000008429 -0.0000002215 0.0000000938 
0.0000008404 -0.0000002203 0.0000000937 
0.0000008380 -0.0000002192 0.0000000936 
0.0000008355 -0.0000002180 0.0000000934 
0.0000008331 -0.0000002169 0.0000000933 
0.0000008307 -0.0000002158 0.0000000932 
0.0000008282 -0.0000002147 0.0000000930 
0.0000008258 -0.0000002137 0.0000000929 
0.0000008235 -0.0000002126 0.0000000927 
0.0000008211 -0.0000002115 0.0000000925 
0.0000008187 -0.0000002105 0.0000000924 
0.0000008163 -0.0000002095 0.0000000922 
0.0000008140 -0.0000002085 0.0000000920 
0.0000008117 -0.0000002075 0.0000000918 
0.0000008094 -0.0000002065 0.0000000916 
0.0000008070 -0.0000002055 0.0000000914 
0.0000008048 -0.0000002045 0.0000000912 
0.0000008025 -0.0000002036 0.0000000910 
0.0000008002 -0.0000002026 0.0000000908 
0.0000007979 -0.0000002017 0.0000000906 
0.0000007957 -0.0000002007 0.0000000903 
0.0000007935 -0.0000001998 0.0000000901 
0.0000007913 -0.0000001989 0.0000000899 
0.0000007891 -0.0000001980 0.0000000896 
0.0000007869 -0.0000001971 0.0000000894 
0.0000007847 -0.0000001962 0.0000000891 
0.0000007826 -0.0000001953 0.0000000889 
0.0000007804 -0.0000001945 0.0000000886 
0.0000007783 -0.0000001936 0.0000000883 
0.0000007762 -0.0000001928 0.0000000881 
0.0000007741 -0.0000001919 0.0000000878 
0.0000007720 -0.0000001911 0.0000000875 
0.0000007699 -0.0000001903 0.0000000872 
0.0000007678 -0.0000001895 0.0000000869 
0.0000007658 -0.0000001887 0.0000000866 
0.0000007637 -0.0000001879 0.0000000863 
0.0000007617 -0.0000001871 0.0000000860 
0.0000007596 -0.0000001863 0.0000000856 
0.0000007576 -0.0000001856 0.0000000853 
0.0000007556 -0.0000001848 0.0000000849 
0.0000007535 -0.0000001841 0.0000000846 
0.0000007515 -0.0000001834 0.0000000842 
0.0000007495 -0.0000001826 0.0000000839 
0.0000007475 -0.0000001819 0.0000000835 
0.0000007455 -0.0000001812 0.0000000831 
0.0000007436 -0.0000001805 0.0000000827 
0.0000007416 -0.0000001798 0.0000000824 
0.0000007396 -0.0000001791 0.0000000820 
0.0000007377 -0.0000001785 0.0000000816 
0.0000007357 -0.0000001778 0.0000000812 
0.0000007337 -0.0000001771 0.0000000808 
0.0000007318 -0.0000001765 0.0000000803 
0.0000007298 -0.0000001758 0.0000000799 
0.0000007279 -0.0000001752 0.0000000795 
0.0000007259 -0.0000001746 0.0000000791 
0.0000007240 -0.0000001739 0.0000000786 
0.0000007221 -0.0000001733 0.0000000782 
0.0000007201 -0.0000001727 0.0000000777 
0.0000007182 -0.0000001721 0.0000000773 
0.0000007164 -0.0000001715 0.0000000768 
0.0000007145 -0.0000001709 0.0000000764 
0.0000007126 -0.0000001703 0.0000000759 
0.0000007107 -0.0000001698 0.0000000754 
0.0000007087 -0.0000001692 0.0000000749 
0.0000007068 -0.0000001687 0.0000000744 
0.0000007048 -0.0000001682 0.0000000739 
0.0000007028 -0.0000001677 0.0000000734 
0.0000007008 -0.0000001672 0.0000000728 
0.0000006989 -0.0000001667 0.0000000723 
0.0000006969 -0.0000001662 0.0000000718 
0.0000006949 -0.0000001657 0.0000000712 
0.0000006929 -0.0000001652 0.0000000707 
0.0000006909 -0.0000001648 0.0000000701 
0.0000006890 -0.0000001643 0.0000000696 
0.0000006870 -0.0000001638 0.0000000690 
0.0000006850 -0.0000001634 0.0000000684 
0.0000006831 -0.0000001629 0.0000000679 
0.0000006811 -0.0000001625 0.0000000673 
0.0000006792 -0.0000001620 0.0000000667 
0.0000006773 -0.0000001615 0.0000000662 
0.0000006754 -0.0000001610 0.0000000656 
0.0000006735 -0.0000001605 0.0000000650 
0.0000006717 -0.0000001600 0.0000000645 
0.0000006699 -0.0000001595 0.0000000639 
0.0000006681 -0.0000001590 0.0000000634 
0.0000006663 -0.0000001585 0.0000000628 
0.0000006645 -0.0000001580 0.0000000623 
0.0000006626 -0.0000001575 0.0000000617 
0.0000006608 -0.0000001570 0.0000000611 
0.0000006590 -0.0000001565 0.0000000605 
0.0000006572 -0.0000001560 0.0000000599 
0.0000006553 -0.0000001555 0.0000000593 
0.0000006535 -0.0000001551 0.0000000587 
0.0000006516 -0.0000001546 0.0000000581 
0.0000006497 -0.0000001541 0.0000000575 
0.0000006479 -0.0000001537 0.0000000569 
0.0000006460 -0.0000001532 0.0000000563 
0.0000006441 -0.0000001528 0.0000000556 
0.0000006422 -0.0000001523 0.0000000550 
0.0000006402 -0.0000001519 0.0000000544 
0.0000006383 -0.0000001515 0.0000000537 
0.0000006364 -0.0000001511 0.0000000531 
0.0000006344 -0.0000001506 0.0000000524 
0.0000006325 -0.0000001502 0.0000000518 
0.0000006305 -0.0000001498 0.0000000511 
0.0000006286 -0.0000001494 0.0000000505 
0.0000006266 -0.0000001490 0.0000000498 
0.0000006247 -0.0000001485 0.0000000492 
0.0000006227 -0.0000001481 0.0000000485 
0.0000006208 -0.0000001477 0.0000000479 
0.0000006188 -0.0000001472 0.0000000472 
0.0000006169 -0.0000001467 0.0000000466 
0.0000006150 -0.0000001463 0.0000000460 
0.0000006131 -0.0000001458 0.0000000454 
0.0000006112 -0.0000001453 0.0000000448 
0.0000006094 -0.0000001448 0.0000000442 
0.0000006075 -0.0000001443 0.0000000436 
0.0000006056 -0.0000001438 0.0000000430 
0.0000006036 -0.0000001433 0.0000000424 
0.0000006017 -0.0000001427 0.0000000418 
0.0000005998 -0.0000001422 0.0000000412 
0.0000005979 -0.0000001416 0.0000000406 
0.0000005960 -0.0000001411 0.0000000400 
0.0000005941 -0.0000001405 0.0000000395 
0.0000005922 -0.0000001399 0.0000000389 
0.0000005902 -0.0000001393 0.0000000383 
0.0000005883 -0.0000001387 0.0000000378 
0.0000005864 -0.0000001381 0.0000000373 
0.0000005845 -0.0000001374 0.0000000367 
0.0000005826 -0.0000001367 0.0000000362 
0.0000005807 -0.0000001360 0.0000000357 
0.0000005788 -0.0000001353 0.0000000352 
0.0000005769 -0.0000001345 0.0000000347 
0.0000005750 -0.0000001337 0.0000000343 
0.0000005731 -0.0000001329 0.0000000338 
0.0000005713 -0.0000001320 0.0000000334 
0.0000005694 -0.0000001311 0.0000000330 
0.0000005676 -0.0000001302 0.0000000326 
0.0000005657 -0.0000001293 0.0000000322 
0.0000005639 -0.0000001283 0.0000000319 
0.0000005620 -0.0000001273 0.0000000315 
0.0000005602 -0.0000001262 0.0000000312 
0.0000005584 -0.0000001252 0.0000000309 
0.0000005567 -0.0000001241 0.0000000306 
0.0000005549 -0.0000001230 0.0000000303 
0.0000005532 -0.0000001219 0.0000000300 
0.0000005515 -0.0000001207 0.0000000298 
0.0000005499 -0.0000001196 0.0000000295 
0.0000005482 -0.0000001184 0.0000000293 
0.0000005466 -0.0000001172 0.0000000291 
0.0000005450 -0.0000001161 0.0000000289 
0.0000005435 -0.0000001149 0.0000000288 
0.0000005420 -0.0000001137 0.0000000286 
0.0000005405 -0.0000001125 0.0000000284 
0.0000005390 -0.0000001113 0.0000000283 
0.0000005376 -0.0000001101 0.0000000282 
0.0000005362 -0.0000001089 0.0000000281 
0.0000005349 -0.0000001078 0.0000000280 
0.0000005335 -0.0000001066 0.0000000279 
0.0000005322 -0.0000001054 0.0000000278 
0.0000005310 -0.0000001043 0.0000000277 
0.0000005298 -0.0000001031 0.0000000276 
0.0000005286 -0.0000001020 0.0000000276 
0.0000005275 -0.0000001009 0.0000000275 
0.0000005264 -0.0000000997 0.0000000275 
0.0000005254 -0.0000000986 0.0000000274 
0.0000005244 -0.0000000975 0.0000000274 
0.0000005234 -0.0000000964 0.0000000274 
0.0000005224 -0.0000000953 0.0000000274 
0.0000005215 -0.0000000943 0.0000000273 
0.0000005206 -0.0000000932 0.0000000273 
0.0000005197 -0.0000000921 0.0000000273 
0.0000005189 -0.0000000911 0.0000000273 
0.0000005181 -0.0000000900 0.0000000273 
0.0000005173 -0.0000000890 0.0000000274 
0.0000005166 -0.0000000880 0.0000000274 
0.0000005159 -0.0000000869 0.0000000274 
0.0000005151 -0.0000000859 0.0000000274 
0.0000005144 -0.0000000849 0.0000000275 
0.0000005137 -0.0000000839 0.0000000275 
0.0000005131 -0.0000000829 0.0000000276 
0.0000005124 -0.0000000819 0.0000000277 
0.0000005118 -0.0000000809 0.0000000277 
0.0000005111 -0.0000000799 0.0000000278 
0.0000005105 -0.0000000789 0.0000000279 
0.0000005099 -0.0000000780 0.0000000280 
0.0000005093 -0.0000000770 0.0000000281 
0.0000005088 -0.0000000761 0.0000000281 
0.0000005082 -0.0000000751 0.0000000282 
0.0000005077 -0.0000000742 0.0000000283 
0.0000005072 -0.0000000733 0.0000000284 
0.0000005066 -0.0000000724 0.0000000285 
0.0000005061 -0.0000000715 0.0000000286 
0.0000005056 -0.0000000706 0.0000000287 
0.0000005052 -0.0000000697 0.0000000288 
0.0000005047 -0.0000000688 0.0000000288 
0.0000005043 -0.0000000680 0.0000000289 
0.0000005039 -0.0000000671 0.0000000290 
0.0000005035 -0.0000000662 0.0000000291 
0.0000005031 -0.0000000653 0.0000000292 
0.0000005028 -0.0000000645 0.0000000293 
0.0000005025 -0.0000000636 0.0000000295 
0.0000005023 -0.0000000627 0.0000000296 
0.0000005020 -0.0000000619 0.0000000297 
0.0000005019 -0.0000000610 0.0000000299 
0.0000005017 -0.0000000601 0.0000000300 
0.0000005015 -0.0000000593 0.0000000302 
0.0000005013 -0.0000000584 0.0000000303 
0.0000005012 -0.0000000576 0.0000000304 
0.0000005011 -0.0000000567 0.0000000306 
0.0000005009 -0.0000000559 0.0000000307 
0.0000005008 -0.0000000551 0.0000000309 
0.0000005007 -0.0000000543 0.0000000310 
0.0000005005 -0.0000000535 0.0000000311 
0.0000005004 -0.0000000527 0.0000000312 
0.0000005002 -0.0000000520 0.0000000313 
0.0000005001 -0.0000000512 0.0000000314 
0.0000005000 -0.0000000505 0.0000000315 
0.0000004998 -0.0000000497 0.0000000316 
0.0000004997 -0.0000000490 0.0000000317 
0.0000004996 -0.0000000483 0.0000000318 
0.0000004994 -0.0000000476 0.0000000319 
0.0000004993 -0.0000000469 0.0000000320 
0.0000004992 -0.0000000462 0.0000000320 
0.0000004991 -0.0000000455 0.0000000321 
0.0000004990 -0.0000000449 0.0000000322 
0.0000004988 -0.0000000442 0.0000000323 
0.0000004987 -0.0000000435 0.0000000323 
0.0000004986 -0.0000000429 0.0000000324 
0.0000004985 -0.0000000423 0.0000000324 
0.0000004983 -0.0000000416 0.0000000325 
0.0000004982 -0.0000000410 0.0000000325 
0.0000004981 -0.0000000404 0.0000000326 
0.0000004979 -0.0000000398 0.0000000326 
0.0000004978 -0.0000000392 0.0000000326 
0.0000004976 -0.0000000387 0.0000000327 
0.0000004974 -0.0000000381 0.0000000327 
0.0000004972 -0.0000000375 0.0000000327 
0.0000004971 -0.0000000370 0.0000000327 
0.0000004969 -0.0000000365 0.0000000327 
0.0000004967 -0.0000000359 0.0000000327 
0.0000004965 -0.0000000354 0.0000000327 
0.0000004963 -0.0000000349 0.0000000327 
0.0000004961 -0.0000000344 0.0000000327 
0.0000004959 -0.0000000339 0.0000000327 
0.0000004957 -0.0000000334 0.0000000327 
0.0000004955 -0.0000000329 0.0000000327 
0.0000004953 -0.0000000324 0.0000000327 
0.0000004951 -0.0000000320 0.0000000327 
0.0000004949 -0.0000000315 0.0000000327 
0.0000004948 -0.0000000310 0.0000000327 
0.0000004946 -0.0000000305 0.0000000327 
0.0000004944 -0.0000000301 0.0000000327 
0.0000004942 -0.0000000296 0.0000000327 
0.0000004940 -0.0000000292 0.0000000327 
0.0000004938 -0.0000000287 0.0000000327 
0.0000004936 -0.0000000283 0.0000000327 
