0.0000011639 0.0000010692 0.0000012062 
0.0000011734 0.0000010599 0.0000011795 
0.0000011823 0.0000010509 0.0000011532 
0.0000011907 0.0000010424 0.0000011274 
0.0000011985 0.0000010342 0.0000011020 
0.0000012059 0.0000010263 0.0000010770 
0.0000012127 0.0000010188 0.0000010524 
0.0000012191 0.0000010117 0.0000010282 
0.0000012251 0.0000010048 0.0000010043 
0.0000012306 0.0000009981 0.0000009809 
0.0000012356 0.0000009918 0.0000009578 
0.0000012403 0.0000009857 0.0000009351 
0.0000012445 0.0000009798 0.0000009129 
0.0000012482 0.0000009741 0.0000008910 
0.0000012516 0.0000009686 0.0000008694 
0.0000012546 0.0000009633 0.0000008482 
0.0000012572 0.0000009582 0.0000008274 
0.0000012595 0.0000009532 0.0000008069 
0.0000012615 0.0000009483 0.0000007867 
0.0000012632 0.0000009435 0.0000007668 
0.0000012647 0.0000009389 0.0000007472 
0.0000012661 0.0000009343 0.0000007278 
0.0000012672 0.0000009297 0.0000007088 
0.0000012683 0.0000009251 0.0000006899 
0.0000012692 0.0000009205 0.0000006713 
0.0000012692 0.0000009205 0.0000006713 
0.0000012692 0.0000009205 0.0000006713 
0.0000012692 0.0000009205 0.0000006713 
0.0000012692 0.0000009205 0.0000006713 
0.0000012692 0.0000009205 0.0000006713 
0.0000012692 0.0000009205 0.0000006713 
0.0000012692 0.0000009205 0.0000006713 
0.0000012692 0.0000009205 0.0000006713 
0.0000012692 0.0000009205 0.0000006713 
0.0000012692 0.0000009205 0.0000006713 
0.0000012692 0.0000009205 0.0000006713 
0.0000012692 0.0000009205 0.0000006713 
0.0000012692 0.0000009205 0.0000006713 
0.0000012692 0.0000009205 0.0000006713 
0.0000012692 0.0000009205 0.0000006713 
0.0000012692 0.0000009205 0.0000006713 
0.0000012692 0.0000009205 0.0000006713 
0.0000012692 0.0000009205 0.0000006713 
0.0000012672 0.0000009131 0.0000006584 
0.0000012672 0.0000009131 0.0000006584 
0.0000012672 0.0000009131 0.0000006584 
0.0000012672 0.0000009131 0.0000006584 
0.0000012672 0.0000009131 0.0000006584 
0.0000012672 0.0000009131 0.0000006584 
0.0000012639 0.0000009051 0.0000006483 
0.0000012601 0.0000008967 0.0000006382 
0.0000012558 0.0000008878 0.0000006277 
0.0000012509 0.0000008781 0.0000006167 
0.0000012456 0.0000008684 0.0000006068 
0.0000012405 0.0000008588 0.0000005982 
0.0000012359 0.0000008497 0.0000005902 
0.0000012320 0.0000008410 0.0000005828 
0.0000012290 0.0000008329 0.0000005758 
0.0000012266 0.0000008253 0.0000005691 
0.0000012248 0.0000008181 0.0000005626 
0.0000012235 0.0000008114 0.0000005564 
0.0000012227 0.0000008052 0.0000005503 
0.0000012222 0.0000007993 0.0000005444 
0.0000012222 0.0000007937 0.0000005386 
0.0000012225 0.0000007885 0.0000005331 
0.0000012232 0.0000007835 0.0000005278 
0.0000012243 0.0000007787 0.0000005227 
0.0000012256 0.0000007742 0.0000005177 
0.0000012273 0.0000007699 0.0000005129 
0.0000012291 0.0000007658 0.0000005083 
0.0000012313 0.0000007618 0.0000005038 
0.0000012337 0.0000007579 0.0000004994 
0.0000012363 0.0000007543 0.0000004952 
0.0000012390 0.0000007508 0.0000004912 
0.0000012419 0.0000007475 0.0000004873 
0.0000012451 0.0000007443 0.0000004835 
0.0000012484 0.0000007412 0.0000004799 
0.0000012520 0.0000007383 0.0000004766 
0.0000012558 0.0000007354 0.0000004733 
0.0000012597 0.0000007326 0.0000004702 
0.0000012638 0.0000007299 0.0000004672 
0.0000012680 0.0000007273 0.0000004643 
0.0000012723 0.0000007248 0.0000004616 
0.0000012767 0.0000007223 0.0000004589 
0.0000012813 0.0000007199 0.0000004563 
0.0000012859 0.0000007176 0.0000004538 
0.0000012905 0.0000007153 0.0000004514 
0.0000012953 0.0000007131 0.0000004490 
0.0000013000 0.0000007110 0.0000004467 
0.0000013048 0.0000007089 0.0000004444 
0.0000013097 0.0000007069 0.0000004422 
0.0000013145 0.0000007049 0.0000004400 
0.0000013193 0.0000007030 0.0000004379 
0.0000013241 0.0000007012 0.0000004358 
0.0000013289 0.0000006994 0.0000004337 
0.0000013336 0.0000006977 0.0000004316 
0.0000013383 0.0000006961 0.0000004296 
0.0000013430 0.0000006945 0.0000004275 
0.0000013476 0.0000006930 0.0000004255 
0.0000013521 0.0000006915 0.0000004235 
0.0000013565 0.0000006901 0.0000004215 
0.0000013609 0.0000006888 0.0000004196 
0.0000013652 0.0000006875 0.0000004176 
0.0000013694 0.0000006862 0.0000004156 
0.0000013735 0.0000006850 0.0000004136 
0.0000013776 0.0000006839 0.0000004115 
0.0000013816 0.0000006828 0.0000004095 
0.0000013854 0.0000006817 0.0000004075 
0.0000013892 0.0000006807 0.0000004055 
0.0000013929 0.0000006798 0.0000004034 
0.0000013965 0.0000006788 0.0000004014 
0.0000014001 0.0000006779 0.0000003993 
0.0000014036 0.0000006771 0.0000003972 
0.0000014070 0.0000006762 0.0000003952 
0.0000014103 0.0000006755 0.0000003931 
0.0000014136 0.0000006747 0.0000003910 
0.0000014168 0.0000006740 0.0000003889 
0.0000014198 0.0000006733 0.0000003868 
0.0000014228 0.0000006727 0.0000003847 
0.0000014257 0.0000006721 0.0000003825 
0.0000014285 0.0000006715 0.0000003804 
0.0000014312 0.0000006709 0.0000003783 
0.0000014339 0.0000006703 0.0000003762 
0.0000014364 0.0000006698 0.0000003740 
0.0000014389 0.0000006693 0.0000003719 
0.0000014413 0.0000006688 0.0000003698 
0.0000014436 0.0000006684 0.0000003677 
0.0000014459 0.0000006679 0.0000003656 
0.0000014481 0.0000006675 0.0000003635 
0.0000014502 0.0000006671 0.0000003614 
0.0000014522 0.0000006668 0.0000003593 
0.0000014542 0.0000006664 0.0000003573 
0.0000014561 0.0000006661 0.0000003553 
0.0000014579 0.0000006658 0.0000003532 
0.0000014597 0.0000006655 0.0000003512 
0.0000014614 0.0000006652 0.0000003493 
0.0000014630 0.0000006649 0.0000003473 
0.0000014646 0.0000006646 0.0000003454 
0.0000014661 0.0000006643 0.0000003435 
0.0000014676 0.0000006641 0.0000003416 
0.0000014690 0.0000006638 0.0000003398 
0.0000014704 0.0000006636 0.0000003380 
0.0000014717 0.0000006633 0.0000003362 
0.0000014729 0.0000006631 0.0000003345 
0.0000014741 0.0000006629 0.0000003328 
0.0000014753 0.0000006626 0.0000003311 
0.0000014764 0.0000006624 0.0000003295 
0.0000014774 0.0000006622 0.0000003280 
0.0000014785 0.0000006620 0.0000003265 
0.0000014795 0.0000006617 0.0000003250 
0.0000014805 0.0000006615 0.0000003236 
0.0000014815 0.0000006613 0.0000003223 
0.0000014825 0.0000006610 0.0000003211 
0.0000014835 0.0000006608 0.0000003199 
0.0000014845 0.0000006605 0.0000003187 
0.0000014854 0.0000006602 0.0000003177 
0.0000014864 0.0000006600 0.0000003167 
0.0000014872 0.0000006597 0.0000003157 
0.0000014881 0.0000006594 0.0000003148 
0.0000014890 0.0000006591 0.0000003140 
0.0000014898 0.0000006588 0.0000003133 
0.0000014906 0.0000006585 0.0000003126 
0.0000014915 0.0000006581 0.0000003120 
0.0000014923 0.0000006578 0.0000003115 
0.0000014931 0.0000006575 0.0000003111 
0.0000014939 0.0000006572 0.0000003107 
0.0000014946 0.0000006568 0.0000003104 
0.0000014954 0.0000006565 0.0000003102 
0.0000014961 0.0000006561 0.0000003100 
0.0000014968 0.0000006558 0.0000003098 
0.0000014975 0.0000006554 0.0000003097 
0.0000014981 0.0000006550 0.0000003097 
0.0000014987 0.0000006546 0.0000003096 
0.0000014993 0.0000006542 0.0000003096 
0.0000014997 0.0000006537 0.0000003097 
0.0000015002 0.0000006533 0.0000003098 
0.0000015005 0.0000006529 0.0000003098 
0.0000015008 0.0000006524 0.0000003099 
0.0000015009 0.0000006520 0.0000003100 
0.0000015011 0.0000006515 0.0000003101 
0.0000015011 0.0000006510 0.0000003102 
0.0000015011 0.0000006505 0.0000003104 
0.0000015009 0.0000006501 0.0000003105 
0.0000015007 0.0000006496 0.0000003106 
0.0000015004 0.0000006491 0.0000003106 
0.0000015000 0.0000006486 0.0000003107 
0.0000014994 0.0000006481 0.0000003108 
0.0000014988 0.0000006476 0.0000003108 
0.0000014981 0.0000006470 0.0000003109 
0.0000014972 0.0000006465 0.0000003109 
0.0000014962 0.0000006460 0.0000003110 
0.0000014952 0.0000006454 0.0000003110 
0.0000014941 0.0000006449 0.0000003110 
0.0000014928 0.0000006443 0.0000003109 
0.0000014915 0.0000006438 0.0000003109 
0.0000014901 0.0000006432 0.0000003109 
0.0000014887 0.0000006426 0.0000003108 
0.0000014872 0.0000006421 0.0000003108 
0.0000014856 0.0000006415 0.0000003107 
0.0000014840 0.0000006409 0.0000003106 
0.0000014823 0.0000006403 0.0000003105 
0.0000014805 0.0000006398 0.0000003104 
0.0000014787 0.0000006392 0.0000003103 
0.0000014767 0.0000006386 0.0000003102 
0.0000014748 0.0000006380 0.0000003101 
0.0000014727 0.0000006374 0.0000003099 
0.0000014706 0.0000006368 0.0000003098 
0.0000014684 0.0000006363 0.0000003096 
0.0000014660 0.0000006357 0.0000003095 
0.0000014638 0.0000006350 0.0000003093 
0.0000014615 0.0000006343 0.0000003091 
0.0000014593 0.0000006337 0.0000003089 
0.0000014570 0.0000006330 0.0000003087 
0.0000014547 0.0000006323 0.0000003086 
0.0000014524 0.0000006316 0.0000003084 
0.0000014500 0.0000006309 0.0000003082 
0.0000014476 0.0000006302 0.0000003080 
0.0000014452 0.0000006295 0.0000003078 
0.0000014427 0.0000006288 0.0000003077 
0.0000014402 0.0000006280 0.0000003075 
0.0000014377 0.0000006273 0.0000003073 
0.0000014351 0.0000006266 0.0000003072 
0.0000014324 0.0000006259 0.0000003070 
0.0000014296 0.0000006251 0.0000003068 
0.0000014269 0.0000006244 0.0000003066 
0.0000014241 0.0000006236 0.0000003064 
0.0000014212 0.0000006229 0.0000003062 
0.0000014183 0.0000006221 0.0000003060 
0.0000014153 0.0000006213 0.0000003058 
0.0000014123 0.0000006206 0.0000003056 
0.0000014092 0.0000006198 0.0000003053 
0.0000014061 0.0000006190 0.0000003051 
0.0000014030 0.0000006182 0.0000003048 
0.0000013998 0.0000006174 0.0000003046 
0.0000013965 0.0000006166 0.0000003043 
0.0000013933 0.0000006157 0.0000003041 
0.0000013900 0.0000006149 0.0000003038 
0.0000013866 0.0000006141 0.0000003036 
0.0000013833 0.0000006133 0.0000003033 
0.0000013799 0.0000006124 0.0000003031 
0.0000013765 0.0000006116 0.0000003028 
0.0000013731 0.0000006107 0.0000003026 
0.0000013696 0.0000006099 0.0000003023 
0.0000013661 0.0000006090 0.0000003020 
0.0000013625 0.0000006081 0.0000003017 
0.0000013589 0.0000006072 0.0000003015 
0.0000013552 0.0000006063 0.0000003012 
0.0000013515 0.0000006054 0.0000003009 
0.0000013477 0.0000006045 0.0000003006 
0.0000013439 0.0000006035 0.0000003003 
0.0000013400 0.0000006025 0.0000003000 
0.0000013361 0.0000006016 0.0000002996 
0.0000013322 0.0000006006 0.0000002993 
0.0000013282 0.0000005996 0.0000002990 
0.0000013242 0.0000005986 0.0000002987 
0.0000013202 0.0000005975 0.0000002984 
0.0000013162 0.0000005965 0.0000002981 
0.0000013122 0.0000005954 0.0000002977 
0.0000013081 0.0000005943 0.0000002974 
0.0000013040 0.0000005932 0.0000002971 
0.0000012999 0.0000005921 0.0000002968 
0.0000012958 0.0000005910 0.0000002964 
0.0000012916 0.0000005898 0.0000002961 
0.0000012874 0.0000005887 0.0000002958 
0.0000012833 0.0000005875 0.0000002955 
0.0000012791 0.0000005863 0.0000002952 
0.0000012748 0.0000005851 0.0000002949 
0.0000012706 0.0000005839 0.0000002946 
0.0000012664 0.0000005827 0.0000002943 
0.0000012621 0.0000005815 0.0000002940 
0.0000012578 0.0000005802 0.0000002937 
0.0000012534 0.0000005790 0.0000002934 
0.0000012491 0.0000005777 0.0000002930 
0.0000012447 0.0000005764 0.0000002927 
0.0000012403 0.0000005751 0.0000002924 
0.0000012359 0.0000005738 0.0000002921 
0.0000012315 0.0000005724 0.0000002917 
0.0000012271 0.0000005711 0.0000002914 
0.0000012226 0.0000005697 0.0000002911 
0.0000012182 0.0000005684 0.0000002908 
0.0000012138 0.0000005670 0.0000002904 
0.0000012094 0.0000005656 0.0000002901 
0.0000012050 0.0000005643 0.0000002898 
0.0000012006 0.0000005629 0.0000002895 
0.0000011962 0.0000005616 0.0000002891 
0.0000011919 0.0000005602 0.0000002888 
0.0000011875 0.0000005588 0.0000002885 
0.0000011832 0.0000005574 0.0000002882 
0.0000011789 0.0000005561 0.0000002878 
0.0000011745 0.0000005547 0.0000002875 
0.0000011702 0.0000005533 0.0000002872 
0.0000011658 0.0000005519 0.0000002868 
0.0000011615 0.0000005504 0.0000002864 
0.0000011572 0.0000005490 0.0000002861 
0.0000011528 0.0000005476 0.0000002857 
0.0000011485 0.0000005461 0.0000002853 
0.0000011441 0.0000005447 0.0000002849 
0.0000011398 0.0000005432 0.0000002845 
0.0000011354 0.0000005417 0.0000002841 
0.0000011311 0.0000005402 0.0000002837 
0.0000011267 0.0000005387 0.0000002833 
0.0000011223 0.0000005372 0.0000002829 
0.0000011179 0.0000005357 0.0000002824 
0.0000011136 0.0000005341 0.0000002819 
0.0000011092 0.0000005325 0.0000002815 
0.0000011048 0.0000005310 0.0000002810 
0.0000011004 0.0000005294 0.0000002805 
0.0000010960 0.0000005279 0.0000002800 
0.0000010917 0.0000005263 0.0000002796 
0.0000010873 0.0000005248 0.0000002791 
0.0000010830 0.0000005232 0.0000002786 
0.0000010786 0.0000005217 0.0000002782 
0.0000010743 0.0000005201 0.0000002777 
0.0000010699 0.0000005186 0.0000002772 
0.0000010656 0.0000005171 0.0000002768 
0.0000010613 0.0000005155 0.0000002763 
0.0000010569 0.0000005139 0.0000002758 
0.0000010526 0.0000005124 0.0000002753 
0.0000010482 0.0000005108 0.0000002748 
0.0000010439 0.0000005092 0.0000002743 
0.0000010396 0.0000005076 0.0000002738 
0.0000010353 0.0000005060 0.0000002733 
0.0000010310 0.0000005044 0.0000002728 
0.0000010268 0.0000005028 0.0000002723 
0.0000010226 0.0000005012 0.0000002718 
0.0000010184 0.0000004996 0.0000002712 
0.0000010142 0.0000004979 0.0000002707 
0.0000010100 0.0000004963 0.0000002701 
0.0000010059 0.0000004947 0.0000002696 
0.0000010017 0.0000004930 0.0000002690 
0.0000009976 0.0000004914 0.0000002685 
0.0000009935 0.0000004898 0.0000002679 
0.0000009894 0.0000004881 0.0000002673 
0.0000009854 0.0000004865 0.0000002668 
0.0000009814 0.0000004848 0.0000002662 
0.0000009774 0.0000004832 0.0000002656 
0.0000009734 0.0000004816 0.0000002651 
0.0000009695 0.0000004799 0.0000002645 
0.0000009657 0.0000004783 0.0000002639 
0.0000009619 0.0000004767 0.0000002633 
0.0000009581 0.0000004751 0.0000002627 
0.0000009544 0.0000004735 0.0000002621 
0.0000009507 0.0000004719 0.0000002615 
0.0000009470 0.0000004703 0.0000002609 
0.0000009434 0.0000004687 0.0000002603 
0.0000009399 0.0000004672 0.0000002597 
0.0000009363 0.0000004656 0.0000002591 
0.0000009328 0.0000004640 0.0000002585 
0.0000009294 0.0000004624 0.0000002579 
0.0000009259 0.0000004608 0.0000002573 
0.0000009225 0.0000004593 0.0000002567 
0.0000009191 0.0000004577 0.0000002561 
0.0000009158 0.0000004561 0.0000002555 
0.0000009124 0.0000004545 0.0000002548 
0.0000009091 0.0000004529 0.0000002542 
0.0000009058 0.0000004514 0.0000002536 
0.0000009025 0.0000004498 0.0000002529 
0.0000008992 0.0000004482 0.0000002523 
0.0000008958 0.0000004466 0.0000002516 
0.0000008925 0.0000004450 0.0000002509 
0.0000008891 0.0000004434 0.0000002502 
0.0000008858 0.0000004417 0.0000002495 
0.0000008824 0.0000004401 0.0000002488 
0.0000008790 0.0000004385 0.0000002481 
0.0000008756 0.0000004369 0.0000002473 
0.0000008722 0.0000004352 0.0000002466 
0.0000008688 0.0000004336 0.0000002458 
0.0000008654 0.0000004320 0.0000002450 
0.0000008620 0.0000004303 0.0000002442 
0.0000008586 0.0000004287 0.0000002435 
0.0000008551 0.0000004271 0.0000002427 
0.0000008517 0.0000004254 0.0000002418 
0.0000008483 0.0000004238 0.0000002410 
0.0000008449 0.0000004222 0.0000002402 
0.0000008414 0.0000004206 0.0000002394 
0.0000008380 0.0000004189 0.0000002385 
0.0000008346 0.0000004173 0.0000002377 
0.0000008312 0.0000004157 0.0000002368 
0.0000008278 0.0000004141 0.0000002360 
0.0000008243 0.0000004125 0.0000002351 
0.0000008209 0.0000004109 0.0000002342 
0.0000008176 0.0000004092 0.0000002333 
0.0000008143 0.0000004076 0.0000002324 
0.0000008110 0.0000004060 0.0000002315 
0.0000008079 0.0000004044 0.0000002306 
0.0000008047 0.0000004028 0.0000002296 
0.0000008016 0.0000004012 0.0000002287 
0.0000007985 0.0000003996 0.0000002278 
0.0000007954 0.0000003980 0.0000002268 
0.0000007923 0.0000003965 0.0000002259 
0.0000007892 0.0000003949 0.0000002250 
0.0000007862 0.0000003934 0.0000002240 
0.0000007831 0.0000003918 0.0000002231 
0.0000007801 0.0000003903 0.0000002222 
0.0000007771 0.0000003888 0.0000002213 
0.0000007741 0.0000003872 0.0000002204 
0.0000007710 0.0000003857 0.0000002194 
0.0000007680 0.0000003842 0.0000002185 
0.0000007651 0.0000003827 0.0000002176 
0.0000007621 0.0000003812 0.0000002167 
0.0000007591 0.0000003798 0.0000002158 
0.0000007562 0.0000003783 0.0000002149 
0.0000007533 0.0000003768 0.0000002140 
0.0000007504 0.0000003754 0.0000002132 
0.0000007475 0.0000003740 0.0000002123 
0.0000007447 0.0000003725 0.0000002114 
0.0000007418 0.0000003711 0.0000002105 
0.0000007390 0.0000003697 0.0000002097 
0.0000007362 0.0000003683 0.0000002088 
0.0000007334 0.0000003670 0.0000002080 
0.0000007306 0.0000003656 0.0000002072 
0.0000007278 0.0000003642 0.0000002063 
0.0000007251 0.0000003629 0.0000002055 
0.0000007223 0.0000003615 0.0000002047 
0.0000007196 0.0000003602 0.0000002039 
0.0000007168 0.0000003588 0.0000002031 
0.0000007141 0.0000003575 0.0000002023 
0.0000007113 0.0000003561 0.0000002015 
0.0000007086 0.0000003548 0.0000002007 
0.0000007059 0.0000003535 0.0000001999 
0.0000007032 0.0000003522 0.0000001991 
0.0000007006 0.0000003509 0.0000001983 
0.0000006979 0.0000003497 0.0000001975 
0.0000006952 0.0000003484 0.0000001968 
0.0000006926 0.0000003471 0.0000001960 
0.0000006900 0.0000003458 0.0000001953 
0.0000006873 0.0000003446 0.0000001945 
0.0000006847 0.0000003433 0.0000001937 
0.0000006820 0.0000003421 0.0000001930 
0.0000006794 0.0000003408 0.0000001922 
0.0000006768 0.0000003396 0.0000001915 
0.0000006742 0.0000003383 0.0000001907 
0.0000006716 0.0000003371 0.0000001900 
0.0000006690 0.0000003359 0.0000001892 
0.0000006664 0.0000003346 0.0000001885 
0.0000006638 0.0000003334 0.0000001877 
0.0000006612 0.0000003322 0.0000001870 
0.0000006586 0.0000003310 0.0000001862 
0.0000006560 0.0000003298 0.0000001855 
0.0000006535 0.0000003285 0.0000001847 
0.0000006509 0.0000003273 0.0000001840 
0.0000006483 0.0000003261 0.0000001833 
0.0000006457 0.0000003249 0.0000001825 
0.0000006431 0.0000003237 0.0000001818 
0.0000006405 0.0000003225 0.0000001810 
0.0000006379 0.0000003213 0.0000001803 
0.0000006353 0.0000003201 0.0000001795 
0.0000006327 0.0000003189 0.0000001788 
0.0000006302 0.0000003177 0.0000001781 
0.0000006276 0.0000003165 0.0000001774 
0.0000006251 0.0000003153 0.0000001766 
0.0000006225 0.0000003142 0.0000001759 
0.0000006200 0.0000003130 0.0000001752 
0.0000006175 0.0000003118 0.0000001746 
0.0000006150 0.0000003107 0.0000001739 
0.0000006124 0.0000003095 0.0000001732 
0.0000006099 0.0000003084 0.0000001725 
0.0000006074 0.0000003072 0.0000001719 
0.0000006050 0.0000003061 0.0000001712 
0.0000006025 0.0000003050 0.0000001706 
0.0000006001 0.0000003038 0.0000001700 
0.0000005977 0.0000003027 0.0000001693 
0.0000005953 0.0000003016 0.0000001687 
0.0000005928 0.0000003005 0.0000001681 
0.0000005904 0.0000002994 0.0000001675 
0.0000005880 0.0000002983 0.0000001670 
0.0000005856 0.0000002972 0.0000001664 
0.0000005832 0.0000002960 0.0000001658 
0.0000005808 0.0000002949 0.0000001653 
0.0000005784 0.0000002938 0.0000001647 
0.0000005760 0.0000002927 0.0000001642 
0.0000005736 0.0000002916 0.0000001637 
0.0000005712 0.0000002906 0.0000001632 
0.0000005688 0.0000002895 0.0000001627 
0.0000005664 0.0000002884 0.0000001622 
0.0000005640 0.0000002873 0.0000001617 
0.0000005616 0.0000002862 0.0000001612 
0.0000005592 0.0000002851 0.0000001607 
0.0000005568 0.0000002841 0.0000001603 
0.0000005544 0.0000002830 0.0000001598 
0.0000005521 0.0000002819 0.0000001593 
0.0000005497 0.0000002809 0.0000001589 
0.0000005473 0.0000002798 0.0000001584 
0.0000005449 0.0000002787 0.0000001580 
0.0000005425 0.0000002777 0.0000001576 
0.0000005401 0.0000002766 0.0000001571 
0.0000005377 0.0000002756 0.0000001567 
0.0000005353 0.0000002745 0.0000001562 
0.0000005329 0.0000002735 0.0000001558 
0.0000005304 0.0000002724 0.0000001554 
0.0000005280 0.0000002714 0.0000001550 
0.0000005256 0.0000002703 0.0000001545 
0.0000005232 0.0000002693 0.0000001541 
0.0000005207 0.0000002682 0.0000001537 
0.0000005183 0.0000002672 0.0000001533 
0.0000005159 0.0000002661 0.0000001529 
0.0000005134 0.0000002651 0.0000001525 
0.0000005109 0.0000002641 0.0000001520 
0.0000005085 0.0000002630 0.0000001516 
0.0000005060 0.0000002620 0.0000001512 
0.0000005035 0.0000002610 0.0000001508 
0.0000005010 0.0000002600 0.0000001504 
0.0000004986 0.0000002589 0.0000001500 
0.0000004961 0.0000002579 0.0000001496 
0.0000004936 0.0000002569 0.0000001491 
0.0000004910 0.0000002559 0.0000001487 
0.0000004885 0.0000002548 0.0000001483 
0.0000004860 0.0000002538 0.0000001479 
0.0000004835 0.0000002528 0.0000001475 
0.0000004809 0.0000002517 0.0000001471 
0.0000004784 0.0000002507 0.0000001466 
0.0000004758 0.0000002497 0.0000001462 
0.0000004733 0.0000002487 0.0000001458 
0.0000004707 0.0000002477 0.0000001454 
0.0000004682 0.0000002466 0.0000001449 
0.0000004657 0.0000002456 0.0000001445 
0.0000004631 0.0000002446 0.0000001441 
0.0000004606 0.0000002436 0.0000001436 
0.0000004581 0.0000002426 0.0000001432 
0.0000004556 0.0000002416 0.0000001428 
0.0000004530 0.0000002406 0.0000001423 
0.0000004505 0.0000002396 0.0000001419 
0.0000004480 0.0000002386 0.0000001415 
0.0000004455 0.0000002376 0.0000001410 
0.0000004429 0.0000002366 0.0000001406 
0.0000004404 0.0000002356 0.0000001402 
0.0000004379 0.0000002346 0.0000001397 
0.0000004355 0.0000002337 0.0000001393 
0.0000004330 0.0000002327 0.0000001389 
0.0000004305 0.0000002317 0.0000001384 
0.0000004280 0.0000002307 0.0000001380 
0.0000004256 0.0000002298 0.0000001376 
0.0000004231 0.0000002288 0.0000001372 
0.0000004207 0.0000002279 0.0000001367 
0.0000004183 0.0000002269 0.0000001363 
0.0000004159 0.0000002260 0.0000001359 
0.0000004135 0.0000002250 0.0000001355 
0.0000004112 0.0000002241 0.0000001351 
0.0000004089 0.0000002232 0.0000001347 
0.0000004065 0.0000002223 0.0000001343 
0.0000004043 0.0000002214 0.0000001339 
0.0000004020 0.0000002205 0.0000001335 
0.0000003997 0.0000002196 0.0000001331 
0.0000003975 0.0000002187 0.0000001327 
0.0000003952 0.0000002179 0.0000001324 
0.0000003930 0.0000002170 0.0000001320 
0.0000003908 0.0000002162 0.0000001316 
0.0000003887 0.0000002153 0.0000001313 
0.0000003865 0.0000002145 0.0000001309 
0.0000003844 0.0000002137 0.0000001306 
0.0000003823 0.0000002128 0.0000001303 
0.0000003803 0.0000002120 0.0000001299 
0.0000003783 0.0000002112 0.0000001296 
0.0000003763 0.0000002104 0.0000001293 
0.0000003743 0.0000002096 0.0000001290 
0.0000003724 0.0000002088 0.0000001287 
0.0000003705 0.0000002080 0.0000001284 
0.0000003686 0.0000002072 0.0000001281 
0.0000003667 0.0000002064 0.0000001278 
0.0000003648 0.0000002057 0.0000001275 
0.0000003630 0.0000002049 0.0000001272 
0.0000003612 0.0000002042 0.0000001269 
0.0000003594 0.0000002034 0.0000001266 
0.0000003576 0.0000002027 0.0000001263 
0.0000003559 0.0000002020 0.0000001260 
0.0000003542 0.0000002013 0.0000001257 
0.0000003525 0.0000002006 0.0000001255 
0.0000003508 0.0000001999 0.0000001252 
0.0000003491 0.0000001992 0.0000001249 
0.0000003475 0.0000001986 0.0000001247 
0.0000003458 0.0000001979 0.0000001244 
0.0000003442 0.0000001973 0.0000001242 
0.0000003427 0.0000001966 0.0000001239 
0.0000003411 0.0000001960 0.0000001237 
0.0000003396 0.0000001954 0.0000001235 
0.0000003381 0.0000001948 0.0000001233 
0.0000003367 0.0000001942 0.0000001230 
0.0000003354 0.0000001937 0.0000001228 
0.0000003341 0.0000001931 0.0000001226 
0.0000003328 0.0000001926 0.0000001224 
0.0000003315 0.0000001920 0.0000001223 
0.0000003303 0.0000001915 0.0000001221 
0.0000003291 0.0000001910 0.0000001219 
0.0000003278 0.0000001905 0.0000001217 
0.0000003266 0.0000001899 0.0000001216 
0.0000003254 0.0000001894 0.0000001214 
0.0000003242 0.0000001889 0.0000001212 
0.0000003230 0.0000001884 0.0000001211 
0.0000003218 0.0000001879 0.0000001209 
0.0000003206 0.0000001874 0.0000001207 
0.0000003194 0.0000001869 0.0000001206 
0.0000003182 0.0000001864 0.0000001204 
0.0000003170 0.0000001859 0.0000001203 
0.0000003158 0.0000001854 0.0000001201 
0.0000003146 0.0000001849 0.0000001199 
0.0000003135 0.0000001844 0.0000001198 
0.0000003123 0.0000001839 0.0000001196 
0.0000003111 0.0000001834 0.0000001195 
0.0000003099 0.0000001829 0.0000001193 
0.0000003087 0.0000001824 0.0000001191 
0.0000003075 0.0000001819 0.0000001190 
0.0000003063 0.0000001814 0.0000001188 
0.0000003051 0.0000001809 0.0000001186 
0.0000003039 0.0000001804 0.0000001185 
0.0000003027 0.0000001799 0.0000001183 
0.0000003015 0.0000001794 0.0000001181 
0.0000003003 0.0000001789 0.0000001180 
0.0000002990 0.0000001783 0.0000001178 
0.0000002978 0.0000001778 0.0000001176 
0.0000002966 0.0000001773 0.0000001175 
0.0000002954 0.0000001768 0.0000001173 
0.0000002942 0.0000001763 0.0000001171 
0.0000002930 0.0000001758 0.0000001170 
0.0000002918 0.0000001752 0.0000001168 
0.0000002907 0.0000001747 0.0000001167 
0.0000002895 0.0000001742 0.0000001165 
0.0000002884 0.0000001737 0.0000001163 
0.0000002872 0.0000001732 0.0000001162 
0.0000002861 0.0000001727 0.0000001160 
0.0000002849 0.0000001722 0.0000001158 
0.0000002838 0.0000001717 0.0000001156 
0.0000002827 0.0000001712 0.0000001155 
0.0000002816 0.0000001707 0.0000001153 
0.0000002806 0.0000001702 0.0000001151 
0.0000002795 0.0000001697 0.0000001149 
0.0000002784 0.0000001692 0.0000001147 
0.0000002774 0.0000001688 0.0000001146 
0.0000002764 0.0000001683 0.0000001144 
0.0000002754 0.0000001678 0.0000001142 
0.0000002745 0.0000001674 0.0000001140 
0.0000002736 0.0000001669 0.0000001138 
0.0000002728 0.0000001665 0.0000001136 
0.0000002721 0.0000001661 0.0000001134 
0.0000002714 0.0000001657 0.0000001132 
0.0000002708 0.0000001653 0.0000001130 
0.0000002703 0.0000001649 0.0000001129 
0.0000002698 0.0000001645 0.0000001127 
0.0000002694 0.0000001641 0.0000001125 
0.0000002690 0.0000001638 0.0000001123 
0.0000002686 0.0000001634 0.0000001122 
0.0000002683 0.0000001631 0.0000001120 
0.0000002680 0.0000001627 0.0000001118 
0.0000002678 0.0000001624 0.0000001116 
0.0000002676 0.0000001621 0.0000001114 
0.0000002675 0.0000001618 0.0000001111 
0.0000002674 0.0000001615 0.0000001109 
0.0000002674 0.0000001612 0.0000001107 
0.0000002674 0.0000001609 0.0000001104 
0.0000002675 0.0000001607 0.0000001102 
0.0000002675 0.0000001604 0.0000001099 
0.0000002677 0.0000001601 0.0000001096 
0.0000002678 0.0000001599 0.0000001093 
0.0000002680 0.0000001597 0.0000001091 
0.0000002683 0.0000001594 0.0000001088 
0.0000002685 0.0000001591 0.0000001085 
0.0000002686 0.0000001588 0.0000001082 
0.0000002686 0.0000001585 0.0000001079 
0.0000002686 0.0000001582 0.0000001076 
0.0000002685 0.0000001578 0.0000001073 
0.0000002683 0.0000001575 0.0000001069 
0.0000002681 0.0000001571 0.0000001066 
0.0000002678 0.0000001567 0.0000001063 
0.0000002676 0.0000001564 0.0000001059 
0.0000002672 0.0000001560 0.0000001055 
0.0000002669 0.0000001556 0.0000001051 
0.0000002666 0.0000001552 0.0000001047 
0.0000002662 0.0000001549 0.0000001043 
0.0000002658 0.0000001545 0.0000001039 
0.0000002654 0.0000001541 0.0000001034 
0.0000002651 0.0000001538 0.0000001030 
0.0000002647 0.0000001534 0.0000001025 
0.0000002643 0.0000001531 0.0000001021 
0.0000002639 0.0000001527 0.0000001017 
0.0000002635 0.0000001524 0.0000001012 
0.0000002632 0.0000001521 0.0000001008 
0.0000002628 0.0000001517 0.0000001004 
0.0000002625 0.0000001514 0.0000001000 
0.0000002622 0.0000001512 0.0000000997 
0.0000002619 0.0000001509 0.0000000993 
0.0000002616 0.0000001506 0.0000000989 
0.0000002613 0.0000001503 0.0000000986 
0.0000002610 0.0000001501 0.0000000982 
0.0000002606 0.0000001498 0.0000000978 
0.0000002603 0.0000001495 0.0000000975 
0.0000002599 0.0000001492 0.0000000971 
0.0000002595 0.0000001489 0.0000000968 
0.0000002591 0.0000001486 0.0000000964 
0.0000002587 0.0000001484 0.0000000961 
0.0000002584 0.0000001481 0.0000000958 
0.0000002580 0.0000001478 0.0000000954 
0.0000002576 0.0000001476 0.0000000951 
0.0000002572 0.0000001473 0.0000000948 
0.0000002568 0.0000001470 0.0000000945 
0.0000002565 0.0000001468 0.0000000942 
0.0000002561 0.0000001465 0.0000000939 
0.0000002557 0.0000001463 0.0000000936 
0.0000002554 0.0000001460 0.0000000933 
0.0000002550 0.0000001458 0.0000000931 
0.0000002547 0.0000001455 0.0000000928 
0.0000002544 0.0000001453 0.0000000926 
0.0000002541 0.0000001451 0.0000000923 
0.0000002538 0.0000001449 0.0000000921 
0.0000002534 0.0000001446 0.0000000919 
0.0000002531 0.0000001444 0.0000000917 
0.0000002528 0.0000001442 0.0000000915 
0.0000002525 0.0000001440 0.0000000913 
0.0000002522 0.0000001438 0.0000000911 
0.0000002520 0.0000001436 0.0000000909 
0.0000002517 0.0000001434 0.0000000907 
0.0000002514 0.0000001432 0.0000000906 
0.0000002511 0.0000001430 0.0000000904 
0.0000002508 0.0000001428 0.0000000903 
0.0000002506 0.0000001426 0.0000000901 
0.0000002503 0.0000001424 0.0000000900 
0.0000002500 0.0000001422 0.0000000898 
0.0000002497 0.0000001420 0.0000000897 
0.0000002494 0.0000001418 0.0000000895 
0.0000002491 0.0000001416 0.0000000894 
0.0000002488 0.0000001414 0.0000000893 
0.0000002485 0.0000001412 0.0000000891 
0.0000002482 0.0000001410 0.0000000890 
0.0000002479 0.0000001408 0.0000000889 
0.0000002475 0.0000001405 0.0000000888 
0.0000002472 0.0000001403 0.0000000886 
0.0000002469 0.0000001401 0.0000000885 
0.0000002465 0.0000001399 0.0000000884 
0.0000002462 0.0000001397 0.0000000883 
0.0000002458 0.0000001394 0.0000000881 
0.0000002454 0.0000001392 0.0000000880 
0.0000002450 0.0000001390 0.0000000879 
0.0000002447 0.0000001387 0.0000000877 
0.0000002442 0.0000001385 0.0000000876 
0.0000002438 0.0000001382 0.0000000875 
0.0000002434 0.0000001379 0.0000000873 
0.0000002430 0.0000001377 0.0000000872 
0.0000002425 0.0000001374 0.0000000871 
0.0000002420 0.0000001371 0.0000000869 
0.0000002416 0.0000001369 0.0000000868 
0.0000002411 0.0000001366 0.0000000867 
0.0000002406 0.0000001363 0.0000000865 
0.0000002400 0.0000001360 0.0000000864 
0.0000002395 0.0000001357 0.0000000862 
0.0000002390 0.0000001354 0.0000000861 
0.0000002384 0.0000001351 0.0000000859 
0.0000002378 0.0000001347 0.0000000858 
0.0000002372 0.0000001344 0.0000000856 
0.0000002366 0.0000001341 0.0000000855 
0.0000002360 0.0000001337 0.0000000853 
0.0000002354 0.0000001334 0.0000000852 
0.0000002347 0.0000001330 0.0000000850 
0.0000002341 0.0000001327 0.0000000848 
0.0000002334 0.0000001323 0.0000000847 
0.0000002327 0.0000001320 0.0000000845 
0.0000002320 0.0000001316 0.0000000843 
0.0000002313 0.0000001312 0.0000000841 
0.0000002306 0.0000001308 0.0000000840 
0.0000002299 0.0000001305 0.0000000838 
0.0000002292 0.0000001301 0.0000000836 
0.0000002285 0.0000001297 0.0000000834 
0.0000002277 0.0000001293 0.0000000832 
0.0000002270 0.0000001289 0.0000000830 
0.0000002262 0.0000001284 0.0000000828 
0.0000002255 0.0000001280 0.0000000826 
0.0000002247 0.0000001276 0.0000000824 
0.0000002239 0.0000001272 0.0000000822 
0.0000002231 0.0000001268 0.0000000820 
0.0000002223 0.0000001263 0.0000000818 
0.0000002215 0.0000001259 0.0000000816 
0.0000002207 0.0000001254 0.0000000813 
0.0000002199 0.0000001250 0.0000000811 
0.0000002191 0.0000001245 0.0000000809 
0.0000002182 0.0000001241 0.0000000806 
0.0000002174 0.0000001236 0.0000000804 
0.0000002165 0.0000001231 0.0000000801 
0.0000002157 0.0000001227 0.0000000799 
0.0000002148 0.0000001222 0.0000000796 
0.0000002139 0.0000001217 0.0000000794 
0.0000002131 0.0000001212 0.0000000791 
0.0000002122 0.0000001208 0.0000000789 
0.0000002113 0.0000001203 0.0000000786 
0.0000002104 0.0000001198 0.0000000783 
0.0000002095 0.0000001193 0.0000000780 
0.0000002086 0.0000001188 0.0000000778 
0.0000002077 0.0000001183 0.0000000775 
0.0000002068 0.0000001178 0.0000000772 
0.0000002059 0.0000001173 0.0000000769 
0.0000002050 0.0000001167 0.0000000766 
0.0000002040 0.0000001162 0.0000000763 
0.0000002031 0.0000001157 0.0000000760 
0.0000002022 0.0000001152 0.0000000757 
0.0000002013 0.0000001147 0.0000000754 
0.0000002003 0.0000001141 0.0000000751 
0.0000001994 0.0000001136 0.0000000748 
0.0000001985 0.0000001131 0.0000000745 
0.0000001975 0.0000001125 0.0000000741 
0.0000001966 0.0000001120 0.0000000738 
0.0000001956 0.0000001115 0.0000000735 
0.0000001947 0.0000001109 0.0000000731 
0.0000001937 0.0000001104 0.0000000728 
0.0000001928 0.0000001099 0.0000000725 
0.0000001918 0.0000001093 0.0000000721 
0.0000001909 0.0000001088 0.0000000718 
0.0000001899 0.0000001082 0.0000000715 
0.0000001889 0.0000001077 0.0000000711 
0.0000001880 0.0000001071 0.0000000708 
0.0000001870 0.0000001066 0.0000000704 
0.0000001860 0.0000001060 0.0000000700 
0.0000001851 0.0000001055 0.0000000697 
0.0000001841 0.0000001049 0.0000000693 
0.0000001831 0.0000001044 0.0000000690 
0.0000001821 0.0000001038 0.0000000686 
0.0000001812 0.0000001032 0.0000000682 
0.0000001802 0.0000001027 0.0000000679 
0.0000001792 0.0000001021 0.0000000675 
0.0000001782 0.0000001015 0.0000000671 
0.0000001772 0.0000001010 0.0000000668 
0.0000001762 0.0000001004 0.0000000664 
0.0000001752 0.0000000998 0.0000000660 
0.0000001743 0.0000000993 0.0000000656 
0.0000001733 0.0000000987 0.0000000652 
0.0000001723 0.0000000981 0.0000000649 
0.0000001713 0.0000000976 0.0000000645 
0.0000001703 0.0000000970 0.0000000641 
0.0000001693 0.0000000964 0.0000000637 
0.0000001683 0.0000000958 0.0000000633 
0.0000001672 0.0000000952 0.0000000629 
0.0000001662 0.0000000947 0.0000000625 
0.0000001652 0.0000000941 0.0000000621 
0.0000001642 0.0000000935 0.0000000617 
0.0000001632 0.0000000929 0.0000000613 
0.0000001621 0.0000000923 0.0000000609 
0.0000001611 0.0000000918 0.0000000605 
0.0000001601 0.0000000912 0.0000000601 
0.0000001591 0.0000000906 0.0000000597 
0.0000001581 0.0000000900 0.0000000593 
0.0000001571 0.0000000895 0.0000000589 
0.0000001561 0.0000000889 0.0000000585 
0.0000001551 0.0000000883 0.0000000581 
0.0000001541 0.0000000878 0.0000000577 
0.0000001532 0.0000000872 0.0000000573 
0.0000001523 0.0000000867 0.0000000569 
0.0000001513 0.0000000862 0.0000000565 
0.0000001504 0.0000000857 0.0000000561 
0.0000001495 0.0000000851 0.0000000557 
0.0000001486 0.0000000846 0.0000000553 
0.0000001476 0.0000000841 0.0000000549 
0.0000001467 0.0000000836 0.0000000545 
0.0000001457 0.0000000830 0.0000000541 
0.0000001448 0.0000000825 0.0000000537 
0.0000001438 0.0000000819 0.0000000533 
0.0000001429 0.0000000814 0.0000000529 
0.0000001419 0.0000000809 0.0000000525 
0.0000001409 0.0000000803 0.0000000521 
0.0000001399 0.0000000797 0.0000000517 
0.0000001390 0.0000000792 0.0000000513 
0.0000001380 0.0000000786 0.0000000509 
0.0000001370 0.0000000781 0.0000000504 
0.0000001360 0.0000000775 0.0000000500 
0.0000001350 0.0000000770 0.0000000496 
0.0000001340 0.0000000764 0.0000000492 
0.0000001330 0.0000000758 0.0000000488 
0.0000001320 0.0000000753 0.0000000484 
0.0000001310 0.0000000747 0.0000000479 
0.0000001300 0.0000000741 0.0000000475 
0.0000001290 0.0000000736 0.0000000471 
0.0000001280 0.0000000730 0.0000000467 
0.0000001271 0.0000000724 0.0000000463 
0.0000001261 0.0000000719 0.0000000459 
0.0000001251 0.0000000713 0.0000000455 
0.0000001241 0.0000000707 0.0000000451 
0.0000001231 0.0000000702 0.0000000447 
0.0000001222 0.0000000696 0.0000000443 
0.0000001212 0.0000000691 0.0000000439 
0.0000001203 0.0000000685 0.0000000435 
0.0000001193 0.0000000680 0.0000000431 
0.0000001184 0.0000000674 0.0000000427 
0.0000001175 0.0000000669 0.0000000424 
0.0000001166 0.0000000664 0.0000000420 
0.0000001157 0.0000000659 0.0000000417 
0.0000001149 0.0000000654 0.0000000413 
0.0000001140 0.0000000649 0.0000000410 
0.0000001132 0.0000000644 0.0000000407 
0.0000001124 0.0000000639 0.0000000404 
0.0000001116 0.0000000634 0.0000000400 
0.0000001108 0.0000000629 0.0000000397 
0.0000001100 0.0000000625 0.0000000394 
0.0000001092 0.0000000620 0.0000000391 
0.0000001085 0.0000000615 0.0000000389 
0.0000001077 0.0000000611 0.0000000386 
0.0000001070 0.0000000606 0.0000000383 
0.0000001062 0.0000000602 0.0000000380 
0.0000001055 0.0000000597 0.0000000378 
0.0000001048 0.0000000593 0.0000000375 
0.0000001040 0.0000000588 0.0000000372 
0.0000001033 0.0000000584 0.0000000370 
0.0000001026 0.0000000579 0.0000000367 
0.0000001019 0.0000000575 0.0000000365 
0.0000001012 0.0000000570 0.0000000362 
0.0000001005 0.0000000566 0.0000000360 
0.0000000998 0.0000000562 0.0000000357 
0.0000000991 0.0000000557 0.0000000355 
0.0000000985 0.0000000553 0.0000000353 
0.0000000978 0.0000000549 0.0000000350 
0.0000000971 0.0000000545 0.0000000348 
0.0000000964 0.0000000540 0.0000000346 
0.0000000958 0.0000000536 0.0000000343 
0.0000000951 0.0000000532 0.0000000341 
0.0000000944 0.0000000528 0.0000000339 
0.0000000937 0.0000000523 0.0000000337 
0.0000000931 0.0000000519 0.0000000334 
0.0000000924 0.0000000515 0.0000000332 
0.0000000917 0.0000000511 0.0000000330 
0.0000000911 0.0000000506 0.0000000328 
0.0000000904 0.0000000502 0.0000000325 
0.0000000897 0.0000000498 0.0000000323 
0.0000000891 0.0000000494 0.0000000321 
0.0000000884 0.0000000489 0.0000000318 
0.0000000877 0.0000000485 0.0000000316 
0.0000000871 0.0000000481 0.0000000314 
0.0000000864 0.0000000476 0.0000000312 
0.0000000857 0.0000000472 0.0000000309 
0.0000000851 0.0000000468 0.0000000307 
0.0000000844 0.0000000464 0.0000000305 
0.0000000837 0.0000000459 0.0000000302 
0.0000000830 0.0000000455 0.0000000300 
0.0000000823 0.0000000451 0.0000000298 
0.0000000817 0.0000000446 0.0000000295 
0.0000000810 0.0000000442 0.0000000293 
0.0000000803 0.0000000438 0.0000000291 
0.0000000797 0.0000000434 0.0000000289 
0.0000000790 0.0000000430 0.0000000286 
0.0000000783 0.0000000426 0.0000000284 
0.0000000777 0.0000000422 0.0000000282 
0.0000000771 0.0000000418 0.0000000280 
0.0000000764 0.0000000413 0.0000000278 
0.0000000758 0.0000000409 0.0000000276 
0.0000000752 0.0000000405 0.0000000274 
0.0000000745 0.0000000401 0.0000000272 
0.0000000739 0.0000000397 0.0000000270 
0.0000000732 0.0000000393 0.0000000267 
0.0000000726 0.0000000389 0.0000000265 
0.0000000720 0.0000000385 0.0000000263 
0.0000000713 0.0000000381 0.0000000261 
0.0000000707 0.0000000377 0.0000000259 
0.0000000700 0.0000000373 0.0000000257 
0.0000000694 0.0000000368 0.0000000255 
0.0000000687 0.0000000364 0.0000000253 
0.0000000680 0.0000000360 0.0000000250 
0.0000000674 0.0000000356 0.0000000248 
0.0000000667 0.0000000352 0.0000000246 
0.0000000660 0.0000000347 0.0000000244 
0.0000000653 0.0000000343 0.0000000241 
0.0000000646 0.0000000339 0.0000000239 
0.0000000639 0.0000000335 0.0000000237 
0.0000000632 0.0000000330 0.0000000234 
0.0000000625 0.0000000326 0.0000000232 
0.0000000618 0.0000000322 0.0000000230 
0.0000000611 0.0000000318 0.0000000227 
0.0000000604 0.0000000313 0.0000000225 
0.0000000597 0.0000000309 0.0000000223 
0.0000000591 0.0000000305 0.0000000221 
0.0000000584 0.0000000301 0.0000000218 
0.0000000577 0.0000000297 0.0000000216 
0.0000000570 0.0000000293 0.0000000214 
0.0000000563 0.0000000289 0.0000000212 
0.0000000556 0.0000000285 0.0000000210 
0.0000000549 0.0000000280 0.0000000207 
0.0000000542 0.0000000276 0.0000000205 
0.0000000535 0.0000000272 0.0000000203 
0.0000000528 0.0000000268 0.0000000200 
0.0000000521 0.0000000264 0.0000000198 
0.0000000514 0.0000000260 0.0000000196 
0.0000000507 0.0000000256 0.0000000193 
0.0000000499 0.0000000251 0.0000000191 
0.0000000492 0.0000000247 0.0000000188 
0.0000000485 0.0000000243 0.0000000186 
0.0000000477 0.0000000239 0.0000000183 
0.0000000470 0.0000000235 0.0000000181 
0.0000000463 0.0000000231 0.0000000178 
0.0000000455 0.0000000226 0.0000000176 
0.0000000448 0.0000000222 0.0000000173 
0.0000000441 0.0000000218 0.0000000171 
0.0000000433 0.0000000214 0.0000000168 
0.0000000426 0.0000000210 0.0000000165 
0.0000000419 0.0000000206 0.0000000163 
0.0000000412 0.0000000202 0.0000000160 
0.0000000405 0.0000000198 0.0000000158 
0.0000000397 0.0000000194 0.0000000155 
0.0000000390 0.0000000190 0.0000000153 
0.0000000383 0.0000000186 0.0000000150 
0.0000000376 0.0000000182 0.0000000147 
0.0000000369 0.0000000178 0.0000000145 
0.0000000362 0.0000000174 0.0000000142 
0.0000000355 0.0000000170 0.0000000140 
0.0000000348 0.0000000166 0.0000000137 
0.0000000341 0.0000000162 0.0000000134 
0.0000000334 0.0000000158 0.0000000132 
0.0000000326 0.0000000155 0.0000000129 
0.0000000319 0.0000000151 0.0000000126 
0.0000000312 0.0000000147 0.0000000124 
0.0000000305 0.0000000143 0.0000000121 
0.0000000298 0.0000000139 0.0000000118 
0.0000000290 0.0000000135 0.0000000115 
0.0000000283 0.0000000131 0.0000000113 
0.0000000276 0.0000000128 0.0000000110 
0.0000000269 0.0000000124 0.0000000107 
0.0000000262 0.0000000120 0.0000000105 
0.0000000255 0.0000000116 0.0000000102 
0.0000000248 0.0000000113 0.0000000099 
0.0000000241 0.0000000109 0.0000000097 
0.0000000234 0.0000000105 0.0000000094 
0.0000000227 0.0000000102 0.0000000091 
0.0000000220 0.0000000098 0.0000000088 
0.0000000213 0.0000000095 0.0000000086 
0.0000000207 0.0000000091 0.0000000083 
0.0000000200 0.0000000088 0.0000000080 
