0.0000019540 0.0000009044 0.0000010445 
0.0000019584 0.0000009050 0.0000010233 
0.0000019624 0.0000009055 0.0000010026 
0.0000019660 0.0000009060 0.0000009823 
0.0000019693 0.0000009064 0.0000009626 
0.0000019722 0.0000009068 0.0000009433 
0.0000019747 0.0000009072 0.0000009245 
0.0000019769 0.0000009076 0.0000009060 
0.0000019787 0.0000009080 0.0000008880 
0.0000019802 0.0000009084 0.0000008704 
0.0000019814 0.0000009088 0.0000008533 
0.0000019823 0.0000009092 0.0000008365 
0.0000019828 0.0000009097 0.0000008201 
0.0000019831 0.0000009101 0.0000008040 
0.0000019832 0.0000009106 0.0000007884 
0.0000019830 0.0000009110 0.0000007731 
0.0000019826 0.0000009115 0.0000007581 
0.0000019820 0.0000009119 0.0000007434 
0.0000019811 0.0000009124 0.0000007291 
0.0000019801 0.0000009129 0.0000007151 
0.0000019790 0.0000009133 0.0000007013 
0.0000019778 0.0000009138 0.0000006879 
0.0000019764 0.0000009142 0.0000006747 
0.0000019751 0.0000009147 0.0000006618 
0.0000019736 0.0000009151 0.0000006492 
0.0000019722 0.0000009155 0.0000006368 
0.0000019707 0.0000009158 0.0000006247 
0.0000019693 0.0000009162 0.0000006127 
0.0000019679 0.0000009165 0.0000006010 
0.0000019665 0.0000009168 0.0000005895 
0.0000019652 0.0000009172 0.0000005783 
0.0000019638 0.0000009174 0.0000005673 
0.0000019625 0.0000009177 0.0000005565 
0.0000019613 0.0000009179 0.0000005459 
0.0000019602 0.0000009181 0.0000005356 
0.0000019592 0.0000009182 0.0000005255 
0.0000019583 0.0000009183 0.0000005157 
0.0000019576 0.0000009184 0.0000005060 
0.0000019571 0.0000009184 0.0000004966 
0.0000019567 0.0000009184 0.0000004875 
0.0000019564 0.0000009181 0.0000004785 
0.0000019562 0.0000009178 0.0000004698 
0.0000019562 0.0000009174 0.0000004613 
0.0000019563 0.0000009170 0.0000004532 
0.0000019568 0.0000009165 0.0000004454 
0.0000019575 0.0000009159 0.0000004379 
0.0000019585 0.0000009154 0.0000004310 
0.0000019585 0.0000009154 0.0000004310 
0.0000019585 0.0000009154 0.0000004310 
0.0000019585 0.0000009154 0.0000004310 
0.0000019585 0.0000009154 0.0000004310 
0.0000019611 0.0000009148 0.0000004274 
0.0000019611 0.0000009148 0.0000004274 
0.0000019611 0.0000009148 0.0000004274 
0.0000019644 0.0000009146 0.0000004265 
0.0000019681 0.0000009145 0.0000004264 
0.0000019720 0.0000009142 0.0000004268 
0.0000019761 0.0000009138 0.0000004276 
0.0000019803 0.0000009132 0.0000004286 
0.0000019845 0.0000009126 0.0000004297 
0.0000019888 0.0000009119 0.0000004308 
0.0000019931 0.0000009111 0.0000004319 
0.0000019974 0.0000009102 0.0000004330 
0.0000020016 0.0000009094 0.0000004339 
0.0000020059 0.0000009084 0.0000004348 
0.0000020102 0.0000009075 0.0000004357 
0.0000020146 0.0000009066 0.0000004365 
0.0000020189 0.0000009056 0.0000004372 
0.0000020233 0.0000009047 0.0000004379 
0.0000020276 0.0000009037 0.0000004385 
0.0000020320 0.0000009028 0.0000004390 
0.0000020363 0.0000009019 0.0000004395 
0.0000020406 0.0000009010 0.0000004399 
0.0000020448 0.0000009001 0.0000004402 
0.0000020491 0.0000008993 0.0000004406 
0.0000020533 0.0000008985 0.0000004409 
0.0000020576 0.0000008978 0.0000004412 
0.0000020618 0.0000008971 0.0000004416 
0.0000020660 0.0000008965 0.0000004419 
0.0000020702 0.0000008959 0.0000004423 
0.0000020744 0.0000008953 0.0000004426 
0.0000020785 0.0000008948 0.0000004430 
0.0000020826 0.0000008944 0.0000004433 
0.0000020866 0.0000008939 0.0000004436 
0.0000020906 0.0000008936 0.0000004439 
0.0000020946 0.0000008932 0.0000004441 
0.0000020985 0.0000008929 0.0000004444 
0.0000021024 0.0000008927 0.0000004446 
0.0000021062 0.0000008924 0.0000004448 
0.0000021099 0.0000008922 0.0000004450 
0.0000021135 0.0000008921 0.0000004451 
0.0000021171 0.0000008920 0.0000004452 
0.0000021205 0.0000008919 0.0000004452 
0.0000021239 0.0000008919 0.0000004452 
0.0000021272 0.0000008919 0.0000004451 
0.0000021303 0.0000008919 0.0000004450 
0.0000021334 0.0000008920 0.0000004449 
0.0000021363 0.0000008921 0.0000004448 
0.0000021392 0.0000008922 0.0000004446 
0.0000021419 0.0000008923 0.0000004443 
0.0000021445 0.0000008924 0.0000004441 
0.0000021471 0.0000008926 0.0000004437 
0.0000021495 0.0000008928 0.0000004434 
0.0000021518 0.0000008930 0.0000004430 
0.0000021540 0.0000008933 0.0000004426 
0.0000021561 0.0000008935 0.0000004421 
0.0000021581 0.0000008938 0.0000004417 
0.0000021601 0.0000008940 0.0000004412 
0.0000021619 0.0000008943 0.0000004406 
0.0000021636 0.0000008946 0.0000004400 
0.0000021653 0.0000008949 0.0000004394 
0.0000021669 0.0000008952 0.0000004388 
0.0000021684 0.0000008955 0.0000004381 
0.0000021698 0.0000008959 0.0000004375 
0.0000021712 0.0000008962 0.0000004368 
0.0000021726 0.0000008966 0.0000004361 
0.0000021739 0.0000008969 0.0000004354 
0.0000021751 0.0000008973 0.0000004347 
0.0000021762 0.0000008977 0.0000004339 
0.0000021772 0.0000008980 0.0000004332 
0.0000021782 0.0000008984 0.0000004325 
0.0000021791 0.0000008988 0.0000004317 
0.0000021799 0.0000008992 0.0000004310 
0.0000021807 0.0000008995 0.0000004302 
0.0000021814 0.0000008999 0.0000004295 
0.0000021820 0.0000009003 0.0000004287 
0.0000021826 0.0000009007 0.0000004280 
0.0000021831 0.0000009011 0.0000004272 
0.0000021836 0.0000009015 0.0000004265 
0.0000021840 0.0000009019 0.0000004258 
0.0000021843 0.0000009023 0.0000004251 
0.0000021846 0.0000009026 0.0000004244 
0.0000021848 0.0000009030 0.0000004237 
0.0000021850 0.0000009034 0.0000004230 
0.0000021851 0.0000009038 0.0000004223 
0.0000021851 0.0000009041 0.0000004217 
0.0000021851 0.0000009045 0.0000004211 
0.0000021851 0.0000009048 0.0000004204 
0.0000021850 0.0000009052 0.0000004198 
0.0000021848 0.0000009055 0.0000004192 
0.0000021846 0.0000009058 0.0000004187 
0.0000021843 0.0000009061 0.0000004182 
0.0000021840 0.0000009064 0.0000004176 
0.0000021836 0.0000009067 0.0000004171 
0.0000021832 0.0000009070 0.0000004167 
0.0000021827 0.0000009073 0.0000004162 
0.0000021822 0.0000009075 0.0000004158 
0.0000021816 0.0000009078 0.0000004154 
0.0000021810 0.0000009080 0.0000004150 
0.0000021804 0.0000009083 0.0000004147 
0.0000021797 0.0000009085 0.0000004144 
0.0000021790 0.0000009087 0.0000004141 
0.0000021783 0.0000009089 0.0000004139 
0.0000021776 0.0000009091 0.0000004137 
0.0000021768 0.0000009092 0.0000004136 
0.0000021761 0.0000009094 0.0000004134 
0.0000021753 0.0000009095 0.0000004133 
0.0000021744 0.0000009096 0.0000004132 
0.0000021735 0.0000009096 0.0000004132 
0.0000021725 0.0000009097 0.0000004132 
0.0000021715 0.0000009097 0.0000004132 
0.0000021705 0.0000009098 0.0000004132 
0.0000021695 0.0000009098 0.0000004133 
0.0000021685 0.0000009098 0.0000004134 
0.0000021674 0.0000009098 0.0000004136 
0.0000021663 0.0000009098 0.0000004138 
0.0000021652 0.0000009098 0.0000004141 
0.0000021641 0.0000009097 0.0000004143 
0.0000021629 0.0000009097 0.0000004146 
0.0000021617 0.0000009096 0.0000004149 
0.0000021605 0.0000009094 0.0000004152 
0.0000021592 0.0000009093 0.0000004156 
0.0000021580 0.0000009092 0.0000004159 
0.0000021566 0.0000009090 0.0000004163 
0.0000021553 0.0000009088 0.0000004167 
0.0000021538 0.0000009086 0.0000004171 
0.0000021524 0.0000009083 0.0000004175 
0.0000021508 0.0000009081 0.0000004179 
0.0000021493 0.0000009078 0.0000004183 
0.0000021476 0.0000009075 0.0000004187 
0.0000021459 0.0000009072 0.0000004191 
0.0000021442 0.0000009069 0.0000004194 
0.0000021424 0.0000009066 0.0000004198 
0.0000021405 0.0000009062 0.0000004201 
0.0000021386 0.0000009059 0.0000004205 
0.0000021366 0.0000009055 0.0000004208 
0.0000021345 0.0000009051 0.0000004211 
0.0000021323 0.0000009047 0.0000004214 
0.0000021301 0.0000009042 0.0000004217 
0.0000021278 0.0000009038 0.0000004219 
0.0000021254 0.0000009033 0.0000004222 
0.0000021229 0.0000009029 0.0000004224 
0.0000021204 0.0000009024 0.0000004226 
0.0000021178 0.0000009019 0.0000004228 
0.0000021152 0.0000009013 0.0000004230 
0.0000021125 0.0000009008 0.0000004232 
0.0000021098 0.0000009003 0.0000004234 
0.0000021070 0.0000008997 0.0000004235 
0.0000021042 0.0000008992 0.0000004237 
0.0000021014 0.0000008986 0.0000004238 
0.0000020985 0.0000008980 0.0000004240 
0.0000020956 0.0000008974 0.0000004241 
0.0000020926 0.0000008968 0.0000004242 
0.0000020896 0.0000008962 0.0000004243 
0.0000020865 0.0000008956 0.0000004244 
0.0000020834 0.0000008950 0.0000004245 
0.0000020803 0.0000008944 0.0000004246 
0.0000020770 0.0000008938 0.0000004247 
0.0000020736 0.0000008931 0.0000004248 
0.0000020704 0.0000008924 0.0000004249 
0.0000020672 0.0000008917 0.0000004249 
0.0000020640 0.0000008910 0.0000004249 
0.0000020608 0.0000008902 0.0000004250 
0.0000020575 0.0000008895 0.0000004250 
0.0000020543 0.0000008887 0.0000004251 
0.0000020510 0.0000008880 0.0000004251 
0.0000020477 0.0000008872 0.0000004252 
0.0000020444 0.0000008864 0.0000004252 
0.0000020410 0.0000008856 0.0000004253 
0.0000020376 0.0000008848 0.0000004254 
0.0000020342 0.0000008840 0.0000004254 
0.0000020308 0.0000008832 0.0000004255 
0.0000020272 0.0000008824 0.0000004255 
0.0000020236 0.0000008816 0.0000004255 
0.0000020200 0.0000008807 0.0000004256 
0.0000020164 0.0000008799 0.0000004256 
0.0000020127 0.0000008790 0.0000004256 
0.0000020090 0.0000008782 0.0000004256 
0.0000020052 0.0000008773 0.0000004256 
0.0000020014 0.0000008764 0.0000004255 
0.0000019975 0.0000008755 0.0000004255 
0.0000019936 0.0000008746 0.0000004254 
0.0000019897 0.0000008737 0.0000004254 
0.0000019857 0.0000008728 0.0000004253 
0.0000019817 0.0000008719 0.0000004252 
0.0000019776 0.0000008709 0.0000004251 
0.0000019736 0.0000008700 0.0000004250 
0.0000019695 0.0000008691 0.0000004249 
0.0000019654 0.0000008681 0.0000004249 
0.0000019612 0.0000008672 0.0000004248 
0.0000019571 0.0000008662 0.0000004246 
0.0000019529 0.0000008652 0.0000004245 
0.0000019487 0.0000008643 0.0000004244 
0.0000019444 0.0000008633 0.0000004243 
0.0000019401 0.0000008622 0.0000004241 
0.0000019357 0.0000008612 0.0000004239 
0.0000019313 0.0000008602 0.0000004238 
0.0000019268 0.0000008591 0.0000004236 
0.0000019223 0.0000008581 0.0000004234 
0.0000019177 0.0000008570 0.0000004232 
0.0000019131 0.0000008559 0.0000004229 
0.0000019084 0.0000008548 0.0000004227 
0.0000019037 0.0000008537 0.0000004225 
0.0000018990 0.0000008525 0.0000004222 
0.0000018943 0.0000008514 0.0000004220 
0.0000018895 0.0000008502 0.0000004217 
0.0000018848 0.0000008490 0.0000004215 
0.0000018800 0.0000008478 0.0000004212 
0.0000018752 0.0000008466 0.0000004209 
0.0000018703 0.0000008453 0.0000004206 
0.0000018655 0.0000008441 0.0000004203 
0.0000018606 0.0000008428 0.0000004200 
0.0000018557 0.0000008415 0.0000004197 
0.0000018507 0.0000008402 0.0000004195 
0.0000018458 0.0000008389 0.0000004192 
0.0000018408 0.0000008376 0.0000004188 
0.0000018359 0.0000008362 0.0000004185 
0.0000018309 0.0000008349 0.0000004182 
0.0000018258 0.0000008335 0.0000004179 
0.0000018208 0.0000008321 0.0000004176 
0.0000018157 0.0000008307 0.0000004173 
0.0000018106 0.0000008293 0.0000004169 
0.0000018055 0.0000008279 0.0000004166 
0.0000018004 0.0000008264 0.0000004163 
0.0000017952 0.0000008250 0.0000004159 
0.0000017900 0.0000008235 0.0000004155 
0.0000017848 0.0000008220 0.0000004152 
0.0000017796 0.0000008205 0.0000004148 
0.0000017744 0.0000008190 0.0000004144 
0.0000017692 0.0000008175 0.0000004140 
0.0000017640 0.0000008160 0.0000004136 
0.0000017589 0.0000008145 0.0000004133 
0.0000017537 0.0000008129 0.0000004129 
0.0000017486 0.0000008114 0.0000004125 
0.0000017434 0.0000008099 0.0000004121 
0.0000017383 0.0000008084 0.0000004117 
0.0000017332 0.0000008068 0.0000004114 
0.0000017281 0.0000008053 0.0000004110 
0.0000017230 0.0000008038 0.0000004106 
0.0000017179 0.0000008022 0.0000004102 
0.0000017128 0.0000008007 0.0000004098 
0.0000017077 0.0000007991 0.0000004093 
0.0000017026 0.0000007975 0.0000004089 
0.0000016975 0.0000007959 0.0000004085 
0.0000016924 0.0000007943 0.0000004080 
0.0000016873 0.0000007927 0.0000004076 
0.0000016822 0.0000007911 0.0000004071 
0.0000016771 0.0000007894 0.0000004067 
0.0000016720 0.0000007878 0.0000004062 
0.0000016669 0.0000007861 0.0000004057 
0.0000016618 0.0000007844 0.0000004052 
0.0000016567 0.0000007827 0.0000004047 
0.0000016516 0.0000007810 0.0000004042 
0.0000016464 0.0000007793 0.0000004037 
0.0000016413 0.0000007775 0.0000004031 
0.0000016362 0.0000007758 0.0000004026 
0.0000016310 0.0000007741 0.0000004021 
0.0000016259 0.0000007723 0.0000004015 
0.0000016208 0.0000007706 0.0000004010 
0.0000016158 0.0000007688 0.0000004005 
0.0000016107 0.0000007671 0.0000004000 
0.0000016056 0.0000007654 0.0000003994 
0.0000016005 0.0000007636 0.0000003989 
0.0000015954 0.0000007619 0.0000003984 
0.0000015903 0.0000007602 0.0000003979 
0.0000015852 0.0000007584 0.0000003973 
0.0000015801 0.0000007566 0.0000003968 
0.0000015750 0.0000007549 0.0000003963 
0.0000015699 0.0000007531 0.0000003957 
0.0000015648 0.0000007513 0.0000003952 
0.0000015598 0.0000007495 0.0000003946 
0.0000015547 0.0000007476 0.0000003941 
0.0000015497 0.0000007458 0.0000003935 
0.0000015447 0.0000007440 0.0000003930 
0.0000015397 0.0000007422 0.0000003924 
0.0000015348 0.0000007404 0.0000003918 
0.0000015298 0.0000007385 0.0000003913 
0.0000015249 0.0000007367 0.0000003907 
0.0000015200 0.0000007348 0.0000003901 
0.0000015151 0.0000007330 0.0000003895 
0.0000015102 0.0000007311 0.0000003889 
0.0000015054 0.0000007292 0.0000003883 
0.0000015006 0.0000007274 0.0000003877 
0.0000014958 0.0000007255 0.0000003871 
0.0000014910 0.0000007237 0.0000003865 
0.0000014862 0.0000007218 0.0000003859 
0.0000014815 0.0000007199 0.0000003853 
0.0000014769 0.0000007181 0.0000003847 
0.0000014723 0.0000007162 0.0000003841 
0.0000014678 0.0000007144 0.0000003835 
0.0000014633 0.0000007126 0.0000003829 
0.0000014588 0.0000007108 0.0000003823 
0.0000014544 0.0000007089 0.0000003817 
0.0000014500 0.0000007071 0.0000003811 
0.0000014456 0.0000007053 0.0000003805 
0.0000014413 0.0000007035 0.0000003799 
0.0000014371 0.0000007017 0.0000003792 
0.0000014328 0.0000006999 0.0000003786 
0.0000014286 0.0000006980 0.0000003780 
0.0000014245 0.0000006962 0.0000003774 
0.0000014203 0.0000006944 0.0000003768 
0.0000014162 0.0000006926 0.0000003761 
0.0000014121 0.0000006908 0.0000003755 
0.0000014081 0.0000006890 0.0000003749 
0.0000014040 0.0000006872 0.0000003743 
0.0000014000 0.0000006853 0.0000003736 
0.0000013960 0.0000006835 0.0000003730 
0.0000013919 0.0000006817 0.0000003723 
0.0000013879 0.0000006799 0.0000003716 
0.0000013838 0.0000006780 0.0000003709 
0.0000013798 0.0000006762 0.0000003702 
0.0000013757 0.0000006743 0.0000003695 
0.0000013716 0.0000006724 0.0000003688 
0.0000013675 0.0000006706 0.0000003681 
0.0000013634 0.0000006687 0.0000003673 
0.0000013593 0.0000006668 0.0000003666 
0.0000013552 0.0000006650 0.0000003658 
0.0000013511 0.0000006631 0.0000003650 
0.0000013470 0.0000006612 0.0000003643 
0.0000013428 0.0000006594 0.0000003635 
0.0000013387 0.0000006575 0.0000003627 
0.0000013346 0.0000006556 0.0000003619 
0.0000013305 0.0000006538 0.0000003611 
0.0000013264 0.0000006519 0.0000003602 
0.0000013223 0.0000006500 0.0000003594 
0.0000013182 0.0000006482 0.0000003586 
0.0000013140 0.0000006463 0.0000003577 
0.0000013099 0.0000006445 0.0000003569 
0.0000013058 0.0000006426 0.0000003560 
0.0000013018 0.0000006407 0.0000003551 
0.0000012977 0.0000006389 0.0000003542 
0.0000012936 0.0000006371 0.0000003534 
0.0000012896 0.0000006352 0.0000003525 
0.0000012858 0.0000006333 0.0000003515 
0.0000012819 0.0000006315 0.0000003506 
0.0000012781 0.0000006297 0.0000003497 
0.0000012743 0.0000006278 0.0000003487 
0.0000012706 0.0000006260 0.0000003478 
0.0000012668 0.0000006242 0.0000003468 
0.0000012631 0.0000006224 0.0000003459 
0.0000012594 0.0000006206 0.0000003450 
0.0000012557 0.0000006188 0.0000003440 
0.0000012521 0.0000006170 0.0000003431 
0.0000012484 0.0000006153 0.0000003422 
0.0000012447 0.0000006135 0.0000003412 
0.0000012411 0.0000006118 0.0000003403 
0.0000012375 0.0000006100 0.0000003394 
0.0000012338 0.0000006083 0.0000003385 
0.0000012302 0.0000006066 0.0000003375 
0.0000012267 0.0000006049 0.0000003366 
0.0000012231 0.0000006032 0.0000003357 
0.0000012196 0.0000006015 0.0000003348 
0.0000012160 0.0000005998 0.0000003339 
0.0000012126 0.0000005981 0.0000003330 
0.0000012091 0.0000005965 0.0000003321 
0.0000012056 0.0000005948 0.0000003312 
0.0000012022 0.0000005932 0.0000003303 
0.0000011988 0.0000005916 0.0000003295 
0.0000011954 0.0000005900 0.0000003286 
0.0000011920 0.0000005884 0.0000003277 
0.0000011886 0.0000005868 0.0000003268 
0.0000011853 0.0000005852 0.0000003260 
0.0000011819 0.0000005837 0.0000003251 
0.0000011786 0.0000005821 0.0000003243 
0.0000011752 0.0000005805 0.0000003234 
0.0000011719 0.0000005790 0.0000003226 
0.0000011686 0.0000005774 0.0000003217 
0.0000011653 0.0000005759 0.0000003209 
0.0000011620 0.0000005743 0.0000003201 
0.0000011587 0.0000005728 0.0000003192 
0.0000011554 0.0000005713 0.0000003184 
0.0000011522 0.0000005698 0.0000003176 
0.0000011489 0.0000005683 0.0000003168 
0.0000011457 0.0000005669 0.0000003159 
0.0000011425 0.0000005654 0.0000003151 
0.0000011392 0.0000005639 0.0000003143 
0.0000011360 0.0000005624 0.0000003135 
0.0000011328 0.0000005610 0.0000003127 
0.0000011296 0.0000005595 0.0000003119 
0.0000011263 0.0000005580 0.0000003111 
0.0000011231 0.0000005566 0.0000003102 
0.0000011200 0.0000005552 0.0000003094 
0.0000011168 0.0000005537 0.0000003086 
0.0000011136 0.0000005523 0.0000003078 
0.0000011104 0.0000005508 0.0000003070 
0.0000011072 0.0000005494 0.0000003062 
0.0000011041 0.0000005480 0.0000003053 
0.0000011009 0.0000005466 0.0000003045 
0.0000010977 0.0000005451 0.0000003037 
0.0000010946 0.0000005437 0.0000003029 
0.0000010914 0.0000005423 0.0000003020 
0.0000010883 0.0000005409 0.0000003012 
0.0000010851 0.0000005395 0.0000003004 
0.0000010819 0.0000005380 0.0000002995 
0.0000010787 0.0000005366 0.0000002987 
0.0000010755 0.0000005352 0.0000002978 
0.0000010723 0.0000005338 0.0000002970 
0.0000010692 0.0000005324 0.0000002962 
0.0000010660 0.0000005310 0.0000002954 
0.0000010629 0.0000005297 0.0000002945 
0.0000010598 0.0000005283 0.0000002937 
0.0000010567 0.0000005269 0.0000002929 
0.0000010535 0.0000005255 0.0000002921 
0.0000010504 0.0000005242 0.0000002913 
0.0000010473 0.0000005228 0.0000002905 
0.0000010442 0.0000005215 0.0000002898 
0.0000010411 0.0000005201 0.0000002890 
0.0000010381 0.0000005188 0.0000002882 
0.0000010350 0.0000005174 0.0000002874 
0.0000010320 0.0000005161 0.0000002867 
0.0000010290 0.0000005148 0.0000002859 
0.0000010260 0.0000005135 0.0000002852 
0.0000010230 0.0000005122 0.0000002845 
0.0000010201 0.0000005108 0.0000002837 
0.0000010171 0.0000005095 0.0000002830 
0.0000010141 0.0000005082 0.0000002823 
0.0000010111 0.0000005069 0.0000002816 
0.0000010081 0.0000005056 0.0000002809 
0.0000010051 0.0000005043 0.0000002803 
0.0000010021 0.0000005030 0.0000002796 
0.0000009992 0.0000005017 0.0000002789 
0.0000009962 0.0000005004 0.0000002783 
0.0000009932 0.0000004991 0.0000002776 
0.0000009903 0.0000004978 0.0000002770 
0.0000009873 0.0000004966 0.0000002763 
0.0000009844 0.0000004953 0.0000002757 
0.0000009814 0.0000004940 0.0000002751 
0.0000009785 0.0000004927 0.0000002745 
0.0000009755 0.0000004914 0.0000002739 
0.0000009726 0.0000004902 0.0000002733 
0.0000009696 0.0000004889 0.0000002727 
0.0000009667 0.0000004876 0.0000002721 
0.0000009637 0.0000004864 0.0000002715 
0.0000009608 0.0000004851 0.0000002709 
0.0000009578 0.0000004838 0.0000002703 
0.0000009548 0.0000004826 0.0000002697 
0.0000009519 0.0000004813 0.0000002691 
0.0000009489 0.0000004801 0.0000002686 
0.0000009459 0.0000004788 0.0000002680 
0.0000009429 0.0000004775 0.0000002674 
0.0000009399 0.0000004763 0.0000002668 
0.0000009369 0.0000004750 0.0000002663 
0.0000009339 0.0000004738 0.0000002657 
0.0000009309 0.0000004725 0.0000002652 
0.0000009279 0.0000004713 0.0000002646 
0.0000009249 0.0000004700 0.0000002640 
0.0000009218 0.0000004688 0.0000002635 
0.0000009188 0.0000004675 0.0000002629 
0.0000009157 0.0000004663 0.0000002624 
0.0000009127 0.0000004650 0.0000002618 
0.0000009096 0.0000004638 0.0000002612 
0.0000009065 0.0000004625 0.0000002607 
0.0000009035 0.0000004613 0.0000002601 
0.0000009004 0.0000004600 0.0000002596 
0.0000008973 0.0000004588 0.0000002590 
0.0000008942 0.0000004575 0.0000002585 
0.0000008911 0.0000004563 0.0000002579 
0.0000008879 0.0000004550 0.0000002574 
0.0000008848 0.0000004538 0.0000002568 
0.0000008816 0.0000004525 0.0000002562 
0.0000008785 0.0000004513 0.0000002557 
0.0000008753 0.0000004500 0.0000002551 
0.0000008722 0.0000004488 0.0000002546 
0.0000008690 0.0000004475 0.0000002540 
0.0000008659 0.0000004463 0.0000002534 
0.0000008627 0.0000004450 0.0000002529 
0.0000008596 0.0000004438 0.0000002523 
0.0000008564 0.0000004425 0.0000002517 
0.0000008533 0.0000004413 0.0000002512 
0.0000008501 0.0000004400 0.0000002506 
0.0000008469 0.0000004388 0.0000002500 
0.0000008438 0.0000004375 0.0000002495 
0.0000008406 0.0000004363 0.0000002489 
0.0000008375 0.0000004350 0.0000002483 
0.0000008343 0.0000004338 0.0000002478 
0.0000008311 0.0000004325 0.0000002472 
0.0000008280 0.0000004313 0.0000002466 
0.0000008248 0.0000004301 0.0000002461 
0.0000008216 0.0000004288 0.0000002455 
0.0000008185 0.0000004276 0.0000002449 
0.0000008153 0.0000004263 0.0000002444 
0.0000008122 0.0000004251 0.0000002438 
0.0000008091 0.0000004239 0.0000002433 
0.0000008059 0.0000004227 0.0000002427 
0.0000008028 0.0000004214 0.0000002422 
0.0000007997 0.0000004202 0.0000002416 
0.0000007966 0.0000004190 0.0000002411 
0.0000007936 0.0000004178 0.0000002405 
0.0000007905 0.0000004166 0.0000002400 
0.0000007875 0.0000004154 0.0000002394 
0.0000007844 0.0000004143 0.0000002389 
0.0000007814 0.0000004131 0.0000002384 
0.0000007784 0.0000004119 0.0000002379 
0.0000007754 0.0000004108 0.0000002374 
0.0000007724 0.0000004096 0.0000002369 
0.0000007695 0.0000004085 0.0000002364 
0.0000007665 0.0000004074 0.0000002359 
0.0000007636 0.0000004062 0.0000002354 
0.0000007606 0.0000004051 0.0000002350 
0.0000007577 0.0000004040 0.0000002345 
0.0000007548 0.0000004029 0.0000002340 
0.0000007520 0.0000004018 0.0000002336 
0.0000007492 0.0000004007 0.0000002331 
0.0000007464 0.0000003995 0.0000002327 
0.0000007436 0.0000003984 0.0000002322 
0.0000007408 0.0000003973 0.0000002318 
0.0000007381 0.0000003963 0.0000002314 
0.0000007354 0.0000003952 0.0000002309 
0.0000007327 0.0000003941 0.0000002305 
0.0000007300 0.0000003931 0.0000002301 
0.0000007273 0.0000003920 0.0000002296 
0.0000007247 0.0000003910 0.0000002292 
0.0000007220 0.0000003899 0.0000002288 
0.0000007194 0.0000003889 0.0000002284 
0.0000007168 0.0000003879 0.0000002280 
0.0000007142 0.0000003869 0.0000002276 
0.0000007117 0.0000003859 0.0000002272 
0.0000007091 0.0000003849 0.0000002268 
0.0000007066 0.0000003839 0.0000002264 
0.0000007041 0.0000003829 0.0000002260 
0.0000007016 0.0000003820 0.0000002256 
0.0000006991 0.0000003810 0.0000002252 
0.0000006966 0.0000003801 0.0000002249 
0.0000006942 0.0000003791 0.0000002245 
0.0000006918 0.0000003782 0.0000002241 
0.0000006894 0.0000003773 0.0000002238 
0.0000006871 0.0000003764 0.0000002234 
0.0000006849 0.0000003756 0.0000002231 
0.0000006827 0.0000003747 0.0000002228 
0.0000006805 0.0000003738 0.0000002224 
0.0000006783 0.0000003730 0.0000002221 
0.0000006761 0.0000003721 0.0000002218 
0.0000006740 0.0000003713 0.0000002215 
0.0000006718 0.0000003705 0.0000002212 
0.0000006697 0.0000003696 0.0000002209 
0.0000006676 0.0000003688 0.0000002206 
0.0000006654 0.0000003680 0.0000002203 
0.0000006633 0.0000003672 0.0000002200 
0.0000006612 0.0000003663 0.0000002197 
0.0000006590 0.0000003655 0.0000002194 
0.0000006569 0.0000003647 0.0000002191 
0.0000006548 0.0000003639 0.0000002188 
0.0000006526 0.0000003631 0.0000002185 
0.0000006505 0.0000003622 0.0000002182 
0.0000006484 0.0000003614 0.0000002179 
0.0000006462 0.0000003606 0.0000002176 
0.0000006441 0.0000003598 0.0000002173 
0.0000006420 0.0000003590 0.0000002170 
0.0000006398 0.0000003581 0.0000002167 
0.0000006377 0.0000003573 0.0000002164 
0.0000006355 0.0000003565 0.0000002161 
0.0000006333 0.0000003557 0.0000002158 
0.0000006312 0.0000003548 0.0000002156 
0.0000006290 0.0000003540 0.0000002153 
0.0000006268 0.0000003532 0.0000002150 
0.0000006247 0.0000003523 0.0000002147 
0.0000006225 0.0000003515 0.0000002144 
0.0000006203 0.0000003506 0.0000002141 
0.0000006181 0.0000003498 0.0000002138 
0.0000006159 0.0000003489 0.0000002135 
0.0000006137 0.0000003481 0.0000002132 
0.0000006115 0.0000003472 0.0000002129 
0.0000006093 0.0000003464 0.0000002126 
0.0000006071 0.0000003455 0.0000002124 
0.0000006050 0.0000003446 0.0000002121 
0.0000006028 0.0000003438 0.0000002118 
0.0000006007 0.0000003429 0.0000002115 
0.0000005985 0.0000003421 0.0000002112 
0.0000005964 0.0000003412 0.0000002109 
0.0000005943 0.0000003404 0.0000002106 
0.0000005922 0.0000003395 0.0000002103 
0.0000005901 0.0000003387 0.0000002100 
0.0000005880 0.0000003379 0.0000002097 
0.0000005859 0.0000003370 0.0000002094 
0.0000005838 0.0000003362 0.0000002091 
0.0000005818 0.0000003353 0.0000002088 
0.0000005797 0.0000003345 0.0000002084 
0.0000005777 0.0000003337 0.0000002081 
0.0000005757 0.0000003328 0.0000002078 
0.0000005738 0.0000003320 0.0000002075 
0.0000005719 0.0000003312 0.0000002072 
0.0000005701 0.0000003304 0.0000002069 
0.0000005683 0.0000003296 0.0000002065 
0.0000005666 0.0000003289 0.0000002062 
0.0000005650 0.0000003281 0.0000002059 
0.0000005634 0.0000003274 0.0000002056 
0.0000005619 0.0000003266 0.0000002054 
0.0000005604 0.0000003259 0.0000002051 
0.0000005590 0.0000003252 0.0000002048 
0.0000005577 0.0000003245 0.0000002045 
0.0000005564 0.0000003238 0.0000002042 
0.0000005551 0.0000003231 0.0000002038 
0.0000005539 0.0000003224 0.0000002035 
0.0000005527 0.0000003217 0.0000002032 
0.0000005516 0.0000003211 0.0000002029 
0.0000005506 0.0000003204 0.0000002026 
0.0000005496 0.0000003198 0.0000002022 
0.0000005486 0.0000003191 0.0000002019 
0.0000005478 0.0000003185 0.0000002015 
0.0000005469 0.0000003179 0.0000002012 
0.0000005461 0.0000003173 0.0000002008 
0.0000005454 0.0000003167 0.0000002004 
0.0000005447 0.0000003162 0.0000002001 
0.0000005441 0.0000003156 0.0000001997 
0.0000005434 0.0000003150 0.0000001993 
0.0000005427 0.0000003143 0.0000001989 
0.0000005419 0.0000003137 0.0000001986 
0.0000005411 0.0000003130 0.0000001982 
0.0000005402 0.0000003124 0.0000001978 
0.0000005393 0.0000003117 0.0000001974 
0.0000005384 0.0000003110 0.0000001970 
0.0000005374 0.0000003103 0.0000001966 
0.0000005364 0.0000003097 0.0000001962 
0.0000005354 0.0000003090 0.0000001958 
0.0000005344 0.0000003083 0.0000001953 
0.0000005334 0.0000003077 0.0000001949 
0.0000005324 0.0000003070 0.0000001944 
0.0000005314 0.0000003064 0.0000001939 
0.0000005305 0.0000003057 0.0000001934 
0.0000005295 0.0000003051 0.0000001929 
0.0000005285 0.0000003045 0.0000001925 
0.0000005276 0.0000003039 0.0000001920 
0.0000005267 0.0000003033 0.0000001915 
0.0000005259 0.0000003027 0.0000001911 
0.0000005250 0.0000003022 0.0000001907 
0.0000005242 0.0000003016 0.0000001903 
0.0000005235 0.0000003011 0.0000001899 
0.0000005228 0.0000003007 0.0000001896 
0.0000005221 0.0000003002 0.0000001892 
0.0000005214 0.0000002997 0.0000001889 
0.0000005207 0.0000002993 0.0000001886 
0.0000005201 0.0000002988 0.0000001883 
0.0000005194 0.0000002984 0.0000001880 
0.0000005187 0.0000002980 0.0000001877 
0.0000005180 0.0000002975 0.0000001874 
0.0000005173 0.0000002971 0.0000001871 
0.0000005166 0.0000002967 0.0000001868 
0.0000005160 0.0000002963 0.0000001865 
0.0000005153 0.0000002959 0.0000001863 
0.0000005147 0.0000002955 0.0000001860 
0.0000005141 0.0000002951 0.0000001858 
0.0000005135 0.0000002948 0.0000001855 
0.0000005129 0.0000002944 0.0000001853 
0.0000005123 0.0000002940 0.0000001851 
0.0000005117 0.0000002937 0.0000001849 
0.0000005111 0.0000002933 0.0000001847 
0.0000005105 0.0000002930 0.0000001845 
0.0000005100 0.0000002926 0.0000001843 
0.0000005094 0.0000002923 0.0000001841 
0.0000005089 0.0000002920 0.0000001840 
0.0000005083 0.0000002916 0.0000001838 
0.0000005078 0.0000002913 0.0000001836 
0.0000005073 0.0000002910 0.0000001835 
0.0000005067 0.0000002907 0.0000001833 
0.0000005062 0.0000002904 0.0000001832 
0.0000005057 0.0000002900 0.0000001831 
0.0000005052 0.0000002897 0.0000001829 
0.0000005047 0.0000002894 0.0000001828 
0.0000005041 0.0000002891 0.0000001827 
0.0000005036 0.0000002888 0.0000001826 
0.0000005031 0.0000002885 0.0000001825 
0.0000005026 0.0000002882 0.0000001824 
0.0000005021 0.0000002879 0.0000001823 
0.0000005016 0.0000002877 0.0000001822 
0.0000005011 0.0000002874 0.0000001821 
0.0000005005 0.0000002870 0.0000001820 
0.0000005000 0.0000002867 0.0000001819 
0.0000004995 0.0000002864 0.0000001818 
0.0000004989 0.0000002861 0.0000001817 
0.0000004983 0.0000002858 0.0000001815 
0.0000004978 0.0000002855 0.0000001814 
0.0000004972 0.0000002852 0.0000001813 
0.0000004966 0.0000002848 0.0000001812 
0.0000004961 0.0000002845 0.0000001811 
0.0000004955 0.0000002842 0.0000001810 
0.0000004949 0.0000002839 0.0000001809 
0.0000004943 0.0000002835 0.0000001808 
0.0000004936 0.0000002832 0.0000001807 
0.0000004930 0.0000002828 0.0000001806 
0.0000004924 0.0000002825 0.0000001804 
0.0000004917 0.0000002821 0.0000001803 
0.0000004911 0.0000002818 0.0000001802 
0.0000004904 0.0000002814 0.0000001800 
0.0000004897 0.0000002810 0.0000001799 
0.0000004890 0.0000002806 0.0000001797 
0.0000004883 0.0000002803 0.0000001796 
0.0000004876 0.0000002799 0.0000001795 
0.0000004868 0.0000002795 0.0000001793 
0.0000004861 0.0000002791 0.0000001791 
0.0000004853 0.0000002787 0.0000001790 
0.0000004845 0.0000002782 0.0000001788 
0.0000004837 0.0000002778 0.0000001787 
0.0000004829 0.0000002774 0.0000001785 
0.0000004821 0.0000002770 0.0000001783 
0.0000004813 0.0000002765 0.0000001781 
0.0000004804 0.0000002761 0.0000001780 
0.0000004795 0.0000002756 0.0000001778 
0.0000004787 0.0000002752 0.0000001776 
0.0000004778 0.0000002747 0.0000001774 
0.0000004769 0.0000002742 0.0000001772 
0.0000004760 0.0000002737 0.0000001770 
0.0000004750 0.0000002733 0.0000001768 
0.0000004741 0.0000002728 0.0000001766 
0.0000004732 0.0000002723 0.0000001764 
0.0000004722 0.0000002718 0.0000001761 
0.0000004712 0.0000002713 0.0000001759 
0.0000004703 0.0000002708 0.0000001757 
0.0000004693 0.0000002703 0.0000001755 
0.0000004683 0.0000002697 0.0000001752 
0.0000004673 0.0000002692 0.0000001750 
0.0000004663 0.0000002687 0.0000001748 
0.0000004653 0.0000002681 0.0000001745 
0.0000004643 0.0000002676 0.0000001743 
0.0000004633 0.0000002671 0.0000001740 
0.0000004623 0.0000002665 0.0000001737 
0.0000004612 0.0000002659 0.0000001735 
0.0000004602 0.0000002654 0.0000001732 
0.0000004591 0.0000002648 0.0000001729 
0.0000004581 0.0000002642 0.0000001726 
0.0000004570 0.0000002637 0.0000001723 
0.0000004559 0.0000002631 0.0000001720 
0.0000004548 0.0000002625 0.0000001717 
0.0000004537 0.0000002619 0.0000001714 
0.0000004526 0.0000002613 0.0000001711 
0.0000004515 0.0000002607 0.0000001708 
0.0000004504 0.0000002601 0.0000001705 
0.0000004493 0.0000002595 0.0000001702 
0.0000004482 0.0000002589 0.0000001698 
0.0000004471 0.0000002583 0.0000001695 
0.0000004459 0.0000002576 0.0000001692 
0.0000004448 0.0000002570 0.0000001688 
0.0000004437 0.0000002564 0.0000001685 
0.0000004425 0.0000002558 0.0000001681 
0.0000004414 0.0000002551 0.0000001678 
0.0000004402 0.0000002545 0.0000001674 
0.0000004391 0.0000002539 0.0000001671 
0.0000004379 0.0000002532 0.0000001667 
0.0000004368 0.0000002526 0.0000001663 
0.0000004356 0.0000002519 0.0000001660 
0.0000004344 0.0000002513 0.0000001656 
0.0000004333 0.0000002506 0.0000001652 
0.0000004321 0.0000002499 0.0000001648 
0.0000004309 0.0000002493 0.0000001644 
0.0000004297 0.0000002486 0.0000001640 
0.0000004286 0.0000002479 0.0000001636 
0.0000004274 0.0000002473 0.0000001632 
0.0000004262 0.0000002466 0.0000001628 
0.0000004250 0.0000002459 0.0000001624 
0.0000004238 0.0000002452 0.0000001620 
0.0000004227 0.0000002446 0.0000001615 
0.0000004215 0.0000002439 0.0000001611 
0.0000004203 0.0000002432 0.0000001607 
0.0000004191 0.0000002425 0.0000001603 
0.0000004179 0.0000002418 0.0000001598 
0.0000004167 0.0000002412 0.0000001594 
0.0000004155 0.0000002405 0.0000001590 
0.0000004143 0.0000002398 0.0000001585 
0.0000004131 0.0000002391 0.0000001581 
0.0000004118 0.0000002384 0.0000001576 
0.0000004106 0.0000002377 0.0000001572 
0.0000004094 0.0000002370 0.0000001567 
0.0000004082 0.0000002363 0.0000001563 
0.0000004070 0.0000002356 0.0000001558 
0.0000004058 0.0000002349 0.0000001554 
0.0000004045 0.0000002342 0.0000001549 
0.0000004033 0.0000002335 0.0000001545 
0.0000004021 0.0000002328 0.0000001540 
0.0000004009 0.0000002321 0.0000001535 
0.0000003997 0.0000002314 0.0000001531 
0.0000003985 0.0000002307 0.0000001526 
0.0000003973 0.0000002299 0.0000001521 
0.0000003961 0.0000002292 0.0000001516 
0.0000003948 0.0000002285 0.0000001512 
0.0000003936 0.0000002278 0.0000001507 
0.0000003924 0.0000002271 0.0000001502 
0.0000003911 0.0000002264 0.0000001497 
0.0000003899 0.0000002256 0.0000001492 
0.0000003886 0.0000002249 0.0000001487 
0.0000003874 0.0000002242 0.0000001482 
0.0000003862 0.0000002235 0.0000001477 
0.0000003849 0.0000002228 0.0000001473 
0.0000003837 0.0000002221 0.0000001468 
0.0000003825 0.0000002213 0.0000001463 
0.0000003813 0.0000002206 0.0000001458 
0.0000003800 0.0000002199 0.0000001453 
0.0000003788 0.0000002192 0.0000001448 
0.0000003776 0.0000002185 0.0000001443 
0.0000003764 0.0000002178 0.0000001438 
0.0000003752 0.0000002171 0.0000001433 
0.0000003740 0.0000002165 0.0000001428 
0.0000003729 0.0000002158 0.0000001424 
0.0000003718 0.0000002151 0.0000001419 
0.0000003706 0.0000002145 0.0000001414 
0.0000003695 0.0000002138 0.0000001409 
0.0000003684 0.0000002132 0.0000001405 
0.0000003672 0.0000002125 0.0000001400 
0.0000003661 0.0000002119 0.0000001395 
0.0000003650 0.0000002112 0.0000001390 
0.0000003638 0.0000002106 0.0000001385 
0.0000003627 0.0000002099 0.0000001380 
0.0000003615 0.0000002092 0.0000001375 
0.0000003603 0.0000002086 0.0000001370 
0.0000003592 0.0000002079 0.0000001366 
0.0000003580 0.0000002072 0.0000001361 
0.0000003568 0.0000002065 0.0000001356 
0.0000003556 0.0000002058 0.0000001351 
0.0000003545 0.0000002052 0.0000001346 
0.0000003533 0.0000002045 0.0000001341 
0.0000003521 0.0000002038 0.0000001336 
0.0000003509 0.0000002031 0.0000001331 
0.0000003497 0.0000002024 0.0000001325 
0.0000003485 0.0000002017 0.0000001320 
0.0000003473 0.0000002011 0.0000001315 
0.0000003461 0.0000002004 0.0000001310 
0.0000003450 0.0000001997 0.0000001305 
0.0000003438 0.0000001990 0.0000001301 
0.0000003426 0.0000001983 0.0000001296 
0.0000003414 0.0000001976 0.0000001291 
0.0000003403 0.0000001970 0.0000001286 
0.0000003391 0.0000001963 0.0000001281 
0.0000003379 0.0000001956 0.0000001276 
0.0000003368 0.0000001949 0.0000001271 
0.0000003356 0.0000001943 0.0000001266 
0.0000003345 0.0000001936 0.0000001262 
0.0000003333 0.0000001929 0.0000001257 
0.0000003322 0.0000001923 0.0000001252 
0.0000003311 0.0000001916 0.0000001248 
0.0000003300 0.0000001910 0.0000001243 
0.0000003290 0.0000001904 0.0000001239 
0.0000003279 0.0000001897 0.0000001235 
0.0000003269 0.0000001891 0.0000001230 
0.0000003259 0.0000001885 0.0000001226 
0.0000003248 0.0000001879 0.0000001222 
0.0000003239 0.0000001873 0.0000001218 
0.0000003229 0.0000001867 0.0000001214 
0.0000003219 0.0000001861 0.0000001210 
0.0000003209 0.0000001855 0.0000001206 
0.0000003200 0.0000001849 0.0000001203 
0.0000003190 0.0000001844 0.0000001199 
0.0000003181 0.0000001838 0.0000001195 
0.0000003172 0.0000001832 0.0000001192 
0.0000003163 0.0000001827 0.0000001188 
0.0000003154 0.0000001821 0.0000001184 
0.0000003145 0.0000001815 0.0000001181 
0.0000003136 0.0000001810 0.0000001177 
0.0000003127 0.0000001804 0.0000001174 
0.0000003118 0.0000001799 0.0000001170 
0.0000003109 0.0000001793 0.0000001167 
0.0000003100 0.0000001788 0.0000001164 
0.0000003092 0.0000001782 0.0000001160 
0.0000003083 0.0000001777 0.0000001157 
0.0000003074 0.0000001771 0.0000001154 
0.0000003066 0.0000001766 0.0000001150 
0.0000003057 0.0000001760 0.0000001147 
0.0000003049 0.0000001755 0.0000001144 
0.0000003040 0.0000001750 0.0000001141 
0.0000003032 0.0000001744 0.0000001137 
0.0000003024 0.0000001739 0.0000001134 
0.0000003015 0.0000001733 0.0000001131 
0.0000003007 0.0000001728 0.0000001128 
0.0000002999 0.0000001723 0.0000001124 
0.0000002990 0.0000001717 0.0000001121 
0.0000002982 0.0000001712 0.0000001118 
0.0000002974 0.0000001707 0.0000001115 
0.0000002965 0.0000001701 0.0000001112 
0.0000002957 0.0000001696 0.0000001108 
0.0000002949 0.0000001690 0.0000001105 
0.0000002941 0.0000001685 0.0000001102 
0.0000002933 0.0000001680 0.0000001099 
0.0000002924 0.0000001674 0.0000001096 
0.0000002916 0.0000001669 0.0000001092 
0.0000002908 0.0000001663 0.0000001089 
0.0000002899 0.0000001658 0.0000001086 
0.0000002891 0.0000001652 0.0000001083 
0.0000002883 0.0000001647 0.0000001079 
0.0000002874 0.0000001641 0.0000001076 
0.0000002866 0.0000001636 0.0000001073 
0.0000002858 0.0000001630 0.0000001070 
0.0000002849 0.0000001625 0.0000001066 
0.0000002841 0.0000001620 0.0000001063 
0.0000002833 0.0000001614 0.0000001060 
0.0000002825 0.0000001609 0.0000001057 
0.0000002817 0.0000001603 0.0000001054 
0.0000002809 0.0000001598 0.0000001051 
0.0000002801 0.0000001593 0.0000001048 
0.0000002793 0.0000001587 0.0000001045 
0.0000002785 0.0000001582 0.0000001042 
0.0000002777 0.0000001577 0.0000001039 
0.0000002769 0.0000001571 0.0000001036 
0.0000002761 0.0000001566 0.0000001032 
0.0000002753 0.0000001560 0.0000001029 
0.0000002745 0.0000001555 0.0000001026 
0.0000002737 0.0000001549 0.0000001023 
0.0000002729 0.0000001544 0.0000001020 
0.0000002720 0.0000001538 0.0000001017 
0.0000002712 0.0000001533 0.0000001014 
0.0000002704 0.0000001527 0.0000001011 
0.0000002695 0.0000001521 0.0000001007 
0.0000002687 0.0000001516 0.0000001004 
0.0000002678 0.0000001510 0.0000001001 
0.0000002670 0.0000001504 0.0000000998 
0.0000002661 0.0000001498 0.0000000994 
0.0000002652 0.0000001492 0.0000000991 
0.0000002643 0.0000001487 0.0000000988 
0.0000002634 0.0000001481 0.0000000984 
0.0000002625 0.0000001475 0.0000000981 
0.0000002616 0.0000001469 0.0000000978 
0.0000002608 0.0000001463 0.0000000974 
0.0000002599 0.0000001457 0.0000000971 
0.0000002590 0.0000001451 0.0000000968 
0.0000002581 0.0000001445 0.0000000964 
0.0000002572 0.0000001440 0.0000000961 
0.0000002563 0.0000001434 0.0000000958 
0.0000002554 0.0000001428 0.0000000955 
0.0000002545 0.0000001422 0.0000000951 
0.0000002536 0.0000001416 0.0000000948 
0.0000002527 0.0000001410 0.0000000945 
0.0000002517 0.0000001404 0.0000000941 
0.0000002508 0.0000001398 0.0000000938 
0.0000002499 0.0000001392 0.0000000934 
0.0000002489 0.0000001386 0.0000000931 
0.0000002479 0.0000001380 0.0000000927 
0.0000002470 0.0000001373 0.0000000923 
0.0000002460 0.0000001367 0.0000000920 
0.0000002450 0.0000001361 0.0000000916 
0.0000002440 0.0000001355 0.0000000912 
0.0000002430 0.0000001348 0.0000000909 
0.0000002420 0.0000001342 0.0000000905 
0.0000002410 0.0000001336 0.0000000901 
0.0000002400 0.0000001329 0.0000000897 
0.0000002390 0.0000001323 0.0000000893 
0.0000002380 0.0000001317 0.0000000890 
0.0000002370 0.0000001310 0.0000000886 
0.0000002360 0.0000001304 0.0000000882 
0.0000002350 0.0000001298 0.0000000878 
0.0000002340 0.0000001291 0.0000000874 
0.0000002330 0.0000001285 0.0000000870 
0.0000002320 0.0000001279 0.0000000866 
0.0000002310 0.0000001272 0.0000000863 
0.0000002300 0.0000001266 0.0000000859 
0.0000002290 0.0000001260 0.0000000855 
0.0000002280 0.0000001253 0.0000000851 
0.0000002270 0.0000001247 0.0000000847 
0.0000002260 0.0000001241 0.0000000843 
0.0000002249 0.0000001234 0.0000000839 
0.0000002239 0.0000001228 0.0000000835 
0.0000002229 0.0000001222 0.0000000831 
0.0000002218 0.0000001215 0.0000000827 
0.0000002208 0.0000001209 0.0000000823 
0.0000002198 0.0000001202 0.0000000818 
0.0000002187 0.0000001196 0.0000000814 
0.0000002176 0.0000001189 0.0000000810 
0.0000002166 0.0000001183 0.0000000806 
0.0000002155 0.0000001176 0.0000000802 
0.0000002145 0.0000001170 0.0000000798 
0.0000002134 0.0000001164 0.0000000793 
0.0000002124 0.0000001157 0.0000000789 
0.0000002113 0.0000001151 0.0000000785 
0.0000002103 0.0000001144 0.0000000781 
0.0000002092 0.0000001138 0.0000000777 
0.0000002082 0.0000001132 0.0000000772 
0.0000002071 0.0000001125 0.0000000768 
0.0000002061 0.0000001119 0.0000000764 
0.0000002050 0.0000001112 0.0000000760 
0.0000002040 0.0000001106 0.0000000755 
0.0000002029 0.0000001100 0.0000000751 
