748.7691 1486.8726 241.0367 2.7744 
748.4063 1486.8605 241.0567 2.7720 
747.9104 1487.0864 241.0242 2.7688 
747.4048 1487.5666 240.9486 2.7652 
746.9045 1488.3838 240.8253 2.7611 
746.4663 1489.5188 240.6369 2.7570 
746.1595 1491.0413 240.4046 2.7527 
745.7039 1493.2049 240.1378 2.7484 
745.1587 1495.8790 239.8954 2.7438 
744.6214 1498.9916 239.6242 2.7392 
744.1862 1502.3888 239.3089 2.7346 
743.9248 1506.0260 238.9293 2.7301 
744.1139 1509.8439 238.5004 2.7254 
744.7108 1513.8980 238.0354 2.7204 
745.5882 1518.2268 237.5483 2.7155 
746.7675 1522.9047 237.0833 2.7107 
748.2743 1528.0101 236.6149 2.7059 
749.7680 1533.6735 236.1344 2.7013 
751.3961 1539.7525 235.6086 2.6968 
753.0052 1546.2744 235.1080 2.6920 
754.5597 1553.4228 234.6183 2.6868 
756.2403 1560.9616 234.1306 2.6809 
758.2060 1568.7378 233.6456 2.6743 
760.2837 1576.8704 233.1645 2.6672 
762.3803 1585.1323 232.6271 2.6600 
764.5517 1593.6049 232.0690 2.6527 
766.6495 1602.3134 231.4795 2.6455 
768.9613 1611.0489 230.8308 2.6384 
771.2788 1619.8030 230.2298 2.6311 
773.7858 1628.6737 229.6249 2.6239 
776.5887 1637.6628 228.9830 2.6167 
779.4101 1646.9257 228.3221 2.6097 
782.3448 1656.1123 227.6509 2.6025 
785.5888 1665.0937 227.4139 2.5955 
788.6470 1674.2788 227.1506 2.5889 
791.4824 1683.5154 226.8241 2.5826 
794.3174 1692.7195 226.4500 2.5765 
797.4191 1701.7844 226.0247 2.5709 
800.8869 1710.5855 225.5259 2.5651 
804.3896 1719.2722 224.9523 2.5594 
807.9316 1727.8524 224.2998 2.5539 
811.7253 1735.8695 223.6328 2.5493 
816.0409 1743.3769 222.9284 2.5452 
820.5325 1750.8232 222.2185 2.5421 
825.3956 1757.9591 221.4491 2.5389 
830.0116 1764.7239 220.6668 2.5356 
834.6462 1771.2841 219.8556 2.5323 
839.6402 1777.3457 219.0087 2.5290 
844.9497 1783.0809 218.1530 2.5259 
850.5936 1788.1479 217.2877 2.5228 
855.8533 1793.2743 216.4015 2.5194 
861.1246 1798.2548 215.5302 2.5160 
866.5788 1803.0827 214.6165 2.5121 
872.0114 1807.6857 213.6635 2.5085 
877.7875 1811.9169 212.7044 2.5048 
883.7245 1816.1889 211.7651 2.5006 
889.3327 1820.2935 210.8313 2.4965 
894.7622 1824.5147 209.8903 2.4925 
900.2651 1828.6076 208.9136 2.4883 
905.6506 1832.6751 207.9910 2.4842 
910.8013 1836.9219 207.3491 2.4801 
915.9881 1840.7890 206.7394 2.4758 
921.2425 1844.3938 206.1201 2.4720 
926.5824 1848.1480 205.5474 2.4686 
931.4302 1851.9043 205.0055 2.4654 
936.3728 1855.5445 204.6062 2.4619 
941.3337 1859.4029 204.2500 2.4586 
946.4379 1863.3819 203.9463 2.4559 
951.7849 1867.2176 203.7041 2.4534 
956.9820 1871.0869 203.4737 2.4508 
962.2689 1874.8861 203.2198 2.4483 
967.3686 1878.7091 202.9737 2.4458 
972.1773 1882.2963 202.7580 2.4432 
976.7428 1885.5618 202.6039 2.4408 
981.1596 1888.5892 202.4946 2.4390 
985.1797 1891.7172 202.4322 2.4372 
988.9508 1894.9251 202.4315 2.4353 
992.4786 1898.1489 202.4821 2.4330 
995.7592 1901.3058 202.5805 2.4301 
998.8756 1904.4014 202.6954 2.4267 
1001.8718 1907.5498 202.8620 2.4233 
1004.7889 1910.6056 203.0481 2.4202 
1007.5548 1913.6541 203.2183 2.4176 
1009.9541 1916.9059 203.3878 2.4154 
1012.3056 1920.1592 203.5559 2.4138 
1014.7058 1923.3620 203.7275 2.4127 
1017.1898 1926.4037 203.9428 2.4118 
1019.9480 1929.1746 204.1844 2.4110 
1023.1757 1931.6124 204.4442 2.4103 
1026.7065 1933.8451 204.6906 2.4097 
1030.3476 1936.0450 204.9072 2.4093 
1033.8949 1938.3980 205.0897 2.4090 
1037.3413 1940.9078 205.2292 2.4088 
1040.7998 1943.4738 205.3531 2.4087 
1044.4018 1945.8947 205.4912 2.4086 
1047.8509 1948.3806 205.6484 2.4080 
1051.0186 1950.9392 205.8238 2.4069 
1053.9138 1953.4999 205.9848 2.4050 
1056.6345 1956.0053 206.1252 2.4027 
1059.2424 1958.3602 206.2659 2.4001 
1061.6473 1960.6510 206.4156 2.3973 
1063.9519 1962.7603 206.5667 2.3943 
1066.1841 1964.6974 206.6876 2.3910 
1068.3055 1966.5066 206.7432 2.3875 
1070.3423 1968.3760 206.3779 2.3838 
1071.8581 1970.8120 206.0722 2.3799 
1073.0144 1973.5260 205.8063 2.3762 
1074.0939 1976.0992 205.5729 2.3720 
1075.3495 1978.2880 205.3622 2.3677 
1076.5972 1980.3703 205.1424 2.3634 
1077.4427 1982.5962 204.8937 2.3591 
1077.9473 1984.9901 204.6438 2.3547 
1078.5038 1987.3096 204.4170 2.3502 
1079.0627 1989.6587 204.1841 2.3453 
1079.4417 1991.9076 203.9068 2.3402 
1079.9485 1993.6869 203.5692 2.3353 
1080.7490 1995.0865 203.0115 2.3304 
1081.2757 1996.8083 202.5034 2.3253 
1081.4361 1998.8770 202.0233 2.3203 
1081.6042 2000.6179 201.5612 2.3155 
1081.8712 2001.9327 200.9518 2.3108 
1082.0752 2003.0534 200.3109 2.3064 
1082.1348 2004.4627 199.8815 2.3017 
1082.5576 2005.7038 199.4727 2.2967 
1083.2742 2006.6806 199.0516 2.2917 
1083.5425 2007.9077 198.6584 2.2867 
1083.4607 2009.1552 198.3400 2.2821 
1083.3435 2010.0298 198.0145 2.2778 
1083.5057 2010.5044 197.6565 2.2736 
1083.7681 2011.1651 197.3063 2.2695 
1084.1170 2012.1080 197.0378 2.2652 
1084.6091 2013.1309 196.7902 2.2604 
1085.1371 2014.0250 196.5395 2.2554 
1085.6277 2014.7120 196.2697 2.2506 
1085.9304 2015.2149 196.0144 2.2466 
1086.1289 2015.7241 195.7431 2.2434 
1086.1046 2016.4839 195.4465 2.2404 
1086.0013 2017.3813 195.1604 2.2376 
1085.8293 2018.3486 194.9659 2.2344 
1085.6382 2019.2000 194.8382 2.2309 
1085.4714 2019.7986 194.7173 2.2274 
1085.2983 2020.0200 194.5724 2.2238 
1085.1129 2019.8657 194.4143 2.2203 
1084.9997 2019.4343 194.2921 2.2170 
1084.9309 2018.7590 194.2063 2.2140 
1084.7547 2017.9301 194.1500 2.2111 
1084.3534 2017.1431 194.1044 2.2084 
1083.6245 2016.6721 194.0498 2.2055 
1082.5849 2016.6053 193.9686 2.2023 
1081.3391 2016.8177 193.8450 2.1990 
1080.0647 2017.1550 193.6580 2.1959 
1078.9491 2017.5223 193.4252 2.1930 
1078.1338 2017.9672 193.1968 2.1905 
1077.5912 2018.5633 192.9981 2.1882 
1077.2450 2019.1890 192.8286 2.1858 
1077.0090 2019.8222 192.6692 2.1835 
1076.8740 2020.4349 192.5097 2.1813 
1076.7391 2020.9885 192.3348 2.1791 
1076.5453 2021.4436 192.1491 2.1772 
1076.2903 2021.7306 191.9671 2.1754 
1075.9689 2021.7744 191.8068 2.1742 
1075.5790 2021.5283 191.6828 2.1735 
1075.1119 2021.0196 191.5871 2.1735 
1074.5706 2020.2625 191.5120 2.1740 
1073.9671 2019.2417 191.4351 2.1749 
1073.2552 2017.9701 191.3350 2.1762 
1072.4690 2016.4394 191.1997 2.1775 
1071.6610 2014.7216 191.0220 2.1787 
1070.8764 2012.8619 190.8041 2.1796 
1070.1688 2010.8949 190.5487 2.1804 
1069.5748 2008.8795 190.2599 2.1809 
1068.9355 2007.1293 189.9697 2.1812 
1068.2055 2005.7230 189.6905 2.1814 
1067.3218 2004.6200 189.4136 2.1817 
1066.3235 2003.6626 189.1382 2.1822 
1065.2004 2002.8383 188.8918 2.1829 
1064.0935 2002.1417 188.7062 2.1841 
1062.8828 2001.5926 188.5741 2.1855 
1061.4503 2001.2619 188.4811 2.1869 
1059.8119 2001.1704 188.4170 2.1883 
1057.9166 2001.3572 188.3657 2.1895 
1055.8614 2001.8333 188.3287 2.1906 
1053.7797 2002.4880 188.2885 2.1918 
1051.6950 2003.2574 188.2313 2.1930 
1049.6982 2004.0729 188.1485 2.1944 
1047.8712 2004.8863 188.0407 2.1962 
1046.1895 2005.6553 187.9233 2.1982 
1044.5584 2006.2839 187.7893 2.2003 
1042.9124 2006.6954 187.6247 2.2024 
1041.0901 2006.8738 187.4234 2.2039 
1039.2330 2006.7867 187.3166 2.2048 
1037.3677 2006.5752 187.1678 2.2053 
1035.5499 2006.3005 186.9948 2.2056 
1033.8538 2005.9496 186.8190 2.2059 
1032.3207 2005.5172 186.6583 2.2064 
1030.8443 2005.0926 186.5162 2.2073 
1029.3116 2004.7729 186.3925 2.2084 
1027.4872 2004.6615 186.2845 2.2098 
1025.3138 2004.8642 186.1780 2.2114 
1022.7887 2005.3434 186.0648 2.2131 
1019.9940 2006.1010 185.9385 2.2148 
1017.1374 2007.0354 185.7946 2.2161 
1014.4034 2008.0384 185.6184 2.2171 
1011.8730 2009.1222 185.4299 2.2179 
1009.5580 2010.3857 185.2709 2.2187 
1007.3147 2011.8261 185.1284 2.2197 
1005.1460 2013.3686 184.9967 2.2207 
1002.9389 2014.8863 184.8744 2.2214 
1000.7623 2016.3341 184.7427 2.2213 
998.5630 2017.7107 184.5795 2.2208 
996.3390 2018.9729 184.3951 2.2202 
994.1374 2020.1622 184.1802 2.2201 
992.0190 2021.3205 183.9383 2.2207 
990.1301 2022.3426 183.6839 2.2218 
988.3106 2023.4170 183.4355 2.2229 
986.4030 2024.4462 183.2011 2.2238 
984.5010 2025.2432 182.9713 2.2247 
982.6346 2025.7930 182.7764 2.2256 
980.8053 2026.0231 182.6276 2.2267 
979.0925 2025.8457 182.5317 2.2278 
977.5102 2025.2450 182.4680 2.2288 
976.0978 2024.3049 182.4183 2.2298 
974.8571 2023.1009 182.3654 2.2307 
973.6708 2021.7676 182.3205 2.2312 
972.4555 2020.4469 182.2869 2.2311 
971.3045 2019.2170 182.2628 2.2304 
970.2152 2018.2395 182.2407 2.2291 
969.2234 2017.4626 182.2118 2.2273 
968.3995 2016.8084 182.1648 2.2250 
967.6559 2016.3337 182.1009 2.2220 
967.0435 2015.9715 182.0133 2.2184 
966.4999 2015.7386 181.8924 2.2142 
966.0687 2015.5610 181.7386 2.2095 
965.6902 2015.3934 181.5554 2.2046 
965.3589 2015.2517 181.3565 2.1997 
964.9754 2015.1293 181.1515 2.1949 
964.5874 2014.9785 180.9542 2.1903 
964.1670 2014.7997 180.7968 2.1860 
963.6253 2014.6405 180.7072 2.1820 
962.9453 2014.5662 180.6735 2.1783 
962.0960 2014.5638 180.6467 2.1746 
961.0870 2014.6628 180.6046 2.1711 
959.9481 2014.8673 180.5344 2.1677 
958.7618 2015.0350 180.4498 2.1647 
957.5799 2015.1214 180.3584 2.1617 
956.4712 2015.0779 180.2654 2.1588 
955.4493 2014.9419 180.1781 2.1559 
954.4997 2014.7635 180.0993 2.1530 
953.6949 2014.4829 180.0314 2.1501 
952.9825 2014.2281 179.9612 2.1472 
952.3800 2013.9910 179.8886 2.1440 
951.9103 2013.6702 179.8065 2.1405 
951.6960 2013.1625 179.7002 2.1367 
951.7261 2012.4734 179.5632 2.1327 
951.9869 2011.5967 179.3934 2.1286 
952.4684 2010.4514 179.1273 2.1241 
953.1820 2008.9740 178.8320 2.1196 
954.2022 2007.2540 178.5290 2.1153 
955.4249 2005.3830 178.2305 2.1110 
956.7934 2003.3758 177.9181 2.1076 
958.0898 2001.2993 177.5876 2.1050 
959.1341 1999.2272 177.2645 2.1029 
959.9128 1997.3602 176.9530 2.1011 
960.3681 1995.9272 176.6323 2.0995 
960.5493 1994.9563 176.3196 2.0977 
960.6705 1994.2546 176.0155 2.0958 
960.8371 1993.5915 175.8622 2.0942 
961.1658 1992.7925 175.7146 2.0930 
961.6304 1991.8838 175.5617 2.0922 
962.1530 1990.8976 175.4045 2.0917 
962.7275 1989.7762 175.2499 2.0914 
963.3539 1988.4556 175.0926 2.0913 
964.0172 1986.8875 174.9266 2.0914 
964.8054 1984.9853 174.7421 2.0916 
965.7383 1982.7924 174.5347 2.0919 
966.6852 1980.5730 174.3249 2.0919 
967.5047 1978.4693 174.1263 2.0913 
968.1572 1976.5644 173.9583 2.0905 
968.7011 1974.8232 173.8207 2.0897 
969.2261 1973.0803 173.6999 2.0888 
969.7252 1971.3155 173.5900 2.0879 
970.1793 1969.5971 173.4857 2.0871 
970.6018 1967.9765 173.3856 2.0863 
971.0280 1966.4554 173.2938 2.0853 
971.5119 1965.0251 173.2148 2.0840 
972.1005 1963.6514 173.1517 2.0827 
972.8077 1962.3107 173.1024 2.0814 
973.6801 1960.9476 173.0680 2.0802 
974.8030 1959.4812 173.0418 2.0791 
976.1869 1957.8698 173.0200 2.0782 
977.8798 1956.0676 173.0027 2.0773 
979.8869 1954.0497 172.9901 2.0764 
982.1705 1951.8547 172.9738 2.0754 
984.6291 1949.5187 172.9451 2.0744 
987.1914 1947.0607 172.8954 2.0732 
989.7856 1944.5020 172.8150 2.0720 
992.3373 1941.8596 172.7095 2.0706 
994.7662 1939.2008 172.5969 2.0689 
996.9932 1936.6133 172.4922 2.0670 
998.9768 1934.1620 172.4021 2.0651 
1000.6912 1931.8781 172.3228 2.0631 
1002.1076 1929.8136 172.2503 2.0613 
1003.1947 1927.9822 172.1816 2.0599 
1003.9127 1926.4588 172.1133 2.0588 
1004.2391 1925.2420 172.0524 2.0579 
1004.1549 1924.3087 172.0104 2.0574 
1003.6214 1923.6696 171.9969 2.0571 
1002.6196 1923.3279 172.0135 2.0571 
1001.1727 1923.2646 172.0535 2.0577 
999.3135 1923.4500 172.1060 2.0587 
997.1146 1923.8601 172.1669 2.0602 
994.6336 1924.4845 172.2381 2.0622 
991.9685 1925.2850 172.3248 2.0646 
989.2480 1926.1951 172.4301 2.0673 
986.5821 1927.2026 172.5468 2.0700 
984.0579 1928.2949 172.6645 2.0728 
981.7246 1929.4400 172.7688 2.0757 
979.6025 1930.6205 172.8450 2.0786 
977.6858 1931.8076 172.8845 2.0815 
975.9502 1932.9787 172.8836 2.0843 
974.3613 1934.1161 172.8403 2.0872 
972.8714 1935.2533 172.7602 2.0901 
971.4517 1936.4228 172.6577 2.0931 
970.0907 1937.6841 172.5490 2.0962 
968.8065 1939.0351 172.4462 2.0992 
967.6308 1940.4074 172.3529 2.1023 
966.5977 1941.7261 172.2675 2.1053 
965.7315 1942.9622 172.1857 2.1083 
964.9797 1944.1041 172.1008 2.1112 
964.2392 1945.1814 172.0087 2.1141 
963.3973 1946.2339 171.9087 2.1168 
962.3726 1947.2651 171.7987 2.1190 
961.1684 1948.1944 171.6930 2.1205 
959.8495 1948.9629 171.6015 2.1214 
958.4971 1949.5210 171.5287 2.1216 
957.1515 1949.8544 171.4773 2.1213 
955.8123 1950.0346 171.4547 2.1206 
954.4599 1950.1043 171.4578 2.1196 
953.0648 1950.1115 171.4835 2.1183 
951.6075 1950.0609 171.5337 2.1167 
950.0471 1949.9979 171.6041 2.1148 
948.4049 1949.9570 171.6868 2.1127 
946.6586 1949.9993 171.7653 2.1103 
944.7873 1950.1855 171.8233 2.1079 
942.8298 1950.5074 171.8513 2.1054 
940.8789 1950.9016 171.8515 2.1027 
939.0303 1951.3121 171.8327 2.0999 
937.2589 1951.8104 171.7979 2.0970 
935.5529 1952.4123 171.7541 2.0941 
933.9656 1952.9710 171.6993 2.0911 
932.5983 1953.3496 171.6374 2.0883 
931.4221 1953.5477 171.5590 2.0856 
930.3725 1953.5623 171.4680 2.0832 
929.4129 1953.4488 171.3826 2.0809 
928.5777 1953.2856 171.3127 2.0788 
927.9055 1953.1149 171.2692 2.0766 
927.4376 1952.9082 171.2474 2.0742 
927.1961 1952.6076 171.2410 2.0717 
927.1382 1952.2135 171.2428 2.0690 
927.2173 1951.7220 171.2510 2.0662 
927.3403 1951.1884 171.2670 2.0632 
927.4389 1950.6416 171.3015 2.0603 
927.4922 1950.0912 171.3505 2.0573 
927.5187 1949.5360 171.4033 2.0546 
927.5436 1948.9620 171.4487 2.0521 
927.5567 1948.2860 171.4821 2.0499 
927.5330 1947.4900 171.4928 2.0479 
927.4662 1946.5620 171.4857 2.0462 
927.2971 1945.4948 171.4543 2.0449 
927.0337 1944.3542 171.4077 2.0440 
926.6756 1943.2016 171.3528 2.0434 
926.2569 1942.0943 171.2947 2.0430 
925.8116 1941.0807 171.2490 2.0427 
925.3723 1940.1619 171.2188 2.0425 
924.9421 1939.3447 171.2052 2.0422 
924.5279 1938.6220 171.2044 2.0419 
924.1041 1937.9739 171.2120 2.0418 
923.6474 1937.4103 171.2192 2.0416 
923.1157 1936.9481 171.2259 2.0414 
922.4835 1936.5834 171.2296 2.0412 
921.7819 1936.2908 171.2285 2.0409 
921.0527 1936.0446 171.2278 2.0402 
920.3213 1935.8553 171.2321 2.0393 
919.6321 1935.7203 171.2473 2.0380 
919.0174 1935.5841 171.2741 2.0363 
918.5086 1935.3823 171.3064 2.0345 
918.1545 1935.0259 171.3412 2.0327 
918.0114 1934.4271 171.3770 2.0311 
918.1319 1933.5126 171.4180 2.0296 
918.5391 1932.2534 171.4698 2.0280 
919.1839 1930.7240 171.5311 2.0262 
919.9692 1929.0145 171.5948 2.0243 
920.7931 1927.2386 171.6495 2.0222 
921.5727 1925.4813 171.6797 2.0199 
922.2552 1923.7624 171.6731 2.0176 
922.7974 1922.0986 171.6256 2.0151 
923.1717 1920.4782 171.5371 2.0127 
923.3618 1918.8913 171.4164 2.0103 
923.3434 1917.3651 171.2777 2.0081 
923.0970 1915.9738 171.1380 2.0060 
922.6429 1914.7611 171.0098 2.0041 
922.0422 1913.7239 170.8997 2.0024 
921.3501 1912.8717 170.8142 2.0007 
920.6034 1912.1938 170.7544 1.9990 
919.8099 1911.6658 170.7191 1.9972 
918.9767 1911.2450 170.7044 1.9953 
918.1118 1910.9184 170.7045 1.9935 
917.2405 1910.6695 170.7190 1.9917 
916.3736 1910.4801 170.7501 1.9901 
915.5310 1910.3454 170.7997 1.9886 
914.7020 1910.2535 170.8637 1.9873 
913.8662 1910.2088 170.9379 1.9861 
912.9835 1910.2360 171.0184 1.9850 
912.0440 1910.3416 171.1041 1.9839 
911.0378 1910.5292 171.1961 1.9828 
909.9589 1910.7970 171.2976 1.9815 
908.8047 1911.1271 171.4102 1.9801 
907.5797 1911.4852 171.5318 1.9786 
906.2897 1911.8315 171.6561 1.9770 
904.9634 1912.1247 171.7720 1.9754 
903.6428 1912.3337 171.8680 1.9740 
902.3407 1912.4492 171.9368 1.9727 
901.0520 1912.4812 171.9778 1.9716 
899.7675 1912.4483 171.9958 1.9704 
898.4646 1912.3699 172.0005 1.9692 
897.1487 1912.2460 171.9967 1.9681 
895.8691 1912.0343 171.9859 1.9670 
894.6609 1911.6968 171.9689 1.9661 
893.5505 1911.1938 171.9473 1.9653 
892.5360 1910.5082 171.9278 1.9646 
891.5935 1909.6474 171.9189 1.9638 
890.6996 1908.6256 171.9243 1.9631 
889.8430 1907.5041 171.9448 1.9625 
889.0231 1906.3724 171.9801 1.9620 
888.2426 1905.2763 172.0260 1.9616 
887.4998 1904.2324 172.0710 1.9614 
886.7964 1903.2317 172.1052 1.9612 
886.1609 1902.2814 172.1254 1.9612 
885.6229 1901.3504 172.1303 1.9612 
885.1862 1900.4074 172.1180 1.9613 
884.8374 1899.4930 172.0906 1.9613 
884.5381 1898.7102 172.0537 1.9613 
884.2439 1898.1488 172.0151 1.9613 
883.9323 1897.8282 171.9775 1.9611 
883.6129 1897.6980 171.9409 1.9608 
883.3277 1897.6466 171.9024 1.9602 
883.1321 1897.5672 171.8651 1.9595 
883.0687 1897.3353 171.8364 1.9584 
883.1293 1896.8821 171.8172 1.9571 
883.2535 1896.1900 171.8064 1.9555 
883.3772 1895.3130 171.8042 1.9538 
883.4753 1894.3374 171.8159 1.9521 
883.5209 1893.2861 171.8396 1.9506 
883.4789 1892.1269 171.8655 1.9493 
883.2893 1890.8398 171.8834 1.9481 
882.8838 1889.4654 171.8892 1.9471 
882.2038 1888.0420 171.8801 1.9461 
881.2239 1886.5965 171.8509 1.9452 
879.9760 1885.1063 171.7994 1.9443 
878.5267 1883.5171 171.7249 1.9435 
876.9663 1881.7793 171.6348 1.9427 
875.3669 1879.8792 171.5363 1.9420 
873.7920 1877.8453 171.4395 1.9412 
872.3010 1875.7344 171.3529 1.9404 
870.9385 1873.6000 171.2787 1.9396 
869.7225 1871.4887 171.2164 1.9390 
868.6499 1869.4204 171.1606 1.9384 
867.6923 1867.4080 171.1072 1.9381 
866.8204 1865.4588 171.0524 1.9379 
866.0099 1863.5808 170.9946 1.9378 
865.2697 1861.7668 170.9375 1.9377 
864.5919 1860.0202 170.8853 1.9377 
863.9662 1858.3474 170.8414 1.9376 
863.3720 1856.7565 170.8056 1.9375 
862.7855 1855.2685 170.7766 1.9375 
862.1914 1853.8888 170.7547 1.9375 
861.5981 1852.6134 170.7441 1.9377 
861.0172 1851.3990 170.7423 1.9379 
860.4314 1850.2400 170.7471 1.9383 
859.8325 1849.1250 170.7590 1.9388 
859.2164 1848.0456 170.7793 1.9393 
858.5854 1847.0022 170.8065 1.9398 
857.9472 1845.9867 170.8412 1.9403 
857.3005 1845.0169 170.8838 1.9407 
856.6347 1844.1284 170.9357 1.9412 
855.9357 1843.3377 170.9940 1.9416 
855.1943 1842.6186 171.0554 1.9420 
854.4161 1841.9314 171.1137 1.9424 
853.6319 1841.2385 171.1646 1.9427 
852.8931 1840.4944 171.2095 1.9429 
852.2331 1839.6604 171.2462 1.9428 
851.6602 1838.7363 171.2772 1.9426 
851.1685 1837.7496 171.3084 1.9420 
850.7440 1836.7492 171.3434 1.9411 
850.3520 1835.7769 171.3818 1.9400 
849.9628 1834.8361 171.4183 1.9386 
849.5188 1833.9290 171.4492 1.9370 
848.9616 1833.0886 171.4776 1.9353 
848.2570 1832.3119 171.5054 1.9334 
847.4034 1831.6042 171.5313 1.9314 
846.4438 1830.9616 171.5550 1.9296 
845.4427 1830.3872 171.5803 1.9279 
844.4526 1829.8674 171.6100 1.9264 
843.5293 1829.3458 171.6452 1.9251 
842.7176 1828.7560 171.6847 1.9240 
842.0240 1828.0961 171.7281 1.9232 
841.4514 1827.3771 171.7729 1.9225 
841.0054 1826.6060 171.8202 1.9221 
840.7077 1825.7703 171.8738 1.9218 
840.5644 1824.8719 171.9323 1.9218 
840.5834 1823.9048 171.9935 1.9219 
840.7779 1822.8424 172.0562 1.9221 
841.1577 1821.6525 172.1210 1.9224 
841.7232 1820.3160 172.1870 1.9226 
842.4700 1818.8450 172.2535 1.9229 
843.3996 1817.2552 172.3217 1.9231 
844.4986 1815.5711 172.3953 1.9235 
845.7493 1813.8327 172.4770 1.9239 
847.1112 1812.0762 172.5686 1.9243 
848.5589 1810.3196 172.6704 1.9248 
850.0788 1808.5549 172.7855 1.9253 
851.6638 1806.7787 172.9138 1.9258 
853.2747 1805.0356 173.0480 1.9262 
854.8653 1803.3780 173.1808 1.9267 
856.4169 1801.8433 173.3054 1.9272 
857.9088 1800.4633 173.4174 1.9277 
859.3329 1799.2515 173.5110 1.9283 
860.6790 1798.2061 173.5822 1.9288 
861.9382 1797.2920 173.6327 1.9292 
863.0984 1796.4915 173.6628 1.9294 
864.1472 1795.8037 173.6735 1.9295 
865.0843 1795.2279 173.6680 1.9293 
865.9168 1794.7627 173.6512 1.9290 
866.6351 1794.4045 173.6289 1.9284 
867.2364 1794.1519 173.6055 1.9278 
867.7432 1793.9932 173.5850 1.9270 
868.1807 1793.9153 173.5716 1.9263 
868.5946 1793.8971 173.5693 1.9256 
869.0290 1793.9129 173.5800 1.9251 
869.4967 1793.9518 173.6053 1.9248 
869.9976 1794.0043 173.6422 1.9246 
870.5180 1794.0521 173.6882 1.9245 
871.0481 1794.0842 173.7397 1.9244 
871.5745 1794.0829 173.7914 1.9245 
872.0939 1794.0251 173.8390 1.9246 
872.6093 1793.8930 173.8817 1.9248 
873.1253 1793.6720 173.9191 1.9249 
873.6435 1793.3447 173.9490 1.9251 
874.1515 1792.9331 173.9741 1.9254 
874.6398 1792.4573 173.9967 1.9256 
875.0991 1791.9364 174.0187 1.9258 
875.5108 1791.3953 174.0423 1.9260 
875.8634 1790.8582 174.0694 1.9262 
876.1451 1790.3422 174.1014 1.9263 
876.3523 1789.8624 174.1385 1.9264 
876.4764 1789.4281 174.1823 1.9264 
876.5174 1789.0411 174.2341 1.9263 
876.4706 1788.6910 174.2956 1.9262 
876.3452 1788.3672 174.3683 1.9259 
876.1279 1788.0642 174.4523 1.9255 
875.8086 1787.7753 174.5464 1.9250 
875.3777 1787.4738 174.6478 1.9244 
874.8639 1787.1399 174.7552 1.9236 
874.3043 1786.7439 174.8661 1.9227 
873.7426 1786.2739 174.9793 1.9218 
873.2218 1785.7276 175.0940 1.9209 
872.7740 1785.1105 175.2093 1.9200 
872.4124 1784.4309 175.3247 1.9192 
872.1493 1783.7029 175.4372 1.9185 
871.9686 1782.9280 175.5482 1.9180 
871.8519 1782.1085 175.6597 1.9177 
871.7847 1781.2439 175.7731 1.9175 
871.7583 1780.3312 175.8898 1.9174 
871.7707 1779.3649 176.0100 1.9175 
871.8320 1778.3465 176.1343 1.9176 
871.9458 1777.2773 176.2631 1.9178 
872.1188 1776.1692 176.3981 1.9180 
872.3518 1775.0458 176.5407 1.9183 
872.6630 1773.9360 176.6907 1.9188 
873.0532 1772.8774 176.8445 1.9192 
873.4963 1771.9187 176.9970 1.9198 
873.9322 1771.1036 177.1440 1.9203 
874.3097 1770.4552 177.2814 1.9210 
874.6014 1769.9589 177.4110 1.9216 
874.7939 1769.5801 177.5385 1.9222 
874.8766 1769.2855 177.6709 1.9227 
874.8449 1769.0565 177.8144 1.9232 
874.6971 1768.8834 177.9736 1.9236 
874.4476 1768.7696 178.1502 1.9239 
874.0998 1768.7514 178.3485 1.9243 
873.6491 1768.8883 178.5770 1.9247 
873.1277 1769.1994 178.8429 1.9252 
872.5416 1769.6954 179.1443 1.9257 
871.9192 1770.3173 179.4683 1.9263 
871.2682 1770.9984 179.7939 1.9268 
870.6279 1771.6607 180.0988 1.9274 
870.0486 1772.2030 180.3664 1.9279 
869.5328 1772.5701 180.5918 1.9285 
869.0565 1772.7638 180.7868 1.9292 
868.5731 1772.8158 180.9683 1.9299 
868.0658 1772.7693 181.1533 1.9305 
867.5326 1772.6985 181.3545 1.9311 
866.9768 1772.6641 181.5807 1.9317 
866.3759 1772.7127 181.8375 1.9322 
865.7228 1772.8592 182.1259 1.9329 
865.0768 1773.0731 182.4356 1.9336 
864.4936 1773.3345 182.7443 1.9344 
863.9946 1773.6466 183.0315 1.9353 
863.5850 1774.0001 183.2828 1.9362 
863.2776 1774.3368 183.4957 1.9370 
863.0638 1774.5838 183.6773 1.9375 
862.9209 1774.6944 183.8428 1.9377 
862.8361 1774.6275 184.0084 1.9376 
862.7929 1774.3994 184.1875 1.9371 
862.7924 1774.0510 184.3878 1.9363 
862.8364 1773.6465 184.6113 1.9353 
862.9180 1773.2424 184.8560 1.9341 
863.0182 1772.8779 185.1165 1.9329 
863.1064 1772.5831 185.3930 1.9316 
863.1497 1772.3707 185.6862 1.9305 
863.1154 1772.2488 185.9893 1.9296 
862.9668 1772.2594 186.2884 1.9289 
862.6948 1772.4303 186.5695 1.9284 
862.3576 1772.7342 186.8188 1.9282 
862.0002 1773.1057 187.0316 1.9281 
861.6530 1773.4673 187.2137 1.9279 
861.3556 1773.7721 187.3766 1.9276 
861.1291 1774.0089 187.5316 1.9274 
860.9860 1774.1992 187.6861 1.9270 
860.9182 1774.3669 187.8406 1.9266 
860.9540 1774.5194 187.9986 1.9261 
861.0819 1774.6775 188.1614 1.9254 
861.2833 1774.8493 188.3301 1.9247 
861.5448 1775.0318 188.5067 1.9238 
861.8482 1775.2226 188.6911 1.9229 
862.1716 1775.4233 188.8809 1.9219 
862.4900 1775.6408 189.0729 1.9211 
862.7726 1775.8834 189.2646 1.9203 
862.9911 1776.1553 189.4544 1.9196 
863.1267 1776.4480 189.6394 1.9191 
863.1528 1776.7414 189.8185 1.9188 
863.0426 1777.0027 189.9915 1.9186 
862.7757 1777.1949 190.1578 1.9185 
862.3575 1777.2978 190.3173 1.9183 
861.8277 1777.3167 190.4720 1.9182 
861.2179 1777.3005 190.6240 1.9180 
860.5411 1777.3137 190.7762 1.9178 
859.8151 1777.4087 190.9303 1.9177 
859.0505 1777.6152 191.0856 1.9175 
858.2528 1777.9473 191.2416 1.9175 
857.4320 1778.3981 191.4003 1.9175 
856.6058 1778.9758 191.5611 1.9178 
855.7957 1779.6842 191.7220 1.9182 
855.0129 1780.5196 191.8806 1.9187 
854.2732 1781.4586 192.0315 1.9194 
853.5884 1782.4741 192.1723 1.9202 
852.9715 1783.5291 192.3013 1.9209 
852.4271 1784.5911 192.4185 1.9217 
851.9444 1785.6231 192.5252 1.9225 
851.5143 1786.5945 192.6229 1.9232 
851.1254 1787.4756 192.7132 1.9239 
850.7691 1788.2532 192.7977 1.9246 
850.4363 1788.9175 192.8773 1.9253 
850.1132 1789.4652 192.9533 1.9259 
849.7801 1789.9081 193.0262 1.9265 
849.4194 1790.2517 193.0974 1.9271 
849.0280 1790.4993 193.1688 1.9278 
848.6144 1790.6480 193.2426 1.9285 
848.1855 1790.6986 193.3210 1.9292 
847.7424 1790.6625 193.4057 1.9299 
847.2878 1790.5529 193.4980 1.9308 
846.8274 1790.3771 193.5983 1.9316 
846.3701 1790.1433 193.7073 1.9325 
845.9312 1789.8580 193.8255 1.9335 
845.5307 1789.5239 193.9528 1.9345 
845.1833 1789.1397 194.0875 1.9355 
844.8936 1788.7014 194.2274 1.9366 
844.6604 1788.2034 194.3711 1.9377 
844.4827 1787.6376 194.5198 1.9388 
844.3533 1787.0033 194.6765 1.9399 
844.2563 1786.3018 194.8444 1.9410 
844.1666 1785.5441 195.0238 1.9421 
844.0761 1784.7652 195.2099 1.9432 
843.9514 1784.0036 195.3984 1.9443 
843.7603 1783.3062 195.5856 1.9454 
843.4881 1782.7122 195.7672 1.9467 
843.1455 1782.2450 195.9380 1.9481 
842.7514 1781.9019 196.0936 1.9496 
842.3448 1781.6738 196.2333 1.9512 
841.9632 1781.5359 196.3579 1.9527 
841.6400 1781.4579 196.4703 1.9542 
841.3935 1781.4083 196.5748 1.9555 
841.2239 1781.3670 196.6747 1.9566 
841.1278 1781.3270 196.7736 1.9576 
841.0952 1781.2888 196.8729 1.9586 
841.1260 1781.2540 196.9718 1.9594 
841.2236 1781.2284 197.0700 1.9603 
841.3933 1781.2149 197.1664 1.9611 
841.6580 1781.2053 197.2579 1.9620 
842.0369 1781.1879 197.3429 1.9628 
842.5423 1781.1540 197.4201 1.9635 
843.1700 1781.1025 197.4890 1.9643 
843.9028 1781.0336 197.5498 1.9649 
844.7168 1780.9470 197.6035 1.9656 
845.5773 1780.8482 197.6509 1.9662 
846.4603 1780.7352 197.6928 1.9669 
847.3459 1780.6059 197.7299 1.9676 
848.2142 1780.4600 197.7628 1.9685 
849.0582 1780.2920 197.7911 1.9693 
849.8678 1780.0909 197.8163 1.9703 
850.6388 1779.8684 197.8391 1.9713 
851.3650 1779.6270 197.8619 1.9723 
852.0507 1779.3680 197.8845 1.9733 
852.6995 1779.0875 197.9076 1.9743 
853.3052 1778.7941 197.9320 1.9751 
853.8844 1778.4827 197.9588 1.9758 
854.4582 1778.1451 197.9876 1.9762 
855.0352 1777.7603 198.0206 1.9765 
855.6352 1777.3204 198.0581 1.9765 
856.2710 1776.8201 198.0997 1.9763 
856.9455 1776.2627 198.1451 1.9759 
857.6563 1775.6548 198.1922 1.9753 
858.4014 1775.0024 198.2397 1.9746 
859.1570 1774.3372 198.2843 1.9737 
859.9125 1773.6665 198.3263 1.9729 
860.6575 1773.0072 198.3646 1.9719 
861.3667 1772.3757 198.4013 1.9710 
862.0113 1771.7947 198.4367 1.9701 
862.5677 1771.2641 198.4727 1.9691 
863.0290 1770.7913 198.5090 1.9682 
863.4066 1770.3653 198.5446 1.9673 
863.7186 1769.9750 198.5797 1.9665 
863.9869 1769.6080 198.6138 1.9656 
864.2344 1769.2489 198.6460 1.9646 
864.4781 1768.8881 198.6758 1.9637 
864.7216 1768.5221 198.7029 1.9627 
864.9563 1768.1544 198.7264 1.9617 
865.1729 1767.7889 198.7470 1.9608 
865.3656 1767.4220 198.7651 1.9600 
865.5352 1767.0525 198.7817 1.9592 
865.6844 1766.6770 198.7974 1.9586 
865.8151 1766.3014 198.8129 1.9581 
865.9249 1765.9356 198.8289 1.9577 
866.0106 1765.5934 198.8462 1.9573 
866.0696 1765.2880 198.8649 1.9569 
866.1068 1765.0270 198.8860 1.9566 
866.1334 1764.8108 198.9097 1.9562 
866.1627 1764.6363 198.9359 1.9559 
866.2032 1764.4954 198.9649 1.9555 
866.2552 1764.3806 198.9969 1.9551 
866.3221 1764.2814 199.0323 1.9547 
866.4076 1764.1877 199.0708 1.9544 
866.5214 1764.0828 199.1126 1.9540 
866.6718 1763.9547 199.1578 1.9538 
866.8667 1763.7967 199.2067 1.9535 
867.1100 1763.6016 199.2589 1.9532 
867.4028 1763.3654 199.3142 1.9530 
867.7411 1763.0891 199.3718 1.9527 
868.1186 1762.7749 199.4311 1.9524 
868.5274 1762.4287 199.4911 1.9520 
868.9590 1762.0571 199.5509 1.9517 
869.4052 1761.6674 199.6096 1.9513 
869.8589 1761.2645 199.6666 1.9508 
870.3138 1760.8567 199.7215 1.9504 
870.7692 1760.4456 199.7744 1.9499 
871.2215 1760.0376 199.8249 1.9495 
871.6708 1759.6375 199.8737 1.9490 
872.1174 1759.2520 199.9207 1.9486 
872.5603 1758.8891 199.9655 1.9482 
872.9949 1758.5577 200.0079 1.9478 
873.4208 1758.2687 200.0473 1.9474 
873.8359 1758.0314 200.0829 1.9471 
874.2393 1757.8536 200.1146 1.9469 
874.6336 1757.7409 200.1420 1.9467 
875.0239 1757.6963 200.1647 1.9465 
875.4164 1757.7203 200.1825 1.9465 
875.8188 1757.8122 200.1951 1.9466 
876.2399 1757.9690 200.2024 1.9467 
876.6865 1758.1875 200.2040 1.9469 
877.1694 1758.4578 200.2000 1.9472 
877.6972 1758.7696 200.1905 1.9475 
878.2745 1759.1076 200.1749 1.9479 
878.9022 1759.4601 200.1540 1.9483 
879.5773 1759.8154 200.1267 1.9487 
880.2928 1760.1653 200.0933 1.9491 
881.0376 1760.4983 200.0544 1.9495 
881.8041 1760.8030 200.0104 1.9498 
882.5830 1761.0708 199.9627 1.9501 
883.3576 1761.3030 199.9130 1.9503 
884.1032 1761.5130 199.8636 1.9505 
884.7944 1761.7152 199.8165 1.9507 
885.4167 1761.9139 199.7724 1.9508 
885.9642 1762.1107 199.7313 1.9509 
886.4309 1762.3007 199.6942 1.9511 
886.8191 1762.4800 199.6611 1.9512 
887.1339 1762.6449 199.6320 1.9514 
887.3829 1762.7952 199.6064 1.9516 
887.5749 1762.9279 199.5840 1.9517 
887.7196 1763.0397 199.5642 1.9519 
887.8258 1763.1298 199.5468 1.9521 
887.9044 1763.1999 199.5306 1.9523 
887.9589 1763.2529 199.5156 1.9525 
887.9942 1763.2925 199.5018 1.9527 
888.0150 1763.3234 199.4894 1.9529 
888.0244 1763.3496 199.4780 1.9531 
