180.8695 267.7841 44.9804 2.0089 
180.7069 267.5339 44.9235 2.0084 
180.5503 267.3267 44.8085 2.0076 
180.5012 267.1894 44.6391 2.0068 
180.6326 267.1672 44.4199 2.0059 
181.0298 267.2398 44.1433 2.0049 
181.6326 267.5712 43.8280 2.0038 
182.2213 268.3396 43.4851 2.0027 
182.8815 269.5041 43.2449 2.0016 
183.6686 271.0339 43.0052 2.0003 
184.7063 272.8345 42.7444 1.9987 
185.9527 274.9308 42.4505 1.9965 
187.4507 277.2843 42.1254 1.9939 
189.2130 279.8087 41.7755 1.9908 
191.0513 282.4614 41.4180 1.9875 
193.1693 285.2758 41.0450 1.9838 
195.5398 288.2718 40.6674 1.9797 
197.8749 291.6826 40.3151 1.9753 
200.0067 295.5486 39.9439 1.9708 
202.0676 299.9117 39.5851 1.9661 
204.1968 304.8341 39.2255 1.9610 
206.3793 310.1960 38.8520 1.9553 
208.6894 315.8885 38.4768 1.9490 
211.0559 321.9520 38.1131 1.9422 
213.4769 328.1278 37.7074 1.9353 
216.0062 334.3926 37.2638 1.9284 
218.4911 340.8926 36.8160 1.9214 
221.1544 347.4964 36.3511 1.9146 
224.0155 354.2342 35.8591 1.9076 
226.9895 361.1055 35.3830 1.9005 
230.1567 368.0329 34.8829 1.8934 
233.3546 375.1681 34.3651 1.8864 
236.7621 382.2331 33.8199 1.8793 
240.5336 389.2135 33.6593 1.8722 
244.1560 396.4772 33.4792 1.8655 
247.8838 403.6876 33.2671 1.8588 
251.6904 410.9158 33.0459 1.8519 
255.6248 418.2095 32.7994 1.8451 
259.6792 425.4969 32.5033 1.8379 
263.7669 432.8103 32.1695 1.8307 
267.8870 440.1868 31.7971 1.8235 
272.2127 447.4523 31.4043 1.8163 
276.8034 454.6137 30.9612 1.8091 
281.3900 462.0087 30.4973 1.8022 
286.2255 469.3876 29.9871 1.7956 
290.8764 476.6413 29.4728 1.7890 
295.4993 483.7675 28.9420 1.7826 
300.3806 490.6368 28.3720 1.7763 
305.3623 497.4153 27.7994 1.7703 
310.8198 503.7319 27.2022 1.7643 
316.0455 510.0344 26.5859 1.7584 
321.2139 516.1407 25.9739 1.7526 
326.4832 522.2036 25.3344 1.7464 
331.9626 528.1006 24.6622 1.7401 
337.8503 533.4701 23.9539 1.7343 
343.9150 538.6119 23.2448 1.7281 
349.7812 543.5581 22.5164 1.7221 
355.3859 548.4072 21.7463 1.7166 
361.0846 552.9654 20.9099 1.7111 
366.8237 557.3785 20.1089 1.7056 
372.4009 561.7191 19.4164 1.7002 
378.0346 565.6593 18.7244 1.6944 
383.9067 569.1303 17.9838 1.6892 
389.9234 572.4538 17.2418 1.6843 
395.3698 575.7790 16.5100 1.6793 
400.6367 578.9533 15.8311 1.6739 
405.7645 582.1452 15.1654 1.6684 
411.0542 585.0881 14.5378 1.6629 
416.5223 587.5579 13.9697 1.6575 
421.7304 589.8389 13.4323 1.6522 
426.9616 591.9450 12.8745 1.6468 
431.9877 594.1320 12.3175 1.6411 
436.9503 596.1421 11.7814 1.6353 
441.8608 597.8859 11.2912 1.6295 
446.7559 599.3410 10.8434 1.6243 
451.3344 600.7966 10.4570 1.6189 
455.7590 602.2791 10.1204 1.6133 
460.0975 603.7700 9.7927 1.6075 
464.4447 605.2182 9.4902 1.6011 
468.7803 606.6924 9.1796 1.5943 
473.0737 608.2816 8.9007 1.5876 
477.3945 609.8033 8.6411 1.5812 
481.6558 611.2861 8.3914 1.5752 
485.5058 612.9697 8.1754 1.5695 
489.2273 614.6458 7.9850 1.5643 
492.8175 616.2051 7.8254 1.5594 
496.3405 617.5940 7.7419 1.5545 
499.9069 618.8025 7.7166 1.5496 
503.6552 619.7946 7.7206 1.5449 
507.4477 620.6932 7.7268 1.5402 
511.2022 621.5978 7.7163 1.5355 
514.7893 622.6516 7.6915 1.5307 
518.2828 623.8383 7.6356 1.5259 
521.8816 625.0396 7.5573 1.5211 
525.7404 626.0591 7.4789 1.5166 
529.6606 627.0964 7.4069 1.5120 
533.5342 628.1179 7.3468 1.5072 
537.3240 629.0990 7.2689 1.5025 
541.0680 629.9727 7.1734 1.4977 
544.7944 630.7264 7.0774 1.4931 
548.3344 631.4548 6.9915 1.4886 
551.8692 632.0208 6.9009 1.4841 
555.3805 632.5049 6.7775 1.4796 
558.7599 632.9497 6.5915 1.4751 
562.0013 633.5425 5.8579 1.4707 
564.8149 634.5977 5.1813 1.4666 
567.5592 635.8238 4.5517 1.4628 
570.4202 636.8701 3.9528 1.4584 
573.4164 637.6268 3.3755 1.4538 
576.3608 638.2508 2.7850 1.4490 
578.8752 638.9687 2.1764 1.4443 
580.9062 640.0059 1.5960 1.4395 
582.8985 641.0676 1.0620 1.4344 
584.8705 642.1097 0.5423 1.4287 
586.5730 642.9991 0.0119 1.4228 
588.2698 643.4596 359.4583 1.4170 
590.0873 643.6519 358.4977 1.4114 
591.6915 644.1751 357.5698 1.4058 
593.0289 645.0445 356.6655 1.4003 
594.2627 645.6874 355.7984 1.3950 
595.5025 646.0012 354.7942 1.3897 
596.6130 646.1384 353.7802 1.3848 
597.6354 646.4662 353.0672 1.3798 
598.9008 646.7219 352.3855 1.3744 
600.3874 646.8407 351.7037 1.3690 
601.4861 647.3480 351.0557 1.3634 
602.2321 647.9701 350.4949 1.3581 
602.8987 648.3233 349.8434 1.3529 
603.8225 648.3490 349.1833 1.3478 
604.7671 648.5756 348.5608 1.3430 
605.8597 649.0256 348.0341 1.3382 
607.0677 649.5602 347.5493 1.3334 
608.2863 650.0720 347.0918 1.3283 
609.4745 650.5601 346.6425 1.3236 
610.5254 650.9743 346.2138 1.3194 
611.5722 651.4065 345.7802 1.3156 
612.4228 652.0750 345.3527 1.3117 
613.1291 652.8924 344.9637 1.3077 
613.6998 653.7785 344.6616 1.3035 
614.1760 654.5533 344.4380 1.2993 
614.5412 655.1200 344.2381 1.2951 
614.7571 655.3826 344.0331 1.2911 
614.8464 655.3619 343.8265 1.2872 
614.9006 655.1952 343.6635 1.2837 
614.9590 654.8991 343.5433 1.2805 
614.9627 654.5278 343.4564 1.2779 
614.8973 654.2110 343.3821 1.2756 
614.6319 654.1973 343.3014 1.2735 
614.1570 654.5344 343.2029 1.2713 
613.5387 655.1389 343.0838 1.2692 
612.9572 655.9343 342.9377 1.2674 
612.5535 656.8405 342.7799 1.2660 
612.3895 657.8997 342.6409 1.2650 
612.4711 659.1660 342.5300 1.2640 
612.7556 660.4103 342.4452 1.2629 
613.1097 661.6546 342.3643 1.2617 
613.5370 662.8723 342.2814 1.2604 
613.8664 663.9544 342.1739 1.2591 
614.0732 664.8344 342.0410 1.2581 
614.2454 665.4494 341.9020 1.2575 
614.4505 665.6553 341.7640 1.2577 
614.6988 665.4210 341.6402 1.2587 
614.9436 664.8134 341.5236 1.2604 
615.1631 663.8861 341.4198 1.2628 
615.3856 662.6909 341.3194 1.2656 
615.5693 661.3117 341.2080 1.2688 
615.7509 659.7402 341.0804 1.2721 
615.9508 658.0637 340.9300 1.2757 
616.1321 656.3233 340.7604 1.2792 
616.3071 654.6151 340.5683 1.2828 
616.5037 652.9465 340.3424 1.2865 
616.6966 651.4049 340.0983 1.2901 
616.8011 650.1042 339.8588 1.2935 
616.7308 649.0848 339.6314 1.2967 
616.6064 648.2010 339.4053 1.2996 
616.3716 647.4643 339.2057 1.3025 
616.0622 646.9196 339.0610 1.3053 
615.6262 646.5401 338.9665 1.3080 
615.0530 646.3563 338.9055 1.3105 
614.3693 646.3850 338.8763 1.3126 
613.4273 646.7079 338.8618 1.3142 
612.2474 647.2560 338.8567 1.3159 
610.9464 647.9252 338.8467 1.3176 
609.5245 648.6905 338.8236 1.3193 
608.0848 649.5183 338.7788 1.3212 
606.6934 650.4061 338.7085 1.3233 
605.2812 651.3065 338.6300 1.3258 
603.7362 652.1483 338.5460 1.3285 
602.0882 652.8992 338.4478 1.3314 
600.2392 653.5262 338.3246 1.3341 
598.3362 653.9910 338.3128 1.3364 
596.4303 654.4480 338.2535 1.3383 
594.5569 654.9373 338.1608 1.3398 
592.7746 655.4447 338.0454 1.3412 
591.1369 655.9502 337.9290 1.3424 
589.5486 656.5010 337.8243 1.3435 
587.9628 657.1418 337.7384 1.3446 
586.2114 657.9273 337.6680 1.3457 
584.1068 658.9821 337.5842 1.3470 
581.5867 660.3055 337.4770 1.3486 
578.6481 661.9696 337.3413 1.3502 
575.5115 663.8885 337.1726 1.3516 
572.4100 665.9149 336.9423 1.3528 
569.4537 668.0026 336.6583 1.3539 
566.6544 670.3343 336.3680 1.3552 
564.0138 672.8122 336.0891 1.3567 
561.5423 675.4204 335.8214 1.3583 
559.1001 678.0448 335.5755 1.3598 
556.6730 680.6710 335.3481 1.3609 
554.1574 683.3033 335.1218 1.3619 
551.6265 685.7925 334.9058 1.3629 
549.1772 688.1588 334.6820 1.3641 
546.8411 690.4661 334.4446 1.3655 
544.7695 692.5057 334.2028 1.3669 
542.8938 694.3982 333.9638 1.3681 
541.0448 696.1049 333.7381 1.3691 
539.2454 697.5664 333.5158 1.3698 
537.5355 698.8306 333.3270 1.3707 
535.8708 699.8145 333.1736 1.3719 
534.3439 700.4125 333.0740 1.3731 
532.9402 700.6086 333.0066 1.3744 
531.6933 700.4930 332.9492 1.3756 
530.6096 700.1239 332.8803 1.3768 
529.5886 699.6096 332.8146 1.3777 
528.6029 699.0211 332.7584 1.3780 
527.7589 698.4264 332.7149 1.3778 
527.0368 698.0254 332.6835 1.3772 
526.4303 697.7827 332.6635 1.3761 
525.9666 697.6389 332.6470 1.3746 
525.5119 697.6909 332.6368 1.3724 
525.0930 697.8981 332.6254 1.3695 
524.6525 698.3014 332.5991 1.3662 
524.2793 698.8050 332.5528 1.3623 
523.9330 699.3632 332.4863 1.3583 
523.6424 700.0130 332.4153 1.3544 
523.2916 700.7697 332.3520 1.3505 
522.9443 701.5740 332.3022 1.3468 
522.6431 702.3517 332.2772 1.3435 
522.2859 703.1029 332.2969 1.3405 
521.8486 703.8718 332.3554 1.3377 
521.2860 704.6235 332.4004 1.3349 
520.5771 705.4034 332.4133 1.3321 
519.7025 706.2672 332.3841 1.3295 
518.7219 707.0468 332.3312 1.3270 
517.6648 707.7308 332.2622 1.3248 
516.6184 708.2764 332.1858 1.3226 
515.6019 708.7246 332.1153 1.3204 
514.6121 709.1280 332.0550 1.3181 
513.7108 709.4256 332.0096 1.3157 
512.8263 709.7415 331.9552 1.3132 
512.0164 710.0324 331.8951 1.3104 
511.2743 710.2351 331.8381 1.3072 
510.6882 710.2871 331.7790 1.3037 
510.2297 710.2554 331.7177 1.3000 
509.8550 710.1464 331.6462 1.2963 
509.5715 709.8834 331.4836 1.2926 
509.3816 709.3977 331.3081 1.2891 
509.3899 708.7456 331.1296 1.2860 
509.6432 707.9727 330.9486 1.2830 
510.2202 706.9672 330.7361 1.2804 
511.0847 705.7177 330.4792 1.2781 
512.1055 704.1953 330.1846 1.2762 
513.1250 702.5316 329.8681 1.2745 
514.0570 701.0296 329.5309 1.2729 
514.8815 699.8413 329.2004 1.2712 
515.6374 698.8794 328.8882 1.2697 
516.3502 697.9621 328.7263 1.2685 
517.1655 696.9144 328.5575 1.2677 
518.0668 695.7734 328.3721 1.2672 
518.9676 694.6389 328.1725 1.2668 
519.8326 693.4732 327.9638 1.2665 
520.6493 692.2059 327.7418 1.2661 
521.3284 690.8395 327.5103 1.2658 
521.9065 689.3464 327.2759 1.2656 
522.4606 687.7366 327.0354 1.2653 
523.0670 686.1288 326.7948 1.2649 
523.6874 684.5317 326.5501 1.2641 
524.3520 682.9737 326.3328 1.2631 
525.0917 681.4204 326.1621 1.2620 
525.9744 679.7662 326.0354 1.2608 
527.0301 677.9986 325.9418 1.2595 
528.2151 676.1831 325.8707 1.2583 
529.5165 674.3831 325.8185 1.2571 
530.9401 672.5923 325.7872 1.2556 
532.5136 670.8317 325.7766 1.2538 
534.2525 669.1096 325.7908 1.2518 
536.1287 667.4438 325.8277 1.2498 
538.1335 665.8007 325.8856 1.2478 
540.3281 664.1126 325.9570 1.2460 
542.6969 662.3448 326.0431 1.2444 
545.2721 660.4663 326.1399 1.2431 
548.0257 658.4726 326.2453 1.2418 
550.9334 656.3526 326.3448 1.2406 
553.9074 654.1400 326.4301 1.2394 
556.9198 651.8413 326.4930 1.2384 
559.9602 649.4434 326.5221 1.2373 
562.9879 646.9335 326.5162 1.2362 
565.9447 644.3585 326.4859 1.2350 
568.7495 641.8032 326.4439 1.2337 
571.3323 639.3525 326.4000 1.2324 
573.6440 637.0572 326.3580 1.2311 
575.6505 634.9829 326.3210 1.2300 
577.3306 633.1361 326.2886 1.2291 
578.6957 631.6003 326.2608 1.2283 
579.7755 630.3338 326.2407 1.2277 
580.5676 629.2833 326.2325 1.2272 
581.0454 628.4614 326.2382 1.2268 
581.1809 627.8765 326.2599 1.2266 
580.9801 627.5299 326.2943 1.2267 
580.4418 627.4268 326.3343 1.2271 
579.6142 627.5604 326.3750 1.2279 
578.5515 627.9373 326.4222 1.2291 
577.3650 628.5011 326.4830 1.2306 
576.1898 629.1669 326.5588 1.2324 
575.1263 629.9212 326.6397 1.2343 
574.2312 630.7534 326.7215 1.2362 
573.5190 631.6514 326.7979 1.2382 
573.0007 632.5971 326.8609 1.2402 
572.6889 633.5418 326.9078 1.2421 
572.5726 634.4557 326.9354 1.2439 
572.6186 635.3176 326.9385 1.2456 
572.7782 636.1531 326.9173 1.2473 
572.9968 636.9974 326.8790 1.2489 
573.2533 637.8996 326.8327 1.2504 
573.5366 638.8682 326.7852 1.2517 
573.8487 639.8585 326.7367 1.2530 
574.1888 640.8403 326.6870 1.2541 
574.5399 641.8307 326.6352 1.2552 
574.8825 642.8158 326.5799 1.2563 
575.1723 643.8281 326.5220 1.2573 
575.3484 644.8974 326.4614 1.2581 
575.3650 646.0275 326.3934 1.2587 
575.2484 647.1454 326.3286 1.2589 
575.0403 648.2045 326.2715 1.2587 
574.7833 649.1711 326.2225 1.2584 
574.4973 650.0269 326.1807 1.2578 
574.1808 650.8520 326.1567 1.2572 
573.8432 651.6732 326.1521 1.2565 
573.4858 652.5171 326.1682 1.2558 
573.1147 653.3336 326.2144 1.2550 
572.6663 654.1398 326.2891 1.2543 
572.1291 654.9362 326.3865 1.2535 
571.4582 655.7645 326.4972 1.2526 
570.6103 656.6831 326.6066 1.2518 
569.5981 657.6982 326.7040 1.2511 
568.4902 658.7628 326.7878 1.2505 
567.3578 659.8264 326.8633 1.2499 
566.2074 660.9104 326.9278 1.2491 
565.0529 662.0051 326.9841 1.2483 
563.9441 663.0489 327.0302 1.2476 
562.9336 663.9772 327.0680 1.2468 
562.0273 664.7866 327.0939 1.2462 
561.1220 665.5227 327.0919 1.2458 
560.2048 666.2298 327.0741 1.2457 
559.3214 666.9166 327.0485 1.2458 
558.5164 667.5905 327.0160 1.2462 
557.8136 668.2558 326.9817 1.2467 
557.2415 668.8992 326.9401 1.2473 
556.7676 669.4533 326.8948 1.2481 
556.3522 669.9225 326.8524 1.2491 
556.0008 670.3187 326.8232 1.2502 
555.7094 670.6672 326.8027 1.2515 
555.4799 670.9812 326.7916 1.2531 
555.3547 671.2384 326.7783 1.2548 
555.3596 671.4166 326.7516 1.2569 
555.4889 671.5310 326.7087 1.2592 
555.7133 671.5808 326.6476 1.2617 
556.0237 671.5528 326.5730 1.2642 
556.4044 671.4366 326.4850 1.2668 
556.8417 671.2320 326.3815 1.2695 
557.3186 670.9520 326.2619 1.2722 
557.8247 670.5965 326.1308 1.2749 
558.3710 670.1842 325.9909 1.2776 
558.9752 669.7347 325.8511 1.2803 
559.6661 669.2445 325.7155 1.2829 
560.4415 668.7149 325.5842 1.2855 
561.2952 668.1528 325.4488 1.2882 
562.2001 667.5576 325.3055 1.2909 
563.0971 666.9686 325.1580 1.2936 
563.9256 666.4428 325.0096 1.2962 
564.6523 665.9949 324.8580 1.2987 
565.2597 665.6348 324.7087 1.3011 
565.7550 665.3691 324.5684 1.3032 
566.1030 665.2403 324.4379 1.3051 
566.3064 665.2580 324.3134 1.3067 
566.4070 665.3875 324.1950 1.3082 
566.4577 665.5776 324.0776 1.3095 
566.5228 665.7563 323.9543 1.3109 
566.6681 665.8647 323.8222 1.3122 
566.9492 665.8630 323.6854 1.3135 
567.4089 665.6906 323.5492 1.3147 
568.0568 665.3204 323.4131 1.3158 
568.8735 664.7692 323.2726 1.3167 
569.8306 664.0431 323.1240 1.3177 
570.8673 663.1822 322.9702 1.3185 
571.9332 662.2154 322.8110 1.3192 
572.9943 661.1587 322.6461 1.3197 
574.0234 660.0349 322.4774 1.3201 
574.9874 658.8745 322.3085 1.3204 
575.8719 657.7111 322.1433 1.3207 
576.6561 656.5781 321.9823 1.3209 
577.3472 655.4764 321.8234 1.3210 
577.9568 654.4160 321.6694 1.3210 
578.4829 653.4149 321.5216 1.3209 
578.9429 652.4659 321.3781 1.3206 
579.3379 651.5629 321.2390 1.3202 
579.6680 650.7037 321.1047 1.3197 
579.9551 649.8913 320.9762 1.3191 
580.1966 649.1270 320.8534 1.3184 
580.4103 648.4177 320.7390 1.3178 
580.6014 647.7491 320.6293 1.3171 
580.7826 647.1091 320.5215 1.3164 
580.9565 646.4947 320.4132 1.3157 
581.1415 645.8931 320.3029 1.3151 
581.3416 645.2957 320.1904 1.3145 
581.5530 644.6958 320.0779 1.3139 
581.7516 644.1000 319.9701 1.3132 
581.9242 643.5033 319.8711 1.3125 
582.0588 642.8938 319.7821 1.3118 
582.1558 642.2661 319.7035 1.3111 
582.2232 641.6214 319.6326 1.3106 
582.2588 640.9560 319.5658 1.3100 
582.2543 640.2755 319.5027 1.3095 
582.1927 639.6021 319.4452 1.3090 
582.0497 638.9566 319.3984 1.3084 
581.8319 638.3385 319.3617 1.3078 
581.5580 637.7295 319.3337 1.3072 
581.2518 637.1012 319.3126 1.3066 
580.9460 636.4215 319.2968 1.3060 
580.6720 635.6634 319.2858 1.3054 
580.4393 634.8162 319.2805 1.3047 
580.2404 633.8958 319.2815 1.3041 
580.0692 632.9391 319.2892 1.3034 
579.9252 631.9757 319.3020 1.3028 
579.8114 631.0209 319.3181 1.3021 
579.7226 630.0793 319.3346 1.3015 
579.6592 629.1466 319.3474 1.3010 
579.6390 628.2178 319.3549 1.3004 
579.6780 627.2713 319.3565 1.2999 
579.7769 626.2924 319.3522 1.2994 
579.9191 625.2961 319.3427 1.2988 
580.0847 624.3366 319.3319 1.2982 
580.2476 623.4476 319.3215 1.2975 
580.3880 622.6263 319.3126 1.2968 
580.5098 621.8436 319.3041 1.2960 
580.6273 621.0502 319.2940 1.2952 
580.7550 620.2137 319.2813 1.2943 
580.8931 619.3244 319.2649 1.2933 
581.0295 618.3695 319.2455 1.2923 
581.1458 617.3440 319.2251 1.2913 
581.1988 616.2701 319.2092 1.2903 
581.1984 615.1891 319.1996 1.2895 
581.1507 614.1040 319.1966 1.2887 
581.0511 613.0052 319.1965 1.2881 
580.8728 611.8905 319.1944 1.2876 
580.5857 610.7915 319.1891 1.2872 
580.1681 609.7273 319.1792 1.2868 
579.6152 608.7149 319.1615 1.2864 
578.9498 607.7480 319.1346 1.2860 
578.2122 606.7996 319.0970 1.2856 
577.4629 605.8402 319.0539 1.2853 
576.7362 604.8617 319.0074 1.2850 
576.0537 603.8654 318.9621 1.2846 
575.4270 602.8606 318.9224 1.2843 
574.8596 601.8608 318.8902 1.2839 
574.3504 600.8802 318.8662 1.2836 
573.8995 599.9188 318.8477 1.2834 
573.4972 598.9778 318.8329 1.2832 
573.1334 598.0607 318.8187 1.2831 
572.8050 597.1679 318.8022 1.2831 
572.5294 596.2824 318.7835 1.2832 
572.3131 595.3842 318.7635 1.2833 
572.1594 594.4492 318.7455 1.2834 
572.0566 593.4683 318.7307 1.2833 
571.9789 592.4726 318.7186 1.2832 
571.8982 591.4970 318.7089 1.2830 
571.8121 590.5692 318.7036 1.2828 
571.7314 589.6870 318.6998 1.2827 
571.6476 588.8444 318.6923 1.2826 
571.5668 588.0140 318.6812 1.2825 
571.4984 587.1677 318.6658 1.2824 
571.4537 586.2961 318.6438 1.2823 
571.4434 585.4053 318.6151 1.2821 
571.4609 584.5400 318.5809 1.2820 
571.4830 583.7573 318.5424 1.2819 
571.4892 583.0827 318.5026 1.2818 
571.4770 582.4999 318.4628 1.2817 
571.4545 581.9749 318.4199 1.2815 
571.4512 581.4729 318.3720 1.2814 
571.4937 580.9627 318.3198 1.2812 
571.5913 580.4298 318.2655 1.2809 
571.7364 579.8676 318.2100 1.2806 
571.9432 579.2613 318.1585 1.2801 
572.2281 578.6108 318.1160 1.2795 
572.5815 577.9376 318.0828 1.2789 
573.0016 577.2419 318.0546 1.2781 
573.4632 576.5250 318.0247 1.2774 
573.9275 575.8182 317.9903 1.2768 
574.3691 575.1001 317.9525 1.2761 
574.7607 574.3669 317.9096 1.2754 
575.1025 573.6190 317.8614 1.2748 
575.4113 572.8706 317.8100 1.2743 
575.6953 572.1465 317.7566 1.2740 
575.9689 571.4375 317.7026 1.2739 
576.2462 570.7044 317.6507 1.2740 
576.5239 569.9351 317.6028 1.2741 
576.7948 569.1361 317.5588 1.2744 
577.0603 568.3115 317.5193 1.2748 
577.3274 567.4632 317.4856 1.2752 
577.6034 566.5920 317.4555 1.2758 
577.8935 565.6961 317.4265 1.2766 
578.2044 564.7603 317.3974 1.2774 
578.5422 563.7596 317.3692 1.2783 
578.9062 562.6814 317.3417 1.2791 
579.2955 561.5319 317.3141 1.2799 
579.7189 560.3186 317.2858 1.2808 
580.1791 559.0545 317.2577 1.2816 
580.6762 557.7736 317.2294 1.2825 
581.1976 556.4982 317.2009 1.2835 
581.7359 555.2414 317.1723 1.2844 
582.2874 553.9979 317.1460 1.2854 
582.8502 552.7671 317.1232 1.2863 
583.4177 551.5603 317.1020 1.2872 
583.9767 550.3951 317.0812 1.2881 
584.5289 549.2847 317.0581 1.2890 
585.0678 548.2450 317.0310 1.2899 
585.5862 547.2892 316.9984 1.2908 
586.0814 546.4172 316.9592 1.2917 
586.5505 545.6230 316.9130 1.2926 
586.9998 544.8914 316.8604 1.2934 
587.4380 544.1953 316.8012 1.2942 
587.8677 543.5271 316.7369 1.2950 
588.2869 542.8850 316.6690 1.2957 
588.6862 542.2743 316.5993 1.2964 
589.0464 541.6979 316.5285 1.2970 
589.3703 541.1543 316.4582 1.2975 
589.6666 540.6371 316.3902 1.2980 
589.9601 540.1333 316.3259 1.2985 
590.2676 539.6343 316.2656 1.2991 
590.5858 539.1507 316.2090 1.2997 
590.9070 538.6984 316.1570 1.3003 
591.2226 538.2800 316.1097 1.3010 
591.5356 537.8938 316.0667 1.3016 
591.8384 537.5353 316.0264 1.3022 
592.1255 537.1958 315.9858 1.3028 
592.4049 536.8625 315.9446 1.3034 
592.6895 536.5166 315.9017 1.3040 
592.9902 536.1461 315.8571 1.3045 
593.3114 535.7408 315.8110 1.3050 
593.6572 535.2991 315.7632 1.3055 
594.0272 534.8198 315.7141 1.3059 
594.4105 534.3101 315.6650 1.3064 
594.8017 533.7810 315.6176 1.3069 
595.1901 533.2404 315.5734 1.3074 
595.5742 532.6983 315.5328 1.3078 
595.9481 532.1609 315.4977 1.3083 
596.3163 531.6301 315.4699 1.3088 
596.6815 531.0968 315.4513 1.3093 
597.0411 530.5652 315.4416 1.3099 
597.3899 530.0420 315.4413 1.3105 
597.7151 529.5416 315.4505 1.3111 
597.9834 529.0668 315.4685 1.3117 
598.1876 528.6282 315.4969 1.3123 
598.3252 528.2115 315.5352 1.3128 
598.4125 527.8019 315.5825 1.3133 
598.4731 527.3837 315.6367 1.3138 
598.5260 526.9472 315.6963 1.3142 
598.5815 526.4873 315.7599 1.3146 
598.6466 526.0189 315.8258 1.3150 
598.7185 525.5384 315.8944 1.3153 
598.7948 525.0460 315.9659 1.3156 
598.8784 524.5367 316.0409 1.3160 
598.9752 524.0020 316.1194 1.3163 
599.0906 523.4340 316.2008 1.3167 
599.2359 522.8342 316.2843 1.3171 
599.4152 522.2009 316.3683 1.3174 
599.6361 521.5374 316.4524 1.3178 
599.8954 520.8557 316.5364 1.3182 
600.2030 520.1717 316.6210 1.3185 
600.5518 519.5162 316.7058 1.3189 
600.9130 518.9338 316.7905 1.3194 
601.2422 518.4680 316.8758 1.3199 
601.5043 518.1447 316.9610 1.3205 
601.6903 517.9586 317.0478 1.3211 
601.8038 517.8879 317.1388 1.3218 
601.8458 517.9130 317.2374 1.3224 
601.8151 518.0256 317.3461 1.3230 
601.7036 518.2154 317.4661 1.3236 
601.5212 518.4531 317.5936 1.3241 
601.2818 518.7133 317.7285 1.3246 
601.0027 518.9945 317.8739 1.3251 
600.7318 519.2841 318.0352 1.3257 
600.4918 519.5839 318.2114 1.3262 
600.3021 519.8539 318.3944 1.3267 
600.1281 520.0692 318.5733 1.3271 
599.9456 520.2427 318.7411 1.3275 
599.7539 520.3945 318.8975 1.3279 
599.5471 520.5492 319.0440 1.3283 
599.3356 520.7150 319.1838 1.3289 
599.1181 520.8774 319.3197 1.3294 
598.9172 521.0064 319.4561 1.3300 
598.7602 521.0856 319.5968 1.3306 
598.6561 521.1077 319.7471 1.3311 
598.5759 521.0914 319.9113 1.3317 
598.4894 521.0672 320.0889 1.3322 
598.4288 521.0272 320.2706 1.3327 
598.4321 520.9520 320.4428 1.3332 
598.4981 520.8528 320.5975 1.3336 
598.6004 520.7652 320.7324 1.3340 
598.7368 520.6930 320.8510 1.3343 
598.8958 520.6133 320.9585 1.3344 
599.0715 520.5061 321.0628 1.3343 
599.2646 520.3436 321.1697 1.3340 
599.4739 520.1297 321.2860 1.3335 
599.7102 519.8684 321.4162 1.3329 
599.9806 519.5684 321.5633 1.3322 
600.2800 519.2459 321.7257 1.3314 
600.5862 518.9338 321.8969 1.3305 
600.8698 518.6714 322.0724 1.3297 
601.1039 518.4699 322.2525 1.3290 
601.2643 518.3200 322.4377 1.3284 
601.3304 518.2479 322.6253 1.3279 
601.3050 518.2901 322.8082 1.3276 
601.2386 518.4633 322.9762 1.3274 
601.1764 518.7398 323.1216 1.3272 
601.1411 519.0707 323.2443 1.3270 
601.1466 519.4186 323.3507 1.3269 
601.1975 519.7432 323.4494 1.3268 
601.3010 520.0141 323.5467 1.3267 
601.4511 520.2111 323.6452 1.3266 
601.6602 520.3216 323.7480 1.3265 
601.9214 520.3573 323.8569 1.3263 
602.2174 520.3318 323.9716 1.3260 
602.5319 520.2571 324.0914 1.3257 
602.8483 520.1490 324.2138 1.3253 
603.1525 520.0270 324.3359 1.3248 
603.4306 519.9143 324.4568 1.3244 
603.6676 519.8303 324.5770 1.3240 
603.8500 519.7895 324.6975 1.3237 
603.9727 519.7990 324.8177 1.3235 
604.0258 519.8599 324.9379 1.3233 
604.0002 519.9648 325.0581 1.3231 
603.8907 520.1006 325.1778 1.3229 
603.7024 520.2558 325.2964 1.3227 
603.4576 520.4161 325.4146 1.3225 
603.1688 520.5883 325.5314 1.3222 
602.8439 520.7862 325.6466 1.3220 
602.4991 521.0189 325.7593 1.3217 
602.1471 521.2853 325.8676 1.3216 
601.8001 521.5785 325.9697 1.3216 
601.4761 521.8845 326.0654 1.3217 
601.1869 522.2019 326.1536 1.3219 
600.9393 522.5337 326.2342 1.3222 
600.7203 522.8843 326.3084 1.3225 
600.5260 523.2411 326.3769 1.3230 
600.3489 523.5940 326.4422 1.3234 
600.1898 523.9280 326.5058 1.3239 
600.0505 524.2342 326.5688 1.3244 
599.9289 524.4996 326.6314 1.3248 
599.8243 524.7163 326.6935 1.3253 
599.7328 524.8811 326.7547 1.3258 
599.6502 525.0027 326.8149 1.3262 
599.5713 525.0868 326.8736 1.3267 
599.4903 525.1406 326.9309 1.3272 
599.3992 525.1788 326.9862 1.3276 
599.2933 525.2056 327.0397 1.3280 
599.1760 525.2211 327.0921 1.3285 
599.0594 525.2200 327.1442 1.3289 
598.9549 525.1957 327.1966 1.3294 
598.8686 525.1454 327.2502 1.3298 
598.8008 525.0694 327.3057 1.3303 
598.7483 524.9659 327.3641 1.3308 
598.7087 524.8326 327.4262 1.3313 
598.6837 524.6660 327.4928 1.3319 
598.6788 524.4617 327.5640 1.3324 
598.6976 524.2171 327.6391 1.3330 
598.7405 523.9317 327.7173 1.3335 
598.8039 523.6067 327.7978 1.3341 
598.8851 523.2445 327.8808 1.3346 
598.9754 522.8529 327.9671 1.3351 
599.0604 522.4429 328.0583 1.3356 
599.1210 522.0286 328.1547 1.3360 
599.1433 521.6306 328.2554 1.3364 
599.1071 521.2672 328.3595 1.3369 
599.0002 520.9591 328.4654 1.3374 
598.8272 520.7235 328.5700 1.3381 
598.6054 520.5730 328.6698 1.3389 
598.3510 520.5092 328.7623 1.3399 
598.0948 520.5249 328.8461 1.3410 
597.8684 520.6024 328.9201 1.3422 
597.6934 520.7247 328.9844 1.3434 
597.5803 520.8745 329.0403 1.3446 
597.5361 521.0357 329.0893 1.3456 
597.5684 521.1961 329.1331 1.3466 
597.6799 521.3487 329.1733 1.3475 
597.8722 521.4883 329.2104 1.3483 
598.1489 521.6160 329.2461 1.3491 
598.5081 521.7307 329.2810 1.3497 
598.9504 521.8282 329.3154 1.3503 
599.4717 521.9052 329.3497 1.3507 
600.0604 521.9611 329.3841 1.3511 
600.6955 521.9988 329.4186 1.3514 
601.3503 522.0231 329.4530 1.3516 
602.0006 522.0376 329.4872 1.3518 
602.6216 522.0486 329.5215 1.3520 
603.1983 522.0566 329.5558 1.3522 
603.7235 522.0632 329.5903 1.3524 
604.1933 522.0704 329.6249 1.3526 
604.6110 522.0782 329.6597 1.3528 
604.9824 522.0848 329.6953 1.3531 
605.3122 522.0913 329.7319 1.3532 
605.6040 522.1031 329.7705 1.3534 
605.8617 522.1179 329.8104 1.3535 
606.0889 522.1328 329.8514 1.3536 
606.2898 522.1468 329.8928 1.3536 
606.4714 522.1564 329.9345 1.3535 
606.6420 522.1583 329.9756 1.3533 
606.8069 522.1473 330.0160 1.3530 
606.9725 522.1235 330.0554 1.3526 
607.1401 522.0871 330.0933 1.3522 
607.3113 522.0396 330.1291 1.3516 
607.4934 521.9774 330.1626 1.3510 
607.6874 521.9006 330.1933 1.3503 
607.8905 521.8142 330.2206 1.3496 
608.0993 521.7209 330.2452 1.3488 
608.3135 521.6292 330.2671 1.3480 
608.5244 521.5447 330.2875 1.3472 
608.7202 521.4798 330.3071 1.3464 
608.8909 521.4379 330.3263 1.3456 
609.0307 521.4230 330.3450 1.3447 
609.1397 521.4339 330.3632 1.3439 
609.2212 521.4677 330.3810 1.3431 
609.2825 521.5211 330.3978 1.3423 
609.3319 521.5885 330.4132 1.3415 
609.3741 521.6692 330.4270 1.3406 
609.4089 521.7639 330.4390 1.3397 
609.4317 521.8749 330.4483 1.3388 
609.4371 522.0048 330.4549 1.3379 
609.4184 522.1501 330.4590 1.3370 
609.3732 522.3101 330.4612 1.3362 
609.2997 522.4811 330.4616 1.3354 
609.2016 522.6617 330.4599 1.3347 
609.0739 522.8560 330.4564 1.3340 
608.9123 523.0713 330.4517 1.3334 
608.7129 523.3156 330.4461 1.3328 
608.4743 523.5961 330.4402 1.3322 
608.2009 523.9172 330.4341 1.3317 
607.8986 524.2832 330.4282 1.3311 
607.5717 524.6941 330.4231 1.3305 
607.2167 525.1514 330.4190 1.3299 
606.8313 525.6528 330.4165 1.3293 
606.4105 526.1967 330.4152 1.3287 
605.9599 526.7808 330.4153 1.3281 
605.4799 527.3993 330.4172 1.3276 
604.9732 528.0507 330.4214 1.3271 
604.4425 528.7289 330.4279 1.3267 
603.8942 529.4286 330.4369 1.3264 
603.3340 530.1469 330.4479 1.3262 
602.7691 530.8797 330.4607 1.3260 
602.2076 531.6253 330.4744 1.3259 
601.6581 532.3825 330.4880 1.3259 
601.1276 533.1514 330.5006 1.3258 
600.6224 533.9307 330.5114 1.3258 
600.1452 534.7248 330.5195 1.3258 
599.6938 535.5332 330.5240 1.3258 
599.2675 536.3572 330.5242 1.3258 
598.8698 537.1945 330.5206 1.3259 
598.5041 538.0427 330.5129 1.3260 
598.1736 538.8996 330.5012 1.3261 
597.8777 539.7616 330.4859 1.3263 
597.6209 540.6269 330.4669 1.3265 
597.4044 541.4922 330.4445 1.3267 
597.2307 542.3536 330.4191 1.3270 
597.1035 543.2057 330.3913 1.3273 
597.0274 544.0431 330.3610 1.3276 
597.0062 544.8596 330.3286 1.3280 
597.0431 545.6510 330.2939 1.3284 
597.1410 546.4133 330.2569 1.3287 
597.2978 547.1454 330.2172 1.3291 
597.5158 547.8415 330.1749 1.3295 
597.7954 548.4966 330.1300 1.3298 
598.1327 549.1046 330.0820 1.3301 
598.5226 549.6621 330.0311 1.3303 
598.9573 550.1651 329.9772 1.3305 
599.4312 550.6123 329.9209 1.3306 
599.9360 550.9997 329.8629 1.3307 
600.4644 551.3273 329.8033 1.3307 
601.0032 551.6018 329.7431 1.3307 
601.5322 551.8383 329.6835 1.3307 
602.0268 552.0579 329.6256 1.3306 
602.4662 552.2806 329.5703 1.3304 
602.8401 552.5132 329.5173 1.3303 
603.1470 552.7588 329.4660 1.3302 
603.3859 553.0163 329.4156 1.3300 
603.5616 553.2824 329.3655 1.3298 
603.6800 553.5533 329.3151 1.3296 
603.7486 553.8306 329.2634 1.3293 
603.7751 554.1124 329.2097 1.3290 
603.7669 554.3960 329.1537 1.3287 
603.7306 554.6791 329.0947 1.3283 
603.6719 554.9581 329.0322 1.3279 
603.5914 555.2384 328.9658 1.3274 
603.4910 555.5269 328.8955 1.3270 
603.3709 555.8341 328.8211 1.3265 
603.2271 556.1711 328.7420 1.3260 
