1272.8222 749.6513 5.0433 4.4245 
1272.5638 749.1186 5.1068 4.4229 
1272.3164 748.4796 5.1720 4.4207 
1272.2250 747.8031 5.2350 4.4181 
1272.4785 747.1494 5.2805 4.4153 
1273.2915 746.5212 5.2798 4.4127 
1274.4634 746.2699 5.2737 4.4104 
1275.7221 746.5682 5.2732 4.4085 
1277.2315 747.4935 5.5921 4.4068 
1278.7895 749.2503 5.9312 4.4056 
1280.7429 751.5918 6.2145 4.4046 
1282.8457 754.6276 6.4315 4.4034 
1285.0777 758.2129 6.5896 4.4020 
1287.6170 762.0421 6.6994 4.4003 
1290.1413 766.0586 6.7957 4.3986 
1293.0454 770.3512 6.8794 4.3964 
1296.1585 774.9979 6.9940 4.3936 
1299.2163 780.1367 7.1593 4.3905 
1302.0768 785.7974 7.3296 4.3873 
1304.8179 791.9619 7.5054 4.3842 
1307.7618 798.5827 7.6475 4.3807 
1310.8422 805.5214 7.7673 4.3768 
1313.9996 812.6801 7.8637 4.3722 
1317.1398 820.0810 7.9587 4.3670 
1320.2473 827.6681 8.0445 4.3617 
1323.5151 835.3112 8.0966 4.3563 
1326.8239 843.2002 8.1475 4.3511 
1330.1120 851.2528 8.2039 4.3460 
1333.3602 859.4503 8.2114 4.3408 
1336.5558 867.6725 8.2051 4.3352 
1339.7248 876.0132 8.1892 4.3295 
1342.6573 884.5590 8.1756 4.3238 
1345.7918 892.8687 8.1283 4.3182 
1349.2285 900.9373 8.4798 4.3125 
1352.4124 909.1580 8.8193 4.3072 
1355.7482 916.9199 9.0901 4.3021 
1359.1368 924.4552 9.2697 4.2971 
1362.6359 931.9152 9.3544 4.2922 
1366.1482 939.3000 9.3424 4.2872 
1369.7306 946.5994 9.2687 4.2823 
1373.3964 953.7637 9.1190 4.2773 
1377.2176 960.5346 8.9463 4.2725 
1381.1543 967.0443 8.7312 4.2677 
1385.0975 973.5728 8.4912 4.2634 
1389.2845 979.9013 8.2063 4.2592 
1393.3039 986.2149 7.9317 4.2546 
1397.4133 992.3805 7.6718 4.2496 
1401.7013 998.2657 7.3819 4.2446 
1405.9836 1004.2261 7.1106 4.2398 
1410.7415 1009.6840 6.8223 4.2350 
1415.1008 1015.2089 6.4999 4.2299 
1419.3990 1020.5205 6.1659 4.2248 
1423.8547 1025.6902 5.7871 4.2194 
1428.3214 1030.6200 5.3712 4.2143 
1433.0203 1035.1914 4.9465 4.2094 
1437.9271 1039.5952 4.5276 4.2042 
1442.5973 1043.9595 4.1301 4.1989 
1447.0585 1048.2712 3.7368 4.1936 
1451.5882 1052.2920 3.2905 4.1881 
1456.0882 1056.2440 2.8385 4.1828 
1460.3516 1060.2243 2.5578 4.1777 
1464.6877 1063.7947 2.2804 4.1724 
1469.1018 1067.0933 1.9765 4.1676 
1473.5990 1070.3790 1.7076 4.1630 
1477.6138 1073.7910 1.4689 4.1581 
1481.4959 1077.1344 1.2904 4.1528 
1485.1474 1080.5571 1.1354 4.1474 
1488.7249 1083.8783 1.0140 4.1421 
1492.4823 1086.8115 0.9414 4.1366 
1495.9728 1089.6018 0.8893 4.1309 
1499.4101 1092.2569 0.8302 4.1249 
1502.5863 1094.9733 0.7702 4.1186 
1505.5197 1097.5222 0.7232 4.1121 
1508.2445 1099.8332 0.7159 4.1057 
1510.9154 1101.8484 0.7326 4.0998 
1513.3454 1103.8731 0.7820 4.0938 
1515.6941 1105.8988 0.8732 4.0875 
1517.8995 1107.9172 0.9838 4.0811 
1520.0056 1109.8291 1.1140 4.0740 
1522.0380 1111.6926 1.2354 4.0664 
1523.9751 1113.6587 1.3938 4.0587 
1525.8930 1115.6116 1.5600 4.0515 
1527.6319 1117.6668 1.7115 4.0447 
1529.0342 1119.8949 1.8622 4.0385 
1530.3983 1122.0648 2.0046 4.0330 
1531.7056 1124.0922 2.1527 4.0278 
1533.0341 1125.8802 2.3564 4.0228 
1534.5299 1127.3943 2.5929 4.0180 
1536.3453 1128.6182 2.8477 4.0134 
1538.2716 1129.7064 3.0887 4.0088 
1540.1421 1130.7810 3.3081 4.0043 
1541.8580 1131.9352 3.5079 4.0000 
1543.4897 1133.1337 3.6814 3.9957 
1545.1768 1134.3304 3.8442 3.9916 
1547.0919 1135.4017 4.0177 3.9877 
1549.0719 1136.5600 4.2073 3.9836 
1551.0438 1137.7606 4.4091 3.9792 
1552.9691 1138.9222 4.5959 3.9746 
1554.8693 1139.9832 4.7645 3.9698 
1556.7746 1140.8597 4.9429 3.9651 
1558.5810 1141.6077 5.1296 3.9605 
1560.3644 1142.1578 5.3082 3.9559 
1562.0931 1142.6092 5.4442 3.9512 
1563.6880 1143.0365 5.5097 3.9465 
1565.1883 1143.6039 5.2155 3.9419 
1566.3182 1144.6013 4.9567 3.9373 
1567.3246 1145.8199 4.7307 3.9332 
1568.4189 1146.9354 4.5288 3.9286 
1569.7424 1147.7763 4.3470 3.9240 
1570.9883 1148.5998 4.1564 3.9193 
1571.7599 1149.6060 3.9418 3.9146 
1572.0946 1150.8011 3.7281 3.9099 
1572.3815 1151.9227 3.5281 3.9051 
1572.6043 1152.9976 3.3175 3.8999 
1572.6019 1153.8344 3.0659 3.8947 
1572.6131 1154.1804 2.7699 3.8896 
1572.8243 1154.2196 2.3053 3.8848 
1572.9164 1154.5400 1.8610 3.8799 
1572.7961 1155.2052 1.4255 3.8751 
1572.6642 1155.6866 1.0070 3.8704 
1572.4990 1155.8738 0.4892 3.8656 
1572.1804 1155.7779 359.9469 3.8612 
1571.7704 1155.9300 359.4832 3.8566 
1571.6909 1156.0383 359.0276 3.8518 
1571.8135 1155.9998 358.5495 3.8469 
1571.4387 1156.2054 358.0971 3.8419 
1570.7837 1156.3522 357.7168 3.8374 
1570.1360 1156.0976 357.3180 3.8331 
1569.7534 1155.5247 356.8956 3.8289 
1569.4689 1155.1647 356.4867 3.8249 
1569.2758 1155.1230 356.1341 3.8207 
1569.1783 1155.1854 355.8014 3.8161 
1569.0846 1155.1478 355.4651 3.8111 
1568.8978 1154.9667 355.1090 3.8064 
1568.4828 1154.6381 354.7667 3.8024 
1567.9135 1154.3649 354.4141 3.7989 
1567.1696 1154.3307 354.0450 3.7957 
1566.3690 1154.4489 353.6979 3.7926 
1565.4836 1154.6745 353.4481 3.7889 
1564.5553 1154.8205 353.2742 3.7849 
1563.6382 1154.7490 353.1232 3.7806 
1562.6843 1154.3552 352.9657 3.7763 
1561.6660 1153.6412 352.8078 3.7718 
1560.6802 1152.6907 352.6951 3.7676 
1559.7126 1151.5425 352.6283 3.7635 
1558.6522 1150.2662 352.6075 3.7598 
1557.4013 1149.0430 352.6116 3.7562 
1555.8513 1148.1124 352.6174 3.7527 
1554.0235 1147.5302 352.6073 3.7490 
1552.0081 1147.1789 352.5707 3.7453 
1549.9680 1146.9308 352.4932 3.7416 
1548.0443 1146.6766 352.3865 3.7382 
1546.3244 1146.4725 352.2856 3.7351 
1544.7839 1146.3824 352.2074 3.7321 
1543.4085 1146.2616 352.1574 3.7291 
1542.1009 1146.1052 352.1129 3.7261 
1540.8623 1145.8982 352.0609 3.7232 
1539.5911 1145.5722 351.9819 3.7203 
1538.2633 1145.1197 351.8780 3.7175 
1536.9312 1144.4908 351.7604 3.7150 
1535.6082 1143.5789 351.6432 3.7130 
1534.2979 1142.3998 351.5368 3.7117 
1532.9782 1141.0217 351.4361 3.7110 
1531.6359 1139.4871 351.3391 3.7109 
1530.2993 1137.7997 351.2317 3.7112 
1528.9188 1135.9710 351.1035 3.7118 
1527.5211 1133.9718 350.9489 3.7126 
1526.1359 1131.8463 350.7633 3.7134 
1524.7707 1129.6096 350.5512 3.7141 
1523.4861 1127.2912 350.3140 3.7147 
1522.2955 1124.9196 350.0470 3.7151 
1521.0445 1122.6945 349.7668 3.7153 
1519.7025 1120.6945 349.4867 3.7152 
1518.2306 1118.9034 349.2087 3.7151 
1516.6920 1117.2581 348.9343 3.7150 
1515.0498 1115.8350 348.6937 3.7152 
1513.4082 1114.6414 348.5074 3.7158 
1511.6868 1113.6461 348.3623 3.7167 
1509.8126 1112.8845 348.2417 3.7176 
1507.8089 1112.3489 348.1397 3.7183 
1505.5874 1112.0900 348.0388 3.7190 
1503.1932 1112.0607 347.9295 3.7198 
1500.7566 1112.1736 347.7987 3.7206 
1498.2823 1112.4002 347.6413 3.7215 
1495.8550 1112.6948 347.4540 3.7227 
1493.5455 1113.0350 347.2419 3.7242 
1491.3136 1113.3870 347.0218 3.7260 
1489.0576 1113.6779 346.7898 3.7280 
1486.7673 1113.8153 346.5364 3.7300 
1484.2951 1113.7602 346.2573 3.7315 
1481.8133 1113.4655 346.0686 3.7324 
1479.3399 1113.0842 345.8404 3.7327 
1476.9039 1112.6859 345.5884 3.7328 
1474.5748 1112.2849 345.3299 3.7328 
1472.3775 1111.8854 345.0797 3.7330 
1470.1995 1111.5723 344.8414 3.7334 
1467.9549 1111.4365 344.6182 3.7339 
1465.4233 1111.5793 344.4107 3.7346 
1462.5405 1112.1347 344.1995 3.7355 
1459.2729 1113.0659 343.9756 3.7366 
1455.6691 1114.3591 343.7344 3.7377 
1451.9769 1115.8355 343.4671 3.7385 
1448.4323 1117.3018 343.1532 3.7390 
1445.1147 1118.6882 342.8085 3.7393 
1442.0103 1120.1600 342.4749 3.7397 
1439.1351 1121.6420 342.1593 3.7403 
1436.4593 1123.1091 341.8604 3.7408 
1433.7665 1124.5340 341.5839 3.7409 
1431.0874 1125.8770 341.3180 3.7404 
1428.3426 1127.1566 341.0444 3.7393 
1425.5831 1128.3019 340.7750 3.7383 
1422.8844 1129.3329 340.4935 3.7375 
1420.3062 1130.2868 340.1902 3.7370 
1417.9768 1131.0583 339.8680 3.7368 
1415.6914 1131.8703 339.5563 3.7364 
1413.2961 1132.6690 339.2717 3.7358 
1410.8924 1133.2648 339.0051 3.7351 
1408.5639 1133.5904 338.7781 3.7346 
1406.3381 1133.5532 338.5979 3.7344 
1404.3075 1133.0794 338.4743 3.7341 
1402.4745 1132.1761 338.3868 3.7338 
1400.8911 1130.9426 338.3159 3.7335 
1399.5440 1129.4636 338.2450 3.7333 
1398.3137 1127.8740 338.1865 3.7327 
1397.0958 1126.3107 338.1430 3.7316 
1395.9527 1124.8420 338.1116 3.7299 
1394.8735 1123.6038 338.0818 3.7278 
1393.8894 1122.5385 338.0453 3.7253 
1393.0555 1121.5709 337.9965 3.7225 
1392.2790 1120.7619 337.9369 3.7191 
1391.6039 1120.0615 337.8572 3.7151 
1390.9919 1119.4783 337.7492 3.7107 
1390.4673 1118.9603 337.6129 3.7059 
1389.9767 1118.4792 337.4494 3.7009 
1389.5119 1118.0389 337.2639 3.6958 
1389.0388 1117.5726 337.0592 3.6907 
1388.5858 1117.0397 336.8392 3.6859 
1388.0746 1116.4504 336.6235 3.6813 
1387.4132 1115.8330 336.4395 3.6769 
1386.5860 1115.2299 336.2827 3.6727 
1385.5619 1114.6497 336.1195 3.6686 
1384.3411 1114.1396 335.9356 3.6647 
1382.9313 1113.7653 335.7237 3.6611 
1381.3521 1113.4719 335.4916 3.6580 
1379.6440 1113.2928 335.2436 3.6551 
1377.9027 1113.1854 334.9903 3.6524 
1376.1874 1113.1390 334.7406 3.6496 
1374.5755 1113.1176 334.4903 3.6467 
1373.1699 1113.0414 334.2328 3.6437 
1371.8831 1112.9144 333.9633 3.6406 
1370.6915 1112.7029 333.6752 3.6371 
1369.6452 1112.2880 333.3801 3.6335 
1368.7947 1111.5902 333.0754 3.6297 
1368.0931 1110.6808 332.7635 3.6260 
1367.4967 1109.5776 332.4358 3.6224 
1367.0220 1108.2406 331.9817 3.6188 
1366.6425 1106.6797 331.5223 3.6154 
1366.4728 1104.9639 331.0560 3.6121 
1366.5055 1103.1138 330.5870 3.6090 
1366.6675 1101.0961 330.1066 3.6064 
1366.8187 1098.9664 329.6053 3.6045 
1366.8243 1096.7505 329.0979 3.6030 
1366.7034 1094.5649 328.5825 3.6016 
1366.4256 1092.6870 328.0638 3.6001 
1365.9467 1091.1821 327.5755 3.5984 
1365.4155 1089.8578 327.1221 3.5967 
1364.8802 1088.5087 326.8755 3.5953 
1364.4328 1087.0311 326.6399 3.5942 
1364.0222 1085.5315 326.3976 3.5935 
1363.5668 1084.0643 326.1483 3.5930 
1363.0821 1082.5837 325.9022 3.5928 
1362.6281 1080.9601 325.6568 3.5926 
1362.2006 1079.1555 325.4145 3.5926 
1361.9167 1077.0840 325.1666 3.5927 
1361.8543 1074.7877 324.9061 3.5926 
1361.9516 1072.4551 324.6451 3.5922 
1362.0917 1070.1549 324.3946 3.5913 
1362.1792 1067.9392 324.1830 3.5902 
1362.2456 1065.7335 324.0175 3.5889 
1362.3720 1063.3974 323.8826 3.5874 
1362.5503 1060.9315 323.7683 3.5859 
1362.7490 1058.4223 323.6628 3.5843 
1362.9400 1055.9600 323.5600 3.5828 
1363.1299 1053.5835 323.4626 3.5810 
1363.3386 1051.3134 323.3757 3.5789 
1363.5606 1049.1563 323.3012 3.5768 
1363.7674 1047.1118 323.2371 3.5746 
1363.9863 1045.1443 323.1830 3.5726 
1364.2717 1043.2032 323.1324 3.5706 
1364.6237 1041.2695 323.0814 3.5688 
1365.0887 1039.1936 323.0247 3.5670 
1365.6761 1036.9564 322.9614 3.5653 
1366.3614 1034.5970 322.8856 3.5636 
1367.1111 1032.1441 322.7956 3.5619 
1367.9352 1029.5981 322.6892 3.5601 
1368.8213 1026.9760 322.5594 3.5583 
1369.7468 1024.2796 322.4076 3.5564 
1370.6831 1021.5374 322.2461 3.5543 
1371.5716 1018.8053 322.0841 3.5520 
1372.3872 1016.1142 321.9249 3.5496 
1373.1061 1013.4782 321.7662 3.5471 
1373.6858 1010.9525 321.6093 3.5447 
1374.0789 1008.5581 321.4552 3.5425 
1374.2514 1006.3563 321.3011 3.5405 
1374.1866 1004.3306 321.1544 3.5387 
1373.8634 1002.4402 321.0240 3.5371 
1373.2483 1000.6910 320.9139 3.5357 
1372.3331 999.0716 320.8227 3.5345 
1371.1441 997.5633 320.7447 3.5337 
1369.6951 996.1649 320.6716 3.5332 
1368.0307 994.8816 320.5992 3.5330 
1366.1711 993.7563 320.5330 3.5333 
1364.1802 992.7764 320.4795 3.5337 
1362.1753 991.8715 320.4418 3.5343 
1360.2449 991.0378 320.4101 3.5348 
1358.4430 990.2623 320.3768 3.5353 
1356.7856 989.5199 320.3352 3.5357 
1355.2850 988.7925 320.2776 3.5360 
1353.9495 988.0389 320.2046 3.5362 
1352.7540 987.2562 320.1163 3.5363 
1351.6639 986.4394 320.0072 3.5363 
1350.6276 985.6371 319.8791 3.5362 
1349.6073 984.8885 319.7397 3.5361 
1348.5757 984.2891 319.5989 3.5359 
1347.5244 983.8775 319.4631 3.5358 
1346.4611 983.6102 319.3302 3.5356 
1345.4092 983.4523 319.1982 3.5355 
1344.3806 983.4007 319.0628 3.5354 
1343.3863 983.4144 318.9181 3.5353 
1342.3973 983.5319 318.7633 3.5352 
1341.3550 983.7604 318.5988 3.5350 
1340.2114 984.0987 318.4235 3.5346 
1338.9808 984.4903 318.2469 3.5337 
1337.6788 984.8827 318.0817 3.5324 
1336.3445 985.2253 317.9352 3.5307 
1334.9945 985.4653 317.8073 3.5288 
1333.6245 985.6273 317.7017 3.5268 
1332.2308 985.7301 317.6192 3.5246 
1330.7980 985.7994 317.5605 3.5222 
1329.3151 985.8047 317.5302 3.5197 
1327.7280 985.7594 317.5238 3.5171 
1326.0517 985.7045 317.5393 3.5144 
1324.2629 985.6696 317.5641 3.5116 
1322.3450 985.6901 317.5831 3.5088 
1320.3390 985.7388 317.5839 3.5059 
1318.3095 985.7658 317.5612 3.5030 
1316.3424 985.7261 317.5185 3.5000 
1314.4372 985.6810 317.4555 3.4970 
1312.6062 985.6447 317.3766 3.4939 
1310.8885 985.5365 317.2789 3.4910 
1309.3307 985.3006 317.1650 3.4882 
1307.9231 984.9351 317.0315 3.4855 
1306.2696 984.6136 316.9596 3.4831 
1304.1363 984.5025 316.9458 3.4807 
1301.4102 984.7151 316.9837 3.4787 
1298.1443 985.2204 317.0310 3.4775 
1294.3761 986.0517 317.0752 3.4771 
1290.2725 987.1596 317.0709 3.4773 
1285.9971 988.1525 317.0224 3.4785 
1281.5485 989.0367 316.9344 3.4804 
1277.1355 989.8772 316.8507 3.4830 
1272.8520 990.8434 316.7360 3.4859 
1268.7120 991.9915 316.6350 3.4889 
1264.6666 993.3070 316.5705 3.4921 
1260.7575 994.7630 316.5313 3.4954 
1257.1638 996.5892 316.4807 3.4991 
1253.8808 998.7974 316.4418 3.5026 
1250.9156 1001.2934 316.4152 3.5060 
1248.4229 1004.0188 316.4350 3.5090 
1246.2994 1006.7815 316.4691 3.5113 
1244.5168 1009.5338 316.5081 3.5130 
1242.9113 1012.2602 316.5714 3.5142 
1241.4970 1014.9521 316.6498 3.5150 
1240.3196 1017.5880 316.7672 3.5156 
1239.4269 1020.1313 316.9165 3.5159 
1238.6733 1022.5679 317.0912 3.5160 
1238.0194 1024.9187 317.2719 3.5158 
1237.4063 1027.1992 317.4545 3.5155 
1236.7677 1029.4333 317.6427 3.5149 
1236.0643 1031.6328 317.8366 3.5141 
1235.3231 1033.7503 318.0328 3.5132 
1234.4936 1035.8438 318.2286 3.5123 
1233.6832 1037.7939 318.4386 3.5113 
1232.8647 1039.6566 318.6613 3.5100 
1232.0257 1041.4945 318.8937 3.5084 
1231.1690 1043.3468 319.1357 3.5066 
1230.3417 1045.1816 319.3861 3.5047 
1229.5835 1046.9459 319.6355 3.5028 
1228.9308 1048.5837 319.8737 3.5007 
1228.4382 1050.0293 320.1013 3.4985 
1228.1825 1051.1891 320.3214 3.4959 
1228.0996 1052.0508 320.5273 3.4933 
1228.1686 1052.6312 320.7126 3.4906 
1228.3510 1052.8147 320.8591 3.4879 
1228.5946 1052.6613 320.9690 3.4851 
1228.7985 1052.3424 321.0604 3.4824 
1228.9495 1051.8610 321.1337 3.4797 
1229.0485 1051.2339 321.1951 3.4771 
1229.0659 1050.5121 321.2512 3.4746 
1228.9804 1049.7677 321.3076 3.4722 
1228.7784 1049.0529 321.3631 3.4700 
1228.4813 1048.3346 321.4013 3.4677 
1228.1034 1047.6477 321.4245 3.4654 
1227.6520 1047.0225 321.4366 3.4629 
1227.1508 1046.4470 321.4395 3.4602 
1226.5981 1045.9011 321.4337 3.4572 
1225.9792 1045.3875 321.4078 3.4543 
1225.3937 1044.8438 321.3605 3.4519 
1224.8368 1044.2683 321.2989 3.4498 
1224.3515 1043.6549 321.2269 3.4480 
1223.9318 1042.9982 321.1439 3.4467 
1223.5660 1042.3009 321.0489 3.4456 
1223.0997 1041.6573 320.9381 3.4450 
1222.5701 1041.0334 320.8120 3.4448 
1221.9459 1040.4157 320.6735 3.4451 
1221.2202 1039.7871 320.5281 3.4456 
1220.3796 1039.1359 320.3823 3.4464 
1219.4191 1038.4551 320.2411 3.4474 
1218.3425 1037.7468 320.1065 3.4486 
1217.1696 1037.0149 319.9765 3.4502 
1215.9362 1036.2428 319.8458 3.4522 
1214.6726 1035.4422 319.7072 3.4544 
1213.3925 1034.5989 319.5604 3.4568 
1212.0963 1033.7150 319.4081 3.4593 
1210.7900 1032.7876 319.2551 3.4618 
1209.4627 1031.8504 319.1048 3.4644 
1208.1201 1030.8837 318.9579 3.4671 
1206.7266 1029.9237 318.8152 3.4698 
1205.2917 1028.9451 318.6768 3.4726 
1203.8565 1027.8999 318.5521 3.4753 
1202.4072 1026.8129 318.4490 3.4779 
1200.9215 1025.6424 318.3683 3.4805 
1199.3992 1024.4107 318.3106 3.4830 
1197.8360 1023.2424 318.2816 3.4853 
1196.2522 1022.1505 318.2785 3.4875 
1194.6809 1021.1557 318.2825 3.4893 
1193.1324 1020.2503 318.2831 3.4909 
1191.6385 1019.4893 318.2784 3.4923 
1190.2211 1018.8504 318.2647 3.4935 
1188.8822 1018.3076 318.2401 3.4945 
1187.6543 1017.9061 318.2097 3.4954 
1186.5124 1017.6950 318.1773 3.4962 
1185.4286 1017.6999 318.1522 3.4967 
1184.3779 1017.9018 318.1353 3.4971 
1183.3461 1018.2691 318.1277 3.4973 
1182.3506 1018.7275 318.1268 3.4972 
1181.4406 1019.2099 318.1401 3.4969 
1180.6786 1019.5696 318.1852 3.4962 
1180.0577 1019.7726 318.2582 3.4950 
1179.5139 1019.8251 318.3478 3.4936 
1178.9653 1020.1542 318.4576 3.4918 
1178.4495 1020.8236 318.5888 3.4896 
1178.0106 1021.7856 318.7312 3.4872 
1177.6592 1022.9739 318.8743 3.4845 
1177.3435 1024.3683 319.0085 3.4816 
1177.0215 1025.9532 319.1286 3.4786 
1176.6943 1027.6286 319.2430 3.4753 
1176.3292 1029.3687 319.3510 3.4719 
1175.9213 1031.1354 319.4536 3.4683 
1175.4861 1032.8699 319.5502 3.4646 
1175.0709 1034.5229 319.6456 3.4608 
1174.6808 1036.0627 319.7407 3.4571 
1174.3645 1037.4567 319.8390 3.4534 
1174.1688 1038.6777 319.9426 3.4499 
1174.1276 1039.7637 320.0611 3.4464 
1174.2627 1040.7073 320.1932 3.4429 
1174.5761 1041.5039 320.3343 3.4395 
1175.0460 1042.1611 320.4795 3.4361 
1175.6423 1042.6909 320.6236 3.4327 
1176.3464 1043.0973 320.7636 3.4294 
1177.1160 1043.3729 320.9015 3.4260 
1177.9567 1043.4936 321.0410 3.4226 
1178.8672 1043.4460 321.1850 3.4190 
1179.8243 1043.2425 321.3328 3.4151 
1180.7827 1042.9406 321.4815 3.4111 
1181.6921 1042.6036 321.6266 3.4071 
1182.5354 1042.2675 321.7651 3.4030 
1183.3189 1042.0418 321.9087 3.3992 
1184.0467 1041.9120 322.0523 3.3956 
1184.7323 1041.8486 322.1944 3.3922 
1185.3951 1041.8245 322.3297 3.3889 
1186.0333 1041.8423 322.4526 3.3859 
1186.6454 1041.9128 322.5586 3.3831 
1187.2509 1042.0702 322.6577 3.3805 
1187.8318 1042.3401 322.7514 3.3780 
1188.3750 1042.7217 322.8449 3.3755 
1188.8745 1043.1933 322.9411 3.3730 
1189.3338 1043.7120 323.0384 3.3704 
1189.7656 1044.2461 323.1365 3.3677 
1190.1837 1044.7680 323.2384 3.3648 
1190.5973 1045.2576 323.3475 3.3618 
1191.0161 1045.6811 323.4645 3.3586 
1191.4678 1046.0062 323.5927 3.3551 
1191.9754 1046.2263 323.7336 3.3515 
1192.5396 1046.3638 323.8841 3.3476 
1193.1596 1046.4351 324.0384 3.3437 
1193.8131 1046.4449 324.1908 3.3398 
1194.4681 1046.4076 324.3412 3.3358 
1195.1010 1046.3054 324.4917 3.3317 
1195.6853 1046.1342 324.6403 3.3276 
1196.2139 1045.9057 324.7832 3.3237 
1196.7051 1045.6355 324.9211 3.3200 
1197.1763 1045.3680 325.0485 3.3167 
1197.6388 1045.0967 325.1683 3.3138 
1198.0962 1044.7992 325.2849 3.3112 
1198.5406 1044.4665 325.4018 3.3089 
1198.9615 1044.1048 325.5187 3.3069 
1199.3578 1043.7218 325.6350 3.3052 
1199.7828 1043.2722 325.7470 3.3040 
1200.2432 1042.7510 325.8541 3.3031 
1200.7407 1042.1494 325.9567 3.3027 
1201.2743 1041.4492 326.0567 3.3024 
1201.8379 1040.6263 326.1577 3.3024 
1202.4201 1039.6586 326.2628 3.3023 
1203.0052 1038.5479 326.3728 3.3023 
1203.5858 1037.3077 326.4864 3.3023 
1204.1599 1035.9488 326.6035 3.3023 
1204.7307 1034.4905 326.7231 3.3024 
1205.2890 1032.9511 326.8451 3.3025 
1205.8422 1031.3404 326.9683 3.3027 
1206.4057 1029.6563 327.0937 3.3028 
1206.9990 1027.8992 327.2215 3.3029 
1207.5542 1026.1329 327.3472 3.3031 
1208.0507 1024.4095 327.4663 3.3035 
1208.5013 1022.7567 327.5748 3.3041 
1208.9196 1021.1944 327.6703 3.3049 
1209.3205 1019.7316 327.7504 3.3058 
1209.7143 1018.3638 327.8144 3.3068 
1210.0971 1017.0760 327.8632 3.3079 
1210.4593 1015.8582 327.8969 3.3089 
1210.7424 1014.7735 327.9125 3.3098 
1210.9242 1013.8360 327.9101 3.3105 
1210.9900 1013.0545 327.8902 3.3109 
1210.9154 1012.4359 327.8543 3.3110 
1210.6833 1011.9865 327.8029 3.3109 
1210.2986 1011.7074 327.7385 3.3105 
1209.7734 1011.6014 327.6662 3.3100 
1209.1555 1011.6463 327.5928 3.3094 
1208.4937 1011.8159 327.5239 3.3088 
1207.8007 1012.1063 327.4647 3.3082 
1207.0649 1012.5304 327.4172 3.3076 
1206.2712 1013.0869 327.3816 3.3071 
1205.4221 1013.7603 327.3556 3.3067 
1204.5189 1014.5264 327.3361 3.3062 
1203.5582 1015.3647 327.3201 3.3057 
1202.5436 1016.2544 327.3064 3.3053 
1201.4855 1017.1695 327.2932 3.3048 
1200.3956 1018.0791 327.2777 3.3044 
1199.2757 1018.9740 327.2602 3.3040 
1198.1267 1019.8484 327.2407 3.3037 
1196.9451 1020.6994 327.2199 3.3034 
1195.7272 1021.5249 327.1984 3.3032 
1194.4773 1022.3210 327.1772 3.3030 
1193.2025 1023.0751 327.1573 3.3030 
1191.9168 1023.7755 327.1388 3.3030 
1190.6249 1024.4117 327.1228 3.3031 
1189.3335 1024.9767 327.1104 3.3033 
1188.0444 1025.4616 327.1033 3.3036 
1186.7739 1025.8591 327.1038 3.3039 
1185.5258 1026.1665 327.1135 3.3043 
1184.3012 1026.3873 327.1325 3.3047 
1183.0878 1026.5237 327.1598 3.3052 
1181.8875 1026.5819 327.1952 3.3057 
1180.7062 1026.5506 327.2373 3.3063 
1179.5598 1026.4162 327.2851 3.3068 
1178.4737 1026.1633 327.3369 3.3074 
1177.4725 1025.7827 327.3906 3.3080 
1176.5692 1025.2748 327.4447 3.3086 
1175.7775 1024.6522 327.4962 3.3092 
1175.0952 1023.9225 327.5453 3.3099 
1174.5203 1023.0950 327.5926 3.3106 
1174.0512 1022.1777 327.6395 3.3113 
1173.6859 1021.1776 327.6866 3.3120 
1173.4204 1020.1034 327.7338 3.3128 
1173.2506 1018.9703 327.7804 3.3136 
1173.1692 1017.7929 327.8242 3.3144 
1173.1768 1016.5864 327.8637 3.3152 
1173.2725 1015.3707 327.8982 3.3160 
1173.4473 1014.1787 327.9286 3.3168 
1173.6710 1013.0562 327.9556 3.3178 
1173.8997 1012.0533 327.9795 3.3188 
1174.0840 1011.2064 327.9976 3.3198 
1174.1371 1010.5836 328.0296 3.3210 
1174.0384 1010.1887 328.0773 3.3225 
1173.7805 1010.0201 328.1413 3.3240 
1173.3613 1010.0784 328.2231 3.3255 
1172.7737 1010.3752 328.3258 3.3270 
1172.0185 1010.9130 328.4510 3.3286 
1171.1033 1011.6886 328.5978 3.3301 
1170.0448 1012.6864 328.7653 3.3315 
1168.8776 1013.8863 328.9548 3.3330 
1167.6445 1015.2582 329.1687 3.3345 
1166.3997 1016.7523 329.4025 3.3360 
1165.2104 1018.2784 329.6424 3.3374 
1164.0799 1019.7664 329.8693 3.3388 
1162.9629 1021.1986 330.0718 3.3403 
1161.8592 1022.5678 330.2455 3.3418 
1160.7587 1023.9023 330.3916 3.3435 
1159.6409 1025.2387 330.5160 3.3453 
1158.4727 1026.5980 330.6263 3.3473 
1157.2564 1027.9756 330.7305 3.3493 
1156.0610 1029.3353 330.8342 3.3512 
1154.9743 1030.6281 330.9423 3.3531 
1154.0087 1031.8535 331.0590 3.3548 
1153.0844 1033.0879 331.1868 3.3564 
1152.1486 1034.4028 331.3183 3.3580 
1151.2596 1035.7737 331.4375 3.3594 
1150.4540 1037.1693 331.5309 3.3608 
1149.7282 1038.5912 331.5906 3.3621 
1149.0921 1040.0286 331.6182 3.3631 
1148.5544 1041.4385 331.6174 3.3639 
1148.1335 1042.7617 331.5953 3.3643 
1147.8354 1043.9378 331.5599 3.3644 
1147.6499 1044.9477 331.5216 3.3640 
1147.5691 1045.7895 331.4908 3.3633 
1147.5827 1046.4496 331.4840 3.3623 
1147.6809 1046.9362 331.5049 3.3611 
1147.8323 1047.2962 331.5484 3.3598 
1147.9754 1047.6435 331.6024 3.3584 
1148.0497 1048.0710 331.6620 3.3571 
1148.0067 1048.6091 331.7239 3.3559 
1147.8196 1049.2756 331.7882 3.3549 
1147.4830 1050.1174 331.8501 3.3541 
1147.0652 1051.1573 331.8973 3.3534 
1146.6499 1052.3696 331.9150 3.3527 
1146.3082 1053.6970 331.8959 3.3520 
1146.0860 1055.0843 331.8422 3.3513 
1146.0073 1056.4648 331.7615 3.3507 
1146.0934 1057.7698 331.6611 3.3500 
1146.3485 1058.9441 331.5477 3.3493 
1146.7618 1059.9554 331.4269 3.3485 
1147.3318 1060.7974 331.3054 3.3476 
1148.0455 1061.4798 331.1878 3.3465 
1148.8814 1062.0206 331.0753 3.3453 
1149.7952 1062.4511 330.9651 3.3440 
1150.7199 1062.8173 330.8544 3.3425 
1151.5824 1063.1732 330.7409 3.3410 
1152.3176 1063.5722 330.6230 3.3395 
1152.8780 1064.0618 330.4991 3.3380 
1153.2337 1064.6703 330.3667 3.3366 
1153.3672 1065.4056 330.2241 3.3353 
1153.2737 1066.2541 330.0705 3.3341 
1152.9777 1067.1732 329.9085 3.3330 
1152.5256 1068.1064 329.7435 3.3318 
1151.9767 1069.0038 329.5812 3.3306 
1151.3727 1069.8475 329.4240 3.3293 
1150.7370 1070.6474 329.2721 3.3279 
1150.0885 1071.4253 329.1241 3.3265 
1149.4437 1072.2020 328.9781 3.3252 
1148.8166 1072.9911 328.8307 3.3239 
1148.2312 1073.7859 328.6792 3.3227 
1147.7146 1074.5800 328.5192 3.3217 
1147.2986 1075.3686 328.3484 3.3207 
1146.9771 1076.1582 328.1661 3.3198 
1146.7384 1076.9453 327.9740 3.3189 
1146.5698 1077.7165 327.7743 3.3181 
1146.4607 1078.4531 327.5690 3.3172 
1146.4000 1079.1421 327.3601 3.3162 
1146.3724 1079.7740 327.1486 3.3154 
1146.3586 1080.3439 326.9355 3.3145 
1146.3385 1080.8522 326.7217 3.3138 
1146.2942 1081.3062 326.5081 3.3133 
1146.2105 1081.7115 326.2952 3.3128 
1146.0758 1082.0777 326.0832 3.3126 
1145.8793 1082.4236 325.8713 3.3124 
1145.6158 1082.7594 325.6593 3.3123 
1145.2833 1083.0906 325.4463 3.3123 
1144.8865 1083.4175 325.2310 3.3125 
1144.4356 1083.7371 325.0130 3.3128 
1143.9572 1084.0336 324.7919 3.3132 
1143.4965 1084.2752 324.5671 3.3137 
1143.0700 1084.4429 324.3392 3.3144 
1142.6759 1084.5252 324.1104 3.3151 
1142.3045 1084.5149 323.8834 3.3160 
1141.9464 1084.4048 323.6602 3.3169 
1141.5941 1084.1885 323.4427 3.3180 
1141.2450 1083.8625 323.2314 3.3192 
1140.9009 1083.4244 323.0260 3.3204 
1140.5705 1082.8725 322.8260 3.3217 
1140.2598 1082.2079 322.6310 3.3230 
1139.9636 1081.4432 322.4418 3.3243 
1139.6608 1080.6046 322.2582 3.3256 
1139.3094 1079.7245 322.0820 3.3269 
1138.8715 1078.8416 321.9138 3.3282 
1138.3180 1077.9930 321.7527 3.3295 
1137.6388 1077.2087 321.5950 3.3309 
1136.8349 1076.5193 321.4352 3.3326 
1135.9199 1075.9544 321.2697 3.3344 
1134.9207 1075.5278 321.0976 3.3364 
1133.8723 1075.2400 320.9187 3.3386 
1132.8058 1075.0770 320.7334 3.3409 
1131.7485 1075.0162 320.5432 3.3432 
1130.7336 1075.0236 320.3488 3.3454 
1129.7956 1075.0609 320.1510 3.3476 
1128.9809 1075.0915 319.9496 3.3496 
1128.3146 1075.0909 319.7455 3.3516 
1127.8165 1075.0479 319.5407 3.3536 
1127.4924 1074.9513 319.3363 3.3554 
1127.3450 1074.7915 319.1331 3.3571 
1127.3692 1074.5683 318.9323 3.3587 
1127.5485 1074.2854 318.7355 3.3601 
1127.8573 1073.9485 318.5437 3.3613 
1128.2614 1073.5629 318.3569 3.3623 
1128.7237 1073.1327 318.1751 3.3631 
1129.2080 1072.6614 317.9977 3.3638 
1129.6738 1072.1592 317.8240 3.3645 
1130.0886 1071.6350 317.6539 3.3651 
1130.4278 1071.0980 317.4865 3.3656 
1130.6792 1070.5520 317.3221 3.3661 
1130.8402 1069.9963 317.1607 3.3666 
1130.9111 1069.4298 317.0027 3.3671 
1130.8945 1068.8565 316.8491 3.3675 
1130.7967 1068.2723 316.6999 3.3679 
1130.6280 1067.6718 316.5551 3.3682 
1130.4058 1067.0485 316.4142 3.3684 
1130.1455 1066.3975 316.2773 3.3685 
1129.8630 1065.7148 316.1433 3.3684 
1129.5722 1064.9960 316.0116 3.3682 
1129.2853 1064.2405 315.8811 3.3678 
1129.0068 1063.4481 315.7508 3.3672 
1128.7384 1062.6224 315.6193 3.3664 
1128.4905 1061.7624 315.4852 3.3656 
1128.2683 1060.8706 315.3461 3.3645 
1128.0752 1059.9518 315.1999 3.3633 
1127.9096 1059.0139 315.0455 3.3621 
1127.7655 1058.0723 314.8822 3.3607 
1127.6245 1057.1424 314.7110 3.3592 
1127.4596 1056.2482 314.5330 3.3577 
1127.2407 1055.4092 314.3492 3.3561 
1126.9411 1054.6422 314.1611 3.3546 
1126.5495 1053.9527 313.9695 3.3531 
1126.0704 1053.3370 313.7752 3.3516 
1125.5226 1052.7850 313.5778 3.3501 
1124.9430 1052.2736 313.3758 3.3486 
1124.3683 1051.7832 313.1675 3.3471 
1123.8122 1051.3100 312.9521 3.3457 
1123.2667 1050.8628 312.7290 3.3442 
1122.7154 1050.4519 312.4987 3.3427 
1122.1437 1050.0763 312.2621 3.3412 
1121.5475 1049.7335 312.0213 3.3398 
1120.9169 1049.4231 311.7777 3.3384 
1120.2389 1049.1558 311.5319 3.3371 
1119.4893 1048.9519 311.2855 3.3358 
1118.6445 1048.8346 311.0403 3.3346 
1117.6880 1048.8226 310.7974 3.3336 
1116.6175 1048.9274 310.5578 3.3325 
1115.4443 1049.1520 310.3220 3.3316 
1114.1855 1049.4944 310.0899 3.3307 
1112.8586 1049.9473 309.8613 3.3298 
1111.4696 1050.5051 309.6361 3.3288 
1110.0182 1051.1620 309.4142 3.3279 
1108.4987 1051.9128 309.1952 3.3270 
1106.9130 1052.7502 308.9794 3.3262 
1105.2624 1053.6624 308.7673 3.3254 
1103.5529 1054.6413 308.5597 3.3248 
1101.7885 1055.6779 308.3577 3.3243 
1099.9744 1056.7666 308.1621 3.3240 
1098.1157 1057.9056 307.9738 3.3238 
1096.2210 1059.0919 307.7930 3.3237 
1094.3028 1060.3243 307.6197 3.3238 
1092.3744 1061.6020 307.4528 3.3240 
1090.4484 1062.9265 307.2913 3.3243 
1088.5362 1064.2979 307.1341 3.3247 
1086.6458 1065.7225 306.9798 3.3251 
1084.7785 1067.2025 306.8270 3.3255 
1082.9341 1068.7418 306.6751 3.3261 
1081.1149 1070.3416 306.5240 3.3267 
1079.3236 1072.0026 306.3738 3.3274 
1077.5652 1073.7246 306.2248 3.3283 
1075.8428 1075.5050 306.0777 3.3292 
1074.1664 1077.3405 305.9328 3.3302 
1072.5432 1079.2250 305.7907 3.3314 
1070.9817 1081.1506 305.6519 3.3326 
1069.4909 1083.1069 305.5171 3.3339 
1068.0806 1085.0827 305.3862 3.3353 
1066.7609 1087.0653 305.2590 3.3367 
1065.5415 1089.0433 305.1351 3.3382 
1064.4330 1091.0049 305.0137 3.3397 
1063.4424 1092.9400 304.8936 3.3412 
1062.5799 1094.8347 304.7740 3.3427 
1061.8542 1096.6755 304.6535 3.3441 
1061.2701 1098.4454 304.5301 3.3454 
1060.8293 1100.1302 304.4029 3.3466 
1060.5303 1101.7154 304.2698 3.3476 
1060.3715 1103.1860 304.1304 3.3486 
1060.3510 1104.5239 303.9852 3.3494 
1060.4632 1105.7197 303.8353 3.3501 
1060.6835 1106.7828 303.6830 3.3506 
1060.9662 1107.7410 303.5312 3.3511 
1061.2567 1108.6306 303.3825 3.3515 
1061.5075 1109.4821 303.2385 3.3518 
1061.6880 1110.3094 303.0994 3.3521 
1061.7823 1111.1198 302.9645 3.3523 
1061.7793 1111.9109 302.8333 3.3525 
1061.6816 1112.6775 302.7044 3.3525 
1061.4958 1113.4125 302.5766 3.3525 
1061.2320 1114.1144 302.4483 3.3525 
1060.9007 1114.7794 302.3185 3.3523 
1060.5138 1115.4038 302.1861 3.3520 
1060.0822 1115.9838 302.0502 3.3516 
1059.6142 1116.5166 301.9092 3.3511 
1059.1116 1117.0093 301.7616 3.3505 
1058.5759 1117.4725 301.6061 3.3498 
1058.0056 1117.9228 301.4411 3.3491 
1057.3946 1118.3799 301.2658 3.3484 
