1225.7531 1188.9850 236.8967 3.0752 
1225.4031 1189.0446 236.7001 3.0769 
1224.9838 1189.2431 236.3929 3.0793 
1224.5679 1189.6175 235.9884 3.0823 
1224.1995 1190.2104 235.4970 3.0859 
1223.9072 1190.9953 234.9355 3.0898 
1223.7603 1192.0048 234.3222 3.0937 
1223.5287 1193.4205 233.6898 3.0974 
1223.2516 1195.1345 232.9486 3.1009 
1223.0848 1197.0432 232.2117 3.1042 
1223.0408 1199.1732 231.4809 3.1070 
1223.1428 1201.4210 230.7101 3.1095 
1223.4923 1203.7782 229.9172 3.1115 
1224.1394 1206.2617 229.0998 3.1128 
1224.8731 1208.8989 228.2754 3.1138 
1225.7743 1211.7000 227.4475 3.1144 
1226.9142 1214.7336 226.6323 3.1147 
1228.0035 1218.1348 225.8353 3.1145 
1229.0420 1221.7887 225.0230 3.1142 
1230.0911 1225.6528 224.2424 3.1134 
1231.1688 1229.8232 223.4687 3.1121 
1232.3616 1234.2086 222.6751 3.1101 
1233.7722 1238.7254 221.8802 3.1074 
1235.2157 1243.5211 221.1080 3.1042 
1236.5584 1248.4403 220.3312 3.1007 
1237.9254 1253.3815 219.5482 3.0969 
1239.1195 1258.4149 218.7776 3.0926 
1240.4424 1263.3711 217.9741 3.0879 
1241.8573 1268.4739 217.1683 3.0827 
1243.5314 1273.6925 216.3575 3.0770 
1245.5206 1278.9359 215.4970 3.0712 
1247.5487 1284.3398 214.6100 3.0652 
1249.7039 1289.6197 213.7110 3.0592 
1252.2063 1294.8587 213.0410 3.0532 
1254.6831 1300.3467 212.3178 3.0474 
1257.0734 1305.8497 211.5787 3.0410 
1259.4363 1311.3497 210.8179 3.0344 
1261.9102 1316.8063 210.0241 3.0275 
1264.6674 1322.0458 209.1808 3.0199 
1267.4462 1327.1494 208.3098 3.0119 
1270.2643 1332.1838 207.4325 3.0042 
1273.4462 1336.8682 206.5747 2.9964 
1276.8732 1341.3488 205.7199 2.9886 
1280.2255 1345.9338 204.8767 2.9808 
1283.7557 1350.3429 204.0051 2.9727 
1287.2363 1354.5963 203.1278 2.9643 
1290.7518 1358.6717 202.2429 2.9557 
1294.5134 1362.3776 201.3492 2.9468 
1298.4655 1365.9104 200.4689 2.9378 
1302.8718 1369.0745 199.5983 2.9285 
1306.9203 1372.3201 198.7298 2.9190 
1311.0549 1375.3959 197.8567 2.9093 
1315.3059 1378.3877 196.9627 2.8990 
1319.6991 1381.2785 196.0482 2.8887 
1324.4856 1383.8302 195.1223 2.8787 
1329.5624 1386.3021 194.1856 2.8685 
1334.6972 1388.7126 193.2367 2.8584 
1339.7086 1391.2210 192.2862 2.8488 
1344.8838 1393.5934 191.3071 2.8393 
1350.2412 1396.0844 190.3975 2.8300 
1355.7361 1398.6276 189.6729 2.8206 
1361.4313 1400.8740 188.9741 2.8112 
1367.4073 1402.8038 188.2557 2.8026 
1373.5808 1404.8429 187.5313 2.7945 
1379.3939 1407.0251 186.8076 2.7866 
1385.1966 1409.0821 186.2041 2.7786 
1390.8979 1411.2460 185.6361 2.7709 
1396.7811 1413.3104 185.1134 2.7636 
1402.7037 1415.1875 184.6401 2.7565 
1408.3929 1417.0380 184.1801 2.7498 
1414.0441 1418.8308 183.6963 2.7433 
1419.4794 1420.7055 183.2173 2.7368 
1424.7717 1422.3991 182.7622 2.7306 
1429.9893 1423.8672 182.3358 2.7245 
1435.1468 1425.2177 181.9383 2.7192 
1440.0115 1426.6799 181.5895 2.7140 
1444.6840 1428.2470 181.2836 2.7088 
1449.1535 1429.9350 181.0069 2.7034 
1453.4325 1431.6930 180.7655 2.6976 
1457.5613 1433.4981 180.5312 2.6915 
1461.5792 1435.3850 180.3239 2.6855 
1465.5410 1437.1864 180.1209 2.6800 
1469.3657 1438.9265 179.9021 2.6748 
1472.7769 1440.8327 179.6953 2.6701 
1476.0433 1442.6707 179.4982 2.6660 
1479.3055 1444.3734 179.3187 2.6621 
1482.5907 1445.8872 179.2144 2.6582 
1485.9796 1447.1853 179.1742 2.6544 
1489.6308 1448.1993 179.1658 2.6507 
1493.4119 1449.0416 179.1635 2.6470 
1497.2403 1449.8233 179.1538 2.6432 
1500.9384 1450.7045 179.1325 2.6394 
1504.4863 1451.7569 179.0853 2.6356 
1508.0963 1452.8822 179.0194 2.6317 
1511.8117 1453.9754 178.9577 2.6277 
1515.4532 1455.2067 178.9101 2.6235 
1518.9566 1456.5053 178.8768 2.6190 
1522.2842 1457.7571 178.8319 2.6142 
1525.4722 1458.8629 178.7757 2.6092 
1528.5016 1459.8218 178.7265 2.6039 
1531.1955 1460.7503 178.6898 2.5986 
1533.6864 1461.5416 178.6590 2.5929 
1535.9971 1462.2513 178.5995 2.5871 
1538.0814 1462.9179 178.4783 2.5812 
1539.9343 1463.6980 177.7993 2.5751 
1541.2965 1464.8987 177.1605 2.5691 
1542.4522 1466.2218 176.5590 2.5635 
1543.5230 1467.4320 175.9855 2.5574 
1544.6628 1468.3249 175.4262 2.5511 
1545.8901 1468.9719 174.8495 2.5445 
1546.7510 1469.6899 174.2582 2.5378 
1547.1008 1470.7879 173.6952 2.5312 
1547.3931 1471.8726 173.1706 2.5245 
1547.6298 1472.9492 172.6697 2.5173 
1547.6811 1473.8447 172.1612 2.5098 
1547.7082 1474.3435 171.6225 2.5024 
1547.7569 1474.6028 170.7943 2.4951 
1547.6630 1475.0276 169.9816 2.4878 
1547.3752 1475.7339 169.1756 2.4807 
1546.9667 1476.3311 168.3919 2.4739 
1546.5875 1476.6437 167.4544 2.4671 
1546.0896 1476.7433 166.4968 2.4607 
1545.5200 1476.8968 165.8261 2.4542 
1545.1067 1476.9790 165.1887 2.4476 
1544.9595 1476.8939 164.5576 2.4409 
1544.5765 1477.1042 163.9362 2.4341 
1543.8300 1477.5089 163.3796 2.4273 
1542.9596 1477.7636 162.7042 2.4207 
1542.3136 1477.7023 162.0086 2.4142 
1541.7600 1477.6659 161.3328 2.4079 
1541.3993 1477.7377 160.6092 2.4016 
1541.0991 1477.9390 159.9484 2.3953 
1540.7380 1478.2042 159.3320 2.3890 
1540.3726 1478.4971 158.7270 2.3828 
1539.8649 1478.6895 158.1351 2.3768 
1539.2914 1478.8240 157.5443 2.3710 
1538.4006 1479.1673 156.9830 2.3648 
1537.1859 1479.6967 156.4755 2.3584 
1535.7393 1480.4259 156.0651 2.3519 
1534.0781 1481.0567 155.7491 2.3453 
1532.2027 1481.5071 155.4865 2.3385 
1530.0805 1481.6793 155.2469 2.3317 
1527.7526 1481.5783 155.0266 2.3247 
1525.2898 1481.3675 154.8688 2.3180 
1522.8010 1481.1215 154.7763 2.3117 
1520.3002 1480.8656 154.7383 2.3062 
1517.8221 1480.6991 154.7215 2.3014 
1515.2312 1480.8530 154.7003 2.2971 
1512.5428 1481.3233 154.6609 2.2930 
1509.8229 1482.0266 154.6076 2.2891 
1507.2806 1482.9182 154.5390 2.2857 
1504.9857 1483.8755 154.4618 2.2828 
1502.9519 1484.9391 154.4001 2.2802 
1501.2017 1486.1427 154.3618 2.2779 
1499.7098 1487.2252 154.3437 2.2756 
1498.2847 1488.2705 154.3118 2.2732 
1496.9285 1489.3060 154.2594 2.2708 
1495.4392 1490.1778 154.1624 2.2686 
1493.7994 1490.8329 154.0226 2.2667 
1492.1447 1491.2289 153.8626 2.2652 
1490.5771 1491.1836 153.6846 2.2645 
1489.1061 1490.6929 153.5006 2.2649 
1487.6620 1489.8185 153.3107 2.2659 
1486.2092 1488.6188 153.1291 2.2677 
1484.7991 1487.1567 152.9512 2.2701 
1483.4136 1485.5171 152.7671 2.2729 
1482.0986 1483.6676 152.5737 2.2762 
1480.8710 1481.6835 152.3618 2.2797 
1479.6833 1479.5880 152.1325 2.2835 
1478.5568 1477.5050 151.8776 2.2873 
1477.5232 1475.4219 151.5786 2.2914 
1476.5947 1473.3934 151.2466 2.2954 
1475.5813 1471.5955 150.9148 2.2994 
1474.3456 1470.0989 150.6042 2.3032 
1473.0100 1468.7623 150.3029 2.3069 
1471.4818 1467.6013 150.0382 2.3108 
1469.7599 1466.6830 149.8389 2.3147 
1467.8538 1465.9354 149.7009 2.3187 
1465.8124 1465.3830 149.5992 2.3224 
1463.6374 1465.0601 149.5333 2.3257 
1461.0672 1465.1002 149.4799 2.3287 
1458.1450 1465.3987 149.4287 2.3318 
1455.0209 1465.8357 149.3633 2.3348 
1451.7187 1466.3674 149.2807 2.3378 
1448.4115 1466.9302 149.1698 2.3411 
1445.2004 1467.5203 149.0241 2.3446 
1441.9993 1468.0467 148.8616 2.3485 
1438.5763 1468.4684 148.6938 2.3527 
1434.9869 1468.7654 148.5111 2.3571 
1431.0868 1468.8835 148.2978 2.3614 
1427.0960 1468.7388 148.1895 2.3651 
1423.0837 1468.5513 148.0140 2.3682 
1419.0721 1468.4030 147.7916 2.3708 
1415.0968 1468.3487 147.5345 2.3730 
1411.2340 1468.3512 147.2749 2.3750 
1407.3505 1468.4346 147.0337 2.3770 
1403.3555 1468.6653 146.8226 2.3787 
1398.9978 1469.0887 146.6314 2.3806 
1394.2685 1469.8758 146.4242 2.3828 
1389.0461 1471.0128 146.1926 2.3853 
1383.2925 1472.6189 145.9363 2.3876 
1377.3359 1474.5681 145.6534 2.3895 
1371.4558 1476.7117 145.3019 2.3909 
1365.7901 1479.0030 144.8827 2.3921 
1360.3881 1481.6788 144.4567 2.3932 
1355.1876 1484.5721 144.0411 2.3947 
1350.3062 1487.5596 143.6267 2.3961 
1345.5036 1490.4933 143.2270 2.3976 
1340.7074 1493.4338 142.8439 2.3989 
1335.7907 1496.4038 142.4497 2.4001 
1330.9083 1499.1882 142.0664 2.4015 
1326.1163 1501.8849 141.6692 2.4033 
1321.4444 1504.6234 141.2513 2.4055 
1317.1064 1507.0569 140.8341 2.4078 
1313.0644 1509.2847 140.4254 2.4101 
1309.0251 1511.2698 140.0432 2.4122 
1304.9872 1512.9151 139.6715 2.4142 
1300.9691 1514.2882 139.3404 2.4165 
1297.0247 1515.2481 139.0552 2.4194 
1293.2670 1515.6721 138.8404 2.4220 
1289.7282 1515.5126 138.6664 2.4244 
1286.4707 1514.9231 138.5066 2.4266 
1283.4799 1514.0071 138.3313 2.4285 
1280.6303 1512.8715 138.1586 2.4299 
1277.8926 1511.5938 137.9944 2.4306 
1275.4078 1510.2763 137.8416 2.4306 
1273.1123 1509.2230 137.7006 2.4300 
1270.9572 1508.4062 137.5726 2.4290 
1268.9534 1507.7628 137.4480 2.4275 
1266.9017 1507.4336 137.3348 2.4252 
1264.8450 1507.3333 137.2300 2.4221 
1262.7046 1507.5348 137.1113 2.4185 
1260.6329 1507.9044 136.9683 2.4143 
1258.5891 1508.3793 136.7979 2.4101 
1256.6189 1509.0454 136.6232 2.4059 
1254.5573 1509.9409 136.4579 2.4020 
1252.4442 1511.0108 136.3024 2.3983 
1250.4115 1512.0912 136.1525 2.3953 
1248.3358 1513.1601 136.0220 2.3929 
1246.2230 1514.2312 135.9125 2.3908 
1244.0005 1515.2065 135.7580 2.3886 
1241.5945 1516.1361 135.5435 2.3864 
1238.9967 1517.0937 135.2647 2.3843 
1236.2943 1517.7840 134.9529 2.3825 
1233.4703 1518.2279 134.6148 2.3810 
1230.6322 1518.3350 134.2573 2.3796 
1227.7955 1518.1425 133.9054 2.3783 
1224.9329 1517.7376 133.5767 2.3768 
1222.1307 1517.0373 133.2866 2.3748 
1219.4255 1516.2855 132.9968 2.3726 
1216.9817 1515.3660 132.6927 2.3701 
1214.7582 1514.2242 132.3847 2.3669 
1212.8781 1512.8549 132.0763 2.3634 
1211.2847 1511.3633 131.7781 2.3598 
1209.8813 1509.7629 131.4833 2.3560 
1208.6667 1507.9857 130.9908 2.3522 
1207.4809 1505.9896 130.5073 2.3485 
1206.3695 1503.8782 130.0503 2.3451 
1205.5627 1501.6177 129.6142 2.3419 
1205.2175 1499.1297 129.1546 2.3393 
1205.2765 1496.2876 128.6295 2.3372 
1205.4928 1493.0652 128.0508 2.3356 
1205.5935 1489.6687 127.4458 2.3343 
1205.6204 1486.4780 126.8221 2.3330 
1205.5300 1483.7803 126.2204 2.3318 
1205.2953 1481.5278 125.6416 2.3305 
1204.9034 1479.4862 125.2040 2.3294 
1204.5594 1477.3343 124.7600 2.3285 
1204.2552 1475.0999 124.3162 2.3278 
1203.8577 1472.9314 123.8823 2.3274 
1203.3664 1470.7782 123.4661 2.3270 
1202.8246 1468.3589 123.0227 2.3268 
1202.1132 1465.6657 122.5541 2.3267 
1201.2424 1462.6469 122.0648 2.3267 
1200.2885 1459.3206 121.5623 2.3268 
1199.3424 1455.8741 121.0651 2.3265 
1198.3631 1452.4090 120.5766 2.3258 
1197.3866 1448.9943 120.1359 2.3246 
1196.3751 1445.6616 119.7590 2.3230 
1195.4555 1442.3061 119.4409 2.3209 
1194.7899 1438.8804 119.1686 2.3187 
1194.3135 1435.4011 118.9505 2.3164 
1193.9776 1431.9278 118.7831 2.3140 
1193.7929 1428.4103 118.6595 2.3112 
1193.7792 1424.8735 118.5732 2.3079 
1193.9796 1421.3397 118.5304 2.3045 
1194.3649 1417.8278 118.5309 2.3010 
1194.9060 1414.2717 118.5697 2.2976 
1195.6624 1410.5886 118.6284 2.2946 
1196.5107 1406.7783 118.7035 2.2919 
1197.4842 1402.8178 118.7852 2.2895 
1198.5571 1398.6947 118.8768 2.2874 
1199.7537 1394.4633 118.9662 2.2854 
1200.9966 1390.1517 119.0525 2.2835 
1202.2503 1385.7868 119.1311 2.2816 
1203.5163 1381.3280 119.1752 2.2797 
1204.7487 1376.7491 119.1811 2.2776 
1205.9115 1371.9993 119.1545 2.2754 
1206.8974 1367.1934 119.1169 2.2731 
1207.6234 1362.4131 119.0810 2.2708 
1208.0504 1357.6955 119.0421 2.2686 
1208.1951 1353.1109 119.0047 2.2666 
1208.0889 1348.6630 118.9697 2.2649 
1207.7168 1344.5949 118.9358 2.2635 
1207.1161 1340.8404 118.9066 2.2624 
1206.3105 1337.2220 118.8846 2.2614 
1205.2672 1333.7383 118.8695 2.2607 
1203.9131 1330.4360 118.8744 2.2601 
1202.2270 1327.3647 118.9017 2.2598 
1200.1840 1324.5691 118.9413 2.2597 
1197.7957 1322.0223 118.9784 2.2601 
1195.1031 1319.8281 119.0263 2.2610 
1192.2035 1317.9755 119.1013 2.2622 
1189.3234 1316.3204 119.2077 2.2637 
1186.5821 1314.8957 119.3220 2.2651 
1184.0519 1313.6605 119.4392 2.2665 
1181.7530 1312.5827 119.5551 2.2677 
1179.6894 1311.6363 119.6569 2.2688 
1177.8938 1310.7253 119.7512 2.2698 
1176.3196 1309.8227 119.8332 2.2707 
1174.9578 1308.8936 119.8918 2.2716 
1173.7384 1307.9964 119.9316 2.2723 
1172.5905 1307.1802 119.9630 2.2729 
1171.4928 1306.5678 120.0056 2.2734 
1170.4049 1306.1852 120.0666 2.2737 
1169.2751 1305.9328 120.1356 2.2736 
1168.1234 1305.7556 120.2208 2.2732 
1166.9201 1305.6433 120.3227 2.2725 
1165.6840 1305.4887 120.4325 2.2717 
1164.3927 1305.4004 120.5472 2.2704 
1163.0033 1305.3675 120.6602 2.2686 
1161.4762 1305.3938 120.7689 2.2662 
1159.7932 1305.5319 120.8718 2.2631 
1157.8998 1305.7652 120.9769 2.2595 
1155.7790 1306.1004 121.0850 2.2553 
1153.4823 1306.4557 121.1972 2.2508 
1151.0193 1306.7748 121.3009 2.2462 
1148.4108 1307.0599 121.3961 2.2415 
1145.6843 1307.3074 121.4830 2.2365 
1142.8305 1307.5600 121.5568 2.2313 
1139.8702 1307.8385 121.6129 2.2259 
1136.8597 1308.3091 121.6590 2.2204 
1133.8416 1308.9485 121.6808 2.2147 
1130.8323 1309.7369 121.6632 2.2089 
1127.9164 1310.5783 121.5883 2.2029 
1125.1428 1311.4303 121.4542 2.1968 
1122.5951 1312.2517 121.2662 2.1905 
1120.2874 1313.1018 121.0413 2.1842 
1118.3125 1313.9131 120.7965 2.1783 
1116.5933 1314.6581 120.5868 2.1728 
1115.0201 1315.3550 120.4178 2.1675 
1113.4676 1316.0108 120.2919 2.1625 
1111.8202 1316.6556 120.2064 2.1576 
1109.9134 1317.3992 120.1569 2.1529 
1107.6298 1318.3366 120.1430 2.1484 
1105.0046 1319.4384 120.1410 2.1444 
1102.0706 1320.7004 120.1425 2.1408 
1098.9216 1322.0684 120.1243 2.1377 
1095.6619 1323.3453 120.0870 2.1352 
1092.3109 1324.4836 120.0257 2.1333 
1088.9534 1325.5274 119.9528 2.1317 
1085.6597 1326.5615 119.8562 2.1303 
1082.4400 1327.6196 119.7696 2.1291 
1079.2355 1328.7186 119.7217 2.1279 
1076.1519 1329.8298 119.7125 2.1268 
1073.3616 1331.0420 119.7068 2.1258 
1070.8800 1332.3606 119.7190 2.1248 
1068.7142 1333.6998 119.7450 2.1239 
1066.9454 1335.0110 119.8063 2.1229 
1065.4699 1336.1903 119.8817 2.1215 
1064.2448 1337.2435 119.9684 2.1199 
1063.1392 1338.2214 120.0822 2.1180 
1062.1531 1339.1583 120.2264 2.1159 
1061.3205 1340.0707 120.4132 2.1137 
1060.6664 1340.9688 120.6370 2.1114 
1060.1079 1341.8343 120.8960 2.1091 
1059.6356 1342.6500 121.1806 2.1066 
1059.2229 1343.4277 121.4816 2.1041 
1058.8232 1344.1808 121.7913 2.1015 
1058.4264 1344.8483 122.0971 2.0991 
1058.0835 1345.3665 122.3918 2.0966 
1057.7738 1345.7666 122.6709 2.0941 
1057.5439 1346.0195 122.9416 2.0915 
1057.4087 1346.1768 123.2069 2.0887 
1057.3463 1346.2598 123.4687 2.0856 
1057.3185 1346.3085 123.7207 2.0823 
1057.3433 1346.2735 123.9626 2.0790 
1057.4788 1346.0695 124.1935 2.0757 
1057.8159 1345.5864 124.4130 2.0725 
1058.4242 1344.7567 124.6231 2.0692 
1059.3371 1343.6205 124.8224 2.0659 
1060.4714 1342.2462 125.0054 2.0625 
1061.7500 1340.7189 125.1656 2.0590 
1063.0782 1339.0828 125.2925 2.0554 
1064.3921 1337.3640 125.3766 2.0518 
1065.6311 1335.6202 125.4213 2.0482 
1066.7753 1333.8422 125.4269 2.0447 
1067.8018 1332.0973 125.4142 2.0412 
1068.6915 1330.4016 125.3930 2.0376 
1069.4044 1328.8200 125.3735 2.0341 
1069.9478 1327.3528 125.3606 2.0306 
1070.3223 1325.9869 125.3509 2.0271 
1070.5273 1324.7555 125.3476 2.0234 
1070.5696 1323.7062 125.3551 2.0196 
1070.4427 1322.8560 125.3761 2.0155 
1070.1525 1322.1946 125.4057 2.0111 
1069.6881 1321.7304 125.4318 2.0066 
1069.1298 1321.4137 125.4498 2.0022 
1068.5019 1321.2238 125.4660 1.9980 
1067.8522 1321.1307 125.4812 1.9941 
1067.2011 1321.0964 125.4938 1.9904 
1066.5698 1321.0856 125.5023 1.9870 
1065.8484 1321.1482 125.5028 1.9840 
1065.0804 1321.2297 125.4943 1.9814 
1064.2504 1321.2933 125.4765 1.9793 
1063.3608 1321.3041 125.4502 1.9775 
1062.4161 1321.2154 125.4130 1.9761 
1061.4037 1321.0265 125.3677 1.9751 
1060.3029 1320.7617 125.3178 1.9744 
1059.0952 1320.4519 125.2624 1.9742 
1057.8040 1320.1030 125.1975 1.9744 
1056.4466 1319.7405 125.1174 1.9750 
1055.0198 1319.3546 125.0244 1.9760 
1053.5208 1318.9196 124.9245 1.9772 
1051.9631 1318.4068 124.8201 1.9785 
1050.3290 1317.8454 124.7178 1.9799 
1048.5966 1317.2192 124.6226 1.9814 
1046.7287 1316.6485 124.5437 1.9828 
1044.7536 1316.0931 124.4839 1.9844 
1042.7650 1315.4417 124.4506 1.9858 
1040.7752 1314.7254 124.4497 1.9872 
1038.7584 1313.9113 124.4808 1.9885 
1036.7289 1313.0604 124.5515 1.9896 
1034.6863 1312.2973 124.6610 1.9904 
1032.6742 1311.6127 124.8050 1.9910 
1030.7493 1311.0183 124.9590 1.9912 
1028.9389 1310.4858 125.1059 1.9910 
1027.2789 1310.0625 125.2401 1.9907 
1025.7757 1309.7229 125.3542 1.9902 
1024.3967 1309.4695 125.4478 1.9896 
1023.1677 1309.3703 125.5280 1.9888 
1022.0521 1309.4812 125.5995 1.9879 
1021.0196 1309.8050 125.6716 1.9869 
1020.0317 1310.3082 125.7441 1.9858 
1019.0526 1310.9832 125.8202 1.9844 
1018.0758 1311.7842 125.8984 1.9829 
1017.1330 1312.6635 125.9870 1.9811 
1016.2784 1313.4873 126.1033 1.9789 
1015.5176 1314.2128 126.2430 1.9762 
1014.8105 1314.8346 126.3963 1.9732 
1014.2075 1315.3717 126.5475 1.9698 
1013.6786 1316.0087 126.7118 1.9661 
1013.2126 1316.6624 126.8760 1.9622 
1012.7705 1317.3083 127.0349 1.9583 
1012.2627 1317.9758 127.1827 1.9543 
1011.6186 1318.6926 127.3147 1.9502 
1010.8232 1319.4072 127.4354 1.9461 
1009.8638 1320.1023 127.5435 1.9419 
1008.7731 1320.7587 127.6397 1.9375 
1007.5784 1321.3318 127.7218 1.9330 
1006.3456 1321.7986 127.7929 1.9284 
1005.1261 1322.1216 127.8583 1.9238 
1003.9833 1322.2882 127.9199 1.9193 
1002.9782 1322.2866 127.9796 1.9149 
1002.1574 1322.1568 128.0454 1.9105 
1001.5470 1321.9160 128.1184 1.9063 
1001.1462 1321.5824 128.1958 1.9021 
1000.9296 1321.1571 128.2769 1.8982 
1000.8792 1320.6437 128.3590 1.8945 
1000.9807 1320.0485 128.4384 1.8910 
1001.2018 1319.3616 128.5171 1.8877 
1001.5367 1318.5627 128.6002 1.8846 
1001.9618 1317.6530 128.6923 1.8814 
1002.4317 1316.6615 128.7919 1.8782 
1002.8970 1315.6514 128.8965 1.8749 
1003.3137 1314.6765 129.0022 1.8717 
1003.6656 1313.7524 129.1058 1.8685 
1003.9523 1312.9226 129.2114 1.8655 
1004.1763 1312.1601 129.3133 1.8627 
1004.3468 1311.4238 129.4097 1.8600 
1004.4800 1310.6849 129.4976 1.8575 
1004.5857 1309.9366 129.5738 1.8552 
1004.6701 1309.1933 129.6373 1.8529 
1004.7040 1308.4893 129.6845 1.8509 
1004.6694 1307.8596 129.7189 1.8489 
1004.5519 1307.3107 129.7452 1.8471 
1004.3475 1306.8281 129.7665 1.8454 
1004.0678 1306.3713 129.7822 1.8436 
1003.7374 1305.9045 129.7919 1.8419 
1003.3909 1305.3880 129.7970 1.8401 
1003.0508 1304.7868 129.7961 1.8383 
1002.7231 1304.0887 129.7904 1.8365 
1002.4096 1303.3038 129.7848 1.8346 
1002.1066 1302.4567 129.7817 1.8326 
1001.7964 1301.5725 129.7804 1.8305 
1001.4665 1300.6683 129.7760 1.8285 
1001.0861 1299.7400 129.7605 1.8266 
1000.6217 1298.8022 129.7347 1.8248 
1000.0547 1297.8428 129.7005 1.8231 
999.3791 1296.8594 129.6574 1.8215 
998.6105 1295.8652 129.6055 1.8201 
997.7822 1294.8785 129.5475 1.8189 
996.9275 1293.8995 129.4855 1.8180 
996.0769 1292.9008 129.4220 1.8172 
995.2546 1291.8502 129.3590 1.8167 
994.4699 1290.7419 129.2980 1.8163 
993.7310 1289.5786 129.2380 1.8160 
993.0485 1288.3642 129.1785 1.8159 
992.4339 1287.1005 129.1208 1.8160 
991.8828 1285.7983 129.0641 1.8163 
991.3874 1284.4619 129.0077 1.8166 
990.9449 1283.0811 128.9523 1.8170 
990.5548 1281.6450 128.8985 1.8174 
990.2198 1280.1468 128.8463 1.8177 
989.9459 1278.5958 128.7948 1.8179 
989.7499 1277.0035 128.7435 1.8181 
989.6445 1275.3812 128.6908 1.8182 
989.6479 1273.7483 128.6353 1.8183 
989.7600 1272.1151 128.5760 1.8185 
989.9903 1270.4757 128.5122 1.8186 
990.3381 1268.8278 128.4457 1.8186 
990.7859 1267.1963 128.3764 1.8185 
991.3251 1265.6358 128.3013 1.8184 
991.8715 1264.1807 128.2111 1.8182 
992.3958 1262.8784 128.1025 1.8180 
992.8702 1261.7607 127.9752 1.8178 
993.2781 1260.8334 127.8290 1.8175 
993.6145 1260.0694 127.6672 1.8173 
993.8943 1259.3919 127.4979 1.8170 
994.1305 1258.7427 127.3260 1.8165 
994.3408 1258.0685 127.1541 1.8160 
994.5210 1257.3595 126.9837 1.8155 
994.6686 1256.6148 126.8161 1.8149 
994.7773 1255.8314 126.6522 1.8143 
994.8481 1255.0112 126.4918 1.8137 
994.8835 1254.1628 126.3345 1.8130 
994.8762 1253.3034 126.1801 1.8123 
994.8345 1252.4363 126.0281 1.8114 
994.7714 1251.5555 125.8774 1.8105 
994.6843 1250.6819 125.7316 1.8095 
994.5926 1249.8601 125.5962 1.8084 
994.4957 1249.0842 125.4743 1.8072 
994.4016 1248.3475 125.3665 1.8059 
994.2945 1247.6529 125.2726 1.8045 
994.1500 1247.0088 125.1921 1.8031 
993.9645 1246.4117 125.1253 1.8015 
993.7472 1245.8466 125.0708 1.7999 
993.5106 1245.2796 125.0227 1.7982 
993.2554 1244.7133 124.9798 1.7965 
992.9858 1244.1432 124.9402 1.7948 
992.6965 1243.5673 124.9027 1.7931 
992.3771 1242.9884 124.8665 1.7914 
992.0165 1242.4129 124.8315 1.7896 
991.5976 1241.8463 124.7983 1.7879 
991.1163 1241.2889 124.7656 1.7863 
990.5647 1240.7245 124.7341 1.7847 
989.9502 1240.1432 124.7061 1.7831 
989.2709 1239.5348 124.6835 1.7817 
988.5566 1238.8828 124.6698 1.7803 
987.8106 1238.1804 124.6657 1.7790 
987.0364 1237.4278 124.6704 1.7777 
986.2288 1236.6169 124.6824 1.7765 
985.4046 1235.7460 124.7005 1.7752 
984.5837 1234.7988 124.7225 1.7740 
983.7884 1233.7657 124.7470 1.7729 
983.0422 1232.6412 124.7724 1.7718 
982.3633 1231.4277 124.7972 1.7708 
981.7594 1230.1347 124.8206 1.7699 
981.2448 1228.7784 124.8383 1.7692 
980.8102 1227.3696 124.8508 1.7685 
980.4452 1225.9189 124.8585 1.7679 
980.1437 1224.4308 124.8624 1.7674 
979.9067 1222.9036 124.8628 1.7670 
979.7396 1221.3344 124.8595 1.7667 
979.6527 1219.7280 124.8523 1.7665 
979.6480 1218.0927 124.8411 1.7663 
979.7302 1216.4440 124.8269 1.7663 
979.8958 1214.8083 124.8117 1.7663 
980.1311 1213.2292 124.7985 1.7665 
980.3980 1211.7602 124.7891 1.7668 
980.6482 1210.4519 124.7848 1.7673 
980.8242 1209.3359 124.7863 1.7678 
980.8881 1208.4117 124.7969 1.7685 
980.8243 1207.6542 124.8188 1.7693 
980.6311 1207.0321 124.8541 1.7699 
980.3124 1206.5180 124.9059 1.7706 
979.8714 1206.0975 124.9774 1.7711 
979.3144 1205.7517 125.0709 1.7716 
978.6716 1205.4489 125.1846 1.7720 
977.9720 1205.1769 125.3193 1.7725 
977.2451 1204.9465 125.4790 1.7729 
976.5338 1204.7493 125.6657 1.7733 
975.8491 1204.5765 125.8703 1.7737 
975.2126 1204.3956 126.0690 1.7740 
974.5974 1204.1859 126.2482 1.7742 
973.9822 1203.9559 126.4054 1.7744 
973.3746 1203.7101 126.5425 1.7747 
972.7854 1203.4526 126.6609 1.7750 
972.2157 1203.1875 126.7652 1.7753 
971.6496 1202.9103 126.8622 1.7756 
971.0940 1202.6088 126.9585 1.7759 
970.5693 1202.2786 127.0592 1.7760 
970.0925 1201.9124 127.1679 1.7761 
969.6485 1201.5206 127.2856 1.7762 
969.2114 1201.1248 127.4081 1.7761 
968.8026 1200.7153 127.5255 1.7761 
968.4704 1200.2662 127.6267 1.7760 
968.2171 1199.7868 127.7069 1.7758 
968.0032 1199.3142 127.7685 1.7755 
967.8158 1198.8542 127.8196 1.7751 
967.6498 1198.3810 127.8681 1.7746 
967.5108 1197.8692 127.9217 1.7739 
967.4007 1197.2990 127.9851 1.7731 
967.3171 1196.6817 128.0628 1.7721 
967.2661 1196.0324 128.1565 1.7710 
967.2478 1195.3718 128.2662 1.7699 
967.2534 1194.7232 128.3885 1.7688 
967.2617 1194.1127 128.5173 1.7677 
967.2411 1193.5651 128.6498 1.7666 
967.1628 1193.0902 128.7868 1.7657 
967.0236 1192.6780 128.9259 1.7649 
966.8366 1192.3402 129.0620 1.7641 
966.5993 1192.1175 129.1896 1.7635 
966.3347 1192.0367 129.3017 1.7629 
966.0697 1192.0701 129.3934 1.7624 
965.8312 1192.1638 129.4659 1.7620 
965.6422 1192.2776 129.5258 1.7615 
965.5098 1192.3781 129.5810 1.7612 
965.4415 1192.4394 129.6357 1.7608 
965.4282 1192.4506 129.6920 1.7604 
965.4477 1192.4126 129.7495 1.7601 
965.4932 1192.3331 129.8093 1.7596 
965.5556 1192.2291 129.8692 1.7592 
965.6288 1192.1037 129.9285 1.7587 
965.7064 1191.9631 129.9845 1.7581 
965.7759 1191.8213 130.0357 1.7575 
965.8165 1191.7009 130.0819 1.7570 
965.8048 1191.6211 130.1240 1.7565 
965.7240 1191.5956 130.1617 1.7560 
965.5696 1191.6209 130.1931 1.7556 
965.3401 1191.6822 130.2172 1.7553 
965.0528 1191.7510 130.2337 1.7550 
964.7339 1191.7958 130.2440 1.7547 
964.4094 1191.7992 130.2508 1.7544 
964.1032 1191.7591 130.2558 1.7541 
963.8174 1191.6923 130.2576 1.7538 
963.5501 1191.6156 130.2553 1.7535 
963.3026 1191.5408 130.2481 1.7532 
963.0796 1191.4699 130.2358 1.7530 
962.8903 1191.3975 130.2180 1.7528 
962.7502 1191.3061 130.1961 1.7526 
962.6607 1191.1888 130.1702 1.7524 
962.6244 1191.0429 130.1426 1.7523 
962.6136 1190.8749 130.1148 1.7521 
962.6159 1190.6807 130.0898 1.7518 
962.6194 1190.4545 130.0692 1.7516 
962.6178 1190.1890 130.0540 1.7513 
962.6096 1189.8805 130.0455 1.7509 
962.5978 1189.5268 130.0428 1.7505 
962.5830 1189.1277 130.0455 1.7501 
962.5653 1188.6931 130.0526 1.7497 
962.5452 1188.2349 130.0639 1.7493 
962.5230 1187.7590 130.0794 1.7488 
962.5002 1187.2748 130.0989 1.7484 
962.4790 1186.7922 130.1215 1.7479 
962.4666 1186.3155 130.1474 1.7474 
962.4650 1185.8479 130.1761 1.7469 
962.4718 1185.3978 130.2066 1.7463 
962.4841 1184.9714 130.2390 1.7458 
962.5082 1184.5618 130.2728 1.7452 
962.5456 1184.1608 130.3072 1.7446 
962.5880 1183.7719 130.3427 1.7440 
962.6293 1183.3963 130.3796 1.7434 
962.6668 1183.0335 130.4179 1.7428 
962.7000 1182.6819 130.4575 1.7421 
962.7253 1182.3440 130.4979 1.7415 
962.7386 1182.0268 130.5382 1.7409 
962.7302 1181.7373 130.5771 1.7403 
962.6974 1181.4823 130.6133 1.7398 
962.6375 1181.2625 130.6464 1.7392 
962.5462 1181.0871 130.6772 1.7386 
962.4212 1180.9635 130.7070 1.7379 
962.2389 1180.8872 130.7392 1.7373 
962.0024 1180.8581 130.7743 1.7367 
961.7234 1180.8757 130.8104 1.7361 
961.4207 1180.9369 130.8446 1.7356 
961.1169 1181.0347 130.8743 1.7351 
960.8395 1181.1637 130.8986 1.7348 
960.6106 1181.3031 130.9180 1.7345 
960.4486 1181.4298 130.9331 1.7343 
960.3523 1181.5277 130.9457 1.7341 
960.3064 1181.5951 130.9574 1.7339 
960.2987 1181.6345 130.9706 1.7337 
960.3204 1181.6492 130.9854 1.7334 
960.3724 1181.6433 131.0019 1.7332 
960.4438 1181.6231 131.0211 1.7330 
960.5389 1181.5947 131.0435 1.7328 
960.6640 1181.5538 131.0675 1.7327 
960.8139 1181.4950 131.0929 1.7325 
960.9901 1181.4181 131.1192 1.7324 
961.1884 1181.3234 131.1459 1.7323 
961.4014 1181.2103 131.1733 1.7322 
961.6167 1181.0810 131.2008 1.7321 
961.8244 1180.9344 131.2287 1.7320 
962.0163 1180.7691 131.2572 1.7319 
962.1806 1180.5856 131.2864 1.7319 
962.3109 1180.3861 131.3168 1.7318 
962.4038 1180.1727 131.3482 1.7318 
962.4602 1179.9474 131.3812 1.7317 
962.4864 1179.7127 131.4156 1.7317 
962.4850 1179.4630 131.4514 1.7316 
962.4602 1179.2052 131.4890 1.7315 
962.4137 1178.9358 131.5281 1.7313 
962.3495 1178.6531 131.5683 1.7312 
962.2791 1178.3520 131.6089 1.7309 
962.2093 1178.0306 131.6497 1.7306 
962.1473 1177.6876 131.6901 1.7302 
962.1014 1177.3241 131.7290 1.7297 
962.0753 1176.9427 131.7661 1.7291 
962.0676 1176.5459 131.8009 1.7284 
962.0780 1176.1361 131.8329 1.7277 
962.1140 1175.7100 131.8618 1.7269 
962.1734 1175.2696 131.8869 1.7261 
962.2562 1174.8155 131.9078 1.7252 
962.3556 1174.3534 131.9245 1.7243 
962.4670 1173.8938 131.9368 1.7235 
962.5796 1173.4443 131.9453 1.7226 
962.6802 1173.0177 131.9507 1.7218 
962.7577 1172.6230 131.9528 1.7210 
962.8022 1172.2647 131.9520 1.7202 
962.8089 1171.9455 131.9490 1.7194 
962.7806 1171.6624 131.9441 1.7187 
962.7259 1171.4109 131.9370 1.7180 
962.6581 1171.1818 131.9269 1.7173 
962.5873 1170.9706 131.9136 1.7166 
962.5166 1170.7766 131.8971 1.7158 
962.4421 1170.6023 131.8768 1.7151 
962.3590 1170.4511 131.8530 1.7144 
962.2611 1170.3201 131.8264 1.7137 
962.1451 1170.2069 131.7974 1.7130 
962.0069 1170.1093 131.7664 1.7125 
961.8413 1170.0328 131.7343 1.7119 
961.6410 1169.9831 131.7015 1.7115 
961.3996 1169.9687 131.6686 1.7111 
961.1112 1169.9980 131.6360 1.7107 
960.7765 1170.0768 131.6045 1.7104 
960.4007 1170.2084 131.5741 1.7101 
959.9913 1170.3954 131.5450 1.7097 
959.5545 1170.6362 131.5176 1.7094 
959.0892 1170.9303 131.4919 1.7090 
958.5940 1171.2749 131.4684 1.7086 
958.0649 1171.6678 131.4468 1.7083 
957.5049 1172.1037 131.4273 1.7079 
956.9147 1172.5760 131.4102 1.7077 
956.2975 1173.0823 131.3962 1.7075 
955.6561 1173.6169 131.3852 1.7074 
954.9963 1174.1749 131.3773 1.7073 
954.3232 1174.7541 131.3722 1.7074 
953.6439 1175.3508 131.3696 1.7076 
952.9664 1175.9638 131.3687 1.7078 
952.2989 1176.5922 131.3685 1.7081 
951.6484 1177.2362 131.3680 1.7084 
951.0216 1177.8947 131.3665 1.7088 
950.4223 1178.5698 131.3632 1.7091 
949.8560 1179.2577 131.3576 1.7095 
949.3236 1179.9575 131.3494 1.7099 
948.8287 1180.6658 131.3389 1.7104 
948.3743 1181.3792 131.3262 1.7108 
947.9636 1182.0947 131.3113 1.7113 
947.5958 1182.8085 131.2947 1.7119 
947.2754 1183.5176 131.2762 1.7125 
947.0040 1184.2179 131.2561 1.7131 
946.7838 1184.9047 131.2349 1.7138 
946.6175 1185.5729 131.2127 1.7144 
946.5089 1186.2170 131.1896 1.7151 
946.4607 1186.8315 131.1659 1.7159 
946.4754 1187.4122 131.1414 1.7166 
946.5548 1187.9555 131.1161 1.7173 
946.6968 1188.4600 131.0898 1.7180 
946.9028 1188.9207 131.0626 1.7187 
947.1721 1189.3342 131.0343 1.7194 
947.4999 1189.6975 131.0050 1.7200 
947.8802 1190.0086 130.9748 1.7205 
948.3057 1190.2636 130.9439 1.7210 
948.7695 1190.4607 130.9126 1.7215 
949.2662 1190.5939 130.8810 1.7218 
949.7889 1190.6610 130.8493 1.7222 
950.3266 1190.6652 130.8182 1.7225 
950.8615 1190.6176 130.7887 1.7227 
951.3713 1190.5355 130.7617 1.7229 
951.8365 1190.4378 130.7378 1.7231 
952.2452 1190.3331 130.7169 1.7233 
952.5922 1190.2285 130.6986 1.7234 
952.8758 1190.1285 130.6820 1.7236 
953.0986 1190.0345 130.6664 1.7237 
953.2644 1189.9461 130.6510 1.7238 
953.3805 1189.8665 130.6350 1.7239 
953.4542 1189.7955 130.6178 1.7240 
953.4930 1189.7324 130.5992 1.7240 
953.5044 1189.6752 130.5783 1.7240 
953.4952 1189.6184 130.5553 1.7239 
953.4708 1189.5664 130.5302 1.7238 
953.4377 1189.5189 130.5031 1.7237 
953.4021 1189.4775 130.4743 1.7235 
953.3653 1189.4428 130.4436 1.7234 
